-17.6 2.3 -11.7,-11.1 4.5 -4.8,-13.0 5.1 -5.7,27.1 -2.9 15.5,18.3 0.6 7.5,-2.9 50.8 -38.0,28.1 112.5 41.1,17.0 11.7 6.3,-0.4 -39.5 41.6,28.4 -110.5 -40.1
-15.259175073970404 4.4113699381572715 -11.793869872000437,-9.77433885515333 6.430557685549814 -5.313123312422408,-10.760887143882556 5.34805555310439 -6.644741187211162,23.359457428393476 -4.489171729802627 16.59361890149961,17.85159517709217 0.48118093879807594 8.108647913150973,-3.4464571832756663 50.14578847463763 -37.05314981249919,27.986913366106055 113.35035466801045 41.45454124957432,16.31093256861677 11.874880293007902 7.906638237707818,-2.907119767929597 -39.142021800300036 41.337644383670494,28.634160944597937 -109.31026933292249 -39.58370567519491
-14.046215516708308 5.310294566489747 -11.767590855276774,-8.619777460341576 6.994532152021897 -5.450968362490033,-9.314305638247527 5.442168582035895 -7.235507887628224,20.834404587562744 -5.376310754386487 17.324332137106087,17.791801903969237 0.4316430812307448 8.408183189832886,-3.179789721954928 50.077016370835295 -36.66871769239084,27.88455253781022 113.979473414813 41.720398836274576,16.16015184356422 11.90478889468979 8.507667164934762,-4.2471933062384055 -38.4519416860817 41.53572330518275,28.869376191875993 -107.68835262388367 -38.820053517675014
-13.699273773311564 5.226548427106677 -11.611665922884988,-7.736169022568539 6.543965287038087 -5.312705321319885,-8.525230395077582 5.4050248287157014 -7.4040009659430845,19.35118014265934 -5.605198957451102 17.69102800765782,17.8945191830819 0.40190346894221485 8.407922896069055,-2.4440346416654375 50.28733747513724 -36.78196978627348,27.803397056467336 114.38525015090896 41.89368093100012,16.290479179367445 11.808038265954005 8.326279003613486,-4.6959327156332415 -37.54977034978224 41.97501105120022,29.08942339769368 -105.89206568309147 -37.94533884247269
-13.956502288878022 4.389906062117315 -11.31659804788106,-7.223366748838023 5.430898978220225 -4.997504360028972,-8.25863632635538 5.259310035065001 -7.081921286847643,18.736122758834814 -5.219618222695995 17.692594813993193,17.933646016880854 0.3424791435766943 8.117184097882797,-1.5832289680348537 50.47040557408772 -37.328172240745666,27.75392646343227 114.56557878679975 41.970495704650226,16.444735930551555 11.602940867708885 7.585665975676645,-4.529050096820925 -36.555518483838874 42.43628190838635,29.27808021791051 -104.17922432075379 -37.09585696462036
-14.556053508505537 3.0301420136309103 -10.872890203320969,-7.181223846153825 4.007375113190155 -4.604535649734302,-8.379498344063592 5.027709943004985 -6.2009697150338,18.815571101240693 -4.2633504338206905 17.327920856950605,17.6830814078168 0.2038871467783916 7.545283861297435,-0.9414097266908301 50.31987445423098 -38.24259120240596,27.74662030005986 114.51835323298673 41.94695132812425,16.36574345164166 11.30780916086277 6.509020303056897,-4.022257550508272 -35.58919678068884 42.7003101634046,29.41912430838601 -102.8076443470786 -36.40790319915041
-15.23607987729195 1.3770308237567137 -10.271045362260693,-7.709593521519749 2.625435579569713 -4.232969361552884,-8.752791360184878 4.7329102944568415 -4.692847115193454,19.41586383502852 -2.780177474524712 16.595894437368433,16.916724358340435 -0.06335547980848522 6.701539252336282,-0.8626139432610223 49.52939790211123 -39.4604928178529,27.79195810770495 114.24146739997121 41.819155972321475,15.796323097162857 10.940955606323998 5.319534207686898,-3.4512671774021015 -34.770815932769324 42.547870102918395,29.496333324979688 -102.03514157227373 -36.017772861095246
-15.768793351437864 -0.3301763584850512 -9.533873528074082,-8.82343503394842 1.5862126015983649 -3.966270706234899,-9.241858118493736 4.406642575813679 -2.599682564045289,20.34129209698055 -0.8890956063869548 15.547092783814056,15.521011318727345 -0.47805459783775445 5.639418489210861,-1.5668824104982682 47.94026891546027 -40.87742682883169,27.89030068152455 113.76995723653805 41.60129639330639,14.591397755571261 10.532899359984903 4.226647160299897,-3.0477104541178033 -34.21251684771804 41.84694993317754,29.500121681837314 -102.03750098189165 -36.01922273501014
-16.112074112752754 -1.8005686645718746 -8.860299651167383,-10.074926229034645 0.9133151343754499 -3.8022926226523706,-9.701143942769669 4.129949237455907 -0.5655811949318711,21.27595958316576 0.8808836260870474 14.51386438886722,13.995852849000618 -0.8917863605184013 4.653070464046061,-2.598316666754611 46.198604445259875 -42.17243739089639,27.986848610580246 113.34133066245184 41.40611093289608,13.216988132617242 10.180701795310782 3.3648284153882297,-2.8029226523694364 -33.983539964776554 40.940966108627684,29.457082678088934 -102.54333385975208 -36.274119797934716
-16.286758618600707 -2.725718477892581 -8.50896563727564,-10.859325295877653 0.5362497019165355 -3.7098586895833003,-9.98207722471835 4.000593063178377 0.5612341624465708,21.86321690112151 1.8617209311890028 13.924100583858706,13.049175958805973 -1.0994227673398054 4.11825393397126,-3.271821155301929 45.223420687408975 -42.95115606948957,28.008098792856682 113.26174967738389 41.379754748136214,12.34632563179034 10.003987382773968 2.8431263694779623,-2.6267595443988814 -34.13857905694391 40.33454302170024,29.40607712845515 -103.12962408711451 -36.565701963845264
-16.331760681536984 -2.8780053177156524 -8.675028819200312,-10.698580273684822 0.3717328124002438 -3.65071178965312,-9.986339854272583 4.083889905216928 0.12774126105965602,21.843759146478174 1.5478702676336584 14.113508417902722,13.263410642969653 -0.9431953157135822 4.3139483780825465,-3.0470053364266607 45.76097715687241 -42.90113184835382,27.8995304665243 113.75555592436557 41.6291230774256,12.539268281675994 10.092135938557895 2.7292431610401464,-2.425389579249022 -34.722447865662886 40.43196139014791,29.376519892524847 -103.46485970867532 -36.723798431337855
-16.401114602816563 -2.545947617364885 -9.147914912129746,-9.924512127502444 0.2552869917135083 -3.541525945962787,-9.936556954991772 4.237857575928087 -1.2714442265143564,21.58015060258911 0.472213056292736 14.828597171242704,14.41846810867469 -0.5680740190340453 4.9006629109670685,-2.308772370348055 47.452871429367406 -42.23343135146322,27.727943890567392 114.52421779973056 42.010218078449306,13.630583174588825 10.341263236343336 2.8269675567060024,-2.0818535198795316 -35.716939534305794 40.99585819840392,29.337439033404554 -103.80267242062916 -36.87618404147853
-16.694130894720672 -2.2210582089507764 -9.557477772701617,-9.187460080150863 -0.009498349880397994 -3.2812498642732173,-10.181578736319292 4.238984787984074 -2.5510179729617164,21.679533046285076 -0.42396186949254344 15.584148107494444,15.978633644622796 -0.2380941682167036 5.295665890911571,-1.8059379865648224 49.506244037916545 -41.36501761117934,27.607854167803264 115.06356072761147 42.280367136089346,15.16986340284893 10.571475438742064 2.83629274639374,-1.4700961463587663 -37.07906157573326 41.53651572496179,29.234112842360723 -104.6268274752835 -37.26781390389528
-17.358609558979136 -2.326619063668351 -9.587054443142145,-9.056319449706352 -0.5698633805891465 -2.8013355694774096,-11.004046525416232 3.90834482625298 -2.7836791740568927,22.648895706715717 -0.34411867076912867 15.950494477995306,17.429492469055777 -0.1806989288963145 5.008097521112856,-2.169686252868604 51.159762604094375 -40.670649324208604,27.636820132141235 114.94135476161 42.23128316669073,16.712924475540166 10.627386167220699 2.5098561821243317,-0.5172849107237618 -38.72263189101305 41.61696305571658,29.02436339597502 -106.31270459246622 -38.0894913151412
-18.154510008609215 -2.7696066395091865 -9.324699413065915,-9.482326089150742 -1.2030299562857563 -2.2777689242303714,-12.186868702538309 3.4034650593657876 -2.2381162655136717,24.23832961114431 0.41332713328278003 15.919528412011884,18.422342834374412 -0.3462540732602798 4.241754744039641,-3.140827248543715 51.89678662333445 -40.2042789469214,27.784141008654537 114.26962665561041 41.91481051082881,17.86746183827555 10.539113602908339 1.9977065966659155,0.4493582791675139 -40.23740697180173 41.201082183092524,28.760688087753653 -108.41718610087128 -39.123040578295694
-18.66544613617472 -3.222240726161814 -9.042486356704607,-10.135875003434345 -1.5179779443433659 -1.9977217994173784,-13.285732286447587 3.034853673940614 -1.7268167363474713,25.85377509392957 1.0521014374020468 15.674818778929659,18.683830318930333 -0.5591422799895728 3.5162848999491967,-4.055330845399655 51.311933456034005 -39.873992966361484,27.960798228633085 113.40786883332356 41.501071514855724,18.26475999535509 10.421122174006284 1.63058989883536,0.9207125258344403 -41.06579726201188 40.43501713315465,28.538631811962315 -110.12499537360623 -39.96432914829587
-18.53397819757123 -3.398374180896698 -8.977108919242584,-10.715669995493712 -1.1843012376570157 -2.2035819933188425,-13.89559570921698 3.0687794305036977 -1.9657905009849173,26.943252402693766 0.8739921178916928 15.386880772912354,17.99890521817634 -0.6636786963968686 3.286671399102936,-4.321212073780951 49.08059652814323 -39.5931757566583,28.08575255345293 112.68858915741508 41.14788247904581,17.606586551763236 10.374302105730838 1.6905212253216733,0.4689111101858661 -40.749646796219686 39.46785604406915,28.442266843918826 -110.7224904635454 -40.25935381441505
-17.934728089804317 -3.392578294972096 -9.042416376723605,-11.184710544148341 -0.41812232805414684 -2.734526888826924,-13.970798043368445 3.371274186120846 -2.788806441550824,27.344367465361234 0.07506207399780204 15.101576847144921,16.667614262093714 -0.6870611856637999 3.418752560159534,-4.0052486163865355 45.59148278005308 -39.32884775928215,28.151528736017603 112.19326845371491 40.89833864143336,16.220415634150825 10.375063574654998 2.018100212636766,-0.6032332774674815 -39.7215913478623 38.46671371509142,28.451720966889866 -110.41645104022773 -40.10819868888439
-17.32113267073511 -3.498931309720405 -8.983078659812232,-11.644494345025597 0.27804024724748844 -3.2184405007411407,-13.654003719722665 3.5986346319502776 -3.567314829166163,27.098879841335382 -0.6800010413380821 14.79944798374359,15.259928905795746 -0.7523231934052378 3.469638439934222,-3.519427937898717 41.60709508901558 -39.07613619292731,28.189201087840626 111.87184246372209 40.7354182423097,14.761608827812633 10.334585781825364 2.222612612032643,-1.610011802478417 -38.88106610723175 37.60815141261074,28.492652186125547 -109.89598306246506 -39.84890215350315
-17.112675838393454 -3.9753538256008736 -8.568992790697116,-12.188809488974254 0.44821341358476885 -3.313947557053066,-13.095286695587284 3.4392615996927947 -3.728460014513372,26.279426631774236 -0.7860574339836868 14.460466913038836,14.308984259587772 -0.9716832355727761 3.037888113770249,-3.2452350872869546 37.86972030816458 -38.83214615705903,28.226436052128346 111.6824874763415 40.645158577357385,13.84124915127759 10.172494993997821 1.9548471497684874,-1.928901795677519 -39.04229944208475 37.04921276466852,28.49512026478685 -109.80368410937854 -39.796667413452184
-17.342705424809573 -4.677648278493096 -7.8534108328617815,-12.816748241569291 0.15682765588054665 -3.025437305260114,-12.505733170864763 2.9416359542627193 -3.333240975920374,25.267089049791398 -0.31328483659384 14.064675446864825,13.93202697540955 -1.3337094611919238 2.1904939087414514,-3.208420281492192 34.87234330957811 -38.61233769855882,28.25115752098096 111.68305804572012 40.65165265994148,13.570187270612477 9.904097366146567 1.327373374644307,-1.6432864877745843 -40.07222561931638 36.73904968328741,28.440954775266235 -110.24385629338244 -40.002293593492666
-17.811998690446178 -5.219420480835462 -7.060250192173391,-13.47036737196821 -0.21824637319893347 -2.5655536963437555,-12.133177148582792 2.3711155283285628 -2.8244286783867296,24.628724851358392 0.2613938394068974 13.592157004991925,13.995813204604836 -1.752495141019336 1.276586493011863,-3.2204738935913344 32.95779385336099 -38.44322608806882,28.227352363671354 111.99144515658351 40.80191454290555,13.757982844975626 9.602327252862027 0.7308924043391399,-1.2617177302421534 -41.267221659609625 36.501600458982125,28.343166355862966 -110.99658522553922 -40.357328679933325
-18.324937661098033 -5.2556901925384665 -6.400562720689886,-14.090976457260787 -0.33058695044100134 -2.1374601311659256,-12.197562484235426 1.98012328679972 -2.6165595389506464,24.868040047268305 0.4893666945793891 13.027319539869644,14.353698016639235 -2.143626832981454 0.625556213836497,-3.103547603162094 32.40663413568802 -38.354172907297894,28.12249504673919 112.70811802138851 41.135509220970896,14.204397321628216 9.336997096232968 0.5239494411554038,-1.2567265677947128 -41.958150209407385 36.165317191879666,28.214601714526378 -111.84889479933413 -40.75677728822967
-18.772801253046868 -5.013160429108961 -5.891046479616498,-14.620353137984015 -0.29064036813953076 -1.786616672198087,-12.556021895799546 1.817728274661425 -2.696374140058531,25.649215890547396 0.35517980715652375 12.409819185978906,14.731792622593305 -2.4548484985493335 0.2650252401507276,-2.853637674849294 32.73018659358754 -38.40896643695243,27.952825020818562 113.7004020609242 41.59279866444259,14.63690320769308 9.127910814894012 0.6053883424415659,-1.5659413062367034 -42.01669070281774 35.63831267837938,28.06053777383973 -112.7333913531814 -41.167773694837976
-19.106891063421518 -5.113415558010226 -5.4141526601679635,-15.00059836224952 -0.5244274222367304 -1.449552244149563,-12.81508192889143 1.792535967187511 -2.7551197190723187,26.056544914196174 0.14257641771491308 11.81747390360211,14.768316509703343 -2.656116327491429 0.01417404688231172,-2.58682082713228 32.90843321796336 -38.695174666713115,27.768265393811554 114.67458223388321 42.04562189142064,14.733040544834429 8.960329714664693 0.556521383477536,-1.757514471492205 -41.68808339138286 34.88372410668128,27.88102274442011 -113.6832400438827 -41.60727462207647
-19.284634333207915 -6.140006733020579 -4.857421011447156,-15.179946397687766 -1.430858107593824 -1.065924478034512,-12.604131801847398 1.8129510376594256 -2.4956887740596336,25.2303271143664 0.12772559562625638 11.324775035088395,14.129005121189794 -2.721527895803469 -0.30324660646950957,-2.4150792181075924 31.96843159506802 -39.28848864854076,27.618502239725203 115.34360956242455 42.36836938196569,14.195915809836997 8.819666131294483 -0.01810211053996241,-1.420852228491243 -41.21840897453031 33.87797476452345,27.67771694402204 -114.72443617837436 -42.08888858505066
-19.34032761790252 -7.96113793320674 -4.229352287138021,-15.202137819459882 -2.888353656607128 -0.6579493675452008,-11.986677738461076 1.8278165469314378 -1.8941559961817083,23.363778393343864 0.3759257921497556 10.942521480006977,12.935776390120152 -2.6828472698140695 -0.7275903416567997,-2.349322589858417 29.83586613674287 -40.07208503683108,27.539078852700953 115.57429707784458 42.49645818515365,13.142654638331406 8.704400972755765 -1.0532213012868508,-0.5912665858512502 -40.75097931168412 32.78752526241491,27.47903214670805 -115.74001998500401 -42.55857827033168
-19.36905891744311 -9.879286900779125 -3.6341082239368414,-15.186443554792978 -4.363711184985866 -0.31313348623497783,-11.369543708838174 1.8179559111801569 -1.1426398935580329,21.48280425415751 0.7857102213764606 10.63114151056758,11.671316296776137 -2.617443569903932 -1.1917388846616341,-2.3205284227877763 27.14709264677752 -40.77689210991105,27.554353829554397 115.35513827443926 42.41356769379749,12.017806200981767 8.623350316357046 -2.119225563633791,0.34328959892012567 -40.34783239808528 31.929125613373014,27.33453628853105 -116.49997688249879 -42.90880923558787
-19.458423574486925 -11.21389782025972 -3.1720960797765683,-15.24651257720999 -5.337998607408578 -0.1147045401827464,-11.14768100055068 1.7660510652178696 -0.4380699722256976,20.58639648003514 1.2496196318280954 10.352420999149924,10.809813057251024 -2.6016179947609266 -1.6288410850789186,-2.2647719116029434 24.55268216970009 -41.13600867631526,27.68668233191617 114.67794718087742 42.105071340560606,11.258350415184324 8.583731035513667 -2.79740336394977,0.9925577773186433 -40.07421388414182 31.60260126114029,27.292248961079352 -116.78028305711202 -43.034957022721755
-19.519152353675285 -11.910798886252422 -2.8206931702198763,-15.347500387699425 -5.78525932808732 -0.028753522797284582,-11.305450633137117 1.6738213633926748 0.043663670291856124,20.714070201743628 1.6323998852964736 10.120959898615833,10.47087180323599 -2.6669700680663873 -2.033919987748007,-2.2588143896141766 22.602877723606948 -41.00481676916998,27.92560802176873 113.53449236038603 41.56360972609112,10.982222039981348 8.556403784006699 -3.071918644532826,1.1078119914641587 -40.100240740641524 31.701426792774864,27.359106138668544 -116.53233645936254 -42.91685876614856
-19.30200270262998 -12.482380173331128 -2.4459967105714697,-15.320250723845483 -6.125431147696637 0.08457826962448894,-11.455836339343536 1.5602054313437372 0.1457009989394012,21.037497681687867 1.7736564775586516 9.999128290446665,10.453378657522016 -2.804666823811823 -2.4579636043897404,-2.50666725062131 21.757176020248885 -40.34930311855804,28.230996688374162 111.91650125287838 40.78839657597211,11.018780740219002 8.479345157574427 -3.2913346352782615,0.5683419564987777 -40.69088563627143 31.751534039477512,27.504883824951907 -115.86620333741146 -42.61074677938933
-18.568163152413522 -13.440940411324936 -1.9172554368740242,-14.999497233384457 -6.779278443336262 0.36376278776380455,-11.215569812260966 1.4436373999628174 -0.2757800584115656,20.729989643107388 1.5231623983271576 10.046851927649136,10.548338149894287 -3.003080939186863 -2.9510330666805733,-3.202269364863705 22.43392880972188 -39.14922662426104,28.561081315390826 109.83008658257191 39.785736894886,11.189588355811807 8.292820045660127 -3.8043948563956036,-0.7231012756519839 -42.09200192916941 31.28684783411882,27.69805896735725 -114.89873586946227 -42.17568598252267
-17.474725488395933 -14.797520634252606 -1.2787754847120283,-14.433367892174887 -7.79503078918062 0.8200513128601831,-10.620112993480998 1.315051814421932 -1.0626354251563483,19.769302186280612 1.0013900072090218 10.222226520080604,10.636567955265358 -3.2178866044802508 -3.491237233823323,-4.181244218565476 24.12558165542826 -37.62360240063773,28.860319221163607 107.6330618131698 38.72950043913387,11.379755488997548 8.021997363461072 -4.643289286963309,-2.402983302849683 -43.99850145125047 30.360420652325875,27.908081920217832 -113.77292176907679 -41.67269909670976
-16.588150220920344 -16.044855391949703 -0.7558744455441613,-13.89064297703377 -8.835712294123558 1.3331474243524433,-10.137899936017128 1.1369483176262103 -1.7444843963044725,18.964997603341864 0.6087180669514926 10.378054288660259,10.691753620449784 -3.3709473813851694 -3.982285450187393,-4.9087128827859035 25.36718199138541 -36.23883936454191,29.05892352047587 106.04690320156766 37.96682093285293,11.540102926314955 7.7798378096212035 -5.512887738547706,-3.631314198751054 -45.535615872241934 29.56208919390502,28.105409552310583 -112.65877320760988 -41.164833232970174
-16.476148371654517 -16.66532733204853 -0.575286674580985,-13.643344605798074 -9.553668884002967 1.7781754988066605,-10.242279378420303 0.8729233383010986 -1.8506419651691828,19.139060010999277 0.7452614550314886 10.366641352663056,10.692531807464977 -3.385293951205379 -4.3265237100043485,-4.850425665913069 24.69731706978372 -35.46089664427164,29.089256956556557 105.7843916001915 37.84056849541315,11.62550279413737 7.680231019072535 -6.1091722103977615,-3.5742723877544553 -45.82928944768348 29.488549626109087,28.260975895164762 -111.72579264444882 -40.71501303279293
-17.14649533588815 -16.571898935886093 -0.7435807652077752,-13.743201572847829 -9.826505355018561 2.077580220539327,-10.928410586763881 0.5630417037365508 -1.358119608929976,20.289397001877955 1.3927579003224102 10.17877633479766,10.638682559869833 -3.270532384355169 -4.4919968244855335,-4.034811013644689 22.169319668159734 -35.37907835269329,28.972787145916094 106.74958642151735 38.30447157478922,11.623186999944043 7.737960601877512 -6.325430217004077,-2.2917520335723096 -44.86254118385553 30.167984619271092,28.359388273247873 -111.08771688189431 -40.37931004525281
-17.94498060054604 -16.186587241985617 -1.0070335469591385,-13.981500098514564 -9.798139613107917 2.2097508779152686,-11.626111603244746 0.3377732804810092 -0.7732195831743194,21.439648733815858 2.038317242865251 9.968969295576624,10.55498276010308 -3.1386228164350434 -4.524422267534257,-3.1555256234570583 19.627335909905927 -35.637386855857066,28.836326262010783 107.89043324668276 38.85219447821241,11.558644918824335 7.85064171371378 -6.288214427956477,-0.9002459474023029 -43.63166979398606 30.956449717056763,28.401419310786384 -110.7923535735684 -40.205693726267434
-18.190423441066585 -15.954654129309517 -1.101208727730309,-14.137042575237354 -9.627084397636706 2.1575760479319745,-11.743686242096206 0.32994757313263084 -0.6235679572436357,21.57708379171724 2.1504223204984854 9.898657892598301,10.468220723233895 -3.105407068648151 -4.4737699462531415,-2.9321894036069405 18.986160186398358 -35.85886441026521,28.810341306378604 108.11972763008303 38.96051608502748,11.460301738119538 7.91058533122225 -6.1368550452109085,-0.5570453104635836 -43.17545599019031 31.18250933611716,28.388973950489305 -110.88119461377498 -40.24001638622642
-17.681856113947056 -16.058951269725057 -0.9458616801924019,-14.097663301515642 -9.438406841516265 1.9580589358239449,-11.164319152948574 0.5503541995059175 -1.0425898711940949,20.537395008734695 1.6214078130514729 10.021492196738192,10.429410309176731 -3.2001777812319485 -4.380072314671367,-3.5532678708924745 20.762891002240455 -35.86938016170889,28.921706857145804 107.20607830420116 38.519215642655446,11.387573932207928 7.8724656686549395 -5.9811241197449885,-1.5570419719913315 -43.84880455313443 30.65770132597295,28.33243770947337 -111.28872858903613 -40.4577790714422
-16.867931324367582 -16.327348185103673 -0.7099177841486541,-13.89869228822942 -9.311929674177954 1.7214077005904194,-10.41360223706733 0.8446901848852548 -1.6304450294226984,19.304002919186473 0.9169848700235694 10.245309851446375,10.52233710608474 -3.335145966084501 -4.269918681840843,-4.488693791625804 23.583857838912635 -35.76918254188316,29.05716017997249 106.07581726737618 37.97676925803222,11.44180223529475 7.77532041229854 -5.890808154335517,-3.0284949264568994 -45.08148952576073 29.846918256941542,28.25366841978444 -111.80469261193701 -40.739313348146524
-16.239196968434328 -16.56360424047056 -0.5790175455418359,-13.58602722496353 -9.323002163909658 1.5616643708738336,-10.057554165505245 1.0483521114537921 -1.9537686264803726,18.931470702714016 0.5388385874526317 10.468576783957552,10.831466670539593 -3.414885799708469 -4.1686252631812675,-5.16181591276623 25.95157634359964 -35.676918024744744,29.094648390404966 105.72776506904471 37.81657481465961,11.725477141828796 7.664241935811184 -5.9316195714022815,-4.024312839856259 -46.24056249561515 29.25820827407098,28.175279829447014 -112.21026020491425 -40.95919665414026
-16.033193947301335 -16.636730148134326 -0.6804997472546266,-13.211445699479459 -9.47126077728431 1.5111249507122049,-10.351802185262423 1.0818355045767925 -1.8388904101229824,19.85477455201255 0.705093744541387 10.648467701045538,11.34248863301707 -3.384409279230731 -4.082376699393551,-5.261156168492 26.992473598931895 -35.64654059388796,28.981551166402454 106.57933873956128 38.23785980062623,12.231520308925102 7.588301780979445 -6.095123495960601,-4.045046987470609 -46.86983811920539 29.206331377259563,28.116380321534365 -112.38928265760364 -41.05208333360538
-16.095302319946935 -16.516876208692825 -1.051335501426578,-12.835839141712489 -9.638987138216677 1.4753791060067127,-11.070866836057366 0.9975392515517815 -1.51466668557402,21.548530830010783 1.1943566293981456 10.833155917769798,11.88798993852885 -3.2514070237456947 -3.987703690364475,-4.8862549331706795 26.80003941248049 -35.631730872845445,28.7728686576643 108.1467798547033 38.99938759113026,12.783021695831415 7.602739200188961 -6.257956742048862,-3.285094688973188 -46.78711380993 29.70645094142352,28.09064496344537 -112.38476179879976 -41.04574693561456
-16.238523599893814 -16.182683582958827 -1.7194785439289437,-12.520664235700592 -9.698496637415586 1.3501806747613738,-11.948209521613606 0.8591116001449001 -1.2431064688743605,23.40604872759033 1.7482457621760652 11.0777418699503,12.289020278591211 -3.0293130761543967 -3.8585028248667057,-4.172607475603103 25.55478786816361 -35.57899229028741,28.53243387375861 109.87182077747121 39.82353030107886,13.19007339198336 7.76250773465075 -6.28745234074197,-1.9994902812557203 -45.83799384852678 30.74577106761539,28.110870708805702 -112.25457621996567 -40.97648580174137
-16.397758031769964 -15.593972611871047 -2.6010459556672774,-12.307710491000346 -9.533686265327113 1.1269201786667695,-12.746638539711347 0.7214642443080728 -1.1537542931194908,24.937924070793827 2.182134092686355 11.356338653651942,12.51344778827624 -2.763185650165941 -3.661186717051575,-3.309520058113682 23.78215213554594 -35.56506656027287,28.285882848851756 111.4669490361427 40.56736304984654,13.407647243340037 8.049166815487922 -6.103320532194747,-0.5288068576311069 -44.249180725262924 32.114806311891336,28.15292383019572 -112.16327833183503 -40.92686265191726
-16.72481605341284 -14.677073315031569 -3.4131493790446985,-12.203771067510244 -9.049061652158455 0.9671668717781319,-13.281182915961317 0.6239627967613428 -1.14044348810904,25.863455979479895 2.4426353756454047 11.498948106729593,12.79039366632316 -2.554355940658842 -3.348850776154767,-2.5820518101498022 22.621324566349315 -35.89844523864182,27.990882793814965 113.12644187641271 41.32765545124562,13.648518402709525 8.313676232176427 -5.71847310540737,0.634172305479485 -42.925514311420486 33.254076059557455,28.126955058382915 -112.46523908171362 -41.061764403851036
-17.39290249330615 -13.35573984243814 -3.8538764683810007,-12.211872651634716 -8.15225454221615 1.0490627848567693,-13.37338600316789 0.6041558494912713 -1.0729436706180866,25.925496837302347 2.49052831703611 11.321889458318795,13.374738902570893 -2.5093510798679013 -2.8735490521906457,-2.283609250051304 23.269140352895313 -36.9097319551065,27.59846818078216 115.09263259758752 42.22512661542099,14.150973128703807 8.394304515161208 -5.155687929865341,0.9837598206177445 -42.83744536220287 33.57120052014423,27.937000652027052 -113.53144571803425 -41.55319119554742
-18.432640576653498 -11.683174882933027 -3.841401063278339,-12.311564219396997 -6.898854076954819 1.4075179176794166,-13.011883595194243 0.6679114729544842 -0.8555960420111928,25.16814687903431 2.380572563373446 10.81470660540135,14.348416881227054 -2.645361132993928 -2.2362869207937086,-2.482633481778103 26.091574601113276 -38.66700897705879,27.11486719851137 117.37031965757004 43.26840539193116,14.996143342156461 8.243246887933443 -4.475939473496471,0.42579186495191707 -44.32127007952234 32.943395800065744,27.58453267003719 -115.29705215495424 -42.37034754284737
-19.582661564268122 -9.977677970078359 -3.7446101114635355,-12.434314892085299 -5.647450416512221 1.7841182988465192,-12.527499040097942 0.7562193977542953 -0.4635407332773762,24.252429910183935 2.3599907354265266 10.321689147642203,15.439182677775344 -2.7966233501758806 -1.5383168680146042,-2.7868603587281853 29.753089296178793 -40.700742732855815,26.659338899268416 119.47785541352575 44.23657169397339,15.943325588616128 8.046008328775834 -3.818424776815914,-0.2911388767506252 -46.41460356280134 32.20956047560772,27.2705613309603 -116.80467197537997 -43.06713408841939
-20.5462326817874 -8.589491438960607 -3.986742564683222,-12.505797616877457 -4.793016811432114 1.8851285071579718,-12.292451051859118 0.8022691445122504 0.11910770279860963,23.91380716251344 2.698813836090462 10.229687184888752,16.331945301220703 -2.775349512487984 -0.8930522504418135,-2.748414124961517 32.71183283092096 -42.47624356286971,26.364693797584152 120.87520170294515 44.88113187260478,16.712877343556215 8.016274773074478 -3.3316076149957103,-0.3169096185738575 -47.997761595816655 32.324426438442835,27.219983696740464 -116.99027486008026 -43.14783017575792
-21.13534965956771 -7.724292831304544 -4.757393397583308,-12.477121326996347 -4.529768471607674 1.5830868975993173,-12.538106480605173 0.77946902253703 0.8227571054464978,24.579661221721214 3.4551264964555135 10.680471572526272,16.85736039669182 -2.498948678621894 -0.3820718831386362,-2.142955275593322 33.992910414440054 -43.64675906680716,26.28303004261287 121.35018650839181 45.10280473391972,17.156018183923965 8.259620656983662 -3.076899096787808,0.7340691281168042 -48.43126318415746 33.70585441521999,27.505104723147806 -115.52908622830547 -42.46088758533989
-21.419019870685222 -7.2460384896209495 -5.693871663823141,-12.359520353089628 -4.5773702215465235 1.143568558891447,-13.162887572815352 0.7562962191228253 1.3757639704981979,25.949140627462487 4.186016067029178 11.236496643759327,17.190598439792122 -2.1334944612422504 -0.011704325186653163,-1.274537657965985 33.96159562362156 -44.30978156083296,26.275658485671578 121.46564540363256 45.15501639183841,17.43329856320597 8.626067246987295 -2.909935875960333,2.149326447824897 -48.210728190324836 35.502653006761406,27.837533263535033 -113.84377879684929 -41.668310382172855
-21.50333975564899 -6.969442260602331 -6.3539261084815415,-12.172942677542885 -4.587142419860827 0.8886993282227632,-14.017037919072129 0.8148995763339364 1.4776346344302609,27.616176577924353 4.376637270029122 11.376865703120293,17.55640903003503 -1.8808706796254004 0.22259435632585012,-0.5233823583088149 33.176635682208705 -44.62699207452533,26.176463752138865 121.89583260571256 45.34190390939324,17.7497802773027 8.928802311502917 -2.656786508174923,3.0583044993876007 -47.99541313495392 36.68090058373006,27.877025569874647 -113.60822083186537 -41.54905296699618
-21.46898837351132 -6.791055401150085 -6.444407975353986,-11.956471348585557 -4.350406357042894 0.987953778634781,-14.894446347064916 0.9957577369276256 1.0562802014147454,29.16089243105132 3.809468725103202 10.807004233533524,18.052364156733375 -1.8680319924729767 0.3268757875272443,-0.16012382477854883 32.11533836770303 -44.770502832129154,25.91006418069679 122.95256597870052 45.805456914168566,18.193314660337254 9.036839887013453 -2.2499000096804767,2.951711252026175 -48.21816521502387 36.606749464122004,27.45386435585127 -115.66181376259577 -42.49505707005063
-21.327071139672157 -6.831438349638259 -6.080298831614812,-11.801566810385774 -4.041700413126716 1.1929623133079972,-15.434744795420455 1.2252877278946517 0.6648119734956144,30.12561607957515 3.0808379105763843 9.851837355085515,18.427919314677897 -2.016833460565179 0.3113185228359281,-0.15543084151208625 31.03209160169135 -44.940978811123756,25.649438667835906 123.95558567356292 46.24382750027946,18.530919096094273 8.972004278338474 -1.9129149619871848,2.3091283242088783 -48.692093452264906 35.74145306018667,26.865105330654274 -118.55981741818132 -43.83891526430694
-21.07690645109244 -7.249094707441179 -5.445779860577716,-11.80855664262756 -3.900507023620084 1.1845513544094626,-15.251484172032123 1.4105777612515946 0.9622394954546933,30.046361521930844 2.924959833590965 8.941290237575444,18.37355432144137 -2.2143618954805673 0.18680762029041517,-0.42910059031610154 30.14344875812282 -45.34388262268025,25.609642609492273 124.05655836735544 46.27997487927151,18.47525758154964 8.782032663238127 -1.9187967377589796,1.7777347123713463 -49.12525160119837 34.73188492141036,26.486898701398893 -120.47044331177042 -44.733712433746874
-20.744761386039766 -8.093853596466044 -4.717774357707098,-12.039584830869284 -4.073311150175123 0.7678237471684997,-14.16275423396536 1.4899115621800092 2.3055588019711153,28.71855453984125 3.779964415629779 8.390662269731989,17.718636677426403 -2.3703954605743744 -0.01729105392217023,-0.8744779826073356 29.566151516121543 -46.06480386387204,25.908936813863345 122.79749987582875 45.71186103569199,17.867697534047338 8.521459870026419 -2.4114882738425645,1.7984407884181777 -49.29984621655747 34.048557249924635,26.555178893420695 -120.24411929153513 -44.64692833505565
-20.44259786227974 -9.069967226358397 -4.050126064879409,-12.435374318473404 -4.410872575719713 0.14307229088067686,-12.637063348809729 1.5007723106813136 4.091385010379268,26.762531450717905 5.142452617828667 8.150751223324976,16.734186576647325 -2.466869161548598 -0.21284401266623174,-1.300791640785226 29.099547650793127 -46.80814469679674,26.35778236543618 120.96170778314551 44.89394399830825,16.95887385329159 8.266436759599731 -3.1246505788819334,2.1562377543492506 -49.23388434513598 33.60116603636379,26.86000438072449 -118.90067135421027 -44.045795471584704
-20.299372547453242 -9.813152782367743 -3.5921010085258844,-12.9125671806957 -4.70530222674253 -0.41103560552568735,-11.271911404503536 1.500316726969283 5.525869808528641,24.962225527138155 6.322300114174997 8.100065647110167,15.77881384842083 -2.5000284170776883 -0.3000629645915261,-1.5005890609229828 28.480040797653658 -47.202710740260606,26.70559748445693 119.57865045435649 44.291045945465356,16.08058831610699 8.097400863641882 -3.710577036939411,2.5060341537299355 -48.992137981129744 33.188185430912775,27.10300717395124 -117.89016179689573 -43.59581788830567
-20.40418148368834 -10.041660662639414 -3.462365871101768,-13.380145517253649 -4.790008983483387 -0.691241725682035,-10.516121713274215 1.5376070366235233 6.038185543749745,23.91695403073633 6.810188391061374 8.137635581855692,15.157054005045588 -2.4632148723207727 -0.19487677115894153,-1.3420241066412923 27.623087513896404 -47.01837307036407,26.785873201084843 119.31876393358924 44.20398403238842,15.511692171136174 8.074652006834244 -3.902787800275173,2.6358473855763784 -48.63744325491488 32.71471994444345,27.087682655714183 -118.140316611131 -43.721557207113364
-20.69847457937533 -9.779449207235329 -3.6662455403752583,-13.718718421716298 -4.65137180942074 -0.7736079990153621,-10.267810685521106 1.6317229744342583 5.883586384528915,23.542205510195913 6.766514445249921 8.238503898413924,14.973148064202661 -2.339014422187907 0.12856843496437273,-0.9733011352681672 27.107367055304536 -46.54751762857883,26.74351124655197 119.5226071396315 44.32609102925528,15.334904753262991 8.183898746335247 -3.735671814003066,2.826737986606006 -48.22546574184598 32.48083930204479,26.994834212395105 -118.64409696641087 -43.955109947735835
-21.089524103002937 -9.121243092519988 -4.1828281517761035,-13.802327105632925 -4.311179714258322 -0.7988543525484528,-10.297615185071741 1.7948038240765443 5.508550788793151,23.595173468377673 6.506703346168268 8.395309181583444,15.284972178215655 -2.107523183160296 0.6826501849488129,-0.6074515651989546 27.665083771702566 -46.20348391242143,26.795499782891532 119.22289441483338 44.21007711063399,15.587544100690197 8.393582993596723 -3.3132641765051574,3.473897831686993 -47.8102111522936 32.878041148544696,27.092605797706003 -117.94659795062012 -43.621981707983004
-21.510151313930734 -8.180728035361321 -4.955003520447921,-13.566117996588538 -3.7999638303485703 -0.8910310806417713,-10.470629447122464 2.037100143048659 5.284303047860117,23.957971694247107 6.281066018243941 8.602301939271713,16.089574610040735 -1.7680154227147735 1.4483076732871922,-0.40993387330168196 29.76189343131025 -46.2814849419417,27.085547562775456 117.79179561303732 43.56456457410509,16.25631227986953 8.671047505361155 -2.7227788710833454,4.795977223830484 -47.42011782702093 34.144325907495464,27.56333247266666 -115.07734653836518 -42.272901090158186
-22.003548162234345 -7.153500742679353 -5.769286063658727,-13.209209783707562 -3.186020934876697 -1.1021762842886806,-11.060000039500403 2.36070326198317 5.256972251051761,25.052364968526522 6.058622700280664 8.860696127289325,17.121229401991226 -1.4026143076349196 2.2706676488217252,-0.3406931976861053 32.71197183940607 -46.566431746171986,27.440799014775024 116.06791577764811 42.77171029225041,17.109252241060048 8.97888673089031 -1.9787632892590645,6.248973438987284 -46.973174020616334 35.854591713170954,28.218658072020613 -111.15859744495698 -40.43155170276347
-22.642703820976845 -6.2572717635733195 -6.3699728983223975,-13.00198681811732 -2.5478435493242175 -1.4648866405895202,-12.449037073153345 2.765501731945478 5.384920217564441,27.445809838769293 5.732452443893307 9.173585651717943,18.043268374337124 -1.1158100580487598 2.958191023646936,-0.3041914069259195 35.51862508577825 -46.70546705606979,27.602934413038724 115.28575940741116 42.39550799842416,17.85537464613729 9.278413199618335 -1.076146728067124,7.08298722240831 -46.35754932996667 37.40471628555799,28.770149416793416 -107.87758758104542 -38.884289763200954
-23.456617212092453 -5.643234982817921 -6.583103401190914,-13.151027417489251 -1.9373073056637264 -2.002401957633783,-14.858022943141755 3.244328545938381 5.6091148957358925,31.45425583862833 5.229902964855146 9.55130747586271,18.59643823915498 -0.9794388716416054 3.3768108220998143,-0.22574047656592008 37.4157471719218 -46.41484858251515,27.38251728276068 116.3463385859828 42.84950421163401,18.27047217175082 9.543821757151132 -0.021693306105537945,6.73311179714329 -45.52763173301274 38.31372997683153,28.98913900988999 -106.5739673499273 -38.256271723315194
-24.25247526969584 -5.127189200095232 -6.646884806549879,-13.541178607678072 -1.2720781446450555 -2.690783945849779,-17.6852056190646 3.754441015545105 5.782826984278004,36.1254809462455 4.6511189755476945 10.040719686659768,18.91183617786865 -0.900685590312726 3.6822514492988008,-0.13578810902492222 38.79993742302574 -45.75933957869055,26.937444136537167 118.46908361806072 43.78863935393586,18.4670734505228 9.814263149173616 1.118157238081571,5.56723407356552 -44.77170088240967 38.721643033685595,28.94832047204702 -106.83472618244342 -38.35982456738654
-24.767711129367832 -4.419460641558813 -6.929139857653361,-13.956111729977746 -0.42761673283572155 -3.49125809535232,-20.070325745172035 4.241908874351681 5.7317487974226,40.10845789907638 4.150585113832389 10.700165264738486,19.243313909490862 -0.7349567115503057 4.121368767190214,-0.09784431495481954 40.43343416197472 -44.91329875122843,26.534838203994383 120.34461336861499 44.62929299513632,18.66360135579212 10.149314973914779 2.25819881697129,4.246579043451537 -44.483036222929876 38.963746881625454,28.815157246434232 -107.69568960899495 -38.7516626616389
-24.806693181136854 -3.3102846197677027 -7.7091520185412685,-14.203763618879398 0.6651908007545483 -4.347871965659162,-21.287207107318533 4.661598997481154 5.326434779727707,42.25260789172432 3.848952983921243 11.546103536395002,19.79306824047191 -0.37096398049832274 4.8841916096888305,-0.14857520652882839 42.884345807530764 -44.05676997882949,26.395176815939898 120.89792768379957 44.89150412826273,19.036674225672343 10.58926379942239 3.313062088251309,3.3553808131261134 -44.93409744047486 39.317587379035636,28.73383231574051 -108.31940114922308 -39.04609111582262
-24.56870025700146 -2.0613988135059285 -8.743752616288726,-14.235398122428352 1.7484878371012094 -5.103395730721077,-21.401004545290416 5.020284749530283 4.702079610151784,42.590384158841395 3.667222039324657 12.347954224640253,20.458389471910007 0.10604691451014167 5.825407075868063,-0.1662599748349483 45.57508470262688 -43.40309036518966,26.463601295326118 120.43746022536526 44.70717160663369,19.516134202302236 11.060580597967823 4.196455284134861,3.023177266668536 -45.68456629011207 39.719727258459145,28.71102480953179 -108.61692825128289 -39.19761492997376
-24.39728406037922 -1.1067951471448936 -9.59890522171993,-14.054640833510646 2.44496542963834 -5.56359983575878,-20.765970353031438 5.34370252439506 4.090559145085506,41.58643774820151 3.4534526921769806 12.78488592429933,21.025176226268524 0.5390304204087841 6.677191665307346,0.028685779037057046 47.50950534754007 -43.177760048096616,26.584664294266254 119.77705537046103 44.43172541763935,19.941668530387325 11.448156021147684 4.821749646576794,3.2133918413497353 -46.0337249328834 39.98215768014743,28.70317949126749 -108.77279706438028 -39.28502453649909
-24.5740848481257 -0.8047189266227647 -9.916907936930857,-13.685354740097958 2.4558272239694294 -5.588316353781757,-19.722724579229837 5.652666523634875 3.6817470372074275,39.697936304961765 3.0763646225099954 12.614145035897124,21.301919777298046 0.7948623537455024 7.209958521513813,0.5604612502442878 47.88505046812672 -43.5330947607363,26.626465322778216 119.60522442524433 44.36534286284494,20.1657426179565 11.65712766926815 5.124761229412956,3.841377166076216 -45.41533064842189 39.931607292399235,28.671330076371977 -108.95809435980038 -39.38203742976421
-24.95068191103605 -0.9872935299336357 -9.870440861267488,-13.290962708690815 2.02700691645282 -5.412001206142838,-18.51456293693352 5.933722924885316 3.3737655416015904,37.3258267397219 2.548438190375087 12.13439978284385,21.2546489925539 0.906749720702469 7.460068739834063,1.1692660370903027 47.24356909741966 -44.11466128234541,26.621136665564 119.73768646125431 44.423426180462464,20.130200916440394 11.733219080183119 5.1966854662781445,4.491409400612858 -44.19671589415202 39.498099041115765,28.608790960367767 -109.24807751280322 -39.52598332104449
-25.196717701235567 -1.2640670076666245 -9.85656163931312,-13.093928265390327 1.6348856776053153 -5.427594538611344,-17.343608181518217 6.158920854358596 2.9413117919277805,34.84727184054949 1.9429715600698247 11.873366320392812,20.91603885270186 0.9782657620249597 7.576392416493347,1.4328491129312124 46.695659940517956 -44.35364678099677,26.670204499865115 119.62092671456574 44.35859892347058,19.81469958742969 11.78162852453417 5.194450873755954,4.607703153206905 -43.14016112304381 38.65535441598969,28.522532846488723 -109.67746337360599 -39.738798108309425
-25.030990104442715 -1.2903561070620106 -10.217654212972512,-13.275443474826966 1.6924207840456182 -5.9645802859302215,-16.401248133695333 6.305720227594025 2.2026331234635914,32.62925793955868 1.3347543627565344 12.27958558238994,20.338795056798705 1.1017978709237988 7.694344263571346,0.9982243990244831 47.219036600544854 -43.773661703050614,26.86146099667645 118.7734621198796 43.956319678549015,19.22527567618013 11.895747618376443 5.25903091603676,3.737214513370546 -42.913868043859175 37.412651477096496,28.421824703980654 -110.26009050097731 -40.03127654530035
-24.579060342970063 -1.1017677077273402 -10.843032599094077,-13.677912922443111 2.0878595886118028 -6.829569201205774,-15.792400280810261 6.3961940593704085 1.3352542655146136,30.95635453439006 0.808981709571828 13.148288341111753,19.737268717176704 1.2763245660667464 7.8361646254211355,0.08283473534955325 48.689537705550855 -42.65939535465645,27.16850702384143 117.31287078360023 43.27496241821935,18.58231514483349 12.070806905388615 5.39917533281603,2.270077778838028 -43.40616835144665 36.068383192513764,28.33430679991707 -110.84046786414837 -40.323673020989666
-24.165114860917633 -0.9196068707175518 -11.400773779981755,-13.978309031687482 2.453230125415681 -7.573849612128938,-15.579758075744948 6.474200235259637 0.6921374700243839,30.072886438482037 0.455929776197154 13.955689705269311,19.404743468286767 1.4552121962087656 7.968830055714561,-0.8173328324249307 50.44494906118045 -41.66717687211454,27.509183082242817 115.64925633591744 42.50616749907795,18.210871946292208 12.254104229771311 5.559068146477396,1.008156731167575 -44.12457806592896 35.0621192479772,28.296590227346417 -111.18041967624984 -40.49203046669112
-24.081606414190095 -0.9362607274257445 -11.596661148709364,-13.895725716059857 2.4630236336784583 -7.79648816050393,-15.804447199549138 6.577111163159085 0.5816414704381841,30.175189565858357 0.3530640583925909 14.231189710673034,19.586687705790126 1.5943804949196023 8.062640957624104,-1.2445860142990444 51.837589393840595 -41.38550118691344,27.80319379910124 114.18521227538476 41.83747300595092,18.384389453520953 12.395950921892762 5.6875052621731,0.6738368032624592 -44.59753591459224 34.79132969142765,28.338815339501362 -111.07752948829918 -40.43082491224842
-24.300095823267718 -1.0513890008648634 -11.516796154608011,-13.568740184471254 2.2204923571827844 -7.5768151313009175,-16.301138912796866 6.677953236688253 0.867906563917286,30.996705678141534 0.453240718963165 14.041084523912257,20.059532979394508 1.6775151575408107 8.123771829273453,-1.1310219157127788 52.39609883120526 -41.720399089457445,27.991989826409437 113.2312641766895 41.40786841907722,18.868765559188862 12.479040097377602 5.78226274678378,1.1914471415862673 -44.58146187086035 35.2358063208195,28.427761051965533 -110.68171058572821 -40.216254477516834
-24.61180973820106 -1.0001450848923659 -11.461010582998332,-13.371669979995499 2.0698427412182014 -7.264058354790879,-16.788481657979197 6.713591812605711 1.1654321113653807,32.01074026129587 0.6392882316212214 13.753394062355136,20.336122505233227 1.7039057358202392 8.178557616709007,-0.6277906612353868 51.7482062286985 -42.194371617158886,28.02924260111766 113.04619747760457 41.329059976684164,19.144668821599307 12.504262718965316 5.868642434770122,2.036826910512615 -43.9608963261457 36.14061499555022,28.494598553750816 -110.34087777211008 -40.02664107772734
-24.818992035166232 -0.5446333367642763 -11.706734630949958,-13.642980858754004 2.3249858312585823 -7.187440590664938,-17.008820276164634 6.6287901350162235 1.1194745665248833,32.724020041873025 0.8001892160602517 13.711316378656491,19.972374599975296 1.6754660386141857 8.25177789303517,0.11129878887691765 49.60242252802151 -42.3672244585688,27.87902603168213 113.83332044312304 41.687951190835896,18.738899531411626 12.475060777679575 5.970793245323052,2.7154241314692382 -42.6326893139204 37.25041443076884,28.478083698092867 -110.36595033365897 -40.022041769057786
-24.87527719614302 0.2184679616245383 -12.243346899552611,-14.273882754765092 2.916495751757026 -7.408730678514869,-16.99497079806352 6.464799638292046 0.7651175909444409,33.06542661116565 0.9055220984238638 13.9304855727822,19.05903488248844 1.622599445638495 8.347524482496379,0.9298498102135871 46.59353927124698 -42.28201632119573,27.624762736106575 115.15770867182465 42.286641324320065,17.75141658505027 12.422179174022045 6.09590265919134,3.134874927608494 -40.620225805270024 38.33547793760615,28.40974777237115 -110.61217510898298 -40.136981065590135
-24.831971061694293 0.9766263834509216 -12.874386250554155,-14.867033458754753 3.527632484572586 -7.817146541739339,-16.96715002189705 6.325122202139315 0.38894627056381986,33.23619953771875 0.9768625993396121 14.215204162318186,18.031898844026628 1.5940897049054967 8.456542274588712,1.6697963176193387 43.95394838778411 -42.29358205381118,27.426874499844768 116.17267475170007 42.74348496297187,16.651958624594645 12.393977588802812 6.240215293612693,3.4622916167437943 -38.02852621490181 39.18260437298768,28.380977182767634 -110.64081671242828 -40.16047861553803
-24.74155489033288 1.431934262159242 -13.40680281637266,-15.048465881193621 3.8568413235953756 -8.297578154548717,-17.131068629256976 6.306307103533664 0.26249744080473975,33.42928690158907 1.0352352786588461 14.377391823253435,17.310916684304708 1.6344362839006588 8.568522035516448,2.1810004988823906 42.83860581246705 -42.728792787211376,27.433863536197283 116.09508734063893 42.705603297864386,15.892699609317756 12.434540175455947 6.3979228040001495,3.854729256665629 -35.002703759382044 39.5957681481489,28.475466014902665 -110.05208519303474 -39.899657186188044
-24.650136043141014 1.5431981140045776 -13.739239169547417,-14.841270580099591 3.874565487563527 -8.714458456934318,-17.444075358669966 6.3923398215373615 0.38625775371216897,33.65687804331889 1.081691133542841 14.385898196335281,17.011794787873683 1.7234664976700456 8.66143799379238,2.4254091702036233 43.171242176547224 -43.44736538226249,27.608231165519715 115.13386726210003 42.26852122351238,15.5915405580513 12.523582007072019 6.536864308527968,4.266632788471359 -32.23352680937066 39.61703083683947,28.654485910888177 -109.06387611450361 -39.45083858355961
-24.599110163316528 1.4589929319849684 -13.838118846256519,-14.562051405702107 3.7523147327570885 -8.91709812263821,-17.6799246216943 6.483996328700247 0.5603479140463198,33.79754167415738 1.1025162871388048 14.325578824444944,17.02533616725433 1.7932006576818924 8.704603268963377,2.4478244422101754 43.965440694292354 -43.9636865227521,27.77498296975328 114.23128098584942 41.859233001788255,15.619280962047089 12.593235190376467 6.605398580360407,4.502673530326466 -30.81512340302032 39.46445300775233,28.78881128993483 -108.35069105248296 -39.12412657326229
-24.6264261698414 1.3283880002751745 -13.679050205957939,-14.517523369225893 3.6596610511883094 -8.768442287097216,-17.62323479753326 6.485790050111779 0.5907203929959238,33.73603137497893 1.0850825003866686 14.280660084633302,17.235929610804 1.7789830970855849 8.670136592982658,2.297783176569657 44.260048218360055 -43.81743047029282,27.766348746492234 114.29009208850249 41.886780264809396,15.84056423658508 12.578956665922465 6.556179324090347,4.379780299401123 -31.754214754987366 39.35167945780669,28.755764614818897 -108.55147775032923 -39.21347206318069
-24.712259625328574 1.231973082680024 -13.36917652106537,-14.724003058158878 3.6509949634644925 -8.37368005132108,-17.321285698029822 6.400735039357123 0.4656562710590875,33.51844779031997 1.0415552754261292 14.27737908616179,17.50819277109377 1.6931273700972274 8.582256944159614,2.073176630661048 43.90088279905478 -43.12636213316343,27.59547662865333 115.2312900461345 42.31475861036856,16.113744592641616 12.493095708187965 6.4241429036754765,3.9879448452098525 -34.38016870371097 39.34443892261962,28.582797889729232 -109.50414099365572 -39.646322946295214
-24.787918948728745 1.1924150738799502 -13.126898845987252,-14.952175814309065 3.683281639406277 -8.042900688491486,-17.043527262747272 6.31516133971013 0.32765786331043023,33.327365722269704 1.0050717073470068 14.292923167635736,17.690020039427722 1.6130508472910092 8.509251888532285,1.9127962509891785 43.41633279114497 -42.49721989212017,27.428543114458513 116.14543835595751 42.72998657636124,16.29185656670053 12.413040373618657 6.313823829845659,3.6481270725267416 -36.60357679420552 39.38334648902808,28.424349022552235 -110.36902961917755 -40.04012339401656
-24.78634038301409 1.2285721470913065 -13.16319520063664,-14.97486517413108 3.711637687928286 -8.077558128865236,-17.053813504920292 6.314098209479324 0.31781936368878366,33.340951406227326 1.0078460627503518 14.303703591732996,17.637112248192906 1.6146416124119807 8.517458745851185,1.9494227250691236 43.33422978650407 -42.523704941222576,27.428929020007736 116.13874733988925 42.72642222886889,16.235943626434604 12.414648277034711 6.326822143566216,3.673233032506374 -36.391441010369704 39.407198904684236,28.43159781079052 -110.32473514820217 -40.02057161557323
-24.709100506178867 1.316302287665525 -13.452213304299097,-14.778926496759771 3.717629147077772 -8.452072886152912,-17.34304622590574 6.397504111821783 0.4414310416811922,33.548656273592705 1.0477754495273053 14.302798414159541,17.385771292600506 1.696198198163929 8.600862811203006,2.157646822537493 43.70434932561965 -43.18315025214816,27.594953864904205 115.2234616867662 42.30997927445449,15.9842535330318 12.496206853911476 6.453626410911294,4.043941042841442 -33.90190787355027 39.400800080496666,28.598419984475107 -109.40777778798827 -39.60388947792716
-24.624158427061126 1.3898777093182633 -13.739060695569265,-14.558206760267291 3.70840147616548 -8.824589251726723,-17.63815330242817 6.483064970268602 0.5724462757072784,33.75742439630831 1.0895686199789871 14.299404258543566,17.146959573517567 1.7809817592498705 8.683477248750105,2.3590727767710784 44.11413571813718 -43.85679493251869,27.7653052758956 114.28805803109 41.88497649742041,15.746409514832738 12.580984896221766 6.577268541359639,4.419629739971673 -31.412194562215916 39.39344776518689,28.76656144927901 -108.48438636301793 -39.1839769107475
-24.60031779914737 1.3842837887145205 -13.767800277620426,-14.509250548053958 3.6922307945743653 -8.85173625997185,-17.66430176716404 6.487894713283048 0.5836454917234579,33.773179154681834 1.0976412229040293 14.302968725986176,17.13172166129532 1.7916518358815468 8.689002679175054,2.3749584391065794 44.14600178446712 -43.92184338542048,27.777553003700593 114.22691263996596 41.85837698517042,15.732013206355925 12.591650173206842 6.580426326589105,4.457681136920639 -31.21055596106756 39.414747964276906,28.776887199932183 -108.42554250734037 -39.156917065548356
-24.654455662276927 1.3015134002374564 -13.513539600885748,-14.668467943041476 3.6797329735498643 -8.507168094826575,-17.397486816469357 6.406638933081032 0.46436607266799496,33.58072262755301 1.0659539430886154 14.311605174985027,17.355083927652394 1.7193631989397486 8.611907243086659,2.1906394477488527 43.767615633183794 -43.320286548682695,27.61947678462883 115.10332410709741 42.2582108875075,15.95549776177027 12.519360838853395 6.457948820405395,4.124845575206701 -33.48573207508237 39.45234667316958,28.618531708369936 -109.29214025510376 -39.55059519320337
-24.746039615879802 1.2176421029868085 -13.206826402960733,-14.895226247639041 3.6841106858961346 -8.115038138100353,-17.091016252015798 6.3196612981674445 0.33280937326824594,33.36262303452374 1.0211321022706314 14.3108959615397,17.615357378079405 1.6309981237046642 8.5248988012056,1.9728538714885748 43.372578992536 -42.61853656985496,27.444926711036093 116.06176153172417 42.693564649410845,16.21552040734522 12.430997193952553 6.328700276844949,3.7299073048158036 -36.10526447340627 39.447499404020085,28.444554399808062 -110.24945051916421 -39.98582136769795
-24.831311725372103 1.2107016067855965 -13.087247657904685,-15.041160683086224 3.7178387860170585 -8.01077538410763,-17.007219886047835 6.309812402305905 0.3110893860159652,33.30775771974902 0.9912561012299402 14.286528468742686,17.70354530955692 1.5961467252595634 8.503169325954488,1.8945790931881707 43.36633452198889 -42.403825206957336,27.412820281394726 116.21908249862487 42.761022651699534,16.303473515430788 12.3961471346998 6.3150672358636895,3.5933858462050794 -36.86065048314656 39.342221254801636,28.412984238210285 -110.43534548761498 -40.0709375157319
-24.857191368089055 1.2899665390712896 -13.241329513182828,-15.010268176139899 3.7618381462579844 -8.278501621351909,-17.213286947763237 6.3885726787837465 0.4203950477684958,33.46126376061611 0.9957891509525466 14.251782724423682,17.553733658782594 1.640051072638371 8.564609334800979,2.0135056237798423 43.78076827238533 -42.84247631937471,27.552928939764538 115.42225400014645 42.39326980275175,16.15362111888476 12.440051714450796 6.4334055121206495,3.817367687814808 -35.15747980955064 39.194254033956454,28.553185948022247 -109.68162202738536 -39.729136833020114
-24.758809607257582 1.3777698558127895 -13.562056394611597,-14.772755766619824 3.7571303900945274 -8.68456674099552,-17.52965610812209 6.477176715231371 0.5542979980012,33.68652213584534 1.0432982338753918 14.254828989832134,17.280932907585086 1.7318762008281885 8.654653038189299,2.2415465066791818 44.1754129774272 -43.5685858857849,27.731722060882053 114.44144875590897 41.94798201745183,15.880885017577006 12.531876473943793 6.565997626811894,4.2277360202053265 -32.44232301963784 39.20767318266184,28.731831427673523 -108.6975280163858 -39.28173434713018
-24.47275509336999 1.3921572783857012 -13.930441592590885,-14.305380434404103 3.6436327564482824 -8.977855133990674,-17.76314839150115 6.492372705743313 0.5998473972828989,33.837040869478336 1.1411297154185158 14.344900100758736,17.010800326135445 1.837319842156133 8.714800300313547,2.4818700082859806 44.087440321508375 -44.18607285941758,27.807212119750577 114.09408165636462 41.804465995257665,15.610817719681291 12.637319742961148 6.588474595525246,4.634113538308637 -30.27594380898683 39.59095255621864,28.807172397971907 -108.23809618078347 -39.070836656442836
-24.046873382759706 1.3160149449616818 -14.249856219930969,-13.700609995628247 3.434395127910866 -9.054001579849194,-17.83174018180824 6.41639299602981 0.5277365986831066,33.85613435790785 1.2704164037296974 14.512143986085123,16.820757088132673 1.928619524459903 8.72242558162328,2.668153813656145 43.45311022397574 -44.4981827331406,27.738887217838123 114.5953568185023 42.05893510197432,15.420787611872363 12.728619350383726 6.474441270710216,4.9194154511804316 -29.377872560226404 40.30183503636117,28.738817510531575 -108.53042190676851 -39.19990737533054
-23.69008046424252 1.226100685511812 -14.456039574569864,-13.218430806494784 3.248344019678894 -9.02109642094031,-17.814331283363167 6.326273580543092 0.429753517077344,33.81713275812061 1.3743408424331482 14.661169331649344,16.71839131860999 1.9874806614874845 8.706840224061473,2.778245138002587 42.786456308347944 -44.59673285702044,27.633145195990384 115.28863720038318 42.39775878999225,15.318405278107459 12.787480581876798 6.339342583469978,5.07266505041177 -29.249757381523537 40.93507168832697,28.63311331657524 -109.03728761469061 -39.426918498095255
-23.621710628514133 1.2057019477466635 -14.487906955444405,-13.129228459965395 3.21144105610487 -9.002678715433266,-17.801553798937864 6.305650849043073 0.406184530491702,33.802747296141206 1.3937082617130891 14.690893098754028,16.70577469199077 1.9965327910852804 8.701102724868628,2.79365722685076 42.64128564894333 -44.59508547154085,27.606744296264413 115.45605882244634 42.47857483972168,15.30577056629544 12.796532814614029 6.3084963079485155,5.091263475658346 -29.3034518334219 41.06126551533725,28.606753718147576 -109.16740932436818 -39.485394167039374
-23.901904118288773 1.2786431663041125 -14.331142115801612,-13.506085555847523 3.358599692067137 -9.03649886282169,-17.821296791752392 6.378540902645907 0.4860843472724121,33.83787510321049 1.3124621080830383 14.573212193189462,16.781266729219368 1.9517307679467122 8.715157659043621,2.7111209821341657 43.175152121917925 -44.530927512550136,27.693679994366192 114.88963440902458 42.20238415846898,15.381258472479619 12.751730815034712 6.4178514487118585,4.977950836886112 -29.352633542326302 40.5610914732244,28.693698850348284 -108.7480528753194 -39.29745330227776
-24.326491882960294 1.3700225535591772 -14.049078301851035,-14.094503258889755 3.5735664409850765 -9.017872667606746,-17.797277286844512 6.469972496151737 0.5802419961512034,33.85142478128697 1.1861680502291962 14.401191854604322,16.937063676449526 1.871153421397191 8.720573641359366,2.552633124843008 43.887711873517645 -44.31630248548179,27.79053704892494 114.22792310371341 41.87424255952312,15.537059634828159 12.671153444446466 6.5549783703481825,4.744331516863028 -29.878127155736244 39.83003584219068,28.790546278807717 -108.3014008358406 -39.09833804102765
-24.667319220186638 1.3961020407651006 -13.712381465618847,-14.610143435830812 3.7264211115964154 -8.829639534163288,-17.644105797710033 6.49611381869522 0.588887319793228,33.7638493220947 1.0769117955762806 14.278852521002996,17.16453646438128 1.7749689112501907 8.685538851483795,2.342697963437699 44.21953876924763 -43.85260710525929,27.78165480861843 114.18504194752578 41.8352917672397,15.76453741532813 12.574968905826964 6.5941661102432185,4.403212472065025 -31.418399945018486 39.31013016465494,28.781652636933554 -108.41148393129242 -39.15115487702547
-24.802419685449088 1.326782747511787 -13.393040441199819,-14.88757041143776 3.7538240079830616 -8.4629272259864,-17.357673752960217 6.4268103366650235 0.47945261031435155,33.56316877464361 1.0203266965209514 14.256915987777443,17.427300624871442 1.6837323481614668 8.605265454703776,2.1200756745309812 43.94608686429253 -43.17753863992206,27.632080800545452 114.99125196739247 42.1982619148919,16.02730285241212 12.483732335457855 6.490204688056032,4.009089279280182 -33.914315190148635 39.216909228965456,28.632075713493133 -109.24512486728581 -39.53058078143151
-24.81246552531887 1.2343252739802755 -13.165568514039014,-14.988249666557849 3.7194907669466524 -8.115509813820307,-17.08898067495618 6.334339681992312 0.34761236545542296,33.36634117345979 1.0015671663661183 14.284394431975311,17.63600615660431 1.618737259762465 8.52653539611144,1.9507308594239297 43.48186094034516 -42.58889623924697,27.46087769406941 115.95347340493068 42.640006073679324,16.236007319903255 12.418737253128198 6.35150387400671,3.6960117675893187 -36.1663305077269 39.33368483835125,28.460875037434384 -110.17298970492743 -39.95171330862088
-24.800623840550784 1.2022628104295805 -13.1045485826158,-14.99891758861921 3.701203747788611 -8.007770156910794,-17.00598887664374 6.302260204579859 0.30314937720034746,33.30444988615192 1.0001689237162898 14.299039344729064,17.695618983868233 1.6012989803568287 8.501780148574069,1.9034900892500535 43.31184797492725 -42.41279633120746,27.40403988002735 116.27705928247853 42.78941941291697,16.295618773472647 12.40129898155671 6.303391328551164,3.6065677256619697 -36.85044356817906 39.39591567733446,28.40404036050944 -110.47825841233018 -40.090139351129814
-24.811804391040297 1.26675066409877 -13.241969797508364,-14.957513820401378 3.7327340570937784 -8.234895635174421,-17.18123868242789 6.366743234863205 0.39356752738044143,33.43413293223542 1.0071895595700735 14.273819434066043,17.565215892614425 1.6405610468559995 8.553653726308065,2.0079548134978586 43.64614887988455 -42.789947915487296,27.52039561229503 115.61818618218949 42.485919091514425,16.16521529277998 12.440561050276843 6.4001177650919425,3.802165331514354 -35.3951258821157 39.288728210640144,28.520396982141715 -109.85090707361937 -39.80555293868556
-24.762790283294656 1.3597449201816836 -13.516143941029515,-14.79465824899571 3.751057883607948 -8.616728452294488,-17.477406734797384 6.45974078724284 0.5293993184812517,33.648299036843014 1.0390269727541845 14.259157409103143,17.32288087912245 1.7188972939745986 8.63931992260546,2.207457807339648 44.09030158600987 -43.45328934948421,27.699059959458445 114.62453687471954 42.03192791871697,15.9228805454301 12.518897295877638 6.539612801274909,4.165672656749552 -32.88378125679803 39.22641654975845,28.699060721514314 -108.87558743417098 -39.36255898443743
-24.553502068306845 1.399428654241698 -13.852915175094232,-14.426901157346602 3.6803875975533407 -8.936654789803885,-17.72938116811343 6.499429197290641 0.6030663139598724,33.81818474495831 1.1154041413931586 14.315689433693592,17.062489249140857 1.8151187495516339 8.707273857530868,2.433873999771128 44.169975731685646 -44.08172581821361,27.80670315341925 114.07489991608618 41.79108694987113,15.662489292986477 12.615118749301583 6.599143583021538,4.5562669178887765 -30.619025413060907 39.46668041366181,28.80670305328865 -108.2552884759996 -39.07931998989408
-24.163341144747683 1.343756286453923 -14.178202707629055,-13.860177051590426 3.4946231728601678 -9.057660813932388,-17.831753772561573 6.443758305943171 0.5567129639262427,33.864770172120394 1.2361792044800097 14.464299645957727,16.857977548682893 1.9080583928290964 8.725907918413649,2.629069152856674 43.65939116786357 -44.453715818900896,27.76966659102188 114.39005917041928 41.957983778933546,15.457977711735902 12.70805839189921 6.515636667129055,4.863036620776262 -29.465559675505574 40.09827468706135,28.769666218656425 -108.3846859221021 -39.13475947321714
-23.773799011575544 1.251805907110055 -14.418116560529597,-13.327691122019006 3.294001595578852 -9.045125712125358,-17.830920428816974 6.351807118241039 0.4589104419570158,33.83551474877143 1.3507014369282107 14.624797634590246,16.732585507204774 1.9766050172653757 8.714205809289771,2.7603119844141135 42.96473807359544 -44.60084472696016,27.66601314742771 115.08052632684186 42.297366208710734,15.332585604991156 12.776605016707705 6.377710202510703,5.051123504653153 -29.17463267116016 40.78039066172117,28.666012924112167 -108.87453006871735 -39.35376823989974
-23.597944840796107 1.198468142090749 -14.498823206639669,-13.098150369278459 3.198505449771848 -8.996095534083667,-17.79702957318086 6.29846803472459 0.3980009547115548,33.797664765692424 1.4004297325182928 14.701195736717105,16.701606469957973 1.9996637479997426 8.699065914274822,2.7988605377760294 42.5910134483905 -44.594320759638045,27.597533929505662 115.51446015375517 42.50676302154688,15.30160646128926 12.799663748049182 6.297702094182176,5.0975901385558595 -29.32323984755553 41.105081817688784,28.597533949302477 -109.21296541325887 -39.50586619621446
-23.765561037483856 1.231092085550421 -14.379392803503126,-13.333638227122442 3.2819390394710415 -8.976035087751576,-17.777718625562812 6.331091449911632 0.4302493230390122,33.79579034696989 1.3499949372436926 14.634449339935875,16.7706018026741 1.9655406510643603 8.698316186137557,2.7302398962857106 42.85462418146354 -44.4882025539118,27.62940752064054 115.28909542532912 42.393705731918544,15.3706017513528 12.765540651357044 6.346637424083781,4.994096369420985 -29.612718374392227 40.8214093196243,28.629407637843407 -109.07103333835764 -39.44286859201603
-24.160803878156724 1.31580240594307 -14.115933789604497,-13.881788008190966 3.48191946196185 -8.957270997980132,-17.75423638244658 6.415801933843172 0.5173189757416784,33.80758593834549 1.2323657270180866 14.474464854902873,16.916431691524817 1.8902666856694057 8.703034410505559,2.5820509487584524 43.51579446479599 -44.2859718644623,27.718836258632738 114.67724905819605 42.090141679527285,15.516431653407594 12.690266685886789 6.473703085862029,4.775351774534838 -30.111109244318023 40.141475354741615,28.718836345681332 -108.65916768352963 -39.25929293811999
-24.622771278779723 1.403823730426523 -13.78235558362433,-14.532549394248495 3.711081243252207 -8.895044354544297,-17.695653121082167 6.503823758668491 0.6035193913043302,33.79847811957774 1.093046865011197 14.291134980005447,17.110691296096437 1.7949587448401865 8.699391245727314,2.3896130902802577 44.23272074335183 -43.98183247781794,27.803215009523516 114.07566869222629 41.78752997225645,15.710691298376682 12.594958744827183 6.605735626929844,4.483963097023546 -30.953722649587295 39.36232368168929,28.803215004316094 -108.2867499855273 -39.09417874324836
-24.990561155317913 1.4463806861586097 -13.452567604243164,-15.075872067059517 3.8820589093500573 -8.744596247219022,-17.57103911871959 6.546381196536878 0.6331600482117484,33.733893470425215 0.9775431143927402 14.154352413630932,17.32497577597529 1.7007337216020082 8.673557350151313,2.188245715937119 44.66359946209509 -43.56998818050715,27.819938639354138 113.88110196729014 41.67732971798939,15.924975817183086 12.500733721367002 6.669571594700158,4.162537080013228 -32.27586878245444 38.78099805911587,28.819938545247552 -108.26316178110321 -39.08656551612312
-25.10327142373633 1.3946979002971587 -13.200479270141537,-15.301705708388528 3.9074869862633417 -8.461167765779267,-17.349464652608866 6.49469851959762 0.5505504249487112,33.57925857064646 0.9313592383324347 14.13400985416667,17.530880290747707 1.6287085089801767 8.611703382126045,2.013268220815033 44.46662706598981 -43.04464275905837,27.70640201416588 114.49029652325795 41.951000024609456,16.130880340749854 12.428708508695017 6.5920475365859,3.8536804666300037 -34.2128578351739 38.69454224566993,28.706401899975575 -108.89778460700995 -39.37549276546634
-24.8 1.2 -13.1,-15.0 3.7 -8.0,-17.0 6.3 0.3,33.3 1.0 14.3,17.7 1.6 8.5,1.9 43.3 -42.4,27.4 116.3 42.8,16.3 12.4 6.3,3.6 -36.9 39.4,28.4 -110.5 -40.1
