-17.6 2.3 -11.7,-11.1 4.5 -4.8,-13.0 5.1 -5.7,27.1 -2.9 15.5,18.3 0.6 7.5,-2.9 50.8 -38.0,28.1 112.5 41.1,17.0 11.7 6.3,-0.4 -39.5 41.6,28.4 -110.5 -40.1
-13.7 5.2 -11.6,-7.7 6.5 -5.3,-8.5 5.4 -7.4,19.3 -5.6 17.7,17.9 0.4 8.4,-2.4 50.3 -36.8,27.8 114.4 41.9,16.3 11.8 8.3,-4.7 -37.5 42.0,29.1 -105.8 -37.9
-15.3 1.2 -10.2,-7.8 2.5 -4.2,-8.8 4.7 -4.5,19.5 -2.6 16.5,16.8 -0.1 6.6,-0.9 49.4 -39.6,27.8 114.2 41.8,15.7 10.9 5.2,-3.4 -34.7 42.5,29.5 -102.0 -36.0
-16.3 -2.8 -8.5,-10.9 0.5 -3.7,-10.0 4.0 0.6,21.9 1.9 13.9,13.0 -1.1 4.1,-3.3 45.2 -43.0,28.0 113.3 41.4,12.3 10.0 2.8,-2.6 -34.2 40.3,29.4 -103.2 -36.6
-16.8 -2.2 -9.6,-9.1 -0.1 -3.2,-10.3 4.2 -2.7,21.8 -0.5 15.7,16.3 -0.2 5.3,-1.8 49.9 -41.2,27.6 115.1 42.3,15.5 10.6 2.8,-1.3 -37.4 41.6,29.2 -104.9 -37.4
-18.7 -3.3 -9.0,-10.3 -1.5 -2.0,-13.5 3.0 -1.7,26.2 1.1 15.6,18.6 -0.6 3.4,-4.2 50.9 -39.8,28.0 113.2 41.4,18.2 10.4 1.6,0.9 -41.1 40.2,28.5 -110.4 -40.1
-17.2 -3.6 -8.9,-11.8 0.4 -3.3,-13.5 3.6 -3.7,26.9 -0.8 14.7,14.9 -0.8 3.4,-3.4 40.4 -39.0,28.2 111.8 40.7,14.4 10.3 2.2,-1.8 -38.8 37.4,28.5 -109.8 -39.8
-18.0 -5.3 -6.8,-13.7 -0.3 -2.4,-12.1 2.2 -2.7,24.6 0.4 13.4,14.1 -1.9 1.0,-3.2 32.6 -38.4,28.2 112.2 40.9,13.9 9.5 0.6,-1.2 -41.6 36.4,28.3 -111.3 -40.5
-19.2 -5.4 -5.2,-15.1 -0.8 -1.3,-12.8 1.8 -2.7,25.9 0.1 11.6,14.6 -2.7 -0.1,-2.5 32.7 -38.9,27.7 115.0 42.2,14.6 8.9 0.4,-1.7 -41.5 34.5,27.8 -114.1 -41.8
-19.4 -10.6 -3.4,-15.2 -4.9 -0.2,-11.2 1.8 -0.8,20.9 1.0 10.5,11.2 -2.6 -1.4,-2.3 25.9 -41.0,27.6 115.1 42.3,11.6 8.6 -2.5,0.7 -40.2 31.7,27.3 -116.7 -43.0
-19.0 -12.9 -2.2,-15.2 -6.4 0.2,-11.4 1.5 -0.0,21.0 1.7 10.0,10.5 -2.9 -2.7,-2.8 21.9 -39.8,28.4 110.9 40.3,11.1 8.4 -3.5,0.0 -41.3 31.6,27.6 -115.4 -42.4
-16.4 -16.5 -0.6,-13.7 -9.3 1.6,-10.1 1.0 -1.9,18.9 0.6 10.4,10.7 -3.4 -4.2,-5.0 25.3 -35.7,29.1 105.7 37.8,11.6 7.7 -5.9,-3.8 -45.9 29.4,28.2 -112.1 -40.9
-18.2 -16.0 -1.1,-14.1 -9.7 2.2,-11.8 0.3 -0.6,21.7 2.2 9.9,10.5 -3.1 -4.5,-2.9 18.9 -35.8,28.8 108.2 39.0,11.5 7.9 -6.2,-0.5 -43.2 31.2,28.4 -110.8 -40.2
-16.4 -16.5 -0.6,-13.7 -9.3 1.6,-10.1 1.0 -1.9,18.9 0.6 10.4,10.7 -3.4 -4.2,-5.0 25.3 -35.7,29.1 105.7 37.8,11.6 7.7 -5.9,-3.8 -45.9 29.4,28.2 -112.1 -40.9
-16.2 -16.3 -1.5,-12.6 -9.7 1.4,-11.7 0.9 -1.3,22.9 1.6 11.0,12.2 -3.1 -3.9,-4.4 26.0 -35.6,28.6 109.4 39.6,13.1 7.7 -6.3,-2.4 -46.2 30.4,28.1 -112.3 -41.0
-17.2 -13.7 -3.8,-12.2 -8.4 1.0,-13.4 0.6 -1.1,26.0 2.5 11.4,13.2 -2.5 -3.0,-2.3 22.9 -36.6,27.7 114.6 42.0,14.0 8.4 -5.3,1.0 -42.7 33.6,28.0 -113.2 -41.4
-20.4 -8.8 -3.9,-12.5 -4.9 1.9,-12.3 0.8 0.0,23.9 2.6 10.2,16.2 -2.8 -1.0,-2.8 32.3 -42.2,26.4 120.7 44.8,16.6 8.0 -3.4,-0.4 -47.8 32.2,27.2 -117.1 -43.2
-21.5 -7.0 -6.3,-12.2 -4.6 0.9,-13.9 0.8 1.5,27.4 4.4 11.4,17.5 -1.9 0.2,-0.6 33.3 -44.6,26.2 121.8 45.3,17.7 8.9 -2.7,3.0 -48.0 36.6,27.9 -113.5 -41.5
-21.1 -7.2 -5.5,-11.8 -3.9 1.2,-15.3 1.4 0.9,30.1 2.9 9.0,18.4 -2.2 0.2,-0.4 30.2 -45.3,25.6 124.1 46.3,18.5 8.8 -1.9,1.8 -49.1 34.8,26.5 -120.4 -44.7
-20.3 -9.8 -3.6,-12.9 -4.7 -0.4,-11.3 1.5 5.5,25.0 6.3 8.1,15.8 -2.5 -0.3,-1.5 28.5 -47.2,26.7 119.6 44.3,16.1 8.1 -3.7,2.5 -49.0 33.2,27.1 -117.9 -43.6
-21.1 -9.1 -4.2,-13.8 -4.3 -0.8,-10.3 1.8 5.5,23.6 6.5 8.4,15.3 -2.1 0.7,-0.6 27.7 -46.2,26.8 119.2 44.2,15.6 8.4 -3.3,3.5 -47.8 32.9,27.1 -117.9 -43.6
-22.7 -6.2 -6.4,-13.0 -2.5 -1.5,-12.6 2.8 5.4,27.7 5.7 9.2,18.1 -1.1 3.0,-0.3 35.7 -46.7,27.6 115.3 42.4,17.9 9.3 -1.0,7.1 -46.3 37.5,28.8 -107.7 -38.8
-24.8 -4.3 -7.0,-14.0 -0.3 -3.6,-20.3 4.3 5.7,40.5 4.1 10.8,19.3 -0.7 4.2,-0.1 40.7 -44.8,26.5 120.5 44.7,18.7 10.2 2.4,4.1 -44.5 39.0,28.8 -107.8 -38.8
-24.4 -1.0 -9.7,-14.0 2.5 -5.6,-20.6 5.4 4.0,41.3 3.4 12.8,21.1 0.6 6.8,0.1 47.7 -43.2,26.6 119.7 44.4,20.0 11.5 4.9,3.3 -46.0 40.0,28.7 -108.8 -39.3
-25.2 -1.3 -9.9,-13.1 1.6 -5.5,-17.1 6.2 2.8,34.3 1.8 11.9,20.8 1.0 7.6,1.4 46.7 -44.3,26.7 119.5 44.3,19.7 11.8 5.2,4.5 -43.0 38.4,28.5 -109.8 -39.8
-24.1 -0.9 -11.5,-14.0 2.5 -7.7,-15.6 6.5 0.6,30.0 0.4 14.1,19.4 1.5 8.0,-1.0 50.9 -41.5,27.6 115.2 42.3,18.2 12.3 5.6,0.8 -44.3 34.9,28.3 -111.2 -40.5
-24.7 -0.9 -11.5,-13.4 2.1 -7.2,-16.9 6.7 1.2,32.3 0.7 13.7,20.3 1.7 8.2,-0.4 51.2 -42.3,28.0 113.2 41.4,19.1 12.5 5.9,2.3 -43.6 36.5,28.5 -110.3 -40.0
-24.8 1.2 -13.1,-15.0 3.7 -8.0,-17.0 6.3 0.3,33.3 1.0 14.3,17.7 1.6 8.5,1.9 43.3 -42.4,27.4 116.3 42.8,16.3 12.4 6.3,3.6 -36.9 39.4,28.4 -110.5 -40.1
-24.6 1.4 -13.8,-14.5 3.7 -8.9,-17.7 6.5 0.6,33.8 1.1 14.3,17.1 1.8 8.7,2.4 44.2 -44.0,27.8 114.1 41.8,15.7 12.6 6.6,4.5 -30.9 39.4,28.8 -108.3 -39.1
-24.8 1.2 -13.1,-15.0 3.7 -8.0,-17.0 6.3 0.3,33.3 1.0 14.3,17.7 1.6 8.5,1.9 43.3 -42.4,27.4 116.3 42.8,16.3 12.4 6.3,3.6 -36.9 39.4,28.4 -110.5 -40.1
-24.6 1.4 -13.8,-14.5 3.7 -8.9,-17.7 6.5 0.6,33.8 1.1 14.3,17.1 1.8 8.7,2.4 44.2 -44.0,27.8 114.1 41.8,15.7 12.6 6.6,4.5 -30.9 39.4,28.8 -108.3 -39.1
-24.8 1.2 -13.1,-15.0 3.7 -8.0,-17.0 6.3 0.3,33.3 1.0 14.3,17.7 1.6 8.5,1.9 43.3 -42.4,27.4 116.3 42.8,16.3 12.4 6.3,3.6 -36.9 39.4,28.4 -110.5 -40.1
-24.6 1.4 -13.8,-14.5 3.7 -8.9,-17.7 6.5 0.6,33.8 1.1 14.3,17.1 1.8 8.7,2.4 44.2 -44.0,27.8 114.1 41.8,15.7 12.6 6.6,4.5 -30.9 39.4,28.8 -108.3 -39.1
-23.6 1.2 -14.5,-13.1 3.2 -9.0,-17.8 6.3 0.4,33.8 1.4 14.7,16.7 2.0 8.7,2.8 42.6 -44.6,27.6 115.5 42.5,15.3 12.8 6.3,5.1 -29.3 41.1,28.6 -109.2 -39.5
-24.6 1.4 -13.8,-14.5 3.7 -8.9,-17.7 6.5 0.6,33.8 1.1 14.3,17.1 1.8 8.7,2.4 44.2 -44.0,27.8 114.1 41.8,15.7 12.6 6.6,4.5 -30.9 39.4,28.8 -108.3 -39.1
-24.8 1.2 -13.1,-15.0 3.7 -8.0,-17.0 6.3 0.3,33.3 1.0 14.3,17.7 1.6 8.5,1.9 43.3 -42.4,27.4 116.3 42.8,16.3 12.4 6.3,3.6 -36.9 39.4,28.4 -110.5 -40.1
-24.6 1.4 -13.8,-14.5 3.7 -8.9,-17.7 6.5 0.6,33.8 1.1 14.3,17.1 1.8 8.7,2.4 44.2 -44.0,27.8 114.1 41.8,15.7 12.6 6.6,4.5 -30.9 39.4,28.8 -108.3 -39.1
-23.6 1.2 -14.5,-13.1 3.2 -9.0,-17.8 6.3 0.4,33.8 1.4 14.7,16.7 2.0 8.7,2.8 42.6 -44.6,27.6 115.5 42.5,15.3 12.8 6.3,5.1 -29.3 41.1,28.6 -109.2 -39.5
-24.6 1.4 -13.8,-14.5 3.7 -8.9,-17.7 6.5 0.6,33.8 1.1 14.3,17.1 1.8 8.7,2.4 44.2 -44.0,27.8 114.1 41.8,15.7 12.6 6.6,4.5 -30.9 39.4,28.8 -108.3 -39.1
-24.8 1.2 -13.1,-15.0 3.7 -8.0,-17.0 6.3 0.3,33.3 1.0 14.3,17.7 1.6 8.5,1.9 43.3 -42.4,27.4 116.3 42.8,16.3 12.4 6.3,3.6 -36.9 39.4,28.4 -110.5 -40.1
