-17.5017259275059 -2.165023886338084 -2.8049207038164843,-16.367866292492984 5.453549889322402 -4.651247520207219,-21.414857166017327 3.684075104766703 -0.5262387935451343,32.846338416040375 -2.8647951010520587 11.332784128756106,9.035853350134895 -3.658847395417136 3.287156510929074,-12.313242408166944 27.201164900562986 -30.836328575026023,27.949643784366504 66.61284551160621 18.617955805620433,8.486943146568358 7.595595968744294 2.3276980861363845,-11.19913127593651 -37.49446250350003 21.945843597379106,29.188444649569362 -75.0449298641461 -22.576980414129615
-22.655724900733148 -3.7277461997065777 -3.619969826224926,-18.874280450357283 3.144742808274928 -5.677029137914989,-21.137034803545816 3.3083254559908157 1.3079039611218146,33.62337433419007 -0.8177207662419201 11.001665836516924,10.747613560350015 -3.0414553220222045 2.2349321679290037,-10.579539486746404 29.999491555744243 -30.520694452092375,28.379264456403664 69.14841708649492 19.801129506607044,10.354538899464542 8.191163545893593 1.4922532729460651,-9.536043965317361 -35.24827797814752 21.041167530943227,29.153582831829453 -74.78116170770693 -22.441823051415252
-25.512855921962743 -4.899257047105193 -4.5181790276950755,-20.085179672452043 1.410544297914575 -6.471578080127516,-20.6346391096634 3.185209882884093 2.2670686523497245,33.59522039654947 0.4742069435491753 11.068236850933078,11.74231285604777 -2.460233824125812 1.748711198898134,-9.383568039151433 32.13629436636844 -30.31842968922145,28.77675082125534 71.8050061430767 21.05179401704305,11.433769990990786 8.686016943190738 0.9016102091633829,-8.414099638586887 -33.649417215917616 19.934587889272024,29.28441124081389 -76.19092117775517 -23.124044158942297
-25.635735094574596 -5.567547745935458 -5.295359999473277,-19.890437529899337 0.6411032942728765 -6.984540907770336,-20.282745387345685 3.448410396340879 1.9512456347118123,33.251442844320295 0.5595289277268609 11.400534531786066,11.958896714761739 -1.9926155019803446 1.9999916550142138,-9.21236364944754 33.51768713615409 -29.96632896928606,29.096048325703876 74.2086519960374 22.192363055770173,11.639228059266985 9.025162362223801 0.7519872643004009,-8.123163787977905 -33.17925743088137 18.98885015241759,29.49802448889927 -78.43150852496146 -24.21745024958213
-23.714776621493595 -5.825528209536024 -5.742391596228462,-18.73694254244565 0.801361424926978 -7.195315754907977,-20.396605996375012 4.053070441151103 0.49777134811121426,33.175556158539976 -0.5263343152608515 11.707380072897703,11.656752852435458 -1.6918447086110318 2.8282953562540123,-10.125229009150509 34.36445681458048 -29.30436978567909,29.30256345768886 75.94243890559984 23.01948779623288,11.249592777631666 9.197854279827482 1.0393752119536268,-8.562885961421786 -33.817012760131284 18.427317711780816,29.66642166897532 -80.2503092974282 -25.115373588070952
-21.151646998246903 -5.860697258124768 -5.725121060222019,-17.382324660116154 1.532775670578932 -7.1080096385895395,-21.069649963511576 4.796771359739797 -1.4754187765190396,33.72480904367949 -2.2898977822573863 11.683773216428456,11.259040443429054 -1.5840605381504114 3.8345301472514253,-11.720002721167733 34.96246017693085 -28.424758935617586,29.36771178690333 76.61765229794815 23.341953239271987,10.737130749102423 9.22399720604666 1.5885715330836876,-9.278723859603339 -35.110401618283234 18.283236630711592,29.68229668935061 -80.60833451164132 -25.311494902811475
-19.355375581303043 -5.834935474963283 -5.238101566301353,-16.535266342144013 2.376132708416572 -6.757706412334382,-22.137297254114618 5.418732548260314 -3.1502426214741472,34.87180165608423 -4.013204300638743 11.153392542772828,11.137919944276549 -1.667880843800746 4.579864646010462,-13.337695027582807 35.44646402469853 -27.665622072983137,29.27212759357477 76.00262662274991 23.046261327654854,10.526772292904042 9.135437963710693 2.153679000005465,-9.643809755840165 -36.42159096889439 18.43981888041991,29.511596400545017 -79.16714494843964 -24.635809391083754
-19.11263923481127 -5.812820173230504 -4.4079426323439215,-16.558665161591616 2.995406176308755 -6.220207218947772,-23.281699819911214 5.723711905274056 -3.8765228390876922,36.280139606575844 -5.076311894220845 10.143117246015677,11.453120090572195 -1.9145948657944813 4.789885994096894,-14.396566935286074 35.753847545694754 -27.44020285315161,29.018831209178884 74.15675440946019 22.162224090327133,10.809880967636248 8.962710564771333 2.5360984363153674,-9.118347335838836 -37.222937771717085 18.727956908891166,29.205477288482438 -76.39518083194913 -23.307966487568486
-20.33045827318417 -5.7614928702390715 -3.4454645755552686,-17.36733752173524 3.2980834099600176 -5.611655461532253,-24.209436482957955 5.666583109884563 -3.4487193994947143,37.543197229535664 -5.213120276565796 8.863162259468151,12.11678024843134 -2.2702504334567504 4.465961074780459,-14.674060095945205 35.75835146889348 -27.99218321281766,28.648195940866085 71.4899210522887 20.889530418952187,11.497510293739602 8.732085621549414 2.663190219198941,-7.486736938587016 -37.30700008574894 19.023831717650793,28.867851861669077 -73.26622236426572 -21.794203419934245
-22.236643562068746 -5.605833332072871 -2.5691843791432887,-18.545350017754906 3.41129476805311 -5.068563793670006,-24.794295132012678 5.357304132583707 -2.161145403301969,38.42418814555059 -4.583858686619588 7.6130645671369575,12.883383731413083 -2.662689669501594 3.856045854879774,-14.383386878519536 35.464942223050976 -29.21881747851285,28.2415096816176 68.68569749952793 19.557170089998483,12.316223958048912 8.470449596823606 2.595506481853504,-4.97775051721826 -36.826946994937884 19.295691472863037,28.599287332495887 -70.74155465432659 -20.559271895160606
-23.88141890646903 -5.299259662726361 -1.934421768056138,-19.597747434167417 3.549071058230351 -4.7104676364112965,-25.103801129848485 4.989911908947384 -0.6260075059995724,38.949148102545635 -3.643507376634185 6.664485719050438,13.497405143618703 -3.015243458176889 3.308748896241902,-14.005976616851838 35.09920596175668 -30.674181037009618,27.90333853689314 66.4867554326755 18.517837020998254,12.974223049075707 8.210965279589093 2.4686345462560944,-2.213776907492857 -36.16764890044549 19.58222462326831,28.44967150489588 -69.3278877543982 -19.853293242305018
-24.643453045772542 -4.870845946208567 -1.5971989737515306,-20.19432711994091 3.8554988895165323 -4.599714341435899,-25.30353824324653 4.738739601760116 0.5417776325731487,39.30892246673166 -2.887561047264633 6.173770587163322,13.809634863856882 -3.2648899261179594 3.0905854555416736,-13.977545683044744 34.99265483548169 -31.768671035137967,27.723919996640028 65.41446665673989 18.01425630248335,13.297944749478251 7.992973559614734 2.407370703259986,0.0014022822510675326 -35.72358308353239 19.925092720201683,28.404720740320123 -68.93622259748025 -19.641834886554573
-24.47397520976856 -4.428179150451216 -1.523495091517721,-20.284691706593776 4.3099466131985515 -4.718093226387763,-25.51028207630954 4.679030455289002 1.0072942605275457,39.65337176960499 -2.611921829339571 6.153952999127817,13.80486605944003 -3.3787225049701353 3.2596374030964435,-14.40765999406262 35.3098212008392 -32.070352098296546,27.735764042199268 65.5418034831508 18.074860198910624,13.271126256528186 7.85431412276969 2.459855394808928,0.9822943515583616 -35.694541418638956 20.303108930638075,28.410121618320005 -69.07980409787474 -19.698190500057773
-23.785297817604274 -4.1193657073034675 -1.6322838188744533,-20.046292872591557 4.738514587035533 -4.974311665093451,-25.69565279322071 4.771210477502034 0.8272713063875554,39.93021891133871 -2.8055440310447928 6.503294924075004,13.545791793938722 -3.3614365695040997 3.6547062546057854,-14.994026346329182 35.79297324946164 -31.55079262251916,27.88594756606686 66.43040094319008 18.48964406939239,12.976123194752056 7.819857483179921 2.5841132824467916,0.43373699775527363 -35.992868138049374 20.612098229506856,28.41481793602429 -69.25473427869572 -19.783753493020015
-23.0991561890046 -4.074643233574379 -1.8463151372972877,-19.72142665408819 4.916136494210202 -5.242088441672627,-25.707351727597768 4.909868710204215 0.3505354390888282,39.88929567249919 -3.2158223003823485 7.063550205657121,13.090603481471213 -3.2495812495182617 3.9972084735268743,-15.183620083069961 35.72704941976645 -30.639313809710927,28.04203926057947 67.27744623337763 18.884265297814668,12.497729720080905 7.892947501489948 2.688751489443118,-1.418235579233472 -36.29916970839034 20.70557692645678,28.40479530281467 -69.25623574997306 -19.798835914525817
-22.69539904547485 -4.352811804720874 -2.1244251433824592,-19.453086893346835 4.698060399894649 -5.413216847334514,-25.39667085889984 5.002346201880339 -0.018654713049538696,39.26106059356376 -3.5324458837787063 7.676198779280957,12.452498024857759 -3.094340456702712 4.046325194551773,-14.494062947523714 34.22057013661681 -30.045455206607077,28.035570222267893 67.2245095954541 18.866304478005148,11.866198826594072 8.054945317892775 2.700257832794057,-3.9010340404480544 -36.23496846365916 20.474108457897998,28.406296632502844 -69.24358066289702 -19.814625538033273
-22.47655711786234 -4.91222889954399 -2.4622197429245816,-19.216828525053543 4.109073395101034 -5.441671168985867,-24.768014139229006 5.027953194119658 -0.05293391525400626,37.99729450127849 -3.576896285099898 8.216994990340861,11.632846507754337 -2.940401645696988 3.7247910083633844,-12.817707905706357 30.70919561131197 -30.429133354243014,27.72874482728906 65.70356809626932 18.18352557835511,11.080489971637473 8.273271180436325 2.6165425013653802,-6.157694332302272 -35.570190127417234 19.91700902782704,28.457693700051895 -69.5346566041125 -19.976857814192183
-22.11239340739187 -5.61600781331057 -2.8665368667387234,-18.878692377358 3.345280184881727 -5.358394756895891,-24.045249503094716 5.043927507425285 0.19747857919994383,36.40939993782007 -3.39166694729116 8.607367249648085,10.701012744345615 -2.8106586692865676 3.1529838548462314,-10.538017025130562 25.425568600488724 -32.07752382097699,27.076862987058387 62.67389080391365 16.82703320894232,10.189780814280866 8.513398478375569 2.5158258403528935,-7.495081460301513 -34.369958589495 19.16280378799126,28.56970167456867 -70.28284043126556 -20.353516137869647
-21.347193054451367 -6.270807044839023 -3.3231055329655126,-18.32989195426845 2.689730872042289 -5.250271404574303,-23.595962267400367 5.138208027039742 0.4789793257051786,35.0916744088865 -3.188171999992975 8.81337363461107,9.852189123450168 -2.703561264155214 2.5796907059981082,-8.388588245900625 19.546345712723 -34.74529562647941,26.158038421479528 58.649208892282 15.036273252318571,9.363030050275492 8.748287735893799 2.515611739186479,-7.669648399533417 -33.01186700141507 18.422921497376173,28.701722619147276 -71.26118945235092 -20.83331888111735
-20.251833158150475 -6.68956231620234 -3.779259898117275,-17.604006183402284 2.3851087797361696 -5.2139398914398605,-23.74176461286966 5.361361640683584 0.52343233273708,34.6448135518447 -3.1959801872019002 8.84320632677555,9.379518318380173 -2.6032498421243964 2.2512667507411503,-7.123478499407929 14.861966284374043 -37.73314394431722,25.15468106492749 54.50664742092553 13.206412155362164,8.875952121731151 8.960911958324417 2.7041349826909746,-6.978609756347868 -32.05927013899589 17.90061032345381,28.772773273391994 -71.91030679531393 -21.149105089954574
-19.241733282306043 -6.760441066924851 -4.153864216151526,-16.896436827533165 2.5245153367832796 -5.306847901322281,-24.558154072226287 5.68172082291675 0.2282304188453259,35.342261176709854 -3.5104427739459165 8.745689735334459,9.548562557513083 -2.495816710986893 2.289431457715433,-7.167409421223238 13.05873848179054 -40.1631816934636,24.292302928091758 51.16356251900107 11.740867932462326,8.995285437338378 9.140319429817552 3.081758707191703,-6.1042452123654325 -32.03641616744453 17.702655504956187,28.704112321991392 -71.63968261040007 -21.021070508219893
-18.83440094750018 -6.498318113258881 -4.370560113188038,-16.468333135727107 3.0093732678938543 -5.518460086086165,-25.78379934461103 5.992688734167993 -0.28384876389793967,36.930316830279416 -4.031379108238846 8.603497869098797,10.430705529154373 -2.3819407103737325 2.6387168803336074,-8.422731568492258 14.928894805672847 -41.31960691051245,23.76052373107094 49.26133564207504 10.912904924563799,9.811937045178212 9.27593845484203 3.544840056890162,-5.771567990486998 -33.194370888949784 17.800573500304466,28.470070577925433 -70.20898620213717 -20.3373064392602
-19.291714305344307 -6.05498953274051 -4.396861967131596,-16.48977581043374 3.590418297505385 -5.773947050001089,-26.90374084184034 6.16887583099036 -0.7585111791476788,38.68931690073157 -4.527184049957869 8.513661106375153,11.793943122420904 -2.278560214613369 3.104957044513996,-10.32477533000335 19.903370287536973 -40.90297392850285,23.649277129632594 48.98322778193379 10.791395145408034,11.12207552577452 9.355743048382315 3.922689127289737,-6.3735439818349375 -35.36597357244837 18.06090970083524,28.126262782893413 -67.95461938570932 -19.26028682186302
-20.37626725311533 -5.674489472187146 -4.267598770341515,-16.916630525032375 3.97079346253919 -5.966766738740423,-27.37413062123923 6.137794414098019 -0.9947616072428712,39.741417792782414 -4.782188482736561 8.555765858339555,13.134402483285099 -2.2088524702112236 3.458689406880977,-12.107449838651126 26.176613751547684 -39.10059399141533,23.926109488840073 50.06545866266386 11.25305531713082,12.445018206511026 9.370825660780483 4.051072295902014,-7.745071474842548 -37.9785237822563 18.326249130143328,27.795263189814243 -65.70629195950524 -18.185987520694344
-21.39422451959463 -5.600655771529291 -4.078584955474767,-17.479104062969302 3.925793799624553 -6.0035058317373995,-26.874029812447425 5.9240801272871035 -1.0007337360523947,39.451743679977184 -4.735513591518949 8.759393384277882,13.862207034198118 -2.1868027547859077 3.546877072274661,-13.137827796345253 31.413806756701007 -36.46933505781516,24.461567831622176 51.97187555589869 12.063760005728755,13.19866306545659 9.32383431579637 3.84717571881904,-9.206837979276402 -40.23348282087223 18.501013428614346,27.61324774094099 -64.41396131108715 -17.565878247308007
-21.530104258109716 -5.968745720598455 -3.951149146338149,-17.79745110517935 3.390432071309478 -5.840390666804644,-25.45134788458431 5.639286390273532 -1.0166214225166623,37.71490621681402 -4.525523790987367 9.0881112421689,13.567026934216877 -2.2059988848381478 3.357202802598704,-13.155238207521945 33.73657164879984 -33.708726576929124,25.08820329649358 54.13573236328255 12.984007103342138,12.962703759640076 9.235012693714204 3.350125592826182,-9.874863449487247 -41.39419713859094 18.594672873210097,27.663834975982716 -64.67578980782987 -17.682788556880542
-20.299680490318252 -6.728818571078172 -3.9826690922266477,-17.5677323617533 2.482318461354923 -5.497103396015811,-23.48735270444266 5.422511507142005 -1.3807525353138805,34.980810280405514 -4.411026110661828 9.452171589369327,12.23233850197199 -2.239966660422178 3.0082614682071167,-12.313978144828297 32.527937556414045 -31.43294137654256,25.66497696592831 56.15632365538688 13.849884829535373,11.698970961009595 9.139899386840582 2.707971565230358,-9.098456244232523 -41.07231955529193 18.700519230196285,27.934231161651766 -66.42346319301517 -18.502439477133798
-17.86330803010218 -7.643695826072047 -4.205395455578554,-16.719462118765534 1.454531989083221 -5.045717119067567,-21.504682085071124 5.36627324583046 -2.311668004275964,32.0168368127404 -4.614517566217325 9.747655541198249,10.279152217680005 -2.2546413937980594 2.6788387498809665,-11.038365643709723 28.66867001984462 -30.023745108474632,26.119064808529746 57.87568119343439 14.600004656541387,9.805688510093658 9.07729068247641 2.1176923488009103,-6.815285186979621 -39.3940928640946 18.926122904951853,28.318271436863622 -68.942496382982 -19.68455081712691
-15.006914539170369 -8.375288057593533 -4.5723506195802095,-15.460398039614914 0.5998525431957944 -4.583808799865742,-19.928910189648864 5.4708258773201175 -3.735255403335542,29.54515833534628 -5.180307808847429 9.904356155154638,8.399350973824731 -2.2263188181475764 2.5185699530875016,-9.791496621809037 24.08643139507929 -29.58868941968301,26.45034384655006 59.32759741606072 15.248926725411236,7.960049429210729 9.072303372678583 1.7465368933668213,-3.6396333580389673 -36.96772342907114 19.320230195725898,28.66642300980809 -71.22474946127403 -20.75144657934726
-12.77869432451586 -8.6301938870179 -4.976940535585768,-14.18359252266473 0.14458191424681122 -4.205529969121159,-18.93368572722263 5.653284211982232 -5.267126584118377,27.952798670974076 -5.933295400070947 9.91794564531305,7.246828402454151 -2.1548968562889224 2.586629541629056,-8.886183093722273 20.833455945230938 -29.99821972000973,26.702922214721454 60.61234728903461 15.832750947959314,6.81299113826128 9.123443464379827 1.6705943690299079,-0.6221951807475827 -34.65114785826847 19.843339581902864,28.85763263435568 -72.46900802632703 -21.326018824124237
-11.964604302801881 -8.299708926451927 -5.298022995865929,-13.284410199682817 0.17240267134041432 -3.981266037314641,-18.443162489099095 5.8053848360673275 -6.375462566632208,27.21632505777486 -6.566492775844719 9.848929771895396,7.1337353613353836 -2.06456260354508 2.8449686195206123,-8.42042161007253 20.137955662922025 -30.958394351575414,26.923198756701854 61.77686982779252 16.361246487709007,6.682668782058413 9.201672144115422 1.856923350816734,1.2188747815820884 -33.205543812769065 20.403395262417927,28.855931967245223 -72.46445567572297 -21.312877791642542
-12.683050282399183 -7.522149574655636 -5.451328334507151,-12.980697566070017 0.6064722527066442 -3.9487389419587577,-18.267528156290012 5.8646891133964125 -6.646056870885946,27.049015908863606 -6.810459935679284 9.78838238744362,7.884553910708616 -1.991058300509159 3.201088333974588,-8.33497467250969 21.882127204236202 -32.09211373319717,27.12792863425135 62.763418697984235 16.80119829070599,7.401998107024568 9.263586923978423 2.19421441859636,1.3754590158223863 -32.976366896700625 20.938038966922903,28.722600712059073 -71.65588866485434 -20.9275226750898
-14.320890252837259 -6.625883402893193 -5.4258533001239755,-13.22411762669098 1.2556195786314497 -4.111516889330808,-18.267828450579717 5.855740569723356 -6.008462766699359,27.148095319400603 -6.589030745000342 9.808714468423963,8.925942126396409 -1.9623106790138038 3.570207161801658,-8.521055470075025 24.742306814869583 -33.02774109661119,27.29754505255298 63.44372838531109 17.09502296978375,8.40243075869412 9.273055174373319 2.5544328545736517,0.09960248789556614 -33.741893933016144 21.49341620891925,28.578163907607014 -70.8622292685622 -20.56082633860919
-15.84948396922561 -5.968984319409981 -5.2906047658796425,-13.739948782258883 1.905519418749791 -4.439155906458005,-18.434052968374395 5.875232682032599 -4.796929264843431,27.37148372983734 -6.071460701332961 9.926150250414006,9.572136941682869 -1.9831064981725801 3.920517162131984,-8.89165033500163 26.897034554189364 -33.50247288885061,27.394756439438144 63.7073893206321 17.199079440367175,8.997041414566116 9.220383940137493 2.85473672119371,-1.7069556458080826 -34.804405003548894 22.245451307146602,28.534830208995782 -70.80538463963322 -20.554260002195708
-16.35288751734334 -5.748361672683155 -5.169461751618975,-14.166003332530996 2.4168786616273765 -4.867048835325541,-18.82357321861159 6.028545154267819 -3.6055796169738095,27.734641584368394 -5.588426355340946 10.095093634619417,9.365437449164455 -2.0323324592802336 4.279153428245557,-9.373756258345542 26.93517520061358 -33.46850935454873,27.394652524971 63.54713500298838 17.117264069902266,8.72316369243906 9.128640424087664 3.0907312735505275,-2.9225839862788767 -35.29549903666918 23.43694984417446,28.635049731565598 -71.70378246100081 -21.00710955273687
-15.486009479844492 -5.876254072662956 -5.194551146811211,-14.215188810117656 2.7877807203133553 -5.29998052551335,-19.406525577201926 6.354625499117193 -3.007321014561976,28.24800559815018 -5.455674235330333 10.23679165862156,8.301967845960707 -2.0742455316504866 4.700746908663269,-9.847196087501985 24.515110493331953 -33.15816405383562,27.307317233309526 63.090582374955716 16.91042112194024,7.572909923503302 9.043138992121861 3.3271106948483244,-2.7530929756609765 -34.56948176651439 25.249526651327074,28.827915011045377 -73.1438539973029 -21.716844847293608
-13.622143964545792 -5.997430431774211 -5.456423977431934,-13.783332069388887 3.150103016342307 -5.626283870487622,-19.937419143539117 6.7846250664895305 -3.2796530252215605,28.730762883652083 -5.8012425136531345 10.285861383706788,6.8306410248398235 -2.0773207624302628 5.220725868930892,-10.101133595420094 20.4713420352536 -33.05006177847747,27.17939938620883 62.560280009850715 16.676443233590618,5.996479633666253 9.009083424154495 3.6523176501932633,-1.1302927663684141 -32.51306934206081 27.66909452404677,28.99477331077307 -74.29004510032019 -22.280792154938965
-11.622330869388565 -5.653829677856891 -5.969834398789224,-12.961540792226533 3.697306755059647 -5.746099826408434,-19.969070645337425 7.161606765095119 -4.277364606653801,28.762039462383555 -6.4906885385228845 10.229101237269356,5.6282195322897195 -2.029996436725051 5.821351232129632,-9.870904103112892 16.353559742417026 -33.7059608399516,27.073594829816873 62.1824741343523 16.511242584361906,4.678831144886413 9.048963456488092 4.120351203118106,1.2372514032964481 -29.6303048766988 30.415403181220903,29.009924058218974 -74.31566936733839 -22.3024338442719
-10.365409401664419 -4.526107394478969 -6.667443220795656,-11.965916645958226 4.5727120582473155 -5.608514510712231,-19.04218328774146 7.314058895827274 -5.514214842490425,27.846027045964753 -7.190796481532154 10.116479184118157,5.26573669084997 -1.9445514673908186 6.428396044854823,-8.960378786859023 13.662373306314933 -35.51303270730894,27.03740901106063 62.089876848656445 16.46940484332051,4.204496213595929 9.151752983965778 4.708076114780872,3.1918906195168852 -26.858217160849733 32.981807073145966,28.80513486893152 -72.82882798663717 -21.594537059656194
-10.301942815362203 -2.6340235625477604 -7.423148802099409,-11.035839162334293 5.769419361172904 -5.243246886775288,-16.967813987396987 7.144591699394766 -6.406249658145858,25.72249817980776 -7.536506459465895 10.040541395049857,5.9333338874190975 -1.8473063629040696 6.9378778777510615,-7.3866903212614154 13.17486554258558 -38.43610619514424,27.07825461465894 62.26431803868467 16.542135177341333,4.778837138459366 9.279789140609825 5.308619893150487,3.6772028930088214 -25.188915151576616 34.78168410662221,28.406313343837027 -70.08247412133461 -20.27879705199649
-11.270072663730241 -0.3878247363872567 -8.096009100408809,-10.356145374856197 7.093293457867909 -4.769319056025511,-14.041374801438698 6.685149513380432 -6.548059486918005,22.639005475400314 -7.310781845146926 10.097740251497196,7.356410807715782 -1.76130025796687 7.25653571883001,-5.4514727307691295 14.676175562858194 -41.91242041853717,27.158233732140708 62.54410240054223 16.661142334829467,6.140515268454406 9.389677312535223 5.764794494617842,2.244548102895717 -25.261985735630553 35.346887295984736,27.926117731961938 -66.87910801977519 -18.73973937878697
-12.655048836037901 1.5499030840005497 -8.57857343871036,-10.031057422497971 8.215631195574689 -4.3694370180656055,-11.039051900137549 6.0873913112051365 -5.882819448314402,19.392840870822322 -6.542896051227179 10.353264588948837,8.935883355036129 -1.6919241750468021 7.335050776254456,-3.6714438333699055 17.184192957198448 -44.97828842262268,27.21133743874588 62.690708420458236 16.72566023195698,7.699230087746262 9.455879257395017 5.9286426719388,-0.7290260681872724 -27.10521761663895 34.49666067811363,27.518483708028 -64.23659847454981 -17.464897678673815
-13.77862718961082 2.5391491890588225 -8.832165999740054,-10.099714904627117 8.801139106167517 -4.2331427175258,-8.952938442418864 5.5520632311552305 -4.690115029531023,17.06473816783891 -5.478125259559215 10.825773146457182,10.033004562443194 -1.624151194410964 7.180296881718033,-2.5784844493634083 19.50192702920836 -46.61226764603134,27.174240678310127 62.484950706337024 16.641150623374187,8.819290084026632 9.484080883732917 5.72190364797758,-4.2134582130625375 -30.13428180526047 32.406170067098536,27.31817214519097 -62.98814344191959 -16.853804281738952
-14.281644238142286 2.2490850117376295 -8.896517699958236,-10.559791180402044 8.658056396729641 -4.487682103411571,-8.5661817659144 5.234519471882095 -3.414810854302244,16.542979225612005 -4.443039792843184 11.494166209610066,10.252671758346109 -1.533065215259532 6.846161796449037,-2.4805840561700263 20.787741355947347 -46.162339118857005,27.015448278375555 61.813576874373396 16.35519547113017,9.102291898305083 9.5069376883214 5.171909141555048,-6.9989213784269895 -33.40450992701029 29.547111330812108,27.392501328263574 -63.49712621221154 -17.08181662614228
-14.280455997559525 0.8185192347699337 -8.870397122222192,-11.37030594942633 7.840443728716248 -5.1446149830025085,-10.072630381224156 5.176368149536367 -2.4400516646443693,18.074019495139808 -3.685065254243103 12.314783920846331,9.590071045159648 -1.4014203627465631 6.413081130405419,-3.309758564211717 20.86216777828521 -43.66032116241688,26.74921350949604 60.71467469456863 15.878493003232006,8.533300918245736 9.564388358350758 4.407798322684427,-8.235712913296219 -35.99587184987746 26.527799826995103,27.723119007859186 -65.58581076011578 -18.06579787886373
-14.221028705043025 -1.1915633606654497 -8.870365471396248,-12.431328650455518 6.648762852178277 -6.086723368254912,-12.943640771861542 5.298446004127925 -1.9259795691800228,21.088400844530902 -3.2731571104939787 13.233032902008075,8.383645530539042 -1.233666556207838 5.96858432519353,-4.646220001072359 20.139905312541483 -39.8591972583164,26.428918196064856 59.36831365406343 15.284622694420182,7.433939815700918 9.679162997523227 3.618266179025394,-7.7823174538820155 -37.358171125383606 23.90066153767415,28.219690020399703 -68.6618048565706 -19.524027494699325
-14.536673153704953 -3.036327201910758 -8.982815647930192,-13.566132060132858 5.519167107564846 -7.104024092619495,-16.130695132981003 5.456411613800653 -1.7873264880347688,24.421320752426922 -3.1060077540516806 14.180865214883696,7.11806381641897 -1.0578295027277693 5.595133659845734,-5.9164879335192815 19.283219378602553 -35.95238705055611,26.12469026701398 58.0388841178604 14.688957953304511,6.267203904644113 9.840777768963505 2.9874679539859934,-6.207290080124764 -37.471077043731924 22.013066023435808,28.75388940813365 -71.9443373467083 -21.083893229401067
-15.329431322536628 -4.10665590380206 -9.227105402716056,-14.539256460597844 4.844747051335034 -7.966333019152646,-18.522332065906152 5.526276664787269 -1.799707641923788,26.84057930629434 -3.0105493146986593 15.065296123295177,6.190574238196197 -0.9137435831577823 5.362875854543129,-6.667264089142447 18.80399626951347 -33.09048689697625,25.896673297415877 56.99054659673257 14.21310986689728,5.4082833185461965 10.006776575940806 2.6340427698481985,-4.466767754780202 -36.766626022369664 20.95143598977891,29.197330106298928 -74.68073110453336 -22.38538728762647
-16.275527000316817 -4.180833925085836 -9.54371922081236,-15.124280091054565 4.8075538238123805 -8.502925318502433,-19.438081111864687 5.472021607261555 -1.7556591439493654,27.62365552700907 -2.8641390788989582 15.763419998539813,5.759356476734853 -0.8342449377114027 5.32038895268828,-6.77216704140907 18.834119897795105 -31.91893048692729,25.775633354175206 56.403667602304786 13.945601601927823,4.99952656522548 10.120779964797267 2.5764324063252193,-3.435871596547968 -35.87298108423663 20.583411881629186,29.45124236112547 -76.29190487922436 -23.1512946562344
-16.815881644445334 -3.4929355938933493 -9.812233333424565,-15.199333155922139 5.299580899081317 -8.655858940367956,-18.916006669924457 5.359085780419157 -1.5749207817172322,26.888164829750803 -2.6663224757943604 16.138411953965814,5.736245407216563 -0.8302298419314913 5.47950642645944,-6.462549405989329 19.157399331838043 -32.35786913542347,25.75723315144665 56.31803277835027 13.91126303681306,4.949662757208878 10.138070717455339 2.7368107190202924,-3.530649016213682 -35.31364717721054 20.66143107252542,29.463924719627663 -76.44947784106624 -23.224962341304355
-16.51738628055782 -2.5923432048023907 -9.892749769025713,-14.820223386502379 5.972213176319689 -8.484955747907605,-17.65174095929732 5.3088463750724095 -1.3140109023326891,25.50195878305478 -2.5225073506754128 16.07835442651376,5.903825419396712 -0.8883438073885087 5.7986504148572955,-6.169386491601253 19.434709063203087 -33.72809430366178,25.808929031474435 56.61974595333332 14.060175238911713,5.054034354093403 10.045719477622066 2.9805674371431685,-4.59292298575662 -35.30248353486057 20.93238550128232,29.23799253603084 -75.11942320936173 -22.591689994868204
-15.383677114256123 -2.0691371082626207 -9.675662041860496,-14.221347680086264 6.394315165529481 -8.124263500621218,-16.62400267526732 5.422220052579782 -1.0887894794977289,24.61793237133182 -2.558430894688812 15.542958375711898,6.074581080273095 -0.9826370322884962 6.176483945934881,-6.2673301572023075 19.452698049398272 -35.151576118159454,25.883235768164692 57.075512710324595 14.281427523716856,5.151009672997491 9.867469976631366 3.1745687136818797,-6.063568508983498 -35.71424097792632 21.20798897658752,28.830003549791623 -72.59102831246234 -21.39213220585548
-13.919107857758405 -2.2806772725106446 -9.12159532905002,-13.72755836707873 6.247679418984709 -7.711836051758579,-16.60091404838362 5.7167515293495175 -0.9766039641730664,25.076070168203252 -2.8261301707546926 14.593399158011302,6.1987846237134185 -1.0931140085533628 6.467828570189132,-6.865278155282507 19.2374037714426 -36.0140347733085,25.930435214849695 57.403559570521494 14.438456854502276,5.221173220887235 9.651779284821876 3.240669269084436,-7.321501554109038 -36.218156715189224 21.380169748207024,28.34169043265468 -69.46709627963965 -19.916157944673518
-12.892349702757322 -3.2066925869505223 -8.27733454159155,-13.609377279722608 5.470482807362073 -7.326390660753346,-17.77810630415538 6.112425571321039 -0.9700876254762674,26.98334119205106 -3.2643966654376766 13.385089523588135,6.368616114732127 -1.2197101131194863 6.524747938370979,-7.759401739531085 18.979625195613835 -36.24678771743266,25.907118943502965 57.35871970721395 14.414192587530021,5.379753462505865 9.44996396101532 3.1836234905237935,-7.993624832955635 -36.486345549125 21.3973072046474,27.899527573590184 -66.56540054035078 -18.553916145272556
-12.923406714327331 -4.490566133317863 -7.26286349555142,-13.95103926712816 4.2839577541764875 -6.96024421370094,-19.724208737446073 6.472871534396886 -1.0120315752090878,29.683468820775687 -3.7391753228949662 12.12114766762788,6.7307778849565265 -1.3825813504268507 6.25152845129598,-8.57035107479214 18.8469630173297 -36.28466157902426,25.781416480797013 56.804501364306574 14.149558748105962,5.779526698185878 9.295783193186082 3.083323299464215,-8.077964856185787 -36.364895529136234 21.233702465675123,27.62181124091973 -64.70495403625002 -17.69255582201594
-14.126185280449018 -5.631247958900538 -6.235446649518697,-14.602155546273083 3.092670894658094 -6.539960402135321,-21.64397612067041 6.677300111194067 -1.079705476361052,32.11808422090841 -4.13614515905103 10.985877383081403,7.370217451387883 -1.6075093946040921 5.6510192625436,-8.980225940066312 18.82780350767813 -36.734178157975215,25.53818525292037 55.75000683053209 13.66105849422663,6.491489842554938 9.195967814492715 3.055707025107669,-7.840792688618009 -35.92973251837591 20.879407428652968,27.579894847382388 -64.41961860148584 -17.579868999317675
-16.014255979552956 -6.221444115431982 -5.344629968442403,-15.245079535688271 2.3073399419726446 -5.983054673865521,-22.80426496141179 6.682134811012207 -1.248518768910308,33.374453175679655 -4.442326676951724 10.089947016968368,8.236968816389755 -1.9042005270101336 4.838805550135392,-8.927987916595395 18.724889195881474 -37.945631798314494,25.18628006813619 54.34342040206675 13.03208383478188,7.437253369954309 9.134655700533989 3.198939815446843,-7.57853537208821 -35.41747124046901 20.356204942716445,27.768119786716007 -65.71409846571753 -18.21003554573942
-17.732926983610263 -6.116140163537723 -4.694139422381176,-15.550287400101114 2.1724744755498824 -5.261956095887999,-22.89171567403425 6.538583927866284 -1.6752603465378448,33.125202061820346 -4.758529401131612 9.453973991503094,9.155678003119455 -2.250039990960286 4.013220718226533,-8.647299691772597 18.312099611990988 -39.73611511924692,24.76624731870405 52.83091300832767 12.384395129318793,8.410689445069195 9.087358551673677 3.546782832562433,-7.4041742844439735 -35.08491616270889 19.742431577864316,28.09890838903632 -67.9991402115387 -19.29604393964905
-18.49815105387073 -5.4622131866717485 -4.322545687591639,-15.343590795329304 2.674101677977518 -4.443246969299916,-22.121384569174833 6.358392950435123 -2.4951314072889175,31.738104428389512 -5.227505394458919 9.03670410087438,9.906017821655762 -2.5895081726715072 3.388627735227459,-8.523841078812993 17.55541580157664 -41.42702393243892,24.35319156492635 51.502033709735855 11.844822152380406,9.171767460923332 9.035989843735598 4.047580090735257,-7.190538894365632 -35.07795347233096 19.178829918004052,28.43166822738243 -70.28361624838108 -20.364365458574923
-18.00586151876478 -4.5957248159197155 -4.2064676843003905,-14.6994187091397 3.5610001391616857 -3.682192123628892,-21.06044441273933 6.24935543125088 -3.690439314570959,30.0237117990815 -5.917851339870606 8.789180203268254,10.323334045579903 -2.8511137520712007 3.1173442761640233,-8.856100003620698 16.749005717269327 -42.18353500568773,24.04896652362675 50.64335844786481 11.522642107760205,9.555833179636581 8.977462818122044 4.576719765572875,-6.699770705195192 -35.372630589973035 18.836148762455124,28.628693265665135 -71.5793721728743 -20.949261275700962
-16.590175107618933 -3.876581229735357 -4.281627901215411,-13.910648357011702 4.458903116163935 -3.1736910161422554,-20.287327816216397 6.258119574692885 -5.020156765596168,28.7861276943454 -6.736790490059319 8.701612267406533,10.363477738211916 -2.974008428746454 3.2327889224278517,-9.662183004034917 16.46142120374219 -41.47170625961345,23.961329957591698 50.510637983959036 11.504566318458998,9.538321531146554 8.923190206815281 4.9772565312007515,-5.811524816697662 -35.80453322299383 18.848004925276346,28.61579024152071 -71.35224991163062 -20.806412768076466
-15.046606827810638 -3.5492803891850686 -4.471546824884501,-13.349108822105038 5.018326589788493 -3.0808631644121225,-20.087799059864807 6.351879279744595 -6.074830065794007,28.43728031978526 -7.4341363418545665 8.814092449481942,10.103144522663616 -2.9309564204768015 3.638673300346155,-10.650704839133605 17.298589671825326 -39.37726609783067,24.17387429367111 51.312649820066554 11.86144779093701,9.22632294476908 8.892168386105872 5.112915384286989,-4.700080489040261 -36.15640409017347 19.23652992653146,28.419099856760116 -69.8019883660129 -20.042633863924728
-14.218980090897672 -3.688769314051238 -4.712684532699432,-13.287902632037142 5.030465405300053 -3.472197864833508,-20.353819467879344 6.446920575193678 -6.4509164539229324,28.878893263058007 -7.709120873456739 9.183837973287952,9.687193027914216 -2.7362579354543866 4.149523327901944,-11.379599152734679 19.60218498109357 -36.600678688134074,24.716244176087432 53.188579004739495 12.651569790968217,8.792585792513004 8.902965704200955 4.9138467694801475,-3.83760067368123 -36.252660886228426 19.869518643929098,28.157728473200756 -67.81440040900405 -19.088543243418222
-14.574044992292775 -4.234311251534313 -4.967948548428927,-13.776208724334383 4.471140168792716 -4.293504159866658,-20.724087364547323 6.464853373745 -5.962473033129716,29.687873975740693 -7.36978571421524 9.828064897907323,9.261857480599865 -2.4355511476675473 4.565512031132112,-11.516604831074405 23.24671295550995 -34.11900229213876,25.546195380155464 56.16417641682164 13.906310690564222,8.396973095019344 8.96867175696697 4.399281739083175,-3.8007998679842907 -36.01945406152283 20.478780736610744,27.991874022242552 -66.58087761127616 -18.513866731597727
-15.987870743386566 -5.066300195470571 -5.22579596549273,-14.62869425032912 3.472865026989963 -5.384672881181789,-20.86283252105949 6.382325717930795 -4.77283732791402,30.461920320578194 -6.45783850262353 10.677411473987036,8.932455257219281 -2.0843983145878573 4.749913702178464,-11.052800147866353 27.649156784149074 -32.69028240436942,26.55197956647261 60.09088790473228 15.596112545366147,8.139125974826559 9.095170519147846 3.670574854235315,-4.973584056356569 -35.497485471398015 20.743356007913388,28.048511562400495 -67.04864608477766 -18.764814269772124
-17.846301606321287 -6.067424780916811 -5.4874721851533685,-15.530739727183189 2.2569151237491925 -6.531628033227933,-20.697937165927954 6.245226409345448 -3.35988037052319,31.09721715337546 -5.263571604756238 11.570433405317605,8.75989988738495 -1.728420801890414 4.677088723057847,-10.342571779553179 31.99002900227086 -32.467784975443564,27.576427818539923 64.5967326933438 17.591903382199682,8.058463835322076 9.27998463447329 2.878992104020529,-7.3033051393243165 -34.820688323975 20.41034905915812,28.35951820952011 -69.46065181741443 -19.947206464036423
-19.389305066173787 -7.133990504988643 -5.748692910208927,-16.20051200350923 1.0654542991032256 -7.530021473707736,-20.471895890452615 6.140086268460761 -2.3131480346127615,31.82543057046122 -4.211544072199213 12.297234183147726,8.780782193516433 -1.396025750475788 4.432598666086317,-9.938394789092946 35.53097979028048 -32.93668887869049,28.456006167204457 69.09172198509043 19.64891547190836,8.164106955241559 9.508858689934716 2.1808394299995824,-10.246647377083324 -34.18172710174805 19.405375470209336,28.842785291094444 -73.21114723991155 -21.761956986153265
-20.102746020502707 -8.146044124253075 -5.9836578966922245,-16.521710995271075 0.11837368192021634 -8.235099130241572,-20.57718110559401 6.140539447343996 -2.05474631752854,32.99523568305155 -3.6682692066346343 12.67265788801998,9.02155840450671 -1.1064025807486253 4.168193780877395,-10.30358655615148 37.86675320453639 -33.21267978587012,29.06252122521604 72.86066423958215 21.4371115427589,8.460373843911299 9.750392726983439 1.695495211874551,-12.945124892003706 -33.79506690528015 17.884467953975513,29.336666697939492 -77.09358973917026 -23.62740904570188
-19.948301226096135 -8.936978498612635 -6.138664233675776,-16.58019130493018 -0.40567123049360365 -8.581694834039862,-21.279825695771155 6.26076376233327 -2.6252447479592775,34.74674368863907 -3.7687890409888105 12.602791243353419,9.487327157255226 -0.8853628460655113 4.033336143211574,-11.55613305181748 38.993535865622206 -32.544024560955016,29.33432013057803 75.24090160741777 22.62335935196789,8.94322245667808 9.953094233788715 1.4792729980195354,-14.552797096347732 -33.8536353952171 16.200724447185728,29.671965943809358 -79.82607162642077 -24.931936884556034
-19.32400195503812 -9.304010656531204 -6.13990800076749,-16.591613269186354 -0.38146828961046 -8.573914817455343,-22.503348185976854 6.443125587399242 -3.6505564953235607,36.79656579469295 -4.353279005212326 12.112566637207605,10.131446273702206 -0.7758575296264636 4.113510117007956,-13.382404682221326 39.183286778304165 -30.74487426071694,29.28783022214126 75.8359026406077 22.982849434914506,9.570930233983944 10.050846153842992 1.521481977954136,-14.563520439251587 -34.47195055854203 14.793094818313383,29.747040820280947 -80.60476313636885 -25.2970628461997
-18.80140018729984 -9.070840454020098 -5.91553933379836,-16.765478743587362 0.24170573374286608 -8.25770010849588,-23.81018335059449 6.587145589240471 -4.515881342709003,38.48549706643206 -5.04936981180151 11.324477471640954,10.834314086595324 -0.8323889098301898 4.400778478957301,-15.169157349333673 38.76045920034031 -28.32144742850784,29.00719501597857 74.6818638146446 22.495312772764095,10.237683699697941 9.97989225497165 1.7612546221397363,-12.990357875907671 -35.62293510539108 14.036948737368618,29.57027585501902 -79.42698520772136 -24.728532395049317
-18.802202223732614 -8.173477786817681 -5.426327008642274,-17.18192292841614 1.4119867063890634 -7.694625105097543,-24.60121647871469 6.603354654283278 -4.665053333783355,39.08016987014236 -5.460013661829173 10.405339286934916,11.420717308165464 -1.0981378746761528 4.806786792128577,-16.286178007897316 37.92226063712842 -26.21750216090851,28.616743562529148 72.28553688575622 21.378838137000972,10.782613504013801 9.703815560001395 2.1172252653067365,-10.329060851652441 -37.097699584627364 14.112774348166568,29.250837182098042 -77.04498152005957 -23.59075369434551
-19.394792953817404 -6.716907685488308 -4.693976363218434,-17.74618343100598 2.9600826564399525 -6.950219707318654,-24.42502234869521 6.462050622131816 -3.8760810606297316,38.161841983402205 -5.361374456869058 9.513357754219033,11.722181256659288 -1.5751935298217554 5.209799625521388,-16.374258680601525 36.70328161878333 -25.31229167912362,28.245649903213852 69.49416747172174 20.03536534700299,11.044892172954413 9.236225051271235 2.518666613960934,-7.344734362999406 -38.527728506542076 14.943551356104503,28.94446285567822 -74.59432189552338 -22.427290975013506
-20.306783115037028 -4.9604879876477455 -3.813685709358241,-18.240273966591307 4.622085356698616 -6.0983298498823455,-23.222696883424568 6.210570044793293 -2.373656185976389,35.875736724139884 -4.810291342504611 8.772392439859777,11.657725977668326 -2.2050137825395053 5.513303852475018,-15.495158318428835 35.08762835943032 -25.940547025946838,27.995268312751122 67.22795107955943 18.919614991059483,10.941528115674387 8.648430150508105 2.9268936802641345,-4.797656539927482 -39.49162433970395 16.22540542605446,28.7825124479088 -73.0912777943144 -21.72099963865658
-21.119095955377883 -3.228965894289008 -2.940309974800495,-18.43852610526822 6.107998816439802 -5.231415708105075,-21.369761890490445 5.950621183377937 -0.7225706858544565,32.8901641930435 -4.1087824607538685 8.27813832424263,11.285808645461652 -2.873677267799934 5.689731320294154,-14.07788978779877 33.17707218870265 -27.695291186298416,27.917564434874727 66.17048637735999 18.379917898727893,10.52160844111796 8.053872254618502 3.3394345970498884,-3.233202184433975 -39.68540621963557 17.54049172192142,28.81871072356806 -73.03718743688493 -21.706992915292695
-21.5085340041294 -1.7903089220618769 -2.2462726424237704,-18.222242214842705 7.195723144642222 -4.461804825278345,-19.49208175570063 5.788796712412845 0.44173940625533004,30.081861686650058 -3.647642723251606 8.11676489189048,10.78836923522503 -3.4451147511505895 5.790081374180202,-12.703477356566259 31.288800559156936 -29.624461599526885,28.009020311461125 66.54026763599481 18.53637331045457,9.956480139965208 7.571338787289689 3.775749127816536,-2.904637032615562 -39.087803116410186 18.50967347861918,29.016549992277266 -74.2910459140425 -22.314095882393776
-21.39362886628983 -0.7634160248332548 -1.8619316325408808,-17.634052203790304 7.80810402586288 -3.9036713364990216,-18.160290278761952 5.7865697567941385 0.7076493754299229,28.12324227447003 -3.7123293482586193 8.36692163370963,10.383560142727305 -3.810834069463095 5.915394296962344,-11.848163543877746 29.90060332280825 -30.721884143212968,28.219809363233047 68.03888995410368 19.24878056567261,9.459499396617083 7.280246542310868 4.250549244505979,-3.8149713119655657 -38.03085706338746 18.927505101480442,29.278246766400443 -76.22506854410591 -23.240475498979276
-20.91291277211206 -0.10347250286696164 -1.8203532043816555,-16.848897539563488 8.031264663502025 -3.637601321302624,-17.632819415740578 5.934381666122095 0.06063540915705207,27.203205822564986 -4.35006574423711 9.068613618071016,10.207379044799715 -3.9344013178417048 6.162938213622367,-11.71269636166236 29.45663902510308 -30.455225330702472,28.474080504858527 69.99823946132135 20.18826184542645,9.172425783295104 7.18749500187675 4.7467582742264955,-5.805291680688602 -37.11284025960921 18.8289104471927,29.49581311772729 -78.04495733988203 -24.106406895262563
-20.274385789905015 0.3318322039977488 -2.032223962443633,-16.083704695602925 8.059381458988906 -3.672596951790598,-17.784189940829446 6.160130314600894 -1.1430115292760856,27.031746933764566 -5.360767749849766 10.170411136594133,10.229193958017776 -3.868958010846191 6.571806411457152,-12.204269348721201 30.135499329794882 -29.052592781741666,28.694623005520445 71.66222452702719 20.98010216760214,9.081295514711487 7.222508112386279 5.2022603773131095,-8.613720705277245 -36.96101286239745 18.463039523282085,29.596758198510205 -79.10429534688406 -24.60323515672074
-19.590894031887697 0.6793624027316154 -2.3088668545462276,-15.49675789304066 8.091175497921085 -3.926879137918581,-18.243986871524378 6.364464655407058 -2.3748214422824994,27.10793846138685 -6.407453125621648 11.491659864877457,10.25436274129517 -3.7370829224958317 7.094344200742191,-13.048033321441242 31.711546824679907 -27.395953105007855,28.824458282237302 72.47979893722702 21.35353646057787,9.014473829417405 7.265519611047142 5.520932598430905,-11.876889944216273 -37.93435176053929 18.185193877565965,29.564215268250987 -79.08604513672586 -24.579064718822167
-18.81405529743263 0.9960059543220985 -2.4329144379513816,-15.1268247751649 8.233334880398473 -4.244290514769379,-18.649376116975947 6.463751059634689 -3.19174447277508,27.073330198125007 -7.181129233504154 12.740187366747291,10.022114045642123 -3.6794048638858836 7.6100450806571205,-13.940358006580777 33.59388530566976 -26.575236395364797,28.839212173638707 72.28414274098239 21.232821446130707,8.73230280388864 7.198963425353538 5.609037213359445,-15.108445058166106 -39.905965657481204 18.309052958479842,29.428176423803343 -78.02294281371222 -24.048735643251366
-17.805350915097815 1.25840687083168 -2.2538093090596245,-14.895368117654165 8.466076598180496 -4.44826624134892,-18.852404355579484 6.421526889823195 -3.4174984777893775,26.924042663319746 -7.532470606944241 13.60145707964259,9.352478045715028 -3.7933134533265966 7.980353500260329,-14.651126208441367 35.03293218400331 -27.33255192647188,28.747263763901362 71.28935900158478 20.733743294772857,8.064788420479545 6.960341906795697 5.425669818900408,-17.72236000094972 -42.247692125948426 18.97675426340131,29.240382120693276 -76.2156843837493 -23.156329269185388
-16.487595497771018 1.433830361610236 -1.76921197740617,-14.660500502411491 8.692673640120578 -4.416447850925269,-18.958149780987473 6.258598606746148 -3.1633285301522736,26.946056160649018 -7.507492098518177 13.872805406340984,8.263773613361618 -4.088538251001847 8.123110901803273,-15.034017030545304 35.39723697127707 -29.679919856045437,28.578864952242018 69.92330766250568 20.075814677619405,7.022220682747294 6.573064267855527 5.02578287060718,-19.14823806015479 -44.054209287798656 20.097608216808307,29.051220000484655 -74.13295677766799 -22.129359730455143
-14.965239741131235 1.5699929628612457 -1.1528027797480664,-14.28853993941145 8.844788452903511 -4.145120421983325,-19.179019057468935 6.043551062430623 -2.696131545533709,27.416070409219284 -7.280355500786343 13.580116420675294,6.992533910833261 -4.479494731885345 8.072750426843445,-14.974463502991563 34.3915202983099 -32.880900943128196,28.369320592630668 68.59017630991386 19.459701827711797,5.813773267978638 6.14082687272463 4.571985620527634,-19.022189898837397 -44.52742907735698 21.37963133360033,28.90054876865409 -72.33701117827265 -21.243972972962148
-13.522308216212359 1.833878869356615 -0.7069992235988429,-13.708318775486642 8.977608331770563 -3.7714684795284255,-19.607790250040395 5.872219751567219 -2.243368896843885,28.26728552975212 -7.031252898134665 13.007972652475521,5.8975773431927 -4.818301071295507 7.9936198897965856,-14.347525727301095 32.1252673936804 -35.79865359953478,28.143369622514285 67.48252280981484 18.972515216391464,4.757586419102936 5.80710968290348 4.300124522448707,-17.37037109899179 -43.35224230555183 22.441701714130016,28.821249433526607 -71.41440517794516 -20.790288106309564
-12.488088369147375 2.45664563458106 -0.7501446840278101,-12.930684268562217 9.287464766892995 -3.5356475355444545,-20.06614043149235 5.84408820741981 -1.851221218010774,28.957298000091 -6.841691327086156 12.607390351813729,5.292863977743392 -4.954731617952309 8.130688634854678,-13.045126327894568 29.02318729309576 -37.43002050387692,27.90709236965676 66.52853789329856 18.56485704723156,4.126349943605363 5.696804531547761 4.442020268464034,-14.677836892983951 -40.88199354369416 22.962197834447217,28.843987616303156 -71.86000467382895 -21.013208273521457
-12.049943684210943 3.6002694002268667 -1.478827826525222,-12.03696891668194 10.024702948396476 -3.6893430637020947,-20.142554984138453 6.038681279639421 -1.373581221894724,28.6647191979889 -6.662826703886165 12.805070432804081,5.2946826305761245 -4.79813984294457 8.709093811812933,-11.0735880393617 25.64512079948815 -37.36044421246793,27.650141124660006 65.48576581247862 18.103800642306634,4.010431664273932 5.864658499164385 5.129845514687381,-11.775007899988733 -38.03022579458079 22.805364351757802,28.991329905054442 -73.89392704281208 -22.020541988517614
-12.13184558095782 5.217555572689541 -2.862389783877937,-11.151922336569354 11.336563733636062 -4.382721854285108,-19.417715737834833 6.49166008142389 -0.5901428728623035,26.741826112360354 -6.367269400272788 13.794688055029859,5.763721438613011 -4.356307490755359 9.820357740667783,-8.658252155673198 22.511854641125062 -35.926080027611064,27.35632656498521 64.11730222775783 17.466650549115535,4.273376503534471 6.271728196312972 6.3206569214754165,-9.561770620031865 -35.90126328015105 22.075575453705795,29.259233941370628 -77.26770323531228 -23.687612428184874
-12.420281712693711 6.995246385047325 -4.618880136213179,-10.414106540545934 13.124167178558777 -5.575904094477755,-17.754959695511882 7.172364277363343 0.6216790982866685,23.178863179410225 -5.848036353640717 15.412089260887393,6.373232469856944 -3.7366572508615317 11.345907631847382,-6.267092424842011 20.00494245327553 -34.023617444533954,27.016816002324415 62.34933861426677 16.621798070257604,4.624930962455292 6.798405727467681 7.778197123988882,-8.678490651462234 -35.32044940807898 21.078781082920298,29.597102403128133 -81.18045511470774 -25.617892080311446
-12.52851521332051 8.434899854866625 -6.290829654052844,-9.946502902757219 15.003650687195075 -7.016502890761239,-15.480859140594447 7.970706277807657 2.163597036908261,18.797330238166534 -5.105561915897087 17.16630404833957,6.767540544805112 -3.111014174556609 12.959383664641447,-4.500591411556871 18.348517285708066 -32.68095898780299,26.639285240024844 60.32717161150564 15.653902697466805,4.772098264830529 7.286995849443492 9.129987439198405,-9.272679764813727 -36.47976240210634 20.207822338261725,29.90437456486616 -84.41978439888061 -27.214732515828192
-12.202814848862847 9.053338815331548 -7.397431614499977,-9.823620143271564 16.415624064395725 -8.301343290815208,-13.330638112286714 8.705763290492811 3.713422944117549,15.016797062200629 -4.274953798156324 18.42748987755389,6.727654503390808 -2.6589888147914262 14.219108205272164,-3.8732082501505523 17.631446781476143 -32.60555953767084,26.248792618017006 58.347732545207066 14.72364810759069,4.565801514904239 7.595459671046901 9.987057726030262,-10.973380595625287 -38.86514880954083 19.79838069298983,30.055939448380382 -85.74731753507399 -27.872093904954703
-11.446135549544685 8.612893149819294 -7.605429876513282,-10.036054781315602 16.849979423831506 -9.006656089195317,-12.159982467748936 9.164947253863744 4.844551778070696,13.268824165122695 -3.5814468258333223 18.69486526459749,6.259083583234154 -2.5115593568824486 14.722425832222143,-4.585954705206982 17.819973572160293 -33.91652967977363,25.880629366768556 56.71530871362375 13.988549003940745,4.064234044642589 7.641404440155525 10.08424057889138,-13.087529298785284 -41.499660293321526 20.012501664986512,29.952338809801255 -84.40685531664772 -27.22309918743605
-10.484990675891147 7.263042286526194 -6.850303551372187,-10.466204802694017 16.085141369031064 -8.840761111169297,-12.558022658993448 9.169746102242295 5.204013504193179,14.336240828167394 -3.25034011430936 17.822580188791378,5.561639150916931 -2.713917391131035 14.262177543949335,-6.41214865481223 18.744327462316612 -36.15825259540848,25.56951312563693 55.605770227615366 13.530892221538782,3.482028216872658 7.421769627271206 9.38492012194645,-14.923302953882661 -43.38581712591973 20.792992267962383,29.573058811277246 -80.5261228326896 -25.334272473105063
-9.60355316510589 5.509638540499015 -5.358178700163804,-10.897888555641073 14.320901523057849 -7.760046314783869,-14.559550277198994 8.64721628948089 4.65756909099654,17.958187354721844 -3.4178049319059984 16.09488037258451,4.906293533515358 -3.2175190169099075 12.918432425098139,-8.770170522948135 20.088338569824913 -38.55166256664009,25.340971605498957 55.01361718080862 13.331959610141482,3.0592795582382943 7.004934580707056 8.10399501725379,-16.082579734834987 -43.93673867511075 21.90110542885477,29.00359347924884 -75.1867496035243 -22.736586731284007
-8.953651025817523 4.01148339412833 -3.559755402390419,-11.07603862314834 12.12732992837936 -5.999936718951348,-17.609907603421657 7.675810908241804 3.3334715061832765,22.918986009004836 -4.082645513710258 14.110252114234374,4.492939202529501 -3.9002323396716623 11.041837419532298,-10.960899737133984 21.430980472702704 -40.33834590168674,25.20882966971838 54.8040946120245 13.303306423860477,2.9286535976307366 6.502512252944987 6.63455039444219,-16.582393498246542 -43.19561821411537 23.01582835083468,28.415894718851717 -70.07096294867553 -20.2506046883729
-8.465692759017973 3.294050656816337 -1.932462273604618,-10.808218978752757 10.220396071052875 -4.00441246358021,-20.806064453523305 6.478504410739237 1.5534034159892733,27.59258468303495 -5.113846317747857 12.525114056963774,4.368024011730414 -4.604944413018998 9.130328928859166,-12.456754076000356 22.36348499853172 -41.056066694104956,25.17857489654227 54.8306792852787 13.352878150510417,3.0567822438302823 6.033584537524605 5.404531725680679,-16.75512944135506 -41.75144318004 23.85071616862519,28.00433121440545 -66.80124074841908 -18.66404127245184
-7.921130076116545 3.5179640909042478 -0.8359193951288675,-10.069071191568884 9.163607598486898 -2.277946534435509,-23.293024291275046 5.356736288483241 -0.30428216930669844,30.67563624539826 -6.301253892786919 11.77577251981976,4.441016762436878 -5.18332885366383 7.648528991460305,-13.097058653941744 22.648777398917932 -40.6467038291308,25.25258766257614 55.04212971547799 13.444943875521803,3.289566976800007 5.693468925470403 4.721235321190872,-16.992006359269432 -40.40972324263485 24.242413214783294,27.90382063111455 -66.2629034149436 -18.403514991581538
-7.140707002984345 4.417507585213012 -0.40581979792628164,-9.051972603630862 9.136951130032037 -1.215598920314016,-24.61516138511792 4.586895274951771 -1.937914912334284,31.74163775122928 -7.421929595606887 11.90790467952354,4.578191106105969 -5.532494310043662 6.866190845154822,-13.092173876330678 22.340800941946394 -39.39362219380445,25.4321871847848 55.51296384161498 13.618388734139666,3.467808552464385 5.534299408277553 4.668331282082719,-17.47360229960571 -39.79345965141296 24.182635374880984,28.12941514066729 -68.2377463564083 -19.359309812680397
-6.1618488946415155 5.441014829233166 -0.54316599216318,-8.125192826928064 9.88511854831815 -0.9764998075776985,-24.850499105455956 4.322258711025821 -3.195859593991571,31.34235450759534 -8.297164045322397 12.58979381581914,4.707496789304914 -5.616138943297382 6.784325192798665,-12.84203442805769 21.779273908370364 -37.760113777518484,25.71393171677358 56.3798817754892 13.953885824193506,3.5376302071067425 5.559168930355987 5.097854305349008,-18.033539200653394 -40.073610595443725 23.792383132050738,28.568974700222586 -71.54395802235557 -20.956312591841517
-5.277210571782355 6.022836270108929 -0.9930901409402909,-7.692653239091132 10.86893570655064 -1.4484667758317302,-24.475306542965114 4.544706863156717 -4.074146923965542,30.62125429333126 -8.828152257312922 13.29544139032398,4.865537858714564 -5.466650732739195 7.177289940585139,-12.676114394831261 21.43238210256424 -36.22041747749152,26.08217085137385 57.72506507311116 14.511334542458261,3.584708968684826 5.727949050218941 5.717354508371892,-18.226954034179172 -40.950649802400974 23.260026718960184,29.0352272817201 -74.6310519876684 -22.444409593377344
-4.890265630386712 5.849351599900612 -1.4702346081612547,-8.012632606800643 11.541480744576646 -2.314116499080858,-24.049773466683344 5.089053801881742 -4.662745727652116,30.657948745052135 -9.010269456992132 13.562105346328842,5.1576412528909055 -5.169137921005012 7.7247643324344075,-12.663506188081923 21.64854244245407 -35.143431971710626,26.50357143398993 59.48089714606145 15.276687794060905,3.769782823968048 5.971733644509017 6.229498861065785,-17.564834829965985 -41.87311446502193 22.773724802132826,29.353224544439918 -76.34343340036622 -23.268336985703016
-5.263905137963695 4.985287809460791 -1.7724912601917417,-9.061394881539421 11.607124147179292 -3.187483372705029,-23.904171421812592 5.727974552195997 -5.0816157308525804,31.895706583103525 -8.929121121691473 13.194785705768492,5.659590742560152 -4.832311997829315 8.165686294162915,-12.599183125593903 22.445701875444712 -34.73855299215823,26.929577059488714 61.41953339408238 16.151721963094133,4.2060082134459815 6.212878061705698 6.45826679197088,-15.787806847543278 -42.35792381364489 22.4718034748804,29.440206906306457 -76.46990868044941 -23.331622107281834
-6.318780856013597 3.800176291820541 -1.837195911248111,-10.519060379006266 11.131819550824748 -3.7626541577093957,-23.99242554880894 6.2751245320833995 -5.436391550742109,33.946430869797965 -8.737527683698227 12.322853656598738,6.32900261957385 -4.554332260389927 8.398150942948067,-12.169256100275042 23.465749061161176 -35.0395118737728,27.308830012953766 63.24108314436997 16.994832451895913,4.857803549115329 6.3871562168814044 6.403981149312354,-13.034079172530664 -42.23351537342161 22.419000399826746,29.337978882118453 -75.79773777523116 -23.019564283423524
-7.6238036346866735 2.7397118268739002 -1.7257166381367717,-11.900357818454548 10.452340734464613 -3.9139707433181545,-23.977449435004523 6.654872698161187 -5.79799568115231,35.8545736869431 -8.609836046065523 11.293015061445962,6.990628980111417 -4.393552577484547 8.479635481646852,-11.19316904075968 24.142697107882835 -35.90291686427826,27.60540112155159 64.71468784209775 17.69045443580397,5.530920143354463 6.4631040368606945 6.205275584710472,-9.814099885486845 -41.68049516231969 22.60245360444901,29.182115976648493 -75.6426553424836 -22.96918146663216
-8.612445469684907 2.0677108009196195 -1.5570208945155968,-12.777732426967194 9.939690708805541 -3.711234654674104,-23.480583790241734 6.905111612779835 -6.191819512535368,36.652763898994735 -8.676339123364325 10.466209124932275,7.414411398715377 -4.353514963311003 8.535667934329547,-9.794981234243105 24.014125244418135 -37.022921528410315,27.813845019911266 65.79228416565023 18.206964470862857,5.968982755398674 6.4523084318596675 6.0324738775456375,-6.80638870991088 -41.06314453313888 22.936926189617665,29.125119658783795 -77.10030643446834 -23.706302321486426
-8.91600100682664 1.7185464485591646 -1.431415173329599,-12.988537612391545 9.75068546317938 -3.3518500225641086,-22.340701116029187 7.11605021558267 -6.583606815419017,35.893534508832886 -8.955922170479022 10.030743392363275,7.44510281693003 -4.387706423894493 8.634442245401793,-8.396221061046868 23.012972656745607 -37.98445876856247,27.961883945309882 66.6261492451263 18.608329723262376,6.004497360846378 6.405238591582569 5.97091349449278,-4.580226908772349 -40.66251546246693 23.274707460513476,29.25448138693029 -80.41350496344023 -25.340980246598935
-8.615948061771963 1.3400292817304371 -1.3836300135376205,-12.715513065524723 9.709175932315148 -3.0474512676193064,-20.73321050240796 7.3432354481204065 -6.867148309264355,33.870737943258156 -9.31930421092336 9.928237884363295,7.104864117968292 -4.422973483192267 8.70359082602813,-7.5265447578678195 21.569290152627453 -38.371576387193656,28.096799264151457 67.4731855399997 19.010474303979624,5.673323992617622 6.391405580302927 5.95734867808776,-3.384165862592055 -40.47412192699556 23.425337380093826,29.54860343729829 -84.79114691699901 -27.482863132032392
-8.243458751234801 0.504620774329136 -1.3831900100773147,-12.387881324359803 9.389347893379178 -2.9195673159718805,-19.088041487659375 7.5475735712957155 -6.875883875435147,31.42828308358327 -9.514593465268991 9.923394482061262,6.600068138274371 -4.393181726925814 8.54251797844303,-7.555725772175926 20.442191019218747 -37.91337269644316,28.26007249087504 68.53272332486043 19.504841849281426,5.2165044549966835 6.469261896661877 5.805033952526354,-3.099641040288872 -40.19322080841137 23.194446236505122,29.892559998762437 -88.77662885037006 -29.422336232185756
-8.490617818685635 -1.0233590198631597 -1.3724278881659644,-12.443131799655696 8.363646322095896 -2.9505427713854937,-17.86410436151762 7.6000449930063665 -6.438402405183905,29.485330685550224 -9.264048138126057 9.769717888096135,6.217285090135025 -4.269867796665997 7.930410205262061,-8.49877520979323 20.347488147852133 -36.61049372927671,28.46199941334839 69.80451257528122 20.091105790517183,4.956296244631838 6.6572810651854315 5.306878287020802,-3.37009080098335 -39.40182302524146 22.443932423180534,30.143207309228014 -90.97200332278436 -30.482335994261668
-9.772265649993097 -3.1078940378213993 -1.3136000037032254,-13.068868938510413 6.4851488442589496 -3.0073663855614647,-17.316741530951532 7.351711990230783 -5.472087781953313,28.556217236885708 -8.402795611647235 9.373453735595694,6.1607056834715 -4.07693411651981 6.774168377216658,-10.006443808549513 21.567327235839663 -34.7714731732888,28.669659074068473 71.04661812178658 20.657330648461166,5.109113676820289 6.919443343001707 4.364336296328472,-3.8262134126438987 -37.85446299454772 21.159756178023052,30.206896365463972 -90.73522191086397 -30.355202594017815
-11.887203638131673 -5.248200929472172 -1.215525880579933,-14.065036119209223 4.048574337809363 -2.9214098761210394,-17.390977776243524 6.730830791941744 -4.074161881824413,28.53091807802823 -6.996814609710451 8.86274268116705,6.423879261301622 -3.882475528791505 5.212532522045313,-11.54809546082315 23.753692020630652 -32.918271193532576,28.816203292916004 71.86214396138732 21.021020837276083,5.641974169766548 7.173854640898248 3.073816992038578,-4.283822429970707 -35.69887111597428 19.49853009064111,30.087244182096054 -88.48368844117154 -29.247633012713674
-14.000074878500058 -6.776425397010787 -1.1258778549400903,-14.91297953676687 1.7307737870255226 -2.5826130139369967,-17.793156347098765 5.810441458279634 -2.550530481938127,28.821770672206842 -5.3714257354016235 8.523955827274982,6.776308843067364 -3.770414505499774 3.609377159232576,-12.6836538309263 26.047005349039587 -31.584172609859923,28.829204643589044 71.87644029833109 21.01213166791752,6.262708950515157 7.323582669423508 1.721039959163852,-4.812663057129852 -33.49666100461974 17.781426313090908,29.87796187550245 -85.44947305557257 -27.76004485328051
-15.003278249529906 -7.153115347711735 -1.0975017074619706,-15.032680658144614 0.32260715771789084 -2.002991034283623,-18.187019781283794 4.803060780145084 -1.3397601836627486,28.77055811623521 -4.0138647515202885 8.641291768902917,6.884095162537661 -3.803560777071989 2.4240057126148877,-13.27024856724599 27.468075737061103 -31.090130216842734,28.66586648496225 70.91908723473317 20.556997022985275,6.5633827611858635 7.298206928505349 0.6783589735765427,-5.647794454002924 -32.013004104467 16.41973730580039,29.706605752886333 -83.02497152091648 -26.568569287614295
-14.104027923228182 -6.218427139520992 -1.1527848274600352,-14.10635471196658 0.3728015446279467 -1.3217465934658104,-18.390832395814368 3.977872119581471 -0.8409048046083942,28.068184513945734 -3.373997488472612 9.328567437990325,6.5066518883630335 -3.993772709263187 2.0118785712758855,-13.487648468313413 27.393294236403513 -31.408512160814425,28.33856201359292 69.122705641805 19.72204349693846,6.249057611460886 7.088353506963513 0.24875777800903842,-6.999393640209419 -31.867965158759766 15.786336184162103,29.66205016802748 -82.05367411729553 -26.08173008902725
-11.33451430180126 -4.2795353541476775 -1.270370700062776,-12.301275463549764 1.9145523407456118 -0.7530779772428069,-18.45884750591668 3.5392729626727273 -1.214545419936917,26.9441925798002 -3.6466387182303297 10.445868614776964,5.662707477782165 -4.291998432330126 2.4510649272091785,-13.672876975816457 25.871712713870032 -32.18702872069903,27.9180194110387 66.89374605911387 18.697520890662766,5.329728715308643 6.757223056805858 0.5287056787885356,-8.868424791374178 -33.2201991929292 16.07737917472513,29.74663291529062 -82.44306683996194 -26.253948450142758
-7.692906613605979 -1.9952712282058183 -1.4038353853832994,-10.26511902852111 4.41085234675022 -0.5036191619777959,-18.60610212370475 3.529575172578403 -2.259710715153311,26.026222245199552 -4.643347677061016 11.64755272632331,4.66818603051926 -4.602356202224502 3.484266572839868,-14.066939535807826 23.619548040004084 -32.92545029779872,27.511829132826982 64.77446636554023 17.731961465314132,4.164828380949105 6.422600914494772 1.3557669710427076,-10.970011962373796 -35.644738627295176 17.222219742749353,29.879109109233216 -83.29564252231755 -26.649993990546935
-4.796481498121236 -0.11539204154897698 -1.521286655449524,-8.876787038309724 6.951707725343275 -0.6974713923673677,-19.03250094336365 3.808913223833584 -3.449046357226401,25.96323411353719 -5.831696439797451 12.537878399683269,4.0137359140103115 -4.814113255939767 4.613865047720426,-14.62934715305406 21.693498449492893 -33.21637517373067,27.22762031889609 63.26544683315502 17.050872052683104,3.323877643453319 6.215854070356668 2.368326806666686,-12.809267806673748 -38.274772154299114 18.88649080466603,29.94544844233833 -83.47046142190266 -26.717392386229637
-4.180465162484871 0.803952782429161 -1.6405336609543515,-8.860288152811348 8.616803165626465 -1.339216375571488,-19.761733998890133 4.1261665880966945 -4.13290162219865,27.038421066477362 -6.544424242266543 12.85414846104864,4.136302577743404 -4.83825933622106 5.313053002439264,-15.037251745111986 21.00988048927343 -32.92537737975998,27.137241708777132 62.6885060146373 16.796536928848447,3.324889051570225 6.234767681627408 3.152525042234296,-13.87669957147412 -40.14935677894502 20.576550763403493,29.867648359225484 -82.25716880742709 -26.112689541243597
-6.573434787739135 0.5842543534183426 -1.8351154217452725,-10.444303654092824 8.839983582212927 -2.3246717061327185,-20.598163518452687 4.246588235979416 -3.8332887329241103,28.995274319796398 -6.274702267961183 12.584046444360984,5.199541340317026 -4.634503997549651 5.257067226746441,-14.876926595798846 21.952196355537723 -32.2181213532798,27.257035248385893 63.13825347608331 17.009527114602534,4.38056797638764 6.509710882528498 3.4107889461441343,-13.87109423671534 -40.60935409006571 21.80883835520682,29.651116021007436 -79.79119189286018 -24.902172078663344
-11.512216482387533 -0.5605662545323866 -2.2021277851874284,-13.23480430888074 7.6141426679707465 -3.4868126028562365,-21.229829230984915 4.070904839717026 -2.489568193756536,31.17012150659341 -4.921829584631147 11.959406091724516,6.997729750934042 -4.219903197692318 4.4654681467237145,-13.91896136221675 24.255211356866297 -31.426573620671146,27.55065401356769 64.51787852794973 17.647458640990457,6.282823360066287 6.99629450043444 3.076812845171986,-12.844375455706809 -39.5614808447977 22.276668701977865,29.383884536834863 -76.9884888003515 -23.530182006901832
