-18.295527235962208 -4.185010977838978 -3.601915374426664,-15.49437379835955 0.7677490390811041 -6.558767699650985,-21.824205560412388 3.4213386476256495 1.3839362699349411,47.939473211999996 -4.139329376585718 6.706703844879415,14.80250702655655 -0.4753988814494354 3.688327517229516,8.064808940354048 24.044483416108122 -50.05601987419235,15.765817915260985 114.52765574378795 39.19266081695673,14.304845295862389 10.497173096339383 2.0269848999925664,5.016237269072061 -1.0755633155915625 52.18480894901352,19.87626785951388 -38.8071038756445 -7.106146347994076
-12.092370280614661 3.31725308544981 -7.029726259375493,-6.3932353419249015 4.814628467501073 -6.660400871328702,-14.592375084641347 4.948825159561831 -4.992947576008287,35.30662253896552 -4.945087041021668 12.78678418973559,18.733126283414 -0.09573329465202346 7.690287712941768,13.297698944163393 37.682812958735184 -50.45406874529321,14.003583669417285 140.7595023916992 50.47743277640433,17.46139809396672 10.938060247204955 6.36474499772755,-6.809200881551507 -10.522937702722125 48.96959974702603,19.522633818849062 -37.91999141328341 -6.804407801238572
-7.929595130521636 8.516524284795842 -9.350758117555344,-0.10186736481112924 7.541125562682966 -6.73263576974446,-9.328142272224184 5.870314981659398 -9.279554281394617,26.148517647049793 -5.475941780072126 16.919575639368183,21.323804098276856 0.17397040753338222 10.401631390305042,16.84030140858001 48.04017373170359 -50.45812530938724,12.772839945335537 158.80326582719147 58.2689532826934,19.53426483477464 11.228089594614163 9.211935115825513,-14.756422545785169 -16.641805150457515 46.58344616819779,19.21919656418896 -37.135851933271525 -6.530621605147081
-6.229524143011515 10.827544809311238 -10.306932513756946,2.615580242976664 8.687881861714335 -6.796576706946736,-6.760322598583498 6.1198480577566645 -10.998398668154927,21.690011716073474 -5.797088191500991 18.561191443829884,22.313550278868732 0.28896962510887947 11.532861282618166,18.1914567993482 53.77540813103617 -50.12373734828497,12.193021250329892 166.68873868356388 61.694652729948785,20.316502846460814 11.324297450810406 10.28992038846247,-17.991671892247254 -18.672155735817483 45.49747912207658,19.00939723421851 -36.57509521622332 -6.329311898397828
-6.5683283820364355 10.66970507342585 -10.13915903170689,2.23345097112124 8.539853462798119 -6.873527994328618,-6.650768069208107 5.852221174864928 -10.544395757138414,21.471982581919505 -5.930562857532446 18.13280854570015,21.965183504235895 0.2673428927281424 11.339043694193883,17.613728081201895 55.04164666775867 -49.62608377505366,12.168234485365922 165.89804068867488 61.36248236666499,20.01891618341491 11.258765202113532 9.92199635679257,-17.34713775582317 -17.443001474115995 45.66497131073413,18.914734672243586 -36.30971283190127 -6.230567213081528
-7.935802987576109 9.184971799395697 -9.435112178940418,0.14973918008121245 7.752830404626765 -6.976647235999008,-7.990507923227177 5.355816965014576 -8.931827665568958,23.711062700341163 -5.859497900204669 16.727763942752375,20.90049867293147 0.17735546229239807 10.45560563191029,15.960926352652491 53.25004933399359 -49.18373183937307,12.438794070852197 160.39906453580588 58.957607642353764,19.137830348563945 11.11915712066924 8.835969559717016,-14.783290733791858 -14.840328467010687 46.60750635483798,18.922602287908624 -36.322351423043294 -6.232862241759048
-9.216784513262276 7.6812866269106514 -8.83758499489832,-1.9887005116255558 7.041286447686381 -7.108596773079984,-9.50751201945953 4.921254782081039 -7.305409603886619,26.195121943237076 -5.574106750431099 15.547607522759378,19.808036800232728 0.10225467794161645 9.592394548793198,14.27222537257419 50.361039134995096 -48.97250158754288,12.69485030202144 154.7551506572638 56.43793188283027,18.222530315559887 11.005494753431122 7.8204928228768535,-12.423832916610339 -12.841041380522142 47.67449416120402,18.990703880819414 -36.50936525346169 -6.301625082813805
-9.66126496488862 7.072725982320054 -8.758471670889065,-2.989247872447727 6.877413729663275 -7.264242741776533,-10.234352980603951 4.72856510228662 -6.455488711162933,27.270001601006825 -5.1210900486051205 15.354698983717935,19.164026632237366 0.10051611207680644 9.235181222005632,13.332727552048926 48.04259315945616 -49.06771051731341,12.702092561857478 152.2185045553045 55.2149336179928,17.654090581201366 10.984658587141347 7.400360247453077,-11.640630508802985 -12.605980669559262 48.34186651307037,19.066709154042165 -36.728905473242726 -6.385261015983399
-9.13167193977335 7.569187118902343 -9.232260971734272,-2.5224787281343364 7.33493160246276 -7.4343856174329925,-9.87129454099935 4.801040350947869 -6.558948043814465,26.456903290429146 -4.617161322346726 16.20042576604092,19.089223766709054 0.1811061335502705 9.488533684907749,13.402776229987069 47.075319886782914 -49.4353613277361,12.385085536669068 153.6563679716012 55.68492574886431,17.532614640964873 11.064286715286421 7.67373525635778,-12.60836598350296 -14.068892729566878 48.408995204154564,19.113309804913005 -36.86992204821161 -6.440566535821574
-8.038387924371618 8.728906835406976 -9.965539805291156,-1.08125979930713 8.132233008024652 -7.606702506099049,-8.797235669827352 5.037086893505726 -7.241051960072886,24.45031806230702 -4.212411791876189 17.530752849770103,19.38883982687974 0.30486395790144105 10.114765430446761,14.221016644421018 47.24386812460008 -49.967386838110336,11.834446754539666 157.69889298596223 57.28173657752587,17.709671533667997 11.197066090661794 8.364787008694844,-14.485961436674923 -16.181522612764084 48.015736452225504,19.12533181225095 -36.90497361177164 -6.4537624038622985
-7.031631785071278 9.803645604014337 -10.53825672174659,0.4342231377443113 8.830661595891838 -7.763366742675666,-7.761901107044179 5.292471256657393 -7.888782915696124,22.56530438258544 -4.02325282085436 18.573562992709068,19.73054263133557 0.4093918631614665 10.724203102451519,15.243973862600646 47.70707336520057 -50.536621708501315,11.240207502536384 161.884586069897 58.95995814505485,17.9295587545014 11.31079918011267 9.037499529811639,-16.05917140102731 -17.630468007643103 47.49726238582606,19.129346389934195 -36.89718047829152 -6.445290174965245
-6.628505240309565 10.173548627277604 -10.641293656924947,1.254784915711582 9.075363880510306 -7.87879269427774,-7.443070118502163 5.464280955418352 -8.029152948269168,21.963051460692245 -4.0757909455760695 18.779968203229004,19.85376917901595 0.4432110833456362 11.003811786981583,15.973122243252684 47.61031278710545 -51.04283146195307,10.787946216347809 164.12570750040769 59.82185099639554,17.994286290327196 11.347303892570855 9.3456707525807,-16.46534478217141 -17.612113347838488 47.171734674437886,19.165524870030332 -36.95624342659397 -6.455289346670394
-6.965953627850325 9.649002145722882 -10.227841320386549,1.1201459234139612 8.759408624485916 -7.922541306570061,-8.099334378675183 5.533957009737934 -7.5731922951403465,23.05819951111156 -4.295525868687068 18.088497310429332,19.70105369217508 0.3913141396844655 10.866253119061657,16.19435651139192 46.60569807917631 -51.431921496134805,10.569968399418176 163.73630573241485 59.563417311589795,17.86557590422023 11.290271879014302 9.192666990976212,-15.620020333777504 -16.252519871850897 47.176969333037164,19.26129157565006 -37.16684116627968 -6.517508687781273
-7.785387213180314 8.51014295356008 -9.512129335020308,0.3275398679000432 8.04419473835207 -7.8699279479802335,-9.476795669893237 5.554203085214721 -6.816818948127505,25.377571246337514 -4.551551691902688 16.898154497744716,19.415186001298967 0.2800396453452556 10.456678658198285,16.02133097656956 45.02210192457868 -51.688284195425936,10.553403946358694 161.5706632896268 58.542543825550226,17.659806459019805 11.16953825858695 8.736504187766133,-14.160851825234992 -14.477070388027505 47.431532036622706,19.411152479880045 -37.52888749487062 -6.636154454821551
-8.624557774451722 7.302747152345381 -8.83415400340289,-0.52699801001868 7.248238478215127 -7.71735375976358,-10.984191626056154 5.5968217546932095 -6.228493791605402,27.884101427858226 -4.730337164620551 15.801712194235577,19.222698471364573 0.16078390548200394 10.035789017956287,15.75074834183617 43.63010887449901 -51.81429896788275,10.616231126932476 159.3234865619629 57.48632947902665,17.553133162493996 11.042267462686203 8.263082240070988,-12.999018311330373 -13.442141483034275 47.720673559664334,19.574068038167994 -37.943555022177044 -6.778874289196387
-9.088405464230892 6.530373377851776 -8.47625667407608,-0.9328357569372976 6.679316353021441 -7.4942531201957205,-12.015169058144812 5.697749879376146 -6.163625511118143,29.54420011984064 -4.7960966388019886 15.251831978071802,19.28238589414023 0.0829689365370333 9.819887319693905,15.638013350228748 43.1654718614731 -51.814108836618416,10.626974582411588 158.4699865390482 57.0385921371904,17.66041036604215 10.963122725448118 8.014955559791943,-12.769356946602674 -13.86878034926122 47.84139638027,19.690386144361128 -38.254293394048695 -6.890287964547973
-9.04493205742471 6.416770754021924 -8.532896373438216,-0.7462868322911476 6.50148399828325 -7.262589042864608,-12.237454149723575 5.8325139576055065 -6.670860783419188,29.8208279049572 -4.802734232471475 15.348513493234645,19.588112660103803 0.07121545943562246 9.870784585044579,15.732886363069964 43.89328369769938 -51.691098114847094,10.522401061457964 159.4592577644968 57.40948159875724,17.95968353419854 10.959680836136535 8.073463183816166,-13.495767347728076 -15.648779532809911 47.718155051306255,19.70973716268221 -38.32183011496818 -6.9190682303562845
-8.650907178866504 6.851276785009272 -8.895225872887337,-0.22360112664583198 6.695968913237728 -7.09968678094564,-11.708693593885005 5.933798174532087 -7.489000795435951,28.85329408274135 -4.851379776559198 15.84814187187508,19.97642213500145 0.11792670029600495 10.089064278074062,15.865518637100244 45.4556350956674 -51.456485620331215,10.340827849845972 161.57251826573412 58.306010528277085,18.30249278983209 11.024674893817119 8.348924867701943,-14.638397620657411 -17.922066097627013 47.42887581703455,19.615280861600894 -38.093236002260056 -6.843971178396295
-8.215824999411655 7.516559259059015 -9.343607835960583,0.1857045067868448 7.116789859571959 -7.06899480209037,-10.785916862432732 5.936624431688216 -8.21870297211036,27.277816810373395 -5.019964139459078 16.3603040434772,20.226410691577986 0.19316020752341445 10.300053594406338,15.777337033879853 47.07629892395663 -51.13837267025765,10.194413191499722 163.45516491202946 59.15181560093852,18.49904082240846 11.126445667107665 8.666397752105455,-15.460066945215358 -19.55602715426857 47.139089857891356,19.431634259050647 -37.6282242952934 -6.684732706968235
-8.000527321021504 8.099670415821365 -9.68379098159069,0.14072817883354816 7.592531672773504 -7.191375597503503,-9.905985713446729 5.821178694210018 -8.556951647115913,25.835332234553896 -5.307593841192916 16.597321754706122,20.188316423509626 0.26425327552195355 10.370795982848195,15.306180637566317 47.99412817379797 -50.78121714319792,10.197824145432334 163.9612453892471 59.445421674097766,18.425744344796687 11.229268395329068 8.882884709348653,-15.474411213731903 -19.743975482459756 46.994401164514386,19.212630620002177 -37.06924468934505 -6.492108624408287
-8.072471700808965 8.456050326593886 -9.846380847159587,-0.3802098350335861 8.010451920922458 -7.431745903590851,-9.369405759128611 5.6267401363032015 -8.456296370025768,25.002596416157242 -5.627109351543515 16.526812699680804,19.865523566096876 0.31329129662879207 10.285664404779066,14.508559059320033 47.87401759046447 -50.433700925402555,10.394469295465594 162.80870157834607 59.043741889099536,18.093015548759126 11.311181222304956 8.962972574597078,-14.711099227715701 -18.394214901093864 47.03925424151004,19.01586106797518 -36.57250552284996 -6.322812168060938
-8.294308867533896 8.641566847726455 -9.899306787333991,-1.0786392779822087 8.34153938579033 -7.710056122845378,-9.237189235795952 5.429198675404391 -8.124370844245842,24.8338390280612 -5.8501078300688 16.349892235560603,19.405969327899136 0.3431130703773191 10.140243337950091,13.645483563583555 46.965358855814735 -50.13222255877418,10.72223661804599 160.69168062380817 58.217748446743734,17.636699375790435 11.37015743805015 8.97407324936845,-13.65870043063493 -16.11726256288494 47.206460882092074,18.877753636826558 -36.23769177395788 -6.213215203967418
-8.437990217504934 8.815714436413733 -9.977942510621926,-1.531623783011547 8.607291695645515 -7.933936480986457,-9.372465913986888 5.297124745361572 -7.876539837640896,25.057149068937694 -5.877539555779127 16.337678877022427,19.01295447063706 0.3700567686932371 10.065576611832544,13.04288345758567 45.926675522458225 -49.891196630801005,11.038254129485765 158.82855724179907 57.467417358828925,17.24119741437599 11.4173510511768 9.015538511136528,-12.941707401800262 -13.850132888895605 47.37492737031434,18.80206073293362 -36.07345985466958 -6.165904075942668
-8.344270586843122 9.094772334852031 -10.184043396358181,-1.4558816149066516 8.823812549034685 -8.038723904295153,-9.575204145227735 5.253774567380851 -7.937716549089695,25.323360121509424 -5.6943305395506085 16.63962429936153,18.830408209219 0.40941771966319407 10.135664293691015,12.911982340172884 45.425050282689824 -49.70724063740792,11.189183660872718 158.24318194811036 57.21951119882864,17.040091462520678 11.463754645174626 9.13496885750807,-12.938285741299115 -12.349637915615462 47.45233292712968,18.76671078306761 -36.01455740149139 -6.155521335015168
-8.027617643556724 9.45442958647585 -10.517088445357519,-0.8789024712269224 8.966771188080974 -8.0155120112302,-9.716515669009846 5.2678529017375775 -8.312122163484059,25.437585672253235 -5.37671353229916 17.184003314751,18.868949698967608 0.4631946177990395 10.31719435713963,13.236299343665076 45.74279667590151 -49.57495905070407,11.08833151456987 159.2055900446881 57.58876965236,17.050352902941263 11.50962361931625 9.288073355442215,-13.566391365454537 -11.837820356865178 47.42875901134726,18.74361691606706 -35.977017161835484 -6.149270084433777
-7.666604919321148 9.740286261289 -10.87599248605209,-0.11876986183604288 8.980351200398177 -7.912747764783187,-9.796286754135565 5.2777252871108855 -8.792819100346012,25.442581029693436 -5.049420124966069 17.72540735244654,19.01218913204333 0.5174374784712124 10.490766111248293,13.789865066588135 46.613738396170255 -49.503735679738085,10.757374557590541 161.13808942884646 58.33426159101668,17.174661249477044 11.543166232726874 9.366493143004073,-14.35374651744101 -11.974091571220562 47.370413082290604,18.719095258350762 -35.91711024357124 -6.129365329662473
-7.492255019273347 9.771757829759068 -11.1237559678539,0.407984424867319 8.820327136566764 -7.809844561720929,-9.906130343218113 5.2333833924125255 -9.097284846984692,25.532184967473626 -4.81921956091095 18.00047257264002,19.094923379804882 0.5501654039406497 10.52729919699828,14.272668155749173 47.376198822361886 -49.52340361199246,10.310544249177081 163.00761421924403 59.02258761583138,17.266580884136644 11.548524236837471 9.272920913819558,-14.734539132644604 -12.132875537873812 47.36294782893219,18.702842325917118 -35.85919338362593 -6.104140724471829
-7.6470414899981005 9.46670705802017 -11.170692810448205,0.43046459902266676 8.497875851395024 -7.775770922013408,-10.13929660401788 5.130070956862066 -9.042513560563169,25.87914864996911 -4.724009805661469 17.889259698638263,19.00437345194942 0.5444061679695621 10.37010093122829,14.48134596691887 47.34843404668637 -49.67316768546702,9.891301985070292 163.9470792643691 59.29073800815026,17.218483098906454 11.517161876595882 8.99302070651225,-14.386256044750546 -11.798786482889055 47.445449052191535,18.720583336009742 -35.87705783649241 -6.1016176354527865
-8.100771079967236 8.904879910275458 -11.024467749076424,-0.026309782597124354 8.091018444640898 -7.833809391921719,-10.514669905109537 5.013008471664538 -8.654445902977717,26.501763896288594 -4.725681268443995 17.48220876016476,18.744994456211924 0.4981886947914646 10.071494413579876,14.415006757493941 46.20840256943059 -49.97873813631153,9.59771380178362 163.73443905763452 59.05105164417007,17.021431519265974 11.454962569522289 8.616681915841168,-13.406808365925349 -10.845069403381762 47.57988175791391,18.795259690920815 -36.04122120466856 -6.149851797905304
-8.67117686235407 8.29042530307793 -10.779322123007587,-0.669705383425736 7.71308762208998 -7.950884280789332,-10.96243571440052 4.950426256267293 -8.149966710352473,27.251476353452805 -4.747600746146703 17.01601687781048,18.43122312958499 0.4256394622186014 9.762455525093227,14.256867159496997 44.16266661108556 -50.43059569199836,9.438183814230992 162.86323400985765 58.52346459602645,16.764619101257228 11.380419292987142 8.293832259405187,-12.236644739831213 -9.551635532219215 47.675735372857275,18.92831443137485 -36.364554322673314 -6.256133456915329
-9.132348880834268 7.838609680749336 -10.555731435760862,-1.1229004815577 7.456706607458866 -8.0571021422776,-11.372178426448984 4.991274502752081 -7.807052857190301,27.914696027797696 -4.730793606806232 16.724290910896453,18.21560967572686 0.3489858707217759 9.57524002694776,14.246638174226131 41.81483922422257 -50.97650488273017,9.341013217556021 162.18989447503787 58.08637312452685,16.577709206197813 11.315100065290025 8.151255920019057,-11.38558947612462 -8.383505076739338 47.65276398324902,19.09247751521986 -36.779316297423016 -6.397672973158061
-9.342816951853116 7.658277910236896 -10.43087258921703,-1.1498509133294483 7.34831290667047 -8.085038084011371,-11.662803254028763 5.133102348332452 -7.803415654483219,28.347399813680042 -4.672915040844469 16.69912558262995,18.196677224217765 0.286682185285808 9.566979769155212,14.522148324514148 39.81827322736332 -51.533540797894304,9.20996237436215 162.38875595213756 58.04275134630791,16.5517070339563 11.272366235529091 8.221030376857247,-11.136079652901522 -7.687855234917972 47.49977332689866,19.24068096213415 -37.16004920203521 -6.529558688551857
-9.31691862703268 7.701891588004465 -10.40273312096432,-0.7882979346917232 7.3417934509881055 -8.007526434984126,-11.823798760720136 5.319447799841857 -8.119102940806448,28.547461169748686 -4.626467482336585 16.848549197415352,18.36079049078333 0.24483459606094748 9.690268228357326,15.02487386977798 38.519653904634495 -52.01378414726107,8.99163429411122 163.54476580561126 58.44227528502688,16.684751891822568 11.251221503018453 8.423896536466023,-11.399417510427032 -7.500198515774497 47.28992654471915,19.32638525213165 -37.380011900466755 -6.605639790399775
-9.200747923768631 7.81081482200378 -10.406755478000274,-0.31652795829531044 7.35483239116424 -7.853307003429966,-11.902476005213689 5.4685457391325 -8.55738282382973,28.620837680133956 -4.659225831533233 16.97157273993764,18.590763759304348 0.21664768230523623 9.8270072012423,15.524674024703714 37.80010513875433 -52.35031391749893,8.714261228564752 165.11664993352935 59.06080712535969,16.883302924162088 11.238799666228672 8.617231163748048,-11.801665635124511 -7.566544170006034 47.14103122621233,19.32411714713851 -37.369594529050566 -6.600525219465943
-9.172838920190195 7.823825150601779 -10.369932949864369,-0.08011043723735867 7.324365736649403 -7.691771528328482,-11.952324402813376 5.516764112636231 -8.867144716291214,28.675306781823643 -4.803749454759592 16.89837284914851,18.73447379545538 0.1894836366264665 9.86306767876927,15.748349717939622 37.19986277923179 -52.51075191864841,8.474944633427876 166.27553720118107 59.54236656183826,17.016625489112382 11.219613434412885 8.678286425237268,-11.934907489291696 -7.547100625148065 47.14478381261396,19.239084602773698 -37.14448061701995 -6.5204053482985405
-9.333644155515497 7.678999157864951 -10.264855526121835,-0.2860493590120434 7.245569907748407 -7.594942528515943,-11.984929967174239 5.451741185582275 -8.891619633420778,28.725615146692277 -5.029360697978374 16.60423901485663,18.69256599937437 0.15457384763197546 9.757278443363361,15.536385561112791 36.24304402882544 -52.493788455354995,8.383375860409686 166.40360906243592 59.61376772474759,16.992253942603924 11.185675061668311 8.572746948125086,-11.61339648236683 -7.257194795937131 47.30947795729717,19.101164847894548 -36.789244743793326 -6.3970549648892305
-9.651190839050049 7.4458540578729915 -10.128677017184408,-0.8866824736553731 7.169708207125424 -7.597488784074358,-11.963652431926489 5.316483005524892 -8.65590779876301,28.683353601529532 -5.255240416934881 16.22537020249275,18.474697123274442 0.11318189043517746 9.563026479333232,14.936990051785974 34.76045243458493 -52.3144832575442,8.496360533131423 165.4518577818061 59.24323821867631,16.809127116687527 11.141366604691182 8.368525728096609,-10.978268451923192 -6.787485653223646 47.553192877307794,18.94749290049333 -36.40778875631712 -6.26914638357317
-9.992805651576603 7.270449067837916 -10.03656108612212,-1.6179783746993832 7.162944875221408 -7.676969263178328,-11.845135765885837 5.182737449783147 -8.34488544844794,28.44191932403416 -5.396789025103928 15.968704714778472,18.193180545730126 0.07566180062591865 9.390709336819123,14.18399732670673 33.01080576438622 -51.990033486529626,8.783421064607346 163.9497526288322 58.65175304128066,16.558824387345595 11.100466408235098 8.188490874961445,-10.39269534392899 -6.431202516940212 47.75343039580835,18.804079364319502 -36.070385269528686 -6.162114988541225
-10.21881421402962 7.271572120365673 -10.049349559837879,-2.16331066547923 7.253804316901828 -7.765643207830568,-11.637520750543061 5.109633218901029 -8.188719381299592,27.995313714423066 -5.415900011728928 15.975613225429255,17.99926217473982 0.05454644342636694 9.335675408773385,13.57243921366015 31.52340872748143 -51.53549173380285,9.145461050965011 162.67129175205412 58.174927611373356,16.375185233724554 11.077690580646639 8.13261011387477,-10.199269556183433 -6.473215608498309 47.8237295174789,18.676835084403578 -35.787567341037104 -6.078163149785075
-10.277012206697934 7.456389014078487 -10.171520453464398,-2.3408693349178513 7.404877442209792 -7.787892684134822,-11.428371250160684 5.111582327913969 -8.326180106329394,27.49912052900322 -5.342912919477162 16.227990064443272,17.99933881916708 0.05651374594385972 9.416907567740878,13.303262415898622 30.756159574394204 -50.970365559436466,9.476357564587087 162.16424527458594 58.060683746584175,16.36131553717523 11.080348564778818 8.217553857250532,-10.493700698985027 -6.983364362327975 47.76999075284094,18.556286434132176 -35.52384655245309 -6.001510004780015
-10.238464611738944 7.710527086237285 -10.347853233109117,-2.20294083339574 7.529298768414724 -7.703037315469828,-11.353076911860148 5.153398380139105 -8.725936028196337,27.215653509973407 -5.255707144224358 16.557516222176268,18.19832157203943 0.07851942994067862 9.564334694521504,13.384064121866972 30.78017524647561 -50.32817357984895,9.73034602886242 162.4249061042795 58.323059537649016,16.534630948645415 11.105280199011997 8.369916469763556,-11.055254927456845 -7.751018462333974 47.690426987292476,18.431880861793797 -35.23987499291387 -5.91467701067314
-10.25349687232365 7.869445513158514 -10.50098832637564,-1.9919481572589284 7.543633402078635 -7.530005448972287,-11.515366347748158 5.174375785523693 -9.209005819580058,27.36307097964032 -5.228659916932068 16.752617559148376,18.5004083482754 0.11039662775964665 9.662255023042523,13.638434405595513 31.194182141251336 -49.658194234771116,9.952687542236898 162.9091777489325 58.73684901051229,16.81936165808922 11.142544164714522 8.475688532811766,-11.475540344558082 -8.40508487305188 47.71684104024348,18.306133316126857 -34.93482998698396 -5.815048934167303
-10.45706733270831 7.82557961183789 -10.584481551764437,-1.9854031201850828 7.4242728171698325 -7.33993383765687,-11.908640568373563 5.126391373555794 -9.555041055175963,27.95962690562399 -5.283830801092003 16.694856929041226,18.764423567967295 0.14182990350742375 9.621755440412537,13.813797909737973 31.338917607557192 -49.01412679159347,10.251559503950258 162.87000594504178 58.97397231347648,17.0889632401238 11.182828156775939 8.454169411637334,-11.405079562919495 -8.643641721076875 47.93099631655775,18.199261320020216 -34.661426241847764 -5.721046673476882
-10.883801292190016 7.602062643680274 -10.61501174312226,-2.326839860276664 7.230081803050037 -7.220150496570563,-12.394105561141728 5.003588782224007 -9.627301296571886,28.770169622512853 -5.376086751487491 16.436843126136992,18.880854630909326 0.16870039409955595 9.437311442495854,13.723273675061073 30.699270400871917 -48.43469814108915,10.72429997366987 161.82011765131494 58.80020588537862,17.233655165136916 11.223179131256241 8.310061951666924,-10.766102988126553 -8.426155930783658 48.30623064070847,18.141056893114587 -34.503417621578265 -5.663848426115361
-11.446046054951136 7.343806420313053 -10.660422029507846,-2.9444646508548082 7.073406305549626 -7.228659999722085,-12.761387057519672 4.846894710777391 -9.44332973302928,29.407360447175197 -5.422850177637203 16.169879127118044,18.82736069369312 0.19427461980857452 9.192541235952785,13.341547681489786 29.25735492652483 -47.92916100141113,11.38060507348162 159.84792063849306 58.21732111222521,17.21577501372836 11.26693732024585 8.131492039883256,-9.802181161618856 -8.003557857628934 48.71087779552132,18.154794361546656 -34.52901431075562 -5.669647625203306
-11.988291597237303 7.228181627043009 -10.789211677701134,-3.6029072130027053 7.0533772021281536 -7.363575613348085,-12.846090909572965 4.72170242388638 -9.153238018496836,29.545058046974173 -5.360545420022364 16.099246326597537,18.6736136463483 0.22427995275499168 9.011183296905209,12.805108285323143 27.571040632622577 -47.47990841048471,12.110880226735286 157.6015428115723 57.468703502735835,17.083942636813212 11.317858328686608 8.035224535613926,-8.935646642129695 -7.763271591757906 48.97420524492397,18.243077757037618 -34.74896806707542 -5.743427381934639
-12.383400406570713 7.3486704656904145 -11.013512743545292,-4.0518162802061095 7.190285231737294 -7.563950572597953,-12.638281578657754 4.682437744594528 -8.942915451406227,29.1242726956719 -5.191627464054041 16.30474509227939,18.535735802256255 0.2592588070031839 8.982751643625171,12.323890943110769 26.500860546829742 -47.06428922104397,12.724707403237957 155.94811143038424 56.90563331202857,16.940610771934114 11.372637963463434 8.092768371608713,-8.52028354785175 -7.983901318353487 48.978607636893955,18.38458376435744 -35.10582141640511 -5.8645033749137845
-12.610075912104818 7.6438076312462115 -11.264233737068494,-4.1779126285235915 7.401862217163746 -7.74148962009367,-12.31324989583963 4.744495538418404 -8.92218466873127,28.42374564187927 -4.990320568735506 16.676076071924776,18.508185021089055 0.2898375636770577 9.107760020782049,12.060697721713485 26.714167900280316 -46.683957279404005,13.044175599727275 155.50085248655284 56.790626514320145,16.882841126667877 11.417585826795337 8.282681597997389,-8.638808855120434 -8.653844613506658 48.725695298304736,18.544198225745312 -35.50223950008068 -5.997039244752096
-12.762896249226324 7.918181665969804 -11.418819113944288,-4.068159553329913 7.539282451026431 -7.825952159762562,-12.156269824529142 4.878701587815483 -9.063670785717793,27.93806339654857 -4.86017687790077 16.96828387971074,18.611579551944217 0.29907212610893885 9.295656178306757,12.04888153386653 28.241141572667374 -46.38192679295444,13.002329944530942 156.28054841671823 57.1489775548296,16.94934672713042 11.432868545717957 8.49835571578594,-9.065570184220059 -9.471477416092938 48.338345598271275,18.690947013723026 -35.8525922655888 -6.109602948118169
-12.98858857780682 7.947163759504777 -11.369489974994092,-3.9486724359865595 7.465591592402765 -7.799799540065599,-12.414673846818548 5.029744282241307 -9.225395288837902,28.11789032585643 -4.867430013908787 16.94817422574115,18.783846693827492 0.2715731072933453 9.416893140509272,12.19160127233477 30.353119365777363 -46.23169740149399,12.689116018094367 157.70115459483705 57.75167817054655,17.101590008766674 11.402866434348603 8.606863797065875,-9.413529450197371 -10.033001509135337 47.99731658848561,18.81327781510381 -36.12741177965019 -6.192150155812275
-13.388762084418161 7.605567696977774 -11.092858778576705,-4.04093319981777 7.132881247342368 -7.70371106425645,-13.157146256666074 5.146377035095796 -9.239860736698876,29.11352505974274 -4.991613486901926 16.54389197231759,18.91674740064522 0.20437515390627925 9.378072255894578,12.335562136496568 31.87130618673138 -46.29876548852022,12.312707102661395 158.88816100535408 58.23943633839281,17.246980036720565 11.326780519105085 8.523667124101854,-9.373181505019891 -10.095604295975184 47.84819314616305,18.922644282900595 -36.36400916017021 -6.260114399409729
-13.951159608721719 6.943987865954873 -10.677630598095687,-4.426637510157292 6.613062886066465 -7.610587185520306,-14.222228589406017 5.205570765341987 -9.014799468411784,30.67050482104944 -5.1272044601105415 15.903621009110761,18.915112801151658 0.11254914298603835 9.175327755166542,12.369171645636728 31.77500162671923 -46.59395533182546,12.090813234428818 159.15524039242945 58.32020101608952,17.28944175525184 11.222582570628889 8.258666078530304,-8.896930432133892 -9.751646945552986 47.93054862866613,19.043249826781732 -36.63653855243255 -6.342911931758953
-14.554827450700255 6.165581930105422 -10.289377097529734,-5.005398057565973 6.062276160828143 -7.582753685305575,-15.291597757960364 5.217961063993798 -8.586946221612175,32.24574812047402 -5.140414503761979 15.321058863392116,18.745434166551806 0.024861843417529617 8.894190962989374,12.284127592583953 29.793609010268188 -47.04816243369221,12.129095747739022 158.37980881101998 57.93339645026912,17.179104973245536 11.120655285289772 7.906618593639814,-8.217464716855828 -9.397931215845368 48.167192091511,19.19417301146554 -37.00339849705164 -6.463652577563109
-15.04924458011655 5.513697652532766 -10.087614679427112,-5.570939288280295 5.636662757384476 -7.635940102588984,-16.053722251370246 5.214062722976886 -8.10035009384983,33.28857898970398 -4.9507565234792645 15.06495575455674,18.44845724184968 -0.02970130394517967 8.656035537683094,12.16518318310338 26.644093168107595 -47.53099401923632,12.357229078915807 157.07389004585815 57.2924556623123,16.93502084977599 11.04932943937632 7.588407064135609,-7.6904907064348365 -9.505646835812165 48.41602737100194,19.374917825309648 -37.46431964170713 -6.622494508734404
-15.360929252247145 5.132873352716346 -10.139246024533126,-5.957880237790231 5.405579902216944 -7.729514116274633,-16.37026885786672 5.222031717363167 -7.725193894666493,33.534676693342846 -4.588714978269751 15.209873501624386,18.111258797277294 -0.03812591927122311 8.542679605424118,12.118013024501199 23.739715986352884 -47.91279001224159,12.567227141871077 156.10810226195187 56.781010230254715,16.630326606076792 11.019591718006119 7.37862226949659,-7.558504928223541 -10.319140340679063 48.551565942696065,19.56372270396685 -37.95481565873619 -6.794372887918
-15.561920270024705 4.981490882235435 -10.376359810174066,-6.167722677453536 5.310581922122585 -7.787853446224634,-16.353043818657234 5.251427145092295 -7.565106489959218,33.15002106961245 -4.191065802764729 15.568670952115312,17.815666771953545 -0.013501348561277604 8.543111736209474,12.181989802502006 22.469691996552566 -48.14220266856786,12.544615676235468 156.22453702577695 56.75201451075813,16.349060952385813 11.017409715429025 7.262086574194216,-7.7790035009104805 -11.660954047837889 48.52829635337616,19.73055801313164 -38.3840994950493 -6.943566051342749
-15.855021151041484 4.844595136484967 -10.62252620666301,-6.395311741560935 5.193044375914955 -7.74078237872537,-16.307554735039652 5.291764465115861 -7.603027499428633,32.64467548692481 -3.9298202925964647 15.770738947139076,17.590530642745197 0.00714705323019138 8.55260486525621,12.281904894020727 23.391488727905458 -48.295983356972044,12.228739980521937 157.57672475404405 57.325277440548305,16.137469833218603 11.008481119038075 7.143420380413726,-8.020431182537353 -12.96525891656137 48.391916172016614,19.85787438164374 -38.69641948053042 -7.047459901220843
-16.479101909750455 4.438078722751348 -10.67372455202942,-6.937435819758456 4.874748518691892 -7.560979777650358,-16.57368671775137 5.32391231242446 -7.709329488281852,32.60596060099243 -3.9102419196420604 15.446287607819617,17.390976731021915 -0.0226566549054924 8.423381764552648,12.247558728818772 25.75590443753715 -48.56524327618766,11.81406716889672 159.5155782260514 58.27678805633154,15.973941350160963 10.953653756344002 6.901390540522174,-7.8278354020202014 -13.53266547549636 48.237554408552825,19.957028706582882 -38.92038481293027 -7.115859746834394
-17.58536505362712 3.5446456374513 -10.390074764079959,-8.036157810583095 4.246405792989458 -7.278473482862613,-17.351769436204115 5.333871389676839 -7.699385960854029,33.4019773812639 -4.094694539010006 14.41536728940848,17.11259785848752 -0.13858334860957533 8.036410460883179,11.889351150181504 27.648467854394625 -49.17242188812567,11.725743115210822 160.71872498324484 59.06838120728963,15.771373250130988 10.827443982044006 6.453601102359415,-6.859708372231333 -12.871657742737984 48.14587951710504,20.070040405415206 -39.17560575763752 -7.193944227632418
-19.15378289537411 2.107312328607554 -9.750075408549062,-9.747875556356117 3.3158902850841896 -6.965243389081026,-18.60974772857154 5.317773764991504 -7.403771864888855,35.02015943507078 -4.298612523980535 12.777382763478881,16.631769219629298 -0.3492663610658916 7.3533933300101095,11.086519305783256 26.73868694196156 -50.25146273547149,12.462163641318146 159.60518329440492 59.00431854925954,15.410125429003495 10.630320539408729 5.792931631560872,-5.058329774273394 -10.940639186084534 48.13913095125245,20.254124604587787 -39.62870708286977 -7.345673278999014
-20.996742108397186 0.23509145988542632 -8.842322905234663,-11.91236157196921 2.192389710055709 -6.699209841302643,-20.11964030497926 5.274332226565997 -6.7155955356760035,37.12359830690315 -4.267079715382778 10.854456619152941,15.853431925429133 -0.6319595388197864 6.422185907190007,9.840440715180836 21.323972666648345 -51.749563508210436,14.366283275573181 154.86392724379454 57.4522569768489,14.786666880094455 10.388746812917672 4.976925007341012,-2.6602196293367832 -8.160108078776835 48.18349866147411,20.556001759925437 -40.41887104298027 -7.625307379063873
-22.847255838045605 -1.870932792239934 -7.80638066004025,-14.235363901155841 1.0200722395462227 -6.527507859363413,-21.59661496232284 5.191262276465779 -5.6017495385401705,39.27900332844068 -3.7959301529826943 9.025895733967722,14.74796712220618 -0.9418871425281776 5.338243334526756,8.268938266315892 11.191601481830034 -53.406158084303335,17.43042079935225 145.89786613815897 54.04864632225797,13.857938234857293 10.143505016918914 4.082051662043282,-0.052052385011931435 -5.1942544157708745 48.232476490862524,20.988913967283395 -41.59064461856878 -8.051526111437736
-24.481296017813854 -4.017917654036863 -6.762394249681034,-16.43149415667687 -0.09696768586879223 -6.448336394278602,-22.855723049421982 5.038123474181006 -4.090694128582277,41.21111658793711 -2.8351507858419778 7.551405654388681,13.366441484848647 -1.230217817234002 4.190722884310587,6.552573986617355 -2.1140388571337017 -54.83152754214858,21.232599446007736 133.04003844521196 48.82348838248973,12.665011916645721 9.932860238224169 3.156704403569161,2.43111213361348 -2.6292749525883323 48.27836660003366,21.52421033220819 -43.06876532805757 -8.597542876784889
-25.806046137338043 -6.085316831221418 -5.7716506485812245,-18.341850530977858 -1.1341903675892357 -6.41959287341639,-23.8938887389699 4.775030031022051 -2.260523222700648,42.9282614331296 -1.5200174781521993 6.482108128160773,11.83272888284527 -1.4616568106587817 3.0285774584350786,4.868477825327547 -15.766966011803495 -55.65836382718732,25.046611050187078 117.49565652092933 42.21308997576703,11.328634378781537 9.77929898934508 2.205909205226708,4.640164268567744 -0.7276396743891329 48.37363258964704,22.10185315990353 -44.68779320557628 -9.202179175979664
-26.868298575570268 -8.020471123807148 -4.846735593356628,-19.961862840621052 -2.130243844841904 -6.387475632270153,-24.85230473089834 4.3760839182382085 -0.2408551787945381,44.648115158953665 -0.11320808928769699 5.7010709224840195,10.317145968368752 -1.6236516429020753 1.865776839617257,3.3474458159818097 -26.68684462519409 -55.69950785529082,28.088631747887774 101.05361832493021 34.96485375274152,10.01912949515539 9.685827050790492 1.2176915402713755,6.6045486563228195 0.6151686712162645 48.60392428945748,22.6544045025691 -46.26064760247178 -9.795815696387626
-27.785867548511575 -9.782986546288063 -3.995659483905754,-21.374661847875785 -3.1300104997740474 -6.317727231413932,-25.888277429223116 3.8548193147869276 1.7802444977567067,46.580124728746725 1.1117175341331795 5.054685556865017,8.998364373462408 -1.7243270753167768 0.7166471095000029,2.068318394810232 -32.67643438678783 -55.035996811290374,29.798549912555682 85.66452224950237 27.964153458332966,8.91053726976499 9.64194550020715 0.21080922648448297,8.404954218357773 1.7086429512114938 49.02758439837578,23.13236206589282 -47.65063888687556 -10.327631176698995
-28.650221860710474 -11.290947661548703 -3.261397694930523,-22.645433634303153 -4.127530787202287 -6.211837443132355,-27.04118980390303 3.2743080319196323 3.569054933326008,48.713011307917924 1.9848634144706279 4.482296826512157,8.020761043264557 -1.782410364798361 -0.36923513349743464,1.0763338869238175 -33.18412030444773 -53.98860031851772,30.035923564320882 72.99686834643141 22.02776565164039,8.132529459050266 9.6340087095515 -0.7338218118297197,10.027302241159127 2.81681067879314 49.62102263445669,23.518678154764345 -48.8117253905273 -10.780626732649166
-29.463316084209453 -12.420380587397363 -2.721714767586219,-23.754563784861638 -5.048708404002424 -6.1000829555569815,-28.180742478141703 2.7309234144157144 4.898346950331589,50.75503084989823 2.4953273782870022 4.056966581637415,7.4556392523003625 -1.8160663526103566 -1.3037382448467651,0.3981669104333616 -29.385774149774228 -52.9805914265559,29.107936431128635 64.0738486284083 17.714023547887287,7.733873276615448 9.652870999871057 -1.4879048772083996,11.310673948563005 3.9806405733594943 50.26903867987958,23.826677991157844 -49.78071588431244 -11.168294459074152
-30.147333359454326 -13.070780191076997 -2.4421996603370664,-24.617977829459434 -5.787765828662565 -6.016966336652205,-29.07442038840273 2.3153844225621834 5.632470300688693,52.27977849511428 2.764502082430006 3.9112828991268027,7.276991013714815 -1.8368612085922311 -1.9982452666459176,0.0346193912431183 -23.59129631720155 -52.35288022047125,27.622010352077403 59.07342324258936 15.198408758077568,7.668528076857519 9.694427495947037 -1.9372951671466976,12.037268262411331 5.019309634035113 50.812930212584625,24.08460512093927 -50.63164460951203 -11.517017276606978
-30.618130148113185 -13.258829603415606 -2.4103814298160167,-25.18109669756556 -6.2761383634356065 -5.974541343641409,-29.53591864637991 2.0693002059024557 5.808122344183664,52.99819021695433 2.959873260708152 4.100147048280213,7.362780643640822 -1.8508115821027789 -2.422956732407168,-0.06445120974767993 -18.273564060590637 -52.217534146489854,26.232850703312703 57.34516349009871 14.252129260067182,7.809968579180429 9.753952221371831 -2.057820400483866,12.11279134730032 5.697751949678532 51.1325727601221,24.316579581331105 -51.42147562541816 -11.845523483283934
-30.871446045188044 -13.173612611311434 -2.497609595683083,-25.518609268167165 -6.539857001041897 -5.949798183504709,-29.562936576317664 1.9608989712571607 5.660324903632529,52.989490656899356 3.2021039967788743 4.497800170964055,7.527568428059009 -1.8635363741852833 -2.6483794160494107,-0.017308638439328394 -15.156973557517619 -52.418593698021965,25.396452033180825 57.65094901486822 14.336641214979506,7.991275479825962 9.81956844492368 -1.957665489293521,11.715479101308095 5.9404969692842835 51.21453116085644,24.530416361395787 -52.15756031146139 -12.153071924535231
-31.02149436166585 -13.1410441946419 -2.4842620785803704,-25.861990283417143 -6.705997963705487 -5.893675286756952,-29.3747779004932 1.8956393215389562 5.561234861461615,52.736912689606505 3.5167253628257322 4.809015255433818,7.580991590502974 -1.884057549517046 -2.835544244639653,0.007896974695703274 -14.735302145601041 -52.6177258407974,25.233289008973383 58.571635650800516 14.790701533953966,8.059432711809018 9.87088627965019 -1.8526272940605817,11.299052273927469 5.942391870998665 51.16281510947224,24.717606895821724 -52.80141452375285 -12.421770461131166
-31.260656089514963 -13.497316093694499 -2.1474421343517074,-26.519128970832654 -6.948478593064804 -5.756579228358154,-29.317984681050085 1.7594543550118626 5.883237165880473,52.92449007179955 3.8508396697364526 4.703333676909395,7.3933357188430175 -1.9232600798398225 -3.1700420319051075,-0.14677273380227973 -16.36156392839829 -52.462107384384815,25.546941506921534 58.95547840031591 15.049571653936113,7.9253742915125205 9.885337630110293 -1.9776002870735558,11.419253678207758 6.093489943470029 51.141053459525686,24.863216893329763 -53.30080598853479 -12.629631302600957
-31.75907302305742 -14.43034793087259 -1.369852836461627,-27.720510876521367 -7.400743437380637 -5.51588669139446,-29.68809178243545 1.4741842702313384 6.843690200532208,54.095376148466855 4.134471471019045 3.999827826368518,6.941694813121593 -1.9873263267628574 -3.7700952543523005,-0.5519733653410661 -18.784838691483312 -51.75316662127469,25.971553774514764 58.2497805761079 14.816343557797389,7.590542632505589 9.849266428097504 -2.4765504883989458,12.465508932189033 6.756347788216204 51.27620928883599,24.95807001327944 -53.62658302517222 -12.765011585876445
-32.56304697265939 -15.877069376434601 -0.20938548995940476,-29.479979956329743 -8.084928642084025 -5.190018941173545,-30.56934286329274 1.0368293726451125 8.408244112274772,56.36298083332542 4.340540861422085 2.789806859405645,6.314490724764782 -2.0706735136129026 -4.618896495168004,-1.1420799708367202 -20.82863127924198 -50.536676630528106,26.166998707175242 56.58555763618017 14.117968958979858,7.138259069485853 9.76696508404979 -3.3301573117404453,14.448720539971527 8.033079399288978 51.57936870844319,25.0053555457345 -53.79088413721212 -12.833356630249277
-33.55587659569482 -17.54168759859852 1.1149255518126608,-31.55931340460802 -8.899790453334065 -4.831544177842671,-31.788095235315662 0.5217292621786878 10.307170537602627,59.34574341928011 4.502119626797234 1.4140551147757634,5.669019613353649 -2.15414049760241 -5.562580212448381,-1.7320031977145138 -21.886740009533007 -49.075545132059574,25.968529275920236 54.57968205597142 13.22438490430887,6.6923855661082285 9.661250851629388 -4.363344842994408,16.976269359039215 9.67333891173964 51.932051072813735,25.018413911212342 -53.83803363435029 -12.853068366409534
-34.5099521203331 -19.035432464531908 2.3204291949025007,-33.570158321399234 -9.676426364699664 -4.503614785680678,-33.01124123287937 0.04410272084830558 12.162997675068338,62.371952880761825 4.67694288806933 0.29526006376169267,5.159192109361495 -2.21138495298858 -6.380625163655817,-2.1033013715363866 -22.046007305061018 -47.72498760174746,25.430057595892066 52.94497445298662 12.47045730039715,6.360737808012239 9.563873870902203 -5.332046384151651,19.442564527606415 11.191932603450205 52.149535404863926,25.012651331755944 -53.81833952838584 -12.844787697380895
-35.20472781872528 -20.067841029494367 3.193615483523201,-35.16553394598384 -10.270924989096201 -4.25301867297661,-33.93532445040424 -0.29594026444667865 13.667548886354153,64.84343666856519 4.886699416714279 -0.2842738408859349,4.86698945546043 -2.2212554216376894 -6.894303003955618,-2.12054314322089 -21.84934007020719 -46.77570124992509,24.757469465520266 52.09419395902826 12.067459492008261,6.18889709835911 9.500302130125933 -6.043786231607813,21.336617032035917 12.135249829932132 52.08696676191111,24.998219166505375 -53.76566379617563 -12.822471457838
-35.54425230886912 -20.58568027594838 3.6867946903899615,-36.21524986934216 -10.640489338466866 -4.094239175298064,-34.45627264792123 -0.45938425554724827 14.716928944362529,66.54979631803288 5.0779129111456065 -0.3302382624246798,4.771353254645065 -2.1795579114891996 -7.055206091657342,-1.8145150045179976 -21.88097898304249 -46.34157170682238,24.18067510647093 51.93281599749343 11.996959422327318,6.146213830445049 9.477341094475452 -6.446396161802065,22.493890204687013 12.33930564290661 51.72695001821349,24.97893677993688 -53.69519410500423 -12.79271097089257
-35.605723446509444 -20.7808546998202 3.92468402917763,-36.862553338232956 -10.858437903535998 -4.0118739125041945,-34.71853082816379 -0.48061226191467643 15.433331701628077,67.74892950300722 5.13896180919655 -0.11807415544329203,4.770314365625955 -2.10306517027744 -6.964824446861878,-1.38049402055662 -22.412727637899547 -46.34058079852639,23.835718267714086 51.94284058195451 12.038266727748177,6.150513433387355 9.480968214695753 -6.636357315319692,23.14634265457805 12.020756014339549 51.19625197312203,24.957840951107954 -53.621509747637326 -12.76212589201111
-35.58959150578253 -20.961403524217182 4.11655717071379,-37.424846808445224 -11.059317693385562 -3.9779471736755907,-35.01262213363606 -0.4412754207720808 16.063910923359852,68.96480538180703 4.970616784177234 -0.014191340617217385,4.744471258379974 -2.0225196992978853 -6.813814467751981,-1.084366814114179 -23.281970175161103 -46.56734753040785,23.713455151382725 51.506991564058154 11.910091903700973,6.1183583344209005 9.486027070896812 -6.784049190906639,23.74072900957112 11.640225775161234 50.700222459750755,24.94425712834267 -53.58007025955326 -12.745908399818202
-35.69955833721745 -21.35905902862107 4.423917039850333,-38.19275624336565 -11.347252832025482 -3.972455389185125,-35.581293730538185 -0.4222654324551951 16.815887457912197,70.6224217972523 4.568566246284893 -0.24055364098374452,4.627245874271823 -1.9676740612108912 -6.774996718721091,-1.1229052152555852 -24.029667878277497 -46.81031144607864,23.690568458018177 50.290035082253816 11.444845074282814,6.0139748203305015 9.47230406237115 -7.021422825441768,24.634045892687233 11.617111361864852 50.41295576592853,24.95532235212258 -53.62981637910213 -12.768534933447787
-36.022931741493025 -21.985898429036336 4.8607134137764465,-39.244806450740356 -11.723458948672418 -3.9945463251987516,-36.451879749335625 -0.46184353834173875 17.723897204263753,72.74187207328134 4.061517759283755 -0.726520876132283,4.44283703858453 -1.9523709476969395 -6.910870238401047,-1.515229802587677 -24.18960832134368 -46.94913635316439,23.61520194169867 48.4579200714765 10.695241469638663,5.870091945434187 9.437340963889078 -7.359776090696571,25.85268865535425 12.070792242572034 50.389174996435706,25.00815481488096 -53.82569396207243 -12.85227002848849
-36.48239307831294 -22.62637934741717 5.285754897140647,-40.38984599880206 -12.078286859614598 -4.05829152776187,-37.40022844938133 -0.5432008406622502 18.627640389295205,74.88430347285383 3.6697484919725087 -1.1452350274418723,4.290095883008349 -1.9681512082487136 -7.148331041856539,-2.089829410054338 -23.55651790919476 -46.9855508123169,23.395401506262317 46.602663083580524 9.910270140148981,5.768776679182584 9.397892016758409 -7.687506567387088,27.06814640827099 12.753057146182629 50.55220344661456,25.105612643949215 -54.171708260729716 -12.997938291652838
-36.88806823113558 -22.972448057556953 5.493599140803874,-41.27615883148498 -12.254722485191083 -4.176903641191217,-38.07432238449387 -0.6165852427166612 19.273751620777617,76.39469039396585 3.596315340489634 -1.1222043546700142,4.280906754888971 -1.9903058488804912 -7.334262633913746,-2.579622731630331 -22.292799110638263 -47.00155909344202,23.043783364592038 45.408123260757314 9.392206960629725,5.7924225384519845 9.378612129249134 -7.849521573743915,27.81249608443244 13.222101973321555 50.766444545976746,25.224519992585627 -54.5837886055851 -13.16995116456145
-37.058491682199126 -22.82328961654538 5.351063819043513,-41.60631173726859 -12.146501175390682 -4.346459134045723,-38.20796794641061 -0.6403734597411876 19.481668583113176,76.80444624012604 3.908848280871701 -0.49470833608589526,4.468199499322863 -1.993127181661239 -7.338073799045543,-2.774687051529764 -20.83342903307065 -47.07913558678826,22.66037126769694 45.245931233808676 9.31661284830616,5.972258289063582 9.394554035824013 -7.759515872620146,27.806608025076883 13.156391467579589 50.94914858450977,25.316120116340635 -54.89386331436756 -13.298335255875175
-36.936808815974196 -22.228938912805027 4.896593380673828,-41.3296991168256 -11.77134200286569 -4.540423241644401,-37.795370828141166 -0.6143828313873239 19.272718683524285,76.14995549197732 4.4846089102732485 0.540600008296487,4.805865222366415 -1.965544203557973 -7.1391059736552815,-2.645337056704766 -19.65730405384155 -47.233331293305426,22.370029171816242 45.9404551170055 9.621884140485594,6.264030182391114 9.43848732555297 -7.474053458874936,27.19443538241375 12.61040622099149 51.1477812089169,25.322905143993736 -54.90776692778852 -13.30279214371212
-36.63042551971542 -21.485714810568673 4.338252078685147,-40.69269849430236 -11.272756450647462 -4.71947292315115,-37.114241454384086 -0.5838984557011244 18.88009782238842,74.99995436087974 5.062400170318716 1.4979255913181668,5.165564569628103 -1.9177862767381995 -6.8452842433257,-2.3610498269327316 -19.054962563599013 -47.39796658313316,22.252832920949874 46.851665754181525 10.037354333533681,6.565854603643874 9.48192200096857 -7.177920461345227,26.521151045301266 12.03740137741061 51.52546287899542,25.206437600302884 -54.4984194863704 -13.131093146311036
-36.34813107569022 -20.97723439475017 3.944371672255223,-40.107960688891474 -10.845814448955156 -4.851416300438855,-36.57201095991606 -0.6112654918921945 18.62627842188553,74.15079997064885 5.384888408682036 1.869571608775054,5.402781541496104 -1.8747846734924836 -6.6302295078114755,-2.1888407610404013 -19.011377179486367 -47.46897400309745,22.305051356691898 47.24097263003673 10.238583396650096,6.769349396473031 9.49083634242932 -7.082912472988563,26.441551648686332 12.039782111218077 52.25107438182751,24.97269953166697 -53.689590357170545 -12.79347404088083
-36.27155454357834 -20.948760123460588 3.8860896250613775,-39.91351616040542 -10.628724391620242 -4.929276021443411,-36.45776382870374 -0.7324481922317445 18.734659542385515,74.15088880778144 5.357137261617645 1.4443766197321364,5.435062788272918 -1.8599184117357026 -6.625603812309206,-2.326205803694511 -19.252096135240542 -47.37561619761735,22.447969910679316 46.71228141072124 10.041188684465837,6.815541645249855 9.447867505766279 -7.296559371773135,27.31365771831034 12.978573273167232 53.35238002649757,24.68005838422948 -52.681214201382126 -12.372947064862382
-36.43962802033401 -21.348768948656296 4.124616616518302,-40.16411263013957 -10.624996532401052 -4.9759576919130994,-36.74724751387379 -0.9261959398823323 19.186425577148363,74.93385151718917 5.126909415852017 0.4845194331637448,5.286750768269882 -1.8788173400611368 -6.83415775048103,-2.7667280876326155 -19.413151756387624 -47.1341850570056,22.574480811553173 45.46326937079925 9.51686465568907,6.72340886813486 9.367678094080249 -7.740343462059776,28.91918129065585 14.676180283075436 54.622641211879966,24.421953627071453 -51.790532601764255 -12.000989732587078
-36.71923766280466 -21.83972845369657 4.416234349440553,-40.5860485858812 -10.705372333117197 -5.031318728638693,-37.08789853130534 -1.116879008090617 19.713399332564382,75.79803957622346 5.026006672513995 -0.36645314350932945,5.07272453053326 -1.9134701957134488 -7.118831079091653,-3.2833865574237366 -19.23569352192641 -46.850462330917004,22.604366469311792 44.181784634469125 8.956449648874234,6.574097741774268 9.294807024633576 -8.173020298574528,30.498980457549628 16.412869132050904 55.65139188926972,24.288958100773534 -51.32473196605635 -11.805024292360718
-36.88428793870665 -21.984968845223626 4.443298288466138,-40.73508726414791 -10.692359787172446 -5.127701918171004,-36.99194369174897 -1.2121762134518301 19.94187918155624,75.78169002559689 5.385816610136645 -0.4231613858896599,4.929062268299431 -1.9312165943906476 -7.279082416716627,-3.549675020427536 -18.68227711793877 -46.66833225384531,22.517770855080265 43.62886027454452 8.694053909973169,6.4597110543748615 9.282669178644161 -8.315388342218085,31.119896671842074 17.25757844612328 55.98531247063795,24.326541687586886 -51.439300150844225 -11.849934702670478
-36.75872639870826 -21.51340710925431 4.005304641055395,-40.27581657255854 -10.479776020686781 -5.267195998148704,-36.142160753641164 -1.1552701521106865 19.61318980174657,74.25077165919124 6.3157369149005405 0.6255578616285922,4.930743423926184 -1.904382666561926 -7.172756808941965,-3.337109795567258 -17.920312428344914 -46.69380148246448,22.351507933367227 44.14493609048583 8.89229081689826,6.427105882084194 9.363505548747453 -8.01165953187345,30.193577076246253 16.5752631231598 55.34956849558705,24.50913696523221 -52.05060884714883 -12.101806439410769
-36.337109200612296 -20.510496574111677 3.1632343353586023,-39.22138852098042 -10.115478265173914 -5.413806942660856,-34.63843021973683 -0.9610460462795417 18.75612234889478,71.37367694866552 7.5670668013648905 2.458557489502191,5.046005890530319 -1.8294525171576332 -6.81174531565364,-2.67685096651876 -17.191154212255043 -46.93785133909526,22.164877201012636 45.38041203277369 9.419261057179154,6.451213974606469 9.525585498284572 -7.335736179650511,27.86222047203623 14.432239980767402 53.816576750398795,24.74499129146909 -52.85125604413388 -12.433970867021744
-35.80587020669771 -19.41650317673748 2.2486508433050285,-37.984874543567095 -9.793390666258292 -5.506237075158973,-33.03192745001956 -0.7135945348024783 17.706455275443215,68.19289068731493 8.573787574484207 4.190059836796407,5.156870798104417 -1.7339741253021157 -6.371481908829622,-1.8850395584216548 -16.643040404731444 -47.310342029256624,21.998042315167698 46.43729809397682 9.900984310219378,6.45556795942176 9.711637539620853 -6.576047571513067,25.018618584467408 11.6552042677826 51.82541740705369,24.912216391507382 -53.43018333174638 -12.676368595549443
-35.44594589638427 -18.81752775772663 1.7193392574021322,-37.19527659972067 -9.752394873937602 -5.486101928042942,-32.10300997389595 -0.5241213948550891 16.951231019460046,66.20917315229158 8.676374353970642 4.7627374455762626,5.136188534214136 -1.6656775494617437 -6.102711200392203,-1.4231657292089004 -16.22382983414444 -47.6677401870723,21.848362819357202 46.37182497250068 9.931673395938788,6.3690146179096905 9.841958701507009 -6.098201347452306,22.91783548713226 9.478897739007554 50.02628103995571,24.911227387680135 -53.448779775050845 -12.688291671261979
-35.46969123940994 -19.13351669934438 1.928369719631709,-37.36701565070965 -10.135572743995874 -5.328067912906435,-32.48115399547649 -0.47168111514180294 16.875355523903814,66.66133572188974 7.437195193887604 3.4845400379872435,4.935984758706237 -1.6682702167846764 -6.1916459351064805,-1.6582644070737729 -15.697959696084029 -47.88714032393193,21.678115049652288 44.78274590729184 9.326144712303297,6.183830498162718 9.852295771950532 -6.154504807482596,22.563924182431954 8.946200364883232 49.0144128624007,24.71012399421707 -52.794711755991095 -12.422257588719553
-35.88846634536979 -20.37265835681665 2.925955992840656,-38.60313062286434 -10.890556862879126 -5.057046036209916,-34.30127235768604 -0.5601493243781395 17.548153787529884,69.86627557095969 4.897786968665198 0.4342824728606569,4.63173530046163 -1.7564575939971845 -6.6476797127096185,-2.650100634015498 -14.787225174572395 -47.92525791353159,21.44819127187105 42.13367040040437 8.263316860737099,5.976600247818481 9.72771891940255 -6.743261788942167,24.190017038804704 10.373132044081718 49.07858182108863,24.362077875438438 -51.64265346268105 -11.949614188052536
-36.493839278445805 -22.09298641108092 4.402427028683438,-40.503554047384654 -11.772698440964978 -4.743854740628394,-37.083625941703254 -0.7165579608963375 18.671243744969075,74.9734804896214 1.6432289689899686 -3.4874107135491794,4.390343300422865 -1.904125564144621 -7.285558289305968,-4.086047758034669 -13.36796500820983 -47.831150813097054,21.157181921409347 39.587751967046245 7.223146293287613,5.873232282281573 9.514524161319478 -7.5975993679629505,27.113353866024255 13.170512620624603 50.08601866905494,23.986407151554683 -50.39260661779369 -11.435455393470548
-36.97035031176474 -23.60210487575758 5.80966938285629,-42.34112671857672 -12.456329333014171 -4.481214280866945,-39.91354327587276 -0.8325849173361717 19.72276561626617,80.28338824160188 -1.3761069113905566 -6.90990691464175,4.374318505805571 -2.0531599410699597 -7.8166942269305135,-5.409116612805257 -11.620231124603269 -47.70880771511978,20.86172599929461 38.40747316759895 6.73602285578254,5.9731017495799925 9.302764312615865 -8.314409281230462,30.052500096150784 16.12834737624996 51.55873542590112,23.721578962622722 -49.5120835248909 -11.073412141937876
-37.07822770960588 -24.2943983584887 6.604768685511706,-43.41837754362744 -12.696970256093241 -4.351043781745533,-41.84002457870992 -0.8259247096236679 20.22367412237875,83.98604329090979 -3.200018423411078 -8.586776893189107,4.635417855447408 -2.1393743248884447 -8.001327450608578,-6.080057971083731 -10.036955072624266 -47.65411859045179,20.66367791638512 39.23799823655039 7.078341428780774,6.275126183932394 9.186980997211592 -8.556630164671082,31.746286890439308 18.01787880982223 52.899851648920986,23.67079830138873 -49.351130180313234 -11.00875577370321
-36.798131272970295 -23.946129266855145 6.494122019548949,-43.412743991767464 -12.455252818016053 -4.397288278274846,-42.29452927799876 -0.686232537272617 19.981473175258785,84.95374979505056 -3.237774122720192 -7.942421555780229,5.062779486039344 -2.122507971611 -7.776173993801464,-5.838569293001707 -9.260944561447342 -47.703758210119716,20.667184048400916 41.689904810367544 8.091750729789801,6.653005265894907 9.224138319935388 -8.220309649588403,31.550246356086546 18.190116951477897 53.65426962854999,23.863274942224063 -50.00886299703371 -11.282575666209903
-36.34708396580242 -22.8089798229854 5.555306100631377,-42.51954812186938 -11.911705311818542 -4.614742059131093,-41.31868034312919 -0.47884304076238804 19.177005791722546,83.19187201339987 -1.5020531890933784 -5.302056932953146,5.423871572280627 -2.00464955965731 -7.283877267494441,-4.825283340578252 -9.800901189566417 -47.824233781141785,20.92513376919356 44.49431626519772 9.244630047533505,6.902820719162449 9.409403192442213 -7.476349418250155,29.699656396793905 16.850291331064806 53.675506389475146,24.246019123609976 -51.30359527800877 -11.819006480684246
-36.048559020660925 -21.4530444420096 4.178671860679124,-41.313370434092775 -11.36183737219234 -4.956114066140985,-39.49093222112334 -0.30408315296745014 18.247067284731457,79.73382615230612 1.4062527609931073 -1.6986063740748305,5.484182441507878 -1.8274105569683026 -6.78593651716029,-3.4996169196242795 -11.74746496495514 -47.944021069420124,21.401472979965533 46.185860231977834 9.919536117325425,6.84524083849897 9.681247004600865 -6.6663813420677345,27.11346381121537 14.868352924079943 53.12581654467367,24.70669180265588 -52.850322460801294 -12.457450012737684
-36.12871330620347 -20.450210911120408 2.8659213578282863,-40.40836852371301 -11.049705940754631 -5.351497226885874,-37.60285748599718 -0.2365678299639935 17.631482293250436,76.06125531771492 4.551282073534933 1.6319228017964695,5.142633675971312 -1.6495817044561853 -6.5088326682242865,-2.3994785874081854 -14.63124140647376 -48.00579172487604,21.970085619976132 45.95057177153355 9.773704781050945,6.429450954006972 9.952203104380068 -6.114149433793406,24.867504091993027 13.246569505551921 52.32878740393787,25.114883627555095 -54.20357307009592 -13.012482194729019
-36.56169217643846 -20.078906865974005 1.9966264808008256,-40.11498798462804 -11.035541900164981 -5.730430123514552,-36.267303116896116 -0.2815593075335294 17.531592651178972,73.37680458019867 7.03456489244615 3.798688984466678,4.503666290943495 -1.517577567727379 -6.514071754237662,-1.875596823685851 -17.519536910695408 -48.00461312656732,22.45496992631361 44.1453656204042 8.962187063464565,5.77812278684103 10.148636830985325 -5.9613218124240674,23.645076830600246 12.558266620817658 51.571153049354216,25.363282667953502 -55.00157022084835 -13.334577588212168
-37.06604418918978 -20.218476701251017 1.685479597892452,-40.29470314267979 -11.175844327434143 -6.038152667340782,-35.670324656415744 -0.37611580855018545 17.821324244218534,72.11969196524069 8.318989657054662 4.569233733530096,3.836306846460727 -1.4447701877305792 -6.671388413198759,-1.9462485244802856 -19.348563136850775 -47.98797455987647,22.697468518436274 42.14637104640725 8.075748601285454,5.139743310107555 10.23903736095606 -6.1217365569191555,23.47530467230783 12.684657954749245 50.97095707634728,25.39340327141517 -55.05694330383873 -13.348355270373057
-37.268877769823675 -20.49085744997062 1.7972202036554563,-40.49959589514903 -11.2302220198928 -6.242671188410978,-35.590207822644125 -0.4360019546795093 18.163035503344734,71.96052959430244 8.369025817119466 4.307907947777576,3.4321507021240016 -1.4106190011283055 -6.754822225326309,-2.3486228217760523 -19.372711042917395 -48.01818893439753,22.62281795503153 41.55147346432168 7.802042410888421,4.764359045376172 10.237573866353728 -6.3779953272478345,23.8925384492726 12.998948825860586 50.48216562100131,25.200033147646707 -54.371366049136626 -13.05843303744846
-36.95109350981447 -20.560276269781955 2.094722238816497,-40.31294945950465 -11.03354693260218 -6.334417950139412,-35.65019701207868 -0.4204441471565943 18.25764066268154,72.22999144602542 7.5655453379994295 3.610237274415365,3.4350686888689808 -1.3791610565360466 -6.606801011774927,-2.749096779889463 -17.53561694861851 -48.122021275955206,22.27635787873637 43.15181470548551 8.485511483988773,4.764865902095079 10.183815142839189 -6.558564475661027,24.394824914484964 12.878366527646632 50.01943611312963,24.818704186310512 -53.08775365377018 -12.52842994868025
-36.22667190819087 -20.40296932188627 2.4206576023335846,-39.67923017320217 -10.628521326904739 -6.322715117659735,-35.63584391906368 -0.37312686270894035 18.073092732061834,72.48651283633917 6.459997623298683 2.868906115276685,3.7401746011928703 -1.3253106097252958 -6.2692933155665145,-2.9809501242202705 -14.572951837073147 -48.2614636308631,21.810655437846332 46.272657504562304 9.842488434628073,5.041625543120417 10.112634833779445 -6.681999936079375,24.894842926701116 12.220893346067571 49.611485740448046,24.306213020933292 -51.415888023779445 -11.84845021808628
-35.53161003112901 -20.368118418305585 2.797118417995886,-39.004855332729065 -10.269883705038863 -6.23221158980856,-35.671166401863715 -0.4086200044191033 17.899439648909407,72.85369808648507 5.499421463949971 2.0353060006745274,4.030599749327645 -1.2528821569429738 -5.992684528065395,-3.1593535626929947 -11.755033541553688 -48.347648621971665,21.42454155621486 48.93898113437882 11.027836016576831,5.321492310371127 10.033097137907893 -6.969344468572933,25.853702903163683 11.626674387822494 49.47166614867368,23.723590107235005 -49.567406962036195 -11.106798870924685
-35.39792052000915 -20.967928107272837 3.3796662453253083,-38.9360294418444 -10.281476992378309 -6.099548761928093,-36.13253772743023 -0.6440527341441742 18.17469055787739,73.90199601280787 4.851517119415664 0.7177677641840443,3.949458881961867 -1.1930043542400148 -6.099346140800068,-3.5931628130676767 -10.335392062729857 -48.293728746152155,21.275851060923095 48.896812586800266 11.06907216964964,5.304143124229817 9.928961727388284 -7.700823109511682,27.974453498762568 12.09170992599417 49.922599683560456,23.1258041290837 -47.71884080267506 -10.374462918118597
-36.113750031732955 -22.496507854037166 4.292614008893488,-39.911215472103734 -10.834205932315223 -5.968329316984912,-37.338660420940414 -1.1096908072974765 19.16258943333103,76.13031072761936 4.394998805725056 -1.4459541482689513,3.3273310581168234 -1.1830851614881455 -6.764915130323332,-4.53397300920686 -10.921467419225314 -48.07752350158788,21.402906358763126 45.031736410211906 9.474115249663253,4.848252986033424 9.77997279434329 -8.98790954697662,31.60516340929338 14.352233051336341 51.20139249548954,22.55693834097328 -46.00016987183898 -9.701553480519975
-37.45169105461868 -24.692627147761534 5.448761718649116,-41.73570168219693 -11.767715650309952 -5.880781722182048,-39.19842796242858 -1.6895362991532488 20.663601253818143,79.36029787674133 3.8523117217794627 -4.3727942322357976,2.3450176587580316 -1.2382589190972728 -7.837513792603517,-5.906916503690729 -13.051534835484349 -47.77589802060339,21.689373092963052 38.439818523264336 6.694531277367883,4.100472948112571 9.590083509167068 -10.59239513550364,36.20332142630695 18.246499141570254 53.251569512215426,22.04712354937733 -44.49430132045602 -9.119133778943446
-38.63330129253749 -26.66106227960938 6.474271742138172,-43.444001147209384 -12.56797515038101 -5.867110813670912,-41.04189064360621 -2.1326873150902275 21.94322745462433,82.43826847428163 2.975959038093783 -7.342675262094141,1.5326675300686006 -1.3325120451609291 -8.808429487717284,-7.193523639584708 -15.20347461583352 -47.546099830533514,21.892029514068142 32.50052878228085 4.164164505465205,3.490006878514346 9.403777499977434 -11.912919851104355,40.22054344937897 22.48963708403076 55.63015024353786,21.60907935605784 -43.23510692246133 -8.640229061257191
-38.5881796059529 -27.14379524039318 6.805742505760286,-43.582211826856366 -12.538265440054628 -5.936415847396578,-41.77328341769155 -2.1416143601980595 21.958561249443708,83.49222110566674 1.6867512731359218 -9.180611246114836,1.5829234717808305 -1.4021891083769602 -8.976106487450451,-7.565238236007961 -15.288150236707107 -47.55786488158175,21.72619618045089 31.757965830349765 3.826776572016339,3.574149538233285 9.29774554815632 -12.177965043534993,41.56219903342807 25.058082973019655 57.607056418888966,21.23571335744475 -42.20337338517506 -8.258669575019349
-36.41344829898 -25.04706644831915 5.930035110917531,-40.821538218871666 -11.099410570252179 -6.07390586588187,-40.312011945055986 -1.5022007458884208 19.805566522743494,80.68902607309894 0.10253601935776624 -8.753319141837824,3.0506182020579775 -1.3725201987460274 -7.74395122387331,-6.231960504028375 -11.462578155989094 -47.90825529642556,20.978627156028633 40.0197017589869 7.324357039062622,4.79547508097143 9.349136426763192 -10.773585843785012,38.46392440418781 24.053037539090738 58.43431442901211,20.902545687276863 -41.330540674173015 -7.9494048174851
-31.8239734549364 -19.981726792041947 3.651405436717178,-34.62301595056395 -8.080172033459187 -6.246906197368859,-36.12083015047222 -0.19455892273813902 15.180325876460063,73.14371926029798 -1.538020566475894 -5.536737194556286,6.075876899750405 -1.1947189679137942 -4.915031003301916,-2.845090481108472 -2.9352105955980257 -48.56304099134109,19.603230436991424 58.52331310629877 15.208241378462118,7.260987283207684 9.595658227544698 -7.553486062862552,30.375886532371045 18.63434498349121 57.66748929965756,20.577497291148223 -40.520550728863356 -7.675069278158858
-25.369518427463234 -12.545205991563623 0.24401112505298883,-25.61880793735662 -3.852184297570397 -6.417866203632215,-29.553090122085585 1.5718575544552997 8.620011998062992,61.51378415765023 -2.9981730839780205 0.045467552477747475,10.26606466736907 -0.8743832281941564 -0.8364340537434076,2.251254733499544 9.589549754758126 -49.356947268050085,17.75835496149369 85.0586613219069 26.554364519603446,10.650487039688716 10.008955971215476 -2.9739428756509483,18.399487266301332 9.54432332331668 55.38395622874442,20.23619466373645 -39.689368960350635 -7.399896149826993
