-23.378558662599698 -18.126347134316546 -0.2678974778943837,-19.58781600703075 -9.72282146385498 -4.601931746374179,-24.721407113902004 2.9263237442831103 11.257224523078452,47.35940252891857 5.281933731774327 5.118658070592097,3.0447034181908412 -1.7643621830451273 -2.372024208488914,-9.93779769339562 -3.0356672889769776 -50.98103791971711,24.886028329532575 53.45873772661173 12.671743876945193,3.6991424626209843 9.289481706452511 -4.53087652527911,4.2808534733578885 -0.8189693603142203 44.190856096293366,25.850771768921803 -57.850059943600364 -14.642753778380667
-20.943079032491028 -16.946405217284433 -1.2729912122201466,-17.50587380890758 -7.720332210987342 -6.2832834935383595,-21.786647360810353 4.577326152049115 11.870667770051426,42.69588844893157 5.3190807106087865 6.113819436198968,2.7321345505163257 -1.7796678885814172 -0.5152984052479854,-10.214021111116686 -8.556586640738661 -53.23180113927415,24.720172245652865 52.88214525568476 12.452083679195988,3.031385472874968 9.303190763096758 -2.800236085929063,4.284795260263789 3.7862342953569375 46.05912632733042,25.00336070007912 -53.84713112733265 -12.824197824145184
-19.544882331657607 -15.560261293793237 -2.3661606160611157,-15.53436608164841 -6.091893119269848 -7.504051319895005,-18.36054038013262 5.687873489340591 12.105978489441178,36.713447946611446 5.764328995103349 7.220918373838387,2.5464909340517488 -1.715620572840327 1.0197740417378662,-9.702918106156522 -13.289053460713864 -55.068198101272856,24.736440071121972 52.96482757599934 12.507989674151123,2.5692805751904024 9.372822566069527 -1.4498829293030768,4.50203610316246 6.253234196336798 47.770987823086195,24.436720645047632 -51.305778489788324 -11.695496522339495
-19.552816730986706 -14.432528647011276 -3.0102518013272928,-14.442837171568662 -5.038807282120365 -8.098554153131658,-15.729625539354295 5.993614297048552 12.125857349831769,32.12731777426963 6.45942453613106 8.049233260799905,2.6248504974645823 -1.6567384870471447 1.8361834049436538,-8.836569188503729 -15.244430615519668 -56.1433900783409,24.967584033165164 53.81353994132775 12.876748878342111,2.526945815394222 9.390215272454698 -0.8851192137509387,4.943124496073127 5.7594496623012255 49.04611847232683,24.153407900872633 -50.25547895252807 -11.266166436124834
-20.710951859928063 -13.99002213555917 -2.8366025799127037,-14.624559175123954 -4.641307970018493 -8.039354214930455,-14.816535120169641 5.534525091973698 12.185239922972656,30.958488238126556 7.138018780358074 8.306056442496532,2.9385282282188108 -1.6777612490516804 1.7826245581192097,-8.09846910225212 -13.817039613066502 -56.2937288356256,25.349656097694194 55.18779774168566 13.453334239587914,2.8970611485262934 9.278976882540576 -1.2306481554429598,5.655108375652453 2.8793508836235517 49.80267435097316,24.07987211178239 -50.2775473036838 -11.329545112214786
-22.338524313662248 -14.45534155230192 -1.7988359838065007,-15.951475030797036 -4.908805761902511 -7.415977065993365,-15.80458878213156 4.6095889799613206 12.522762650740287,33.64047185600234 7.5585351302876544 7.916642609107541,3.309949855377634 -1.806175971971975 0.982847507125981,-7.780910896197485 -10.121261435274919 -55.58708675071925,25.746769602429225 56.59446016666944 14.031515640754764,3.4641793655323454 9.036700657379575 -2.298034153580717,6.672288233728289 -0.6689144255426847 50.12066963659714,24.118111269998085 -50.78154552574497 -11.59659001790784
-23.714910315890037 -15.754665706961662 -0.17658960281579583,-17.878606109151754 -5.803020902996523 -6.397064032561076,-18.112817987264798 3.6225899422925343 13.265826567616713,38.905710980310644 7.624862228037711 7.051909851292472,3.5098987301797924 -2.0116166084272455 -0.24170396386542617,-7.862886392908471 -6.44145501591575 -54.29702292929025,26.005364708892984 57.48638886117931 14.386813599691633,3.9225317343803185 8.735404544301831 -3.686850622840388,7.952179943770107 -2.9003697903946097 50.145563480313896,24.18809715804739 -51.27443830073359 -11.829451093543438
-24.44092220203406 -17.535410461779364 1.562585175972555,-19.734420559769617 -7.2148606327376275 -5.1906227747690235,-20.717495302782357 2.896695530222056 14.376642374070727,44.47601023081669 7.427438579939892 6.049108466028915,3.3860476488936593 -2.2265535261707647 -1.5149328598369904,-8.060157459149224 -5.065072265481483 -52.80786217822184,26.015324197253953 57.48113918819102 14.366165049769563,4.038320454800758 8.481503001490992 -4.962793147333935,9.331328807283688 -2.609367524239218 49.985597682817385,24.242138336667324 -51.49718584358613 -11.911842429117918
-24.591887701389002 -19.28739970853366 2.968487157294499,-21.040775404309933 -8.924306370204608 -4.007781690433307,-22.648235941970626 2.5474616738173754 15.65280742399328,48.18186699992137 7.18056412820679 5.260191445828032,2.9552907688289394 -2.3854781024182783 -2.5487313769082474,-8.007714294925393 -7.1044051153327406 -51.48447468169803,25.75294147140689 56.50951410684031 13.947270533285133,3.773054412225826 8.358688304185902 -5.82479391529763,10.535180791075577 -0.016742796825862882 49.65441760503724,24.254096329368657 -51.402955953085566 -11.839685933122785
-24.598342839669755 -20.52259529363312 3.7805032258352638,-21.697988470899453 -10.59803397293337 -3.029150347789719,-23.4108799301262 2.4709944535743578 16.78214174997534,48.940656627688895 7.090012817869988 4.89764037542525,2.4086563598046586 -2.45986944993518 -3.2254048640593957,-7.469782551956998 -11.927742173635739 -50.55684732196187,25.288991697539103 54.836342517189415 13.244633625007006,3.30359912362199 8.385736717159332 -6.187877992286025,11.256687771013794 3.349637955878851 49.08464289580474,24.202509667853562 -51.04606160908931 -11.66254783839252
-24.938994324902474 -20.946800311700027 3.991819224643946,-21.94987529444113 -11.862150001614058 -2.3739034202616116,-23.140487433084864 2.4438656751161174 17.438363897006468,47.125687027883814 7.2254323701305925 4.950090039705627,2.021572051440055 -2.469117242242675 -3.5927168104579286,-6.46600772003884 -17.502946197134797 -50.064404391638384,24.760022591712605 52.95108376070002 12.462413877726306,2.9273345084153375 8.512003125818534 -6.157738642837618,11.284831999326288 5.496230623980942 48.20141442022936,24.06729183666597 -50.485757196691836 -11.426936445697388
-25.826883297876286 -20.55934894901933 3.7901829125085476,-22.165362814701375 -12.436488777823595 -2.0777509697996126,-22.434301150206306 2.275304104568635 17.39176886126468,44.19213935233124 7.471051219852315 5.207461449693541,2.0120953697695962 -2.461687780955128 -3.7865331763268544,-5.25424416191647 -21.473288889794485 -49.879421946576215,24.31582062721422 51.37870025913299 11.81584059294868,2.9005198573056115 8.651702464586277 -5.928320307735819,10.631381773797939 5.083610564064198 47.01471010863616,23.845469930134715 -49.770872532429465 -11.15809273207378
-27.0635940103629 -19.64274512371803 3.421312004961266,-22.570611107358083 -12.265442311402118 -2.090265982098055,-21.97727691223572 1.92867384273137 16.599911741011528,41.80914144103385 7.5852801116955355 5.382218145471327,2.419434959883457 -2.4782780988993323 -3.927464192110417,-4.189767672441413 -22.3959619238637 -49.7941204106598,24.064628463512935 50.4893951917082 11.453903042329786,3.2937840008433086 8.736243844809513 -5.6660625755674925,9.590175846463284 2.218251798099381 45.67899871567634,23.572974951108698 -48.99343323645621 -10.881054824397737
-28.135537283595415 -18.64485170301994 3.053525888975047,-23.086395376807285 -11.564459424168678 -2.2986885489413647,-22.168028906119098 1.5492482642939267 15.242854727758024,40.97973245179051 7.338241168925984 5.2656513675427234,3.0681312904257294 -2.519620070682305 -4.044900146994157,-3.5442577954168017 -20.4879800530257 -49.62861360456854,24.037033851964697 50.379628006725596 11.412627428352252,3.9414950212818862 8.754045547112863 -5.439874339034455,8.680483768271932 -1.5230867678162774 44.48297279655699,23.330203101073927 -48.338323480426006 -10.650211226178708
-28.489863144921713 -17.997465338902774 2.7118619135501074,-23.36086113169754 -10.736851105065234 -2.5740049559293774,-22.9361292643389 1.3869243078925702 13.680901546035482,41.600647221826065 6.650674472409792 4.840064329466225,3.6416968350059546 -2.5395823648218574 -4.063205361709038,-3.38305721828445 -17.48837026465085 -49.31016707383383,24.180641774787805 50.86240194746383 11.613404664123376,4.5145273451649635 8.754768928325486 -5.221553780908161,8.472667047618145 -3.8663528952634643 43.76431958428375,23.21644426412393 -48.0541601079396 -10.550406111892705
-27.831685405323977 -17.941528867723843 2.305979499155145,-22.975653646592818 -10.18598287407012 -2.8219976491598637,-23.82829424568956 1.6579582661692558 12.339648627444037,42.652695011351554 5.654473713314262 4.289484380188085,3.833682194296104 -2.470038961544334 -3.85145842802666,-3.5610865888087804 -15.716664457595446 -48.89127374247089,24.385052151243514 51.559576363552466 11.902093427264639,4.682460800303431 8.815419902551623 -4.939618215731839,9.352271500680867 -3.0112607600856225 43.78055703795501,23.29877393785689 -48.32945425629798 -10.655361317206946
-26.279818637866136 -18.429420707543304 1.7241648044813083,-21.706702759024026 -10.112941990867192 -3.0160093477847605,-24.295675994206718 2.420248188144501 11.559026509957121,42.87007927001514 4.637265288810614 3.903105832485172,3.50265719650558 -2.2653043194345646 -3.306887624449613,-3.8300813818303383 -16.831800773940245 -48.5059093270569,24.525658414308026 52.05248916068017 12.11018338841139,4.284184053538637 8.987727582784933 -4.544049636623913,11.319930773718646 1.4140228910061818 44.590813090776166,23.561816576114197 -49.137871107081665 -10.964778462410907
-24.303303098555784 -19.14633821682664 0.9332764447723472,-19.692150066521968 -10.408608009218366 -3.194974187778535,-24.014430407534107 3.5274230190057563 11.46502223418814,41.4970252220683 3.8982327002737556 3.921266959116474,2.7525896700648795 -1.9412517673488554 -2.427509682937575,-3.9905689934335373 -20.946047271300692 -48.293482681302265,24.509327805718158 52.03237419794501 12.114238551107205,3.419832457414688 9.257319945703584 -4.04198253380971,13.924819552152945 8.1137102498075 46.00381236948643,23.891597427577505 -50.161102755826356 -11.36510829874621
-22.48428014795514 -19.64494095685043 0.02663335929022592,-17.41272277245936 -10.705889126856135 -3.4277578658026755,-23.06577589356128 4.68448644756089 11.92122603715336,38.7213254273682 3.5936395948757074 4.404606193120733,1.8953289357773198 -1.5850296800438028 -1.3369603210944279,-4.002421576573155 -26.549082002427266 -48.33309825424634,24.306294448712084 51.400672384491735 11.874356804412166,2.415573138335473 9.539238314720341 -3.489271365271853,16.381903803134684 14.71920349210443 47.62272086002621,24.11280806539519 -50.871825678270135 -11.652863960173118
-21.244084826903602 -19.53888051136918 -0.8054719844092744,-15.492887225358578 -10.57316055629763 -3.7636280167985636,-21.886716248263383 5.575363660986615 12.588096395090279,35.572041674569086 3.6588211672246684 5.196327053480623,1.3102430206045623 -1.325810260550023 -0.24895282575391153,-3.9959318043380914 -31.26129486868357 -48.620743367237786,23.959014827716622 50.293414864826055 11.442661588087471,1.6764868736588574 9.714508142540481 -2.9524407321418114,17.84459771416222 18.899125165657434 48.97719685742821,24.0700234281191 -50.770965196519924 -11.624541039455158
-20.679787816668338 -18.672999061736018 -1.3643469048239605,-14.426682303423927 -9.75033117332692 -4.197337763566045,-21.02831890886489 5.99773156054413 13.07098775535436,33.364473604414755 3.852944754023695 5.999713866872096,1.267969893921669 -1.2778633300225235 0.612251958507446,-4.183069081294851 -33.00150960286014 -49.095297685275845,23.567181522406035 49.03135895038939 10.943649151860594,1.499109303960818 9.689703936145786 -2.471529703445527,17.729583129672335 19.408007339737416 49.693858874296225,23.715495512475506 -49.672922315037255 -11.193620449371593
-20.58670476904765 -17.195239610703293 -1.5413639294859682,-14.36888842214769 -8.300963322562623 -4.669554400308609,-20.857062891000563 5.9398791391339 13.094872298213179,33.00790074775415 3.905098281929606 6.532342438772076,1.8039473938146213 -1.4832662469735456 1.0989779680973026,-4.722952923811004 -30.95482737647378 -49.691081140822185,23.25545961955095 48.018522466851564 10.53562799881578,1.9352785142480935 9.448227366490642 -2.048924422199305,15.95675856938594 16.551914411278624 49.63600926620181,23.15605411444607 -47.88197021077089 -10.469939585527818
-20.633742299870477 -15.497164095772035 -1.3739895867421477,-15.092930704601073 -6.596180646465964 -5.102537399155052,-21.357251978958786 5.566362087845395 12.626762591984551,34.54348876097381 3.682574263363402 6.676544109171026,2.702941292556419 -1.883795369397119 1.1957643203480401,-5.617506059101546 -25.86051568456098 -50.38067979268321,23.13482907330834 47.621831822469645 10.365302626721572,2.7727123969333753 9.06563180543401 -1.6685340161866478,12.995182313391865 11.876641965524069 48.95242435302048,22.627410253561056 -46.139852535174086 -9.747811730231518
-20.576523423653775 -14.04924010895111 -1.0311722246885537,-16.126417975329677 -5.13730050158691 -5.448840899318515,-22.132624465185344 5.1256298738486885 11.887411103904512,37.137266556025025 3.2870656773669613 6.545321504734708,3.60051321009261 -2.338225862311733 1.0190680481437648,-6.692899987154126 -19.523286487896147 -51.17948960758349,23.26914247963141 48.06471237019959 10.526882738856193,3.6390165131482775 8.679860425707089 -1.3285262952260881,9.68712646784684 7.2974382184111946 48.01145297685159,22.399493384190198 -45.336322897417006 -9.393779806842359
-20.382976652587157 -13.206421632891633 -0.736826221232198,-16.98458106097837 -4.3135720271523486 -5.721000388104058,-22.59958862792017 4.829315341107764 11.244589917382285,39.50511473586211 3.0212724336397443 6.425450516069375,4.149597371502712 -2.678943447014596 0.7613652578633318,-7.673385839654952 -13.866500078058335 -52.10801395882746,23.65615271284657 49.360949514088496 11.03478896568847,4.174965679774067 8.430730164623832 -1.0629294423245481,6.9213451721792225 4.162430521019885 47.24588971591068,22.65336757947896 -46.1033012182923 -9.679747245953969
-20.20875619282358 -13.07427580622465 -0.6702218628630374,-17.379170550095083 -4.227750431660535 -5.9798206630558015,-22.269876759997366 4.762087948601773 11.037307323102725,40.53001988550777 3.2378500331128888 6.623608363860141,4.169692650226126 -2.781952258312098 0.6038509991246357,-8.304630904273289 -10.06546409097873 -53.13515811210549,24.227816922276233 51.30481374585538 11.816148414552018,4.190897909884842 8.398821574670759 -0.9365834206273247,5.296475266474974 2.7353203442377 46.974301342782475,23.388595783218683 -48.48777274179291 -10.641766857911659
-20.254367578834856 -13.496781106498359 -0.890885130775116,-17.304611159202786 -4.6834243649202225 -6.283748352214084,-20.983200343655824 4.860756749630942 11.414875749138238,39.75525551275696 4.14711146687904 7.293712421657051,3.7079806090040854 -2.6174227506917953 0.6351393186747121,-8.460383579688976 -8.2114457217093 -54.139826572855284,24.86924643110333 53.52046981110892 12.725686004871378,3.732422510114386 8.573801716597394 -1.0166248339474768,4.9210162597160085 2.3164374092790583 47.276427929596636,24.408532281465753 -51.87337775758888 -12.038177432619404
-20.604583997665486 -14.166484988155585 -1.3207461390825834,-16.975897946053244 -5.335017989721315 -6.627863325951742,-18.983915549450554 4.964548593684869 12.268164872894511,37.526926597540836 5.684134991481933 8.336282952794516,2.9890322888444296 -2.257550974234616 0.8109599065376512,-8.179878490606733 -7.624876606382319 -54.92064939328488,25.450422139593275 55.55890859646551 13.580753757813904,3.0306323476804584 8.86645995916841 -1.3387031600856893,5.432766127982753 1.8567237556463434 47.976749048303866,25.394438368505277 -55.20402580852917 -13.43438878283551
-21.154128025287164 -14.795572214930921 -1.787285913746006,-16.670757247758093 -5.907234789401619 -6.9122271153581085,-16.81655178815463 4.905015078512924 13.284777837124558,34.75323298052009 7.506442197414158 9.425916568433193,2.2872514261405956 -1.8396951035749223 0.9731882632149902,-7.623909028968857 -7.556545446463849 -55.25832159894642,25.861030641483293 57.016467115740404 14.20838305434639,2.3711572862473016 9.156049223958256 -1.887704787068151,6.217348445674872 0.6638574031620603 48.74071334377104,26.035794523257238 -57.4135615265192 -14.37883741142837
-21.66296563861007 -15.254949269259331 -2.1036588764152384,-16.56992103912438 -6.350368169986974 -6.967201509644163,-15.099406856596712 4.589744851450959 14.097982214307692,32.436574697232984 9.125955359300082 10.158023656034633,1.793511720001712 -1.5044804881111153 0.9223037841721793,-6.98111751511592 -7.80587216850731 -55.005583103797846,26.03774928718212 57.64008231898525 14.491197274370194,1.9547994867177894 9.347066912299614 -2.60096115816586,6.712674119020646 -1.2117644959381586 49.23523098561451,26.156194021960513 -57.86157184415682 -14.588422267299554
-21.899836002814766 -15.605780264058481 -2.1480808212149736,-16.676099275287612 -6.836196511755639 -6.6326932936885825,-14.283100232575713 4.043287819138969 14.452873453264075,31.223994626471224 10.109840016666968 10.244168230925268,1.5455333339649115 -1.3396342250034718 0.5148913342955054,-6.3790265870767415 -8.860627323258154 -54.162508348784925,25.975728018570123 57.38587822222358 14.397499047150038,1.8211405245717578 9.406427129381854 -3.3861096085212665,6.649812270743613 -3.1009817762254723 49.274597817897984,25.77640708143017 -56.57183020984837 -14.056593206520663
-21.777133120165036 -16.007003339054872 -1.9096225071112325,-16.838387583812995 -7.59540185892912 -5.855382172840805,-14.494930182926959 3.3934466209775427 14.306630153519256,31.179586506580833 10.250976470772247 9.65883350297742,1.4526558352471475 -1.3553269847487366 -0.2541905851776155,-5.845911253007079 -11.472145853467502 -52.899247846070196,25.721462485733177 56.41174413457895 13.984823387628818,1.8679577906152482 9.364213759567159 -4.137801602884057,6.1189998874232385 -4.224887593036115 48.88106215907033,25.08753582727564 -54.16858487375525 -13.035903243812658
-21.387958126613157 -16.55310231368557 -1.4860544264020983,-16.84929422047372 -8.69617716788095 -4.7519208301970455,-15.521032190234385 2.816918726694872 13.816195095380007,31.848673130183414 9.627502757022736 8.663323199151623,1.3918683998027668 -1.4989417605808124 -1.2217538078078676,-5.33698189755696 -15.939502387793626 -51.51258994157606,25.350954816360062 55.00783418757867 13.375305060659148,1.9456560265370435 9.281707939778155 -4.743125153804268,5.442828029040988 -4.243698441361916 48.23314608054427,24.351395349714657 -51.555007628913515 -11.908817420981261
-20.92129897002433 -17.140383281773367 -1.0411448784068615,-16.550066182674957 -9.906193620612708 -3.5977867281609437,-16.91561710415241 2.472739719749494 13.226723967511976,32.53803210480039 8.530750820471177 7.6932957709246095,1.312985026401126 -1.6963590831848565 -2.0963588669572424,-4.8013872727428115 -21.573261864148314 -50.334004536528354,24.94237438958561 53.49252916566647 12.712057145868338,1.9665416619024993 9.207792421094304 -5.08036568567713,4.939021040555538 -3.496707150482001 47.53345887358179,23.779631958149672 -49.500275125381535 -11.013636640614262
-20.512283506495706 -17.450945761167848 -0.74376397624893,-15.889834707921617 -10.738655943030507 -2.736818746234961,-18.17958594592719 2.4507523123078627 12.725583677035534,32.65250949463914 7.308669756821017 7.1639655626328755,1.2878720455551627 -1.8942268343051714 -2.5588656594278363,-4.245939538791978 -26.726137354865326 -49.62889220287973,24.553981519478498 52.1146389212194 12.113506230892744,1.96428470380873 9.149837174983636 -5.027556208292413,4.710685080019371 -2.7885384819432595 46.87122163331352,23.45048896468884 -48.335808747658035 -10.509918065868469
-20.129683738239823 -17.08264435179335 -0.7142028676482234,-14.922606417883028 -10.678322265663892 -2.447741698299126,-18.93557752683028 2.749895660290721 12.342249463949113,31.93512551815449 6.211021236435553 7.286812425937534,1.47277485879841 -2.0796772744984704 -2.3875031405671674,-3.7572414933685976 -29.45710332810533 -49.528531367700595,24.21500008496352 50.998486333258825 11.64326813884969,2.0704334954127246 9.075481098825932 -4.495145160035778,4.5834865919477075 -2.858816632513399 46.159539253711586,23.299861762062655 -47.89401058537835 -10.342649082188764
-19.582607157554076 -15.770585182804968 -0.9954699655653316,-13.765189764604024 -9.473673094860903 -2.8290090469441758,-19.04112719325458 3.2864975999201125 11.946457117105405,30.53263419209611 5.313636133262774 7.983924628372259,2.0046382702601555 -2.2688354011765313 -1.5575321480493027,-3.4706841963383726 -28.517264544140005 -50.017680907963246,23.93073003344048 50.14804406554637 11.305892060992239,2.4238792495591435 8.943130441025419 -3.4794453309557047,4.226505345747305 -3.862504389272225 45.18921340062264,23.184051369198045 -47.69420640721088 -10.311930880291584
-18.653463727164635 -13.585417799627644 -1.5544758026773802,-12.554251596347793 -7.330857135696821 -3.757673844043489,-18.612236636804617 3.923462076929522 11.341432822431784,28.89910246734594 4.549323152012958 8.935881178577002,2.892654237321575 -2.4744900247440045 -0.27111280001710836,-3.505941379452168 -24.126155527707922 -50.972639778701954,23.696513266299036 49.49890424113105 11.066862668788012,3.068132450801762 8.742002426079713 -2.110678207813618,3.390121403062575 -5.177572814628682 43.7777776317962,22.976272887472955 -47.259586900471795 -10.203435378088082
-17.280320883564826 -10.991235352792433 -2.3062645434258533,-11.426111453070725 -4.886234834719142 -4.9433838058199635,-17.960859373312466 4.509318803785352 10.396725859804482,27.608823056359732 3.8121220010150534 9.733124816806056,3.97218260286066 -2.675656171475633 1.1020865054371396,-3.906323785116545 -18.077088965027198 -52.22200902848993,23.511517509937676 48.98596415074398 10.884418953002427,3.8987113843385384 8.516562747430001 -0.6580349812919892,2.125422535214973 -5.658455231632255 41.936881880502916,22.645206526246383 -46.39615987505533 -9.910171119413874
-15.671466409360383 -8.707714778709752 -3.1479589797348275,-10.5137061381184 -2.948663173388908 -6.052333049844789,-17.472473305357646 4.918391391451425 9.144605846766995,27.159024747799727 3.063842026008331 10.053108973573394,4.955715405178459 -2.810554792333515 2.1571749337115866,-4.614761656215575 -13.041690039929112 -53.596786706956664,23.38451589195182 48.59074118857958 10.7364174602743,4.695084111645622 8.35847258295266 0.533677291160656,0.8530012721849252 -4.1911021615690345 39.96337031444455,22.27717402593139 -45.30071016248622 -9.487963904808025
-14.266201265757575 -7.419220419743256 -3.9888193176387574,-9.935616394561373 -2.129112560410859 -6.842058851620768,-17.462481772412712 5.085170530481221 7.78572835850179,27.817019745817678 2.3770626920959046 9.77939482859091,5.561999857091745 -2.8005690683822775 2.610460136089048,-5.496578150231953 -11.36401295194303 -54.94925138565521,23.329191342462778 48.34684146626284 10.629701042844856,5.224121074559122 8.367105491800322 1.1672774178804812,0.2246893595351489 -0.23527500732635934 38.39117054694992,22.035026985141926 -44.462635327390615 -9.125662801564204
-13.543482957708253 -7.458420077070263 -4.767247455772461,-9.758120296696344 -2.543609561119509 -7.244049955637237,-18.054493345487614 5.025290448644325 6.600910924811158,29.534915564368053 1.89172430149382 9.015008359060928,5.659038037781629 -2.593966721836214 2.4168203763453384,-6.392771155555488 -13.919487242490108 -56.14269317341596,23.35297919593194 48.30698674292433 10.589762364398503,5.361185651848613 8.597546919056445 1.1289097400497305,0.8314064921674147 5.941077241543143 37.808575149796994,22.078982361479305 -44.42824659804933 -9.053954488087449
-13.773661682378458 -8.617721067509509 -5.452156219463983,-9.939245112139874 -3.745771101682502 -7.359063872982703,-19.119924333142592 4.834442869077024 5.817554539915184,31.938495711766024 1.7166086337435926 7.999352117415505,5.344713932982149 -2.2052619336320816 1.7965311889355402,-7.17256161609671 -19.608963954037527 -57.03290145384402,23.44737797109843 48.49625400541445 10.639196083196433,5.163259444831319 9.023100179014484 0.5684950430593858,2.8967058012026485 13.44033316342987 38.615249961346564,22.491040219962574 -45.55289784260848 -9.44192524719817
-14.85171988360425 -10.191107447295895 -6.032468221490699,-10.29253213204603 -4.930508229788943 -7.374813460711142,-20.304574742384087 4.659441015270023 5.503020973386576,34.3948713656689 1.84046870820547 6.984643831634556,4.917741952302332 -1.7264618341745508 1.1550476531061133,-7.758206802027844 -25.761135556088224 -57.466765858033895,23.58669429157729 48.88202830684902 10.778691799169048,4.852345644035884 9.533292788979821 -0.12808265331893365,6.112537731012182 21.189621176757385 40.82925455658245,23.238560421850025 -47.85412425303273 -10.328329473925153
-16.314305534646326 -11.243389203365982 -6.502777558518446,-10.513441891883195 -5.311025337065646 -7.453618319304615,-21.14249879966198 4.644858625521389 5.540837093946347,36.15982114150558 2.1113787324118527 6.1404127466808305,4.7469471786466855 -1.300204883015996 0.9238904873560638,-8.11471708051892 -29.277782747667384 -57.31142612581663,23.736824499688712 49.378713088119255 10.981466876460738,4.7140202518705765 9.971276480634852 -0.48056398794461724,9.710327930400057 28.386400430051637 44.03668087804845,24.18966970802983 -51.01456329180239 -11.610727304907247
-17.544533169384874 -10.99452147233415 -6.854138882509339,-10.283080091296974 -4.4816886514320275 -7.6492684150496935,-21.225183543017174 4.871591472942772 5.699274224414999,36.58588680204026 2.301605752994428 5.529065754386093,5.099680321493338 -1.0646734130041446 1.385845530782521,-8.219691977463995 -27.997688928186886 -56.5065524061031,23.86905111542014 49.882281707206126 11.203080458663434,4.960472114544941 10.19512359297393 -0.11682038851157062,12.747303396629595 34.68160702546944 47.512608490014266,25.16712740815872 -54.50807847195453 -13.086227718201727
-18.062596484749836 -9.148419542249076 -7.076012208145382,-9.415374055382511 -2.5878861086071216 -7.892817802717787,-20.366795035919345 5.313121527086464 5.752219784018731,35.338955096771926 2.2237986358322708 5.149037848705559,6.012592181341458 -1.0954801536189043 2.556868494111658,-8.040463311058456 -21.65419234413188 -55.11483367234881,23.970033137017708 50.31041727724798 11.399027324422816,5.6261507592955144 10.135652796416139 1.0545761659529878,14.481833857186007 40.031016138118986 50.46335761343772,26.011708236286797 -57.77604194827895 -14.518279009893648
-17.747911717302586 -6.018915238412734 -7.169271505809876,-7.974912960534078 -0.2258446296884626 -8.048171167503162,-18.698970914860976 5.833575709963405 5.58678058434457,32.545359105756816 1.8328775438581026 5.0023074678755215,7.268080141913522 -1.3722387113762 4.174922774482765,-7.540252970243965 -12.001622131914756 -53.34168491800871,24.040839133138082 50.62047321320858 11.538193385127673,6.547612528604379 9.824860630619867 2.786857596814065,14.66612199225139 44.36450403979904 52.28584741976794,26.627290327551478 -60.379822940311286 -15.70161246757363
-16.872002784819585 -2.3997069297092586 -7.163155251120981,-6.2918401043050185 1.8646335535900427 -8.001745665580907,-16.6502096282414 6.236212564183774 5.243622881827215,28.798582167095525 1.2548720707443628 5.132529366489672,8.487699045552985 -1.7858441086968777 5.80112399260237,-6.715578656549569 -2.0795733300421144 -51.50694387297016,24.08449938057219 50.792611141606194 11.603806270046332,7.436458519304762 9.382774392162482 4.58709694182706,13.623008181219744 47.33939198500143 52.73693204865359,26.994101527922894 -62.08838218432759 -16.507848953887567
-15.924206536493742 0.756087390196666 -7.12454516541426,-4.845267168326247 3.1485066209803447 -7.735421777183533,-14.810497281283391 6.347152652128004 4.876232751778333,25.00331404729896 0.7248527936566203 5.603402553824902,9.296582458631267 -2.1827643329906183 6.99051112800448,-5.645115850070992 5.026540089267515 -49.97263488904999,24.089497781497474 50.79048564232333 11.582743732391243,8.008016033542763 8.969541854287739 5.920110827400315,12.076682963568489 48.38556427405006 51.95386427140408,27.1539712187683 -62.89853624036753 -16.90708048006699
-15.3276247792777 2.696596850184525 -7.149132763014743,-4.057122524733874 3.506699340446476 -7.344967515771407,-13.73228027764154 6.098759231502168 4.659921552372099,22.10644152780266 0.4671828491490167 6.428982758672975,9.479689847909484 -2.425169925407326 7.460126310402927,-4.518450851167022 7.369022933258709 -49.05062478183659,24.021010723406626 50.53108906243057 11.453121166018082,8.102460763101037 8.724568831188664 6.429961389038532,10.82312593833894 47.05279958000501 50.339973548966995,27.18210433381516 -63.006140265726664 -16.967459351091012
-15.20508664117277 3.11236834260506 -7.331688729961912,-4.094869428489527 3.214301557586687 -6.998064315633391,-13.749199271313326 5.572114920101128 4.705074063062153,20.82117084536015 0.5832026348250223 7.502651929003847,9.057756994346013 -2.4393770108654316 7.184460890392998,-3.618739222065466 4.773460037123506 -48.922489980287494,23.82922253486088 49.895414258063305 11.1828941008039,7.741908255136465 8.718697016617286 6.074450394788247,10.397743223968785 43.45735875884814 48.38866969133803,27.159792708654493 -62.744163873508114 -16.834338946833615
-15.327622372234186 2.165926092364905 -7.724053389317732,-4.788480799957148 2.719134154621134 -6.858223421465603,-14.886800723795517 4.973651943432175 5.01984337632622,21.456369010545725 1.0062375830618737 8.577990344409066,8.253293691841277 -2.232628858043297 6.3816537117103165,-3.2539527720112384 -1.283919567635774 -49.597894799429,23.475122648753356 48.78969645599098 10.746232494167726,7.101656758826545 8.937594764857181 5.111060047755334,10.890950115774247 38.52980965623526 46.534398028980355,27.15482615109006 -62.49224795873568 -16.688557120420697
-15.274978392064023 0.32528103432021815 -8.298976812233168,-5.7146150196136185 2.35861672432263 -7.0158198620123855,-16.89603464923838 4.551407621491371 5.53309915874447,23.909794510036647 1.5451322912849426 9.328245230506411,7.3719227188871645 -1.8751014950501985 5.402661750703366,-3.656981446797264 -8.4218988084246 -50.92152124052785,22.963149012498928 47.23382233595327 10.152471321047182,6.417128245591642 9.299314165956737 3.947832800750743,11.983367389044087 33.853874445086824 45.08649384494708,27.20844545895933 -62.5611060721265 -16.68696019107318
-14.71635058225717 -1.8914695369063381 -8.939669602422672,-6.413517001947053 2.1769560217726562 -7.458723883161211,-19.38186033389139 4.486926334779269 6.151221828803185,27.798449441202305 1.988071355810522 9.466225793730432,6.663353988500824 -1.4609459334155874 4.577373850449067,-4.892712247239075 -14.34300061855474 -52.620808898948326,22.363071729168688 45.42806792188592 9.471441139484023,5.8775083696206725 9.694048995894219 2.940440560559238,13.162800901868671 31.111398669192617 44.243245953251076,27.325418780350876 -63.072112244763396 -16.898789747726568
-13.648518655534158 -4.12334681005942 -9.466214965756592,-6.628881668487777 1.9385496457762896 -8.089948849068625,-21.95627188812835 4.813327338302954 6.805171064713501,32.631177414782876 2.2065932602266436 8.868962448657653,6.230412848425395 -1.0703999133102942 4.0873436928721745,-6.811564645055305 -17.638230779493142 -54.37545845663519,21.80531658607405 43.74857977404186 8.836135898573483,5.55850697311317 10.02633153117064 2.241129351677218,14.000776269103127 31.381887139088278 44.13489682632375,27.467811954495353 -63.876581648156716 -17.262817939248265
-12.449104771565178 -6.231412249519435 -9.693631128601385,-6.441633123537013 1.3174406597137613 -8.774306720325088,-24.340679072252684 5.399696995007128 7.4567142808835545,37.919668548061445 2.2030136697609777 7.643270695088549,6.023853062193314 -0.7508942595532277 3.9181591607976745,-9.072914381604836 -18.123426362427463 -55.88801447972202,21.444900898833723 42.65059544768784 8.412156590889806,5.42136835178968 10.241990281508205 1.7733649262513735,14.347661560448168 34.64894736327339 44.834625022190856,27.558512266132652 -64.56747933299452 -17.59174876481429
-11.704626343330782 -8.215738992538956 -9.49997470503313,-6.220099773838606 0.1430933018486169 -9.384858209257022,-26.378915073726603 6.01071348981314 8.065473446668678,43.181069522289036 2.079881614696935 6.095104929675156,5.913324860154444 -0.5218809624099504 3.9045600196131365,-11.235299072076893 -16.661261081308403 -56.94047545914185,21.404665795062257 42.504625002203284 8.340014210415264,5.368434727067383 10.331951451888942 1.335433199486609,14.357989831341717 39.77610372832743 46.310559593296446,27.501268170713235 -64.61076294164876 -17.63565998228969
-11.900093238976906 -10.062191356492646 -8.875255649016879,-6.4066971195022635 -1.4454323492905623 -9.827662131946111,-27.978076708275953 6.413603874356976 8.549378114173741,47.8731894111865 1.9561321401885203 4.613356141950977,5.786631369197143 -0.39382210214429514 3.838045965823415,-12.884419167254764 -14.635705947102391 -57.42939681193682,21.72088859290576 43.43154374010355 8.672851402585653,5.317396490371458 10.316836762270977 0.7657466808280583,14.35087962421201 44.97777972833475 48.34725127256617,27.217044867246617 -63.56769797405501 -17.188462592975007
-13.138025234120573 -11.629938174859292 -7.928234300529487,-7.252645451967661 -3.0284627114449827 -10.04265449125637,-29.037081716312247 6.481067715226845 8.779147140484959,51.36402543889514 1.8842501062764532 3.5217982219794415,5.619716502735215 -0.3845351902715173 3.5804481238499695,-13.755082333384548 -13.346188561368363 -57.37697339777283,22.316788641486454 45.214904369785415 9.339173588517268,5.251021544170868 10.224409768678166 0.07085568809852541,14.594788816529576 48.55888021149596 50.50524054963099,26.685040656266427 -61.32068125713619 -16.19416585721031
-15.043912718679222 -12.657795784501905 -6.846484520235066,-8.645967849512925 -4.102958009251693 -9.99542908453528,-29.426641269760378 6.241063216651367 8.626025608773059,53.02645158057105 1.81924840782938 2.9680080713791246,5.481754283355681 -0.5196283771607493 3.1291424176586915,-13.804871009855862 -13.559239635569483 -56.91741411141626,23.019540333615996 47.342704325501785 10.152652600016635,5.217615278692314 10.072918648970653 -0.5587193360541596,15.138751775013302 49.567432742549364 52.18341937520832,25.96841205459396 -58.19067491540999 -14.800164188398549
-16.91727260890148 -12.890104220387599 -5.826804073275497,-10.132693178082517 -4.337892740361587 -9.677841916072436,-29.04647189681568 5.851379505573801 8.043769052811738,52.46554288390474 1.6566157267691626 2.8974507296937233,5.479208221764523 -0.8154812258470279 2.6073391417741254,-13.214423140453604 -15.34058247209272 -56.25925423029227,23.61791832668772 49.1756162916736 10.871215832596269,5.287807297053323 9.867785898906083 -0.8537567767766278,15.779816686961638 48.06640504129272 52.7975147940896,25.206785587145337 -54.868108807406394 -13.322592134331956
-18.055857766510353 -12.246569505483034 -5.007016332541258,-11.128942868137356 -3.7465363980344337 -9.123258495233948,-27.928592940995358 5.514710566482592 7.135292726526976,49.77794014812626 1.313278060207381 3.1162690580529167,5.677111405630113 -1.2558624212035783 2.191121028514571,-12.31525294346099 -18.16071633154921 -55.628336416655785,23.938983597728054 50.17950632719137 11.284447787542577,5.4979349787227285 9.610552116688014 -0.6311893451633908,16.178957452905923 44.94169751068293 52.01552210917084,24.57148566636352 -52.163204834892866 -12.128965371214596
-18.087227709308316 -10.929301802470805 -4.428865625189163,-11.217088367953549 -2.6826947368864005 -8.42422781584463,-26.314910939787612 5.378865896425285 6.1529333689971875,45.68044223330317 0.7989470680222739 3.402186345223628,6.046488850126792 -1.779126136128244 2.0144592354435833,-11.471606619741852 -21.177702500556016 -55.203527909508516,23.91230397715094 50.125986012940075 11.293262723525439,5.815994573534379 9.312146202693006 0.07811110081550066,16.057720726835818 41.400398494200005 49.93963024364594,24.198955595030416 -50.676209732953126 -11.486609785978505
-17.13749577034322 -9.391862609412907 -4.045490237435989,-10.370004223988612 -1.666058585215338 -7.730299180738855,-24.640332744044475 5.472040485240769 5.4135103128991435,41.37885672101253 0.23082370091390114 3.6028797797240015,6.469224400245183 -2.288280943275276 2.1007037741175827,-10.958937927114137 -23.57116202039411 -55.06431180532307,23.594293334105437 49.17397274045038 10.946939746123153,6.150844760974566 9.000724839788996 1.015308041716569,15.366896990715391 38.44566491896092 47.128607781788546,24.132227616141936 -50.54083628813007 -11.447958804627977
-15.753315857324605 -8.171506856483337 -3.764430235100589,-8.981964448252395 -1.1334745143898166 -7.21070487309582,-23.401480524198437 5.702683651098959 5.158976976581711,38.17331505176733 -0.22098045145449374 3.674799745589702,6.797037891994735 -2.683470288807672 2.3522844966992893,-10.882415957619816 -24.818095341669054 -55.170520696820624,23.14198433050447 47.79534960994673 10.420304434793298,6.3988481153179695 8.717991454484538 1.8062428693303154,14.336017679236962 36.57875619036692 44.42034689771932,24.300176062149568 -51.37068382470725 -11.830819678862973
-14.62242213833808 -7.6637744611719985 -3.5004623189689346,-7.685638623240704 -1.2478776020356523 -6.988438494518716,-22.959701258326678 5.9190081697845365 5.431646134986016,36.949507832119394 -0.4273287239599979 3.653359170843833,6.929795517110987 -2.9027085106641395 2.599700421436755,-11.163762913834182 -24.838924619098048 -55.38581252628288,22.747445394298087 46.57625561359241 9.940217842618404,6.499988225614565 8.504790784674507 2.14209823398686,13.376891653317198 35.81230197659887 42.61209795005822,24.547831650126238 -52.44387032783867 -12.306946666221231
-14.240283405568086 -7.954160446273084 -3.210694227511849,-7.047834328200418 -1.8582942528223865 -7.075762455077893,-23.375268937357273 5.993196407668516 6.035165829053974,37.79733251182301 -0.37793031625091467 3.5851860699397164,6.867743136989352 -2.950017686425059 2.6823870340975438,-11.59862093211266 -23.98385037143402 -55.53947022685583,22.56103658040988 45.98028885982277 9.693192894793114,6.470165743064969 8.383161319187895 1.9305101589711307,12.890612453058289 35.89217821145531 42.135469200478845,24.705810317752793 -53.041590499419556 -12.557682828374325
-14.692038765494043 -8.794536174044843 -2.8977933857030473,-7.30073825540599 -2.617758896926036 -7.350156718356011,-24.3663101999949 5.88536464258519 6.613371516706882,39.9657388281008 -0.19516652216714214 3.4720620034072174,6.707790372679006 -2.8946629674234026 2.521295692163196,-11.958995692391737 -22.871328386098135 -55.502978267666414,22.635938390634927 46.175178513300246 9.75407680186951,6.390414099346098 8.344628311584211 1.335206019400767,13.076045272491085 36.531309270671755 42.879459291105356,24.666234538544202 -52.77535619192889 -12.42009310750079
-15.651325412380537 -9.736903358227613 -2.587580739769648,-8.245685063822789 -3.1817487621094633 -7.595215203908573,-25.42812583478626 5.656437885167879 6.8175091045581855,42.20843267469202 -0.07197621029667922 3.2643057459975324,6.586236204385009 -2.839115646626891 2.150568214857037,-12.097063346346332 -22.132981321217134 -55.2482992034479,22.91606846929268 46.99339104858767 10.065463580649897,6.358776040132049 8.352004584600548 0.6835742633913462,13.835238801733789 37.50392703242138 44.253305032963745,24.428107409497343 -51.741210664286186 -11.950998630641777
-16.58062463389345 -10.355007414460454 -2.3020476397818515,-9.374046357907282 -3.37420774701021 -7.597969424954342,-26.065098076102558 5.428249122283335 6.481425319203326,43.37435297413339 -0.16608555301611627 2.906859952857277,6.6007635576618 -2.869580615517081 1.69774178626172,-12.00600622911135 -22.155660533342637 -54.86050454153999,23.269658278615672 48.03500408306491 10.473870142272661,6.432188430778164 8.355502353734774 0.29396294237297926,14.82096874508748 38.588305087393785 45.468168685785734,24.090154773688578 -50.428416157524325 -11.378868264381277
-17.015848842037958 -10.439941067448977 -2.0490904466670172,-10.135411367693148 -3.237683654108711 -7.259947233381932,-26.023927713851208 5.31680639702708 5.713756241441107,42.95818890020447 -0.5093737186140439 2.4054471511857574,6.756038324760331 -3.012818559273814 1.3262773321542336,-11.812131217661397 -22.92397112242243 -54.49752020288807,23.55077264031806 48.85781525214892 10.80311926681714,6.59175570839535 8.316620199651352 0.31729866487715563,15.60085085225137 39.47600529841658 45.908089100360115,23.7961135461222 -49.43860172501235 -10.972434317501829
-16.784191203312893 -10.072706926088852 -1.8358919796700652,-10.208921743640458 -2.9571816547515217 -6.66438509947599,-25.410410276176954 5.376056782321887 4.854584702981181,41.33179239303297 -0.9842896506991653 1.864750444477865,6.963625862460166 -3.221074366399541 1.169063746543256,-11.703425546471044 -24.037617062583628 -54.31522006342688,23.660074779256114 49.16461255375507 10.929910224381034,6.751933029794199 8.22862638705179 0.677158389578554,15.856990447512086 39.793250636824524 45.41255037173094,23.661851174237256 -49.169542878508146 -10.898233177212997
-16.05214802869849 -9.544638328732738 -1.693290275901631,-9.638524390546351 -2.719364678938846 -6.057799368103744,-24.62876462818749 5.579789331626275 4.313149014009116,39.533414898479165 -1.3824197927750292 1.465380623886782,7.096081753226837 -3.3937494773568404 1.2813102538403105,-11.829494469680649 -24.906920464450998 -54.39397322523481,23.578759535118788 48.90584400841318 10.828088408561655,6.809580443890862 8.122967466018414 1.135351951507745,15.526159072462548 39.28482131070506 44.33285383495478,23.722206191249665 -49.63150231742728 -11.143069131499242
-15.198630397173394 -9.177831357151826 -1.6869453743715508,-8.771922970292069 -2.5986671052271526 -5.7452391339180275,-24.17370070617468 5.845695736599589 4.366634147198819,38.72020906413488 -1.5142397785172688 1.3832666840688979,7.064344385786832 -3.4264361218266806 1.6284347897089204,-12.222143326134951 -25.04329052779853 -54.70299938231426,23.36382064067068 48.26134965911302 10.565106881533021,6.706176453164721 8.05676623851508 1.43932246662151,14.817363969976704 38.05969820944012 43.33490347115638,23.923426773388357 -50.48579476653556 -11.539463147628211
-14.599756800597778 -9.148093361442932 -1.8965432159079798,-8.050567722946905 -2.5357618277573364 -5.9444876339828205,-24.381842201380262 6.082396632547295 5.023068426554284,39.56783610999505 -1.309878802924855 1.6925582315921033,6.874059015447724 -3.264075661390881 2.1073613444236665,-12.776503063558815 -24.304256049943874 -55.12029499180149,23.111370152381472 47.523759074258 10.257713099219526,6.468192712150767 8.08541218639782 1.4635389679650932,14.103424520742706 36.7017369063712 43.047529892722515,24.161421743107848 -51.269122067038296 -11.87376824796533
-14.448425975819433 -9.406016517156988 -2.365055315156171,-7.774301956087386 -2.411238402860884 -6.670163402592989,-25.26883550494265 6.230421716029374 6.020021632272606,41.92972495003504 -0.8550338550215932 2.3085929984188103,6.627666193343283 -2.9323378252023238 2.5868225201942563,-13.302537898378247 -22.96355882893488 -55.497386550408564,22.908676648977192 46.94986779066194 10.012386853372641,6.201407642858715 8.23212727291186 1.2641626467049054,13.740937363797679 36.0894441213818 43.733790534337224,24.34126290577289 -51.66480262087731 -12.01087403590129
-14.698297005265752 -9.733193136021583 -3.0441098540195317,-7.96885782847072 -2.1580671439378643 -7.708389480829175,-26.530553251696496 6.275984806049789 6.960550606760105,44.928317910461686 -0.34174093773021796 3.010392728548321,6.468876936346668 -2.5313307404550396 2.9486353417748297,-13.620053014755747 -21.561101314498327 -55.73453810147136,22.798740439589434 46.65503219733757 9.88095185187793,6.039207654725671 8.46938181379716 1.0196290497539906,13.902326687396982 36.93989865070639 45.15197569879877,24.42339884615885 -51.66151384873817 -11.962356006613941
-15.143324814005446 -9.8939667024002 -3.7729043903008646,-8.418219740189192 -1.8357716510737048 -8.699604971053384,-27.69798917515086 6.2356072211935 7.51563392586032,47.41634859681312 0.039271286859354326 3.54037652026251,6.498314489281285 -2.1936574177949253 3.1166604986707918,-13.645885892970005 -20.606976665333413 -55.82613144018731,22.772881801339366 46.597612527616214 9.851590949431715,6.069928886801444 8.723092687577667 0.8979029273242458,14.49357456731351 39.29444799656962 46.67763872982829,24.43213397429344 -51.51271207713707 -11.860492627892697
-15.568325691828717 -9.791087827329537 -4.316808812207993,-8.82741567114011 -1.6173692650602705 -9.29254405362841,-28.355328519884118 6.127695404697383 7.586938642138056,48.54707728336803 0.20558812736105936 3.734933211422678,6.706165564361957 -2.025971320204643 3.0685123992080685,-13.42400479638152 -20.302748674103043 -55.85150282322992,22.79176407724082 46.651747596788354 9.876115042324388,6.280838430670558 8.900707764054648 0.9342991512314719,15.18971621005858 42.263732261474516 47.6257302950355,24.4256927685484 -51.53251601615226 -11.857967735851155
-15.875155340116224 -9.534193034032432 -4.460898121312138,-9.010377052182237 -1.6972569926183394 -9.295040693892611,-28.303565923666696 5.953173394885653 7.344600015566286,48.140036552565505 0.23057011313681275 3.6179432341308457,6.960311371522341 -2.0612864570948486 2.831920497591719,-13.078875550002738 -20.445182601231192 -55.91579424320793,22.82113728380434 46.72217845433673 9.915771259073457,6.549674758709021 8.932621087624625 0.9968970316796462,15.568408967687851 44.26134258148544 47.609995238473,24.450316101685196 -51.86386405914067 -12.018471723608245
-16.11577904317407 -9.38147535658156 -4.11898009439963,-8.991108871298414 -2.1778992931607055 -8.74760601527715,-27.59160116901205 5.69841334024383 7.121055971027239,46.65311163237494 0.3046806021695979 3.4036389032514194,7.060260223267822 -2.244493613931838 2.4704602396288937,-12.715669172992714 -20.581737676258264 -56.07291354753751,22.862041154928527 46.835728552653265 9.979142004922588,6.691837351478455 8.808377176055638 0.8637918363089104,15.282963340064432 43.70334498614136 46.757105180348475,24.509532608165852 -52.37207672198488 -12.269558710524828
-16.426499838922794 -9.587617963994647 -3.4008480478588323,-8.965003437149974 -3.005180513290078 -7.884496820992084,-26.418198934846348 5.3566197834242875 7.218563270757437,44.80215411998995 0.6306275324780624 3.399524598325419,6.832873174535934 -2.4581322422171334 2.063089387886925,-12.324629172043517 -20.340273050581967 -56.27356158274771,22.958883932724966 47.158112652848686 10.130521727023556,6.543602508236095 8.58925204742841 0.36853595519761695,14.204792965389494 39.86644704885073 45.665521377527355,24.56892231273653 -52.739785753547835 -12.451521367455474
-16.916598384334222 -10.244370453719474 -2.592950453123941,-9.153694903074898 -3.99073945791415 -7.004433219840321,-24.982826183001396 4.950061462733002 7.7339379800452255,43.073467020224356 1.307679123048818 3.8520672890642302,6.223151535947713 -2.5767501432590394 1.6812275781305737,-11.751054358115645 -19.7406507163588 -56.36920076956686,23.180370844762226 47.92344070327216 10.462570695225116,6.04288571565026 8.388054003228225 -0.4731268191316289,12.482433935123272 33.449556562196406 45.126804134091444,24.59303878070622 -52.71213301170114 -12.436212687725444
-17.585426754000668 -11.204991686666974 -2.047795025290215,-9.64948676549201 -4.905668346913948 -6.31908636245525,-23.387109207453083 4.534203558519118 8.494880736926376,41.43353591157728 2.2660848406396514 4.810227771112205,5.334000685655688 -2.524889385437575 1.3678665680258901,-10.76127280296815 -19.28580363419139 -56.17379054851193,23.58183620359338 49.30752243147769 11.045179257188858,5.268473230725174 8.321947246442814 -1.4349950695604312,10.49954029294703 26.47886959951513 45.745242028098176,24.589256010805016 -52.3401341843523 -12.243172836022412
-18.31613671090793 -12.138277503012965 -2.026092983269672,-10.34794626979574 -5.587873502300752 -5.857623350613363,-21.648170305244882 4.1767959123566865 9.143090521417916,39.41816644189786 3.2860979453126147 6.076908909915545,4.392719033266543 -2.311972699770063 1.124827288226851,-9.182360937100434 -19.74133072478211 -55.55431765530565,24.166735988325257 51.3042090670179 11.874645019092165,4.416848893091867 8.458019774256519 -2.1760490183353567,8.751810598684202 21.510104165625663 47.641070877408794,24.626926748049474 -52.0581109444693 -12.075997339666852
-18.941961034866207 -12.68763521381197 -2.566555216666127,-11.01007823907329 -6.000858159839447 -5.474656377393147,-19.806017885737575 3.922531915597099 9.321938270268575,36.54915777707913 4.092550973404968 7.277423826138293,3.6571709667112144 -2.0278597134386755 0.9142949953566173,-7.046556217769439 -21.69137934070814 -54.50496085579737,24.865899880943488 53.66437831684083 12.848046559338687,3.7242902364685997 8.7770992988057 -2.414394397366176,7.688920357915605 20.4580327225717 50.37960493271314,24.813973796793697 -52.5201133019451 -12.244510536102583
-19.336771187012864 -12.654041550906621 -3.4521388147737366,-11.414303918592841 -6.216056314237452 -4.95354445986165,-18.039054592673676 3.7654471921435966 8.871765478723049,32.81775765894007 4.478476844231629 8.017140051397655,3.30387796354909 -1.8007475876189547 0.6769622527916248,-4.657456874569661 -25.104670764905187 -53.166857811698016,25.545639371842377 55.93089194165449 13.777164792669717,3.367483281869978 9.175103310761562 -2.0866067462296063,7.575222043182679 23.617555362624795 53.15663324765931,25.239258641723605 -54.26219723578336 -13.005051040995728
-19.4720590333528 -12.108718374525193 -4.2979082756485765,-11.502592971627582 -6.340835569177183 -4.146765151101537,-16.688554304306965 3.648776118142483 7.932178826598488,28.916400309954604 4.398627901856637 8.055970081967772,3.3494584262411897 -1.7362895660436466 0.36184464690596474,-2.525881404063373 -29.168368743829735 -51.78224749765751,26.043619494565434 57.56261908038108 14.43955206330546,3.386624681535743 9.504750497344814 -1.4033851310835121,8.412716971943551 29.390431740204438 55.146754744529105,25.912160817111637 -57.370202152156885 -14.403651037129471
-19.410324832286054 -11.377713578989383 -4.7247631530474585,-11.427970827351068 -6.447144668257021 -3.0766040457661665,-16.145893644370634 3.4962726025366786 6.898839479828283,26.034309108770458 3.9906319754657478 7.417683020275227,3.6417776026191824 -1.86559723809631 -0.04442320783442266,-1.1867887361053304 -32.52372275057836 -50.60422729049447,26.219909983386984 58.10407574321197 14.648824818407148,3.665846057326247 9.640924423876017 -0.7660428234425574,9.947392537146385 34.904226813030476 55.84732197018729,26.73630268534881 -61.34728674971797 -16.21318554428902
-19.24899069731535 -10.905629643656267 -4.5365533212013665,-11.470171438854019 -6.550329017159832 -1.9419812402693932,-16.645852005288877 3.2593069916007025 6.255847005677399,25.28710651693745 3.517265208315076 6.382040763780875,3.925295287300314 -2.1262723483288934 -0.5034607779338092,-0.9737210502457093 -33.82506210070279 -49.80463702378045,26.004510602180442 57.339051720291714 14.318345376659869,3.980859626157068 9.539878573678708 -0.5824624791928942,11.753385611651627 37.26523129753718 55.26071479889795,27.53774969912242 -65.27722352257769 -18.009217950157673
-19.059302426748175 -11.064654416255228 -3.8116890738591875,-11.866436889669687 -6.647936025835069 -1.0280470653293712,-18.081265330475002 2.952622437571896 6.365217462318976,27.080137700198556 3.258815659331691 5.362757423743155,3.951567454720259 -2.3863011704765498 -0.9355442047103846,-1.8586527505513706 -32.357802748861 -49.42196615420391,25.42401541091279 55.372804492655426 13.494932529029033,4.094123975611149 9.263025508667337 -1.0749248412696604,13.366168143570798 34.85717803261954 53.842886315524744,28.137864007762502 -68.21892595696104 -19.35414072113827
-18.862084137900684 -11.998025313103302 -2.8603030688476174,-12.65716087776271 -6.781301168120282 -0.5666150627805124,-19.96174177241806 2.6561302773461763 7.312040265023489,30.77261810754473 3.402992304028098 4.727448410306602,3.5860954558512432 -2.5017449815396584 -1.252253441817261,-3.4427295899053405 -28.39936646451028 -49.3696835687554,24.597943798170206 52.61401316619112 12.350516992168375,3.8567305060151287 8.951233547063397 -2.176330337913396,14.421982780673199 28.061233621233157 52.26073526209985,28.43438921169294 -69.6341636973814 -19.996960820651637
-18.65056225703328 -13.564855637956883 -2.0656792181000014,-13.639548360797503 -7.0609934991566865 -0.6202785868719665,-21.57113694794153 2.4786844829972883 8.87157602621942,34.866536778815245 3.975181757149177 4.641709136451138,2.8652789873930304 -2.3838592492524757 -1.3967815983013052,-5.114286297424517 -23.12666339427722 -49.49488976977945,23.706245845033862 49.66346907159115 11.134908670960483,3.2729735785475977 8.758970555020154 -3.5641472597184034,14.759684309107081 19.055702518742002 51.087014554866364,28.44716590177896 -69.62175212080996 -19.98285212138765
-18.43338465958677 -15.400714959816076 -1.6893887479031486,-14.460345176219409 -7.617877299349141 -1.0488960297426315,-22.26903788973916 2.501825035526186 10.602649432079364,37.66244082992144 4.830166004508376 5.006630301230068,1.9802138956279813 -2.046245246963398 -1.371510001600451,-6.30751830245978 -18.106477945074314 -49.65379627108022,22.93936805057735 47.14797511165285 10.106198483833621,2.499667493020463 8.77814754419093 -4.80954523964079,14.45356135577208 10.81132436482441 50.57899969384899,28.30234973820318 -68.82876216680233 -19.612052228136662
-18.255409540522 -17.05477158627939 -1.7407156811274498,-14.797654026224631 -8.494054555580998 -1.5729122692770474,-21.791990980755735 2.7339128619463766 12.013852924987702,38.05907682609841 5.700770341642322 5.5146740983911915,1.1965023669136552 -1.6102227034014134 -1.2374371502839414,-6.7409106856523255 -14.625152589327007 -49.765884929300135,22.447601445176012 45.554448097246315 9.462126537250102,1.7806910590494982 8.988567790639758 -5.562101795313783,13.768505657548706 5.790969028709508 50.63265267420378,28.162210387021126 -68.08255848073979 -19.268487261205813
-18.17162594229327 -18.136655644341005 -1.9796594742796703,-14.52976590976395 -9.53929204214884 -1.8982772474640137,-20.39475325659778 3.100163686733764 12.723996169610924,36.07752239753357 6.281203091129557 5.794748577330536,0.7464306935464096 -1.2638129821961335 -1.0842637574423208,-6.5192666279655676 -13.198096898281372 -49.823863726163374,22.30567623234454 45.1161127563167 9.294069677930025,1.3455131908737226 9.260986584380333 -5.678312766533085,13.055222216141336 4.986795325617687 50.91028900422636,28.13811801454669 -67.94182248078454 -19.21047949934636
-18.18879152823078 -18.414952801552758 -2.053851293998827,-13.796449019369875 -10.39316915013524 -1.8389557051709111,-18.74514703405451 3.474307899957261 12.554725161186232,32.82440901800716 6.3177827620109035 5.5788717736213425,0.740128812209641 -1.1894060966823825 -0.9861254905696062,-6.047785608431083 -13.497847047174888 -49.86229133142762,22.502386303989184 45.78218972646025 9.576275555068811,1.3160849117415865 9.414264365261221 -5.239145176707584,12.623987018940689 7.724781793247262 51.05659949077148,28.2346019797017 -68.41278994279321 -19.43838598973568
-18.22181876997924 -17.844319356815543 -1.6986540408052018,-12.920573768358949 -10.595824096035832 -1.3791478118332545,-17.612637092657852 3.734399872732791 11.537170875657038,29.90574729404769 5.6842334049606285 4.816740607591287,1.1319252013654604 -1.4890197787434554 -0.9669050256851937,-5.800370465501127 -14.706223753818538 -49.90955269357996,22.955902448589004 47.272483434983776 10.190165616779936,1.662427937206668 9.301485552925183 -4.46495430410744,12.642642073158209 12.253083771927404 50.88563132381644,28.355844355863255 -68.98871369462898 -19.71302921312187
-18.111955063564558 -16.536667177902004 -0.8944162584303493,-12.23821594153982 -9.79736204851566 -0.6528609954863343,-17.50260021103775 3.812341674178526 9.858583917167165,28.600924844905347 4.426160310001029 3.691655223339298,1.7524943123489085 -2.1380072868178503 -0.9948693370036119,-6.059540719344262 -16.062438059551642 -49.95431103062012,23.546719235015747 49.18950557562531 10.971616974020572,2.225127060337635 8.88447751779508 -3.5888198505808475,13.094517550489556 16.73350613768776 50.45105417137728,28.371241768570112 -68.99197147379658 -19.71559660452076
-17.71653753423982 -14.712063488640368 0.10481352457618298,-11.936096241922854 -7.968584006281186 0.13759903199183476,-18.422380295418268 3.711633701733107 7.79508718837604,29.238797443980726 2.7651962649816495 2.537248285721779,2.388381747309387 -2.9870101427152664 -1.0103853484144536,-6.761989863364901 -17.278337921498945 -49.9462331381584,24.154958768987203 51.143349497178754 11.762314862473472,2.792525971874763 8.260176827748868 -2.7631017682622825,13.808062335997336 20.084690159883863 49.982241961256754,28.20298139139041 -68.02719547035646 -19.259809004468558
-17.02690315731711 -12.658819695725608 0.890236284252452,-11.986921941105596 -5.495831805994674 0.8145023188253511,-19.899543941679255 3.4876192750012076 5.66540734486919,31.107123317179752 1.058120883360318 1.6974827987665302,2.8709062116758233 -3.8122973730358023 -0.9710880431709674,-7.531205826649384 -18.583160242490507 -49.829086281979855,24.688785207452444 52.84458053101861 12.446867802255227,3.195527476929765 7.624546296325784 -2.043910822502254,14.541576023543454 22.26055475390743 49.73918799752417,27.885111082760442 -66.28634792191835 -18.43534795147356
-16.23751710770398 -10.708512802057246 1.1056784591228024,-12.211799268675666 -3.0883152098372237 1.280758534316139,-21.240263400178208 3.2069124738435444 3.8096724531355437,32.93107044693309 -0.28622677294910215 1.3935729784243565,3.134539374989882 -4.394610431094851 -0.8872937195977756,-7.882103395568265 -20.39100652943472 -49.58485253191848,25.095762406687545 54.137674692288385 12.964982867514594,3.37516494699501 7.189741721942402 -1.4449399891667847,15.085378282598613 23.896722328648927 49.87360578532948,27.558503921465142 -64.52299108007745 -17.596708919569874
-15.702797673970512 -9.209275995724376 0.6356002323459214,-12.421971207235298 -1.5182334617299194 1.5187356538348031,-21.88781282099795 2.913917258810573 2.5698869188684803,33.63974333951923 -0.916883113233962 1.6532403170295282,3.220930889184167 -4.5948337619091575 -0.8242396730988281,-7.491727723415984 -22.819485295531678 -49.260956013888546,25.356949667845036 54.97502032566595 13.299474528655097,3.3915708960143256 7.093172242306105 -1.0089244013047114,15.33891874644237 25.615675709109674 50.36780293105408,27.40166752772622 -63.69375727110115 -17.19578149478642
-15.777967677899934 -8.476126353652052 -0.3262422736200461,-12.54632842877188 -1.3046945253740323 1.5474068613914198,-21.688495437427314 2.625327472270843 2.2436093749358497,32.979978002883655 -0.6477231142961015 2.326065679518812,3.2311137365616185 -4.396437377295175 -0.8660478373719699,-6.392784725066333 -25.386593956047708 -48.96206160628295,25.47100390399007 55.35765082790288 13.451414150008393,3.3717601427464996 7.341352016883247 -0.8376263750579533,15.333475616946497 27.447706743273237 51.07095583956729,27.53391162477112 -64.45182604909931 -17.543906020684066
-16.61508254739497 -8.714121160762241 -1.3663190708032833,-12.66398911646527 -2.4912848164695536 1.3762425278123218,-20.925230853700498 2.3526372082094014 3.003350871392497,31.62624252925991 0.4764492912759808 3.1694101197650815,3.252929599067949 -3.8990933125492795 -1.0596318064395158,-4.98408884759131 -27.111628913642996 -48.807384012983306,25.43928004964261 55.28208519357541 13.418686191516343,3.4242832955872338 7.814570948797773 -1.0528539053143815,15.195921687044882 28.716534041883072 51.796178770406755,27.94435815859338 -66.76644141436032 -18.63155138601226
-18.029221627705404 -9.937540537653517 -2.0550102349997674,-12.92447711317176 -4.629320090755257 0.9914287627320276,-20.109382335023174 2.131446476590509 4.807528938245551,30.72644753100303 2.1857009756438917 3.960192980722867,3.302058439287202 -3.2688516156896164 -1.371696288709587,-3.84614986751152 -26.999233301130058 -48.87314957183296,25.261177979684156 54.72642362888346 13.191195476190273,3.566254737865277 8.328662267173241 -1.7108153098144734,15.074206117393864 28.433479815475422 52.4125309501272,28.487678894677675 -69.8827957470289 -20.106764367918025
-19.529779849503964 -11.926996593335437 -2.159578039108618,-13.412343710229614 -6.9805505928362575 0.38467595546730116,-19.657125315134294 2.029087909110662 7.351870477564846,31.152423327432196 4.069629710223557 4.580600631639919,3.307854935654398 -2.668464509761799 -1.688721907071498,-3.452757084494761 -24.637783646050618 -49.14800011698739,24.94250938075131 53.68539851259984 12.766116489787274,3.703197282872451 8.722403637868865 -2.7282064115825637,15.059727332038674 25.930239664017773 52.877562410942346,28.95170979869456 -72.6580061116025 -21.43061909814528
-20.530301094879817 -14.261372503208294 -1.7553620337180664,-14.051794240995495 -8.844343495057716 -0.396511692543255,-19.641408208523714 2.114961466348106 10.10546393604332,32.9026454280786 5.714626146542267 5.041994714706543,3.1526214324949047 -2.1987397488010876 -1.8682275789377738,-3.9266803370186154 -20.54554448338549 -49.52317455724536,24.511511905050092 52.234247785852475 12.174431558722496,3.6759657619950072 8.927326537360857 -3.87728702632217,15.140124770414914 21.323325497893155 53.198216046433025,29.162681306775415 -74.10715863997314 -22.13332437769121
-20.647835716025142 -16.431547036328922 -1.1765786703197736,-14.624455321565197 -9.852244289810429 -1.2161106381618227,-19.766680366214132 2.4043248217336215 12.441792874813821,35.027280032299714 6.840855520724783 5.442191540428897,2.745462429695536 -1.8750231648753246 -1.8201236125279128,-4.968414551429009 -16.018870312233666 -49.8232447518101,24.0314370081784 50.580099622942406 11.50166148338019,3.35386490398787 8.986771156552356 -4.868053325312612,15.200319267743847 15.518446931432688 53.35443146347403,29.072475229773826 -73.87786380153631 -22.039519421917475
-19.937588790546297 -18.002057878811573 -0.832042708912619,-14.901696561394175 -10.090472742509265 -1.8665525142201307,-19.58416505207184 2.809953911005084 13.828232670284097,36.14974468238684 7.381559507476615 5.882490272109218,2.0927171701517975 -1.6454269836306894 -1.5756974569773536,-5.999833601295724 -12.517027261542136 -49.86566541978622,23.598612715425375 49.05915212252085 10.885923417811728,2.7265025704743033 9.017567232178099 -5.481247955715901,15.068039164117927 9.753684791938115 53.243379377949886,28.78102722854458 -72.40563203906729 -21.345661778332584
-18.923568034340793 -18.75720912168616 -0.98242766752701,-14.815027245041334 -9.99916262379582 -2.139567896586656,-18.822672265583495 3.140717237427057 14.002732001258785,35.30859281529302 7.470625366788002 6.388618136247636,1.326028388452063 -1.4376318657049705 -1.3018109976899526,-6.454073153481447 -10.899925806584132 -49.52665863394922,23.32115275432465 48.060933556105844 10.486131344680004,1.9433044514582645 9.136958767195962 -5.679424838630714,14.582406181812525 4.966226734600058 52.68998886115153,28.48121085633646 -70.66811749136414 -20.50892382398424
-18.38172863850962 -18.76730221241918 -1.596571322814613,-14.553106295191146 -10.109361124491453 -1.9220512072315918,-17.635295433034916 3.1655064078155046 13.063697062546831,32.63830692520132 7.34659220318505 6.876744330814293,0.667914436424049 -1.208445777778444 -1.241727624309362,-6.066245859470582 -10.949966614308222 -48.79063148774811,23.283463989619655 47.898022298135906 10.42835079973259,1.2725706912390586 9.39426732336903 -5.628244153562383,13.657249907825918 1.3742387708825419 51.529192762944334,28.35473594990372 -69.66534309008091 -20.00493977975626
-18.96284597830258 -18.341859161008692 -2.3634657940786794,-14.5070502104344 -10.75627461007571 -1.269248222846866,-16.600893600997075 2.724042760423984 11.432056818096006,29.47065496528485 7.221815537363534 7.183624550265503,0.34515149580737914 -0.9707235873799159 -1.6012095075855308,-5.016979963010792 -11.477759711540887 -47.76840841710645,23.51059010785392 48.672995487588985 10.751755631058398,0.9916152803718332 9.742830735128141 -5.606383214068666,12.31589488358837 -1.4711952761831504 49.72050556760118,28.473481817306592 -69.8942034100354 -20.07915141110717
-20.838010764442444 -17.886293474055627 -2.8551519052483254,-15.071817827001862 -11.911060308037435 -0.4141583530625388,-16.45328780222105 1.833032887403347 9.698133670024907,27.74453592403362 7.182726100293993 7.148711375525479,0.4878637225830351 -0.7852031092659248 -2.4304326781978705,-3.8542352963668485 -10.994449625842572 -46.68063886879203,23.94943246730227 50.20608342102418 11.380069462468727,1.2566141393438384 10.065453978857569 -5.845129052812312,10.687284162416171 -4.205262055069604 47.431621796030626,28.757473519503503 -71.0851502287486 -20.61826631491199
-23.55418598250134 -17.722772882759273 -2.7563764722750643,-16.402017777064003 -13.204942720961471 0.2988627109145501,-17.668318966936223 0.7274927197171428 8.414601118655508,28.998519676964122 7.170427680315795 6.709674498858198,1.06283954756056 -0.7235445986866145 -3.5613530555566384,-3.2308234380745353 -8.60385367663591 -45.81177071082895,24.478698567261585 52.06817371082579 12.136345766860059,2.015869321097492 10.238015979116291 -6.382256806064987,8.96812725046378 -7.054861493064008 45.03825428094955,29.01054581055535 -72.32980973881077 -21.204702806247326
-26.191295884565076 -17.953340198325705 -2.0411317837108793,-18.261093407268405 -14.11812074448887 0.532011431332851,-20.13150255245703 -0.19851499376685622 7.9175582426594096,33.47307913344179 7.0477174700359715 5.963408871936555,1.8765931370885613 -0.8237773734745353 -4.63954454720876,-3.5879749636954803 -4.616147015469741 -45.44501142655327,24.947645543005915 53.72021771172966 12.800952565421186,3.013776833687107 10.196145729192263 -7.0130989257916845,7.366749538452298 -9.52706651749775 43.027157863228005,29.014263313218645 -72.52655394896681 -21.322593366100225
-27.761327903416298 -18.425047045960127 -1.002750281816291,-20.065189842489424 -14.226674351970814 0.07460688593558285,-23.082162646575753 -0.5394143335343706 8.24198133849499,39.82281022128132 6.711502828113369 5.157400642514042,2.651858449737334 -1.0628885549443696 -5.247302111982808,-4.941610312235433 -0.509829740704852 -45.790984675752924,25.23038754442929 54.71064562837595 13.192480261435426,3.890969624192679 9.96922533065443 -7.373494469266772,6.048668128182445 -10.611357780959082 41.83748029742441,28.631618883339748 -70.9136872669475 -20.608823990652468
-27.662091505748332 -18.81140863300252 -0.11918141860254529,-21.123009691088992 -13.38316275795005 -1.083143914253922,-25.393146097303354 -0.053762196568199805 9.154806899096279,45.63686743804233 6.184347360645974 4.606732272959249,3.1452497250092444 -1.3617740209013796 -5.070662276650732,-6.874824596480833 1.7850375062421584 -46.92453708828006,25.274033385033263 54.85072251711401 13.23862487083388,4.338553341928986 9.664316278768307 -7.119505943660649,5.10160182059925 -9.407622169248185 41.70741678967053,27.869294921824046 -67.42660652974497 -19.024737853018486
-25.962895975502505 -18.773056130689596 0.18052173437485086,-20.963715386622546 -11.754579634258246 -2.7501269103721615,-26.068759145599163 1.2136732490949211 10.280009764262683,48.54379403146014 5.63019821451708 4.567173403549353,3.2516539484312417 -1.6203318892962617 -4.038715367041171,-8.735679554305722 0.9266364263152163 -48.7458173589564,25.119717672025974 54.2907384200388 13.00570958341969,4.234995944448157 9.409759519510676 -6.115084009145963,4.53024750265195 -5.811311442056017 42.592645189364866,26.87102022083711 -62.71714950876967 -16.870016329570372
