-20.8 2.2 -8.3,-7.5 2.5 -1.8,-11.5 5.3 0.7,24.8 0.4 13.9,31.5 0.8 7.6,-5.1 76.4 -41.6,28.9 107.1 38.5
30.2 12.6 7.6,-3.7 -67.3 41.1,28.9 -107.6 -38.7
-21.601388219371437 1.8198198651798945 -8.135720715482114,-8.312273649895628 1.7643693705319174 -1.4062616987652132,-13.747273771272617 5.080243976995398 -0.5781584903017363,28.45364819783757 -0.3130053553661207 14.623525951206371,32.048623880930116 0.5638545939950235 6.803693056997722,-5.084446963596958 77.13890644190835 -40.23459398929414,28.656501358892616 108.57126770283988 39.19048871891642,30.78593461141167 12.550913797152432 7.491230022990858,-4.5050736386948556 -68.05452188953768 40.41256604229314,29.065199046982027 -106.04311590703192 -37.95646121913605
-21.917543833219167 1.9030937237466365 -8.21200296820538,-8.825839625928603 1.6545941640980864 -1.2221595919215904,-13.708089134145629 4.910717961373146 -0.9747559882992088,28.30614753353334 -0.4156952722526909 15.007403610519757,31.683667044908763 0.4468129662195657 6.634153881597713,-4.892283380764222 76.57435176600244 -39.70583140230233,28.52747548273734 109.59032944474727 39.66610308188296,30.416628508434737 12.409823996815513 7.268072468235558,-4.464894360510798 -67.4619610851198 40.164507278602514,29.002032557926718 -106.42904312358861 -38.14439252301564
-21.90647587881635 2.27624899253723 -8.390628513319502,-9.092067689603395 1.9755284630568033 -1.1978572733165311,-12.292885732122782 4.803587691563515 -0.7258168948723042,25.859737778673722 -0.12182054513754322 15.102016795289181,30.756249861946202 0.4012842725093546 6.880083416597434,-4.614843016747579 75.18468955137743 -39.783876781248495,28.49900588951049 110.08964881930474 39.89545511703115,29.458275185968763 12.211110105042687 7.012471899191895,-3.9339255999518947 -65.99051994104254 40.193989540458304,28.811356483929657 -107.91014748964167 -38.85682736007805
-21.72619339343617 2.7657130883886794 -8.533379105974179,-9.162327602424492 2.5320263497663635 -1.2835183367974354,-10.412103208707823 4.771018905996771 -0.06736561090091037,22.616658704845115 0.3548680315014881 14.957749322863675,29.617492702052722 0.37967766870011843 7.330182604794342,-4.3434596367928116 73.4482733771285 -40.238894668356544,28.55717609718839 110.00168942009486 39.8471568524925,28.27706813891332 11.989151627887392 6.8063728793176725,-3.266630791522217 -64.10840081160211 40.33917865939068,28.594026776086423 -109.63879484516256 -39.68679917876262
-21.534705414351794 3.197913428137989 -8.502036501319115,-9.087989125896367 3.1289419065850645 -1.4293063762117035,-8.976181207404503 4.825177343103183 0.7645734627350861,20.079150083633948 0.8006196631865707 14.624985010592269,28.618515935238605 0.3344023106275853 7.773152388985902,-4.169467006145705 71.84345682235084 -40.84104960585038,28.688069623747367 109.25891484070029 39.489820316398564,27.23920086216799 11.778328071403065 6.731719972070687,-2.8174733697258314 -62.28380605109475 40.438240466929834,28.450899385492608 -110.76735103012288 -40.22734142750866
-21.490020978836377 3.3992774286221623 -8.158382454503998,-8.920422021523501 3.5711292158712014 -1.5853849854067352,-8.895559371716569 4.97822874131302 1.5339759251557976,19.749451686626607 1.0016835554398706 14.154107675823985,28.110439931514122 0.21786735412748315 7.997693711969568,-4.184198890052043 70.84859346613963 -41.3605061359539,28.87776998716373 107.79378867470353 38.79205753688084,26.710866850632325 11.613018941643139 6.870457740908736,-2.9409167690668063 -60.984938013816645 40.329340794605926,28.482830263243773 -110.44818188449415 -40.07148755475548
-21.712270360706462 3.2555374794523755 -7.438658363402717,-8.709486441025595 3.7103532843824154 -1.70995188966289,-10.783909821113811 5.231001331591526 2.040566409877744,22.64699602149228 0.8046672006527495 13.615058316133451,28.34580032266293 0.0067029156562988575 7.853637989970127,-4.44604971268052 70.81000786124743 -41.61142589939884,29.10715373540495 105.63593008569731 37.76806579173693,26.95386874338815 11.528197388841837 7.278377800880308,-3.8573478484394124 -60.56294001159866 39.91927596571166,28.755942048150718 -108.12318984202 -38.9512206392605
-22.115095761238866 2.975714494010548 -6.68500662964581,-8.496813217467242 3.6541041076649763 -1.8050011835908388,-13.6371392456243 5.52251931937028 2.27894785514667,27.15929384775344 0.3852085341370545 13.184389763288848,29.039718877908214 -0.19042544109621468 7.524056493937244,-4.833852042715249 71.35429623032985 -41.647811419754106,29.32871272003383 103.34458129138594 36.68054071195284,27.660944494149362 11.562072689006182 7.868704496736092,-5.05626335460207 -60.73083272907232 39.488966922938204,29.147016068693 -104.81262487796711 -37.35597829964037
-22.542123524387936 2.87844987307979 -6.377202334643044,-8.321242791258742 3.5965827639374024 -1.8873774096191782,-15.902603360413963 5.77085043651561 2.3098024231138536,30.781425406618773 0.03051294526108929 13.074804728709877,29.725091381885463 -0.22008164864658378 7.305015273819751,-5.165552717768615 71.86400972626589 -41.60499032971613,29.485314126020278 101.65856879119666 35.87643860772826,28.33187392918005 11.75395142181599 8.50632054490291,-5.779330233878166 -60.98526259607216 39.44619257055508,29.468631910332554 -102.07192214761461 -36.03203540587829
-22.865822767789997 3.2222566912552706 -6.892635677825183,-8.220276977659344 3.700601965471795 -1.9683264694319023,-16.30565457915917 5.908598871146361 2.184902065318508,31.45356215491925 -0.029474725693035744 13.441995542102422,30.009286773765194 0.03691662791075082 7.441262289119034,-5.292713791203936 71.81655215716775 -41.58813656406625,29.5308772188726 101.18519120795158 35.64164913009554,28.54757231612781 12.126222819692924 9.071246229504878,-5.418978740473931 -60.89954920996715 40.100953849419575,29.56659870975373 -101.1835595947689 -35.594826284375564
-23.143218720136765 3.8810926235390326 -7.954139199538291,-8.222883287056474 3.9280756127134104 -2.0232637735308163,-15.349810107066984 5.961309253883316 1.8987757764113833,29.96290876802516 0.06893904976716712 14.077389779616833,29.976212430963837 0.48077047360120634 7.849236412107597,-5.281883995407094 71.29633165866687 -41.50943782954912,29.489951430030832 101.69086086428702 35.87164495736245,28.40809524405921 12.593233302226642 9.540422311943722,-4.331718232164209 -60.537776386483856 41.13817020085121,29.49926646260201 -101.68410235232218 -35.822889979912894
-23.503921442973837 4.577671968363729 -9.027111763149598,-8.354672737933251 4.161905285173717 -2.0135128110033675,-14.237928902060592 5.991079144674782 1.423439232822271,28.216391338904053 0.045403313626807384 14.629151832563915,29.897195495492646 0.925556935997339 8.316254482280748,-5.28416505899603 70.62648759779444 -41.2051814846357,29.41486461972439 102.61127444736611 36.30835006903465,28.217673136688283 13.026836686265943 9.928907807213992,-3.2532247071038274 -60.157042621580544 41.99692018935128,29.408576234111937 -102.42345831470968 -36.16561954592299
-24.034724174854933 5.060225508235754 -9.639950790800517,-8.629050087605046 4.299950458659395 -1.9133853394592066,-14.003729677625662 6.049766870810207 0.7534154865168866,27.855895709185862 -0.3280104013778282 14.793367743708863,30.008272537591193 1.2077702445180027 8.65301491415209,-5.429298327999657 70.11589784045319 -40.55282190130205,29.34970541211626 103.45521613589577 36.726472327245496,28.243110525651556 13.31204374231546 10.240914721865236,-2.8291049389233818 -60.01467266954217 42.18926811415926,29.414087177512975 -102.43019811474835 -36.1585832143863
-24.49940895379859 5.271422671509873 -9.799024921603026,-8.967768159589557 4.353878096553111 -1.7950344260647755,-14.397513998908506 6.111640595841234 0.052742551598674185,28.51178303714149 -0.8827618806261106 14.62876093390399,30.276952975559652 1.333885660280294 8.848216284392585,-5.685012672738834 69.96199335689366 -39.740488349468286,29.276157099455386 104.28656260569693 37.149803611918415,28.466339704559267 13.433484628242109 10.398470203280572,-3.0214090334206043 -60.36622081253409 41.78008013835202,29.465687959535376 -102.0876291420777 -35.990748408487605
-24.514889284904324 5.242341333712973 -9.728029411509915,-9.25090696533557 4.387101784979393 -1.7751001699212452,-14.58603216909474 6.115689355232813 -0.43746555007517546,28.89980322704848 -1.2700423195530794 14.358940808181174,30.54865080565423 1.3876663672604084 8.971491275463006,-5.9453722281246275 70.31153182171695 -39.09756949315674,29.147528169868217 105.42158308291229 37.71539071242212,28.73976567013857 13.421085000174042 10.286233129031014,-3.481383740951349 -61.466436324590845 41.08557345742332,29.436120524472216 -102.39503804537337 -36.14817373730156
-23.76640508621275 5.002598514428018 -9.63167235644325,-9.367348913782669 4.445174443725109 -1.9460841431751554,-13.848771989759205 6.008744470917457 -0.5131117982451748,27.907244673414986 -1.1871732448861 14.187421130046495,30.689692304315642 1.4429754094490579 9.079135770646465,-6.112758290569134 71.27626755620363 -38.915975642960476,28.92799334638581 107.10340101823259 38.52706730434753,28.934922950123056 13.306349780643076 9.81129926891082,-3.8805048536793785 -63.49118412407712 40.40792676782965,29.218707713996185 -104.18870586680546 -37.03690912975899
-22.553350134305273 4.564865820431766 -9.536098927584758,-9.286114813505474 4.412510468438715 -2.183849094469924,-12.493829856018053 5.808951981738111 -0.30271601558875144,25.987694442894014 -0.7497484299777568 14.13164163702535,30.757825395685884 1.482182661331922 9.105229328717668,-6.166806813494596 72.6589589939757 -39.14802651899787,28.679623271676448 108.91340984649143 39.388257337319196,29.099247319597318 13.132801023573293 9.081953194389648,-4.084036031558529 -65.91489630206458 39.91323908501703,28.893236464104312 -106.82785180021635 -38.33824742605752
-21.49695175059681 3.9329349952611006 -9.37388240326581,-9.018220202694245 4.089083227961612 -2.250733059468709,-11.36832140922666 5.571828803269841 -0.10909841571150217,24.415523265571053 -0.2925478308689449 14.1115341497751,30.911108221909927 1.4397130554874291 8.919806786748351,-6.127637319342176 74.10044220916652 -39.568087014588365,28.515788747812202 110.08623824029851 39.94496178679047,29.372351654201985 12.95025809086937 8.311907952755625,-4.058791117073084 -67.84443482020058 39.69629992191782,28.637206034222114 -108.89767393060927 -39.353688781277754
-21.15286436171629 3.1229337637632724 -9.08788544973484,-8.58204956498019 3.308596947792462 -1.9407407472910239,-11.228239748162402 5.3505066285286595 -0.20902739800302578,24.325881655680465 -0.12406859399831603 14.057305629364805,31.277787369636428 1.258492782092907 8.4140468131655,-6.01127068060677 75.26282093442607 -39.964324417600814,28.537780948346047 109.93858815712296 39.88106150166116,29.8640292278727 12.80364932266973 7.7002189402449925,-3.798444256327668 -68.46652363860959 39.831037082015314,28.61007637157048 -109.12967284880715 -39.45739159868602
-21.35122077973181 2.2826578074587176 -8.738835782310012,-8.070225539359356 2.270396247688736 -1.3943381337464897,-11.812799983577856 5.169331097927204 -0.5866911336663994,25.300707599156123 -0.2535886556745328 14.017244302507892,31.660557359750555 0.9760894738387543 7.7093630899105,-5.786478082649491 76.04888171044404 -40.28790615239522,28.71398316681646 108.69001813107225 39.296894534618815,30.359194932606478 12.685439668761731 7.280638833606146,-3.572081116632607 -67.8492313691763 40.17676758100391,28.77085786841734 -107.87931451450703 -38.82959439630555
-21.485170609390003 1.6392066974471655 -8.458451485362497,-7.62008456326728 1.3940517324135082 -0.9606655504357121,-12.248809687395857 5.035309951338306 -1.050056101889098,25.986435881686813 -0.5101655872844562 14.110758992672293,31.666032013414227 0.6870735049807344 7.065840335905685,-5.3935721240515795 76.50637484369409 -40.58817497127259,28.93272799872426 107.10387912737207 38.54363199552125,30.44708872187371 12.556495267646563 6.987358131023755,-3.8146683086835087 -66.59146237692156 40.46354790189145,28.957829724917918 -106.48018267359937 -38.13603945501823
-20.993353584710803 1.3964799869133413 -8.368130927264541,-7.359195461457809 1.0627184069331768 -0.9592477722367907,-11.729185841386942 4.95127503691219 -1.4191541208060814,25.135144722838906 -0.728829397675685 14.445562584562015,30.941933358632724 0.4798918552369497 6.722434634287075,-4.785690157525978 76.68624547381806 -40.90817955031611,29.087095890795606 105.91288718678366 37.95908669482122,29.760835247773123 12.380035009402249 6.7520315056824405,-4.903198773090203 -65.2706087260393 40.449206330336686,29.019881972055398 -106.17398941609909 -37.99633192952003
-19.972378329723455 1.4480202921129375 -8.444949744520063,-7.282472681488946 1.1555909034656966 -1.2945632186316258,-10.399074800381992 4.869746365681496 -1.6991219436028775,23.0130101784573 -0.8525668558397634 14.967438068261387,29.695662479840088 0.35474222333420186 6.62378710604239,-4.084831350019096 76.65480502882443 -41.19330878378731,29.14488804239906 105.36284254880225 37.666344755753876,28.528642804810172 12.154887964708024 6.491395380286308,-6.444795626930258 -64.09598352864893 40.26911486286469,28.962681205863056 -106.85683110719454 -38.355321340868414
-18.973335285597557 1.472995983346587 -8.566294882525925,-7.293201715028786 1.2037610343978047 -1.5844034692497198,-9.061360606166621 4.708491826649868 -2.0229546895987722,20.932047927519232 -0.8989341903092702 15.510317867857506,28.52121009882776 0.2508654843633125 6.511245371752547,-3.5296335505544834 76.48897896234749 -41.32149458465598,29.125517855173918 105.36321590677876 37.64017316902853,27.389764494103694 11.904480384799943 6.111881627142188,-7.51480633394368 -63.022655063215886 40.31942796515653,28.900185005809504 -107.49534089720505 -38.69178020988844
-18.52560997477438 1.1709723697569456 -8.614944196833218,-7.297029486861678 0.7665115786041682 -1.4669681528813605,-8.48694105721485 4.39419814245954 -2.512559975443299,20.14867204642842 -0.8874793435403934 15.912508819105994,27.98655085637459 0.11145650249394738 6.142895337742104,-3.345027461891978 76.26473697268625 -41.180745625222734,29.050508921554417 105.80705248836152 37.84652637084812,26.953586029312056 11.654324845995742 5.533709792407286,-7.247094518553682 -62.009392483608686 40.96600423745176,28.940742383320522 -107.10930664148339 -38.51112845402849
-18.67928062041675 0.6259574501983406 -8.588630498753181,-7.264834248592743 -0.04945871267403932 -0.9875024456842144,-8.744095485823166 4.0033586964065115 -3.0773540294788964,20.728180253828004 -0.8456675302226293 16.11519979607879,28.134207971983333 -0.039747439176703106 5.600797286607805,-3.50609730367539 76.0398581592036 -40.837071340327576,28.958269733849082 106.43567780715597 38.159993228927966,27.236421863931536 11.45482622979932 4.895218822973278,-5.852621910267069 -61.15151521368282 42.021559726798415,29.07168629934756 -105.83539292239217 -37.878733515670426
-19.10536933936003 0.22599245917069588 -8.575997749915643,-7.219081892558806 -0.7045318162815631 -0.5131600374465538,-9.345443378456388 3.7309401968849527 -3.458706070538511,21.793886014344093 -0.8072252725407087 16.140943058955088,28.591155871902362 -0.11531276968179542 5.223223884535142,-3.7903383266090764 75.85773574060747 -40.497251555900085,28.900562064009193 106.87043112964639 38.38290692721757,27.785561082993915 11.376075285832101 4.507245541064347,-4.394164125965905 -60.65233229843493 42.86136239052733,29.184645199252596 -104.69353679493423 -37.302792581012916
-19.473235927645007 0.3468474686048786 -8.662856242671312,-7.182555371972932 -0.6742051533632428 -0.403600079810737,-9.804004179571528 3.7647054454678446 -3.4076279288925746,22.474444459975604 -0.8044419028080166 16.015668650514773,28.98429106169756 -0.03165900359356927 5.3371441285818815,-3.9767435041672834 75.76091285276206 -40.36365625225344,28.92659523816977 106.74917134287827 38.325847456658074,28.151175219951877 11.483285692734535 4.667057966037975,-3.9127909091045923 -60.70520799310596 42.88045637208008,29.174006874070468 -104.67868487598032 -37.279385358317505
-19.620144214146006 0.9667324544616508 -8.832286158926415,-7.156941853057412 0.04548941331961778 -0.7037905825390334,-9.933744990139365 4.090693918088267 -2.9501391442495444,22.498811597535454 -0.8385309875678965 15.787642517956792,29.15828743277904 0.186726578305658 5.915897223885101,-3.9775139747155404 75.78309731768084 -40.47915739327117,29.029209640493885 106.09229228845071 37.99688190882707,28.18663755835356 11.73704034868681 5.318699495149084,-4.580637975941468 -61.25435166031518 42.086872472948585,29.03798246026317 -105.83677954708364 -37.83675895423888
-19.53522656678947 1.7042658454264599 -8.974448698674868,-7.1248474454549235 0.9876986604911253 -1.1740626520184663,-9.820838885904365 4.512487133948576 -2.3610026507175466,22.13891322027446 -0.882598185127211 15.525333346408921,29.154797667766406 0.4176098246195951 6.612965615991585,-3.82533713922096 75.95000545065818 -40.742361612647386,29.15026016825237 105.26618917376679 37.58270368313485,28.019566175323185 12.003284021383427 6.086723240573426,-5.783893623748699 -62.01861303967837 41.04308552223674,28.86869090295834 -107.3553925816609 -38.580007722469624
-19.21892542264358 2.1734899521927518 -8.980423145019703,-7.070694016332772 1.6777344068704623 -1.569118284451817,-9.560481984157226 4.830622132438535 -1.9187722003136634,21.67920519876917 -0.9095511541351776 15.299340179106931,29.021618428184745 0.5383073700998515 7.0773952708084344,-3.5605076753657756 76.28012351927728 -41.04678413046659,29.23087666934141 104.64499940902708 37.27389070405748,27.784403445878358 12.14788884228361 6.592175969527773,-6.892067161639297 -62.710641307921236 40.316998854684925,28.759455403512835 -108.40957421201394 -39.10771604354504
-18.814405633916472 2.193305023416397 -8.84557490110045,-7.040098168323941 1.8640710091802268 -1.7567561818308293,-9.228691276234343 4.931918197551506 -1.7755805193698373,21.232210411738546 -0.9122145231126788 15.214546605382296,28.783245012892092 0.5012492299215726 7.131505521159577,-3.3031650750781325 76.62222998717509 -41.28854294244,29.239372084854097 104.48737114367106 37.19864940206991,27.540866067040955 12.118308026674233 6.651793219911564,-7.55918947821347 -63.09000142972652 40.12087042413606,28.750325071550993 -108.62431969464015 -39.232035332437505
-18.612408746049333 1.7944368786518328 -8.67310247202597,-7.141952596288701 1.525935571563606 -1.721718399715944,-8.881652306641165 4.7924114915886005 -1.9528394736758743,20.732670957138232 -0.9040073068933628 15.411286847438982,28.44007883159209 0.33653355772010307 6.7767824445591165,-3.256009328205621 76.64962340827927 -41.36644734557055,29.17216700107658 104.9325352429623 37.42069333294584,27.27140348634443 11.946350611384656 6.284655071312907,-7.7334901961175175 -62.96476985860195 40.29921658459397,28.826262965321316 -108.08987285082856 -38.98594788548389
-18.900810582782828 1.0194503572223441 -8.568483257794702,-7.4858498365791455 0.6573729433956835 -1.4550665593931065,-8.577076090734536 4.3952605451576074 -2.4641581995756154,20.117210284823827 -0.8998584272645171 16.023400909598507,27.99195183046911 0.07841964266217766 6.027248393305179,-3.6180742205446332 76.03976637065885 -41.180297576703175,29.027089825367945 106.10791661836367 37.997692304973235,26.955333922943787 11.6680260530403 5.521683717827867,-7.381859895478074 -62.154183208020314 40.67790855146979,28.96871071128139 -106.92683246720863 -38.417348323281956
-19.660347419127444 -0.02353498073272589 -8.55158725910843,-8.110913734447715 -0.6151812373428072 -0.9771821746653486,-8.45014858834502 3.819041946667581 -3.2669236184644808,19.642584620914086 -0.9324628983591521 16.926641550505146,27.4559103825344 -0.2205036817353401 5.032452768075385,-4.351076680027326 74.85934810530723 -40.65740926991194,28.805489086003796 107.94107774242029 38.88992394854725,26.585753412681882 11.329124483180003 4.473341897533573,-6.632649222871446 -60.76070077617972 41.02958344159869,29.128010202956258 -105.53793599943204 -37.72405778920973
-20.508638693831394 -1.148897270589972 -8.541074820922066,-8.97295627161954 -2.00877184663456 -0.34311030772722223,-8.72765079108335 3.2551406265803546 -4.25205373588472,19.94402831777731 -1.0555197608903584 17.691636954265594,26.869352678835302 -0.4859774122165736 4.102172309982638,-5.136164925750938 73.63522244185717 -39.757628236617634,28.512874986875126 110.12329300036495 39.942523641431286,26.172046864739375 10.986999271439945 3.3441294427348436,-5.805095569203358 -59.22162289904233 41.06394216729239,29.21773556274628 -104.65948035945068 -37.28114859748551
-21.047021156538644 -2.1683256875590207 -8.451267367510765,-10.019835191912279 -3.234138195883823 0.38870794005568043,-9.631327445415115 2.898069145496593 -5.305427320623047,21.655183489542804 -1.3216017334690788 17.880827727361222,26.271233079858536 -0.6439873917942183 3.5498311475845536,-5.643600799557396 72.91197133094508 -38.448656414452174,28.15594871839035 112.33238914584739 40.99425006274355,25.72525188531226 10.698785085524552 2.3415645109772405,-5.224978058452184 -57.98915567279607 40.49601367158899,29.15149969497346 -105.029568881652 -37.46506443491619
-21.07673433494296 -2.9697187262224842 -8.260712687805132,-11.065332421404912 -4.1186002034098195 1.1003559241157996,-10.942473336865353 2.797874118802596 -6.26170077590097,24.409477467115092 -1.6834984143284315 17.459011354886005,25.716753754880887 -0.6843432454814204 3.449752128152893,-5.770395138300928 72.8568748171688 -36.95317583976746,27.781962834161465 114.2546136491419 41.89548463766318,25.286779525806335 10.483804191029678 1.5702755782424653,-5.026913151725005 -57.32651924691152 39.42312864892374,28.93513897167042 -106.64171049042024 -38.27412761618112
-20.669441376031603 -3.544068996061192 -8.03484243575071,-11.741855378796542 -4.647185198949187 1.593459930659043,-11.846553249409098 2.809172142598968 -6.886238133818089,26.487271333949085 -1.9590152217905568 16.935283927603916,25.283096513989808 -0.6831938592758084 3.55280769724993,-5.720299307909983 73.12680809736592 -35.838799428897794,27.493026786297627 115.5876053212977 42.51233175973702,24.939129296047813 10.310227155049827 0.9957044601370875,-5.086917106210901 -57.24127817564661 38.45978631076617,28.69924743039793 -108.48214489045536 -39.19514705439237
-19.917772402069062 -3.890000001449881 -7.8446268567637425,-11.675115454660078 -4.817382221350299 1.6673268837090576,-11.498713657784803 2.7740545876072007 -6.943403597528976,26.09709549875512 -1.9588270907228005 16.85118413719005,25.04802978578119 -0.7220471534805409 3.5892976902384914,-5.716944205391499 73.3453632819518 -35.689363984566256,27.393661953980587 116.03498113322547 42.71436917542356,24.766712103623338 10.142938825610798 0.5734887723830612,-5.262918561600321 -57.72074882621957 38.24908049375417,28.581864094019963 -109.47632264831046 -39.68407821760615
-19.020648118401617 -4.024913491946595 -7.7233153149948,-10.861532179627172 -4.7027106422814935 1.3247667713955522,-9.77262866409839 2.6154312292189226 -6.432686237792608,22.900317706395406 -1.6406744457051732 17.37665157038784,25.030908328031995 -0.8362361931795002 3.432733102664508,-5.870331780987724 73.31294972539405 -36.59308686103561,27.49947108012863 115.61053219090171 42.512612047628835,24.793627928636404 9.967534806236651 0.26380690162451087,-5.428961388875264 -58.62618760437252 38.947173804393536,28.63638709457698 -109.1922823274096 -39.52419360491265
-18.341739634152304 -3.995317497143504 -7.645689808632671,-9.872122701420519 -4.494536849282026 0.8840193312126146,-7.6556901928753085 2.3814803700644616 -5.718018670154754,18.810203572767517 -1.190249220372303 18.105647201296705,25.160545708749833 -0.9895230178666917 3.178602228357708,-6.114339117455632 73.10404351044149 -37.86997526745519,27.688233021451737 114.80881950965505 42.13730353475244,24.95049481359176 9.801712371473736 0.033875429434939014,-5.484068067519621 -59.62345797555956 39.95548544248534,28.78502118333298 -108.194073886327 -39.006107113504775
-18.255671449039287 -3.8504194626446524 -7.5816427386354555,-9.32347214373492 -4.393138427841085 0.6882386223782339,-6.224706943036047 2.131044237826168 -5.192611303633524,15.921738171180017 -0.8119420203463189 18.58526459885927,25.358043466330123 -1.1396821032761066 2.9409160692515774,-6.368132111209954 72.81636059294873 -38.77818649636792,27.826559709823652 114.16326527043128 41.83638526373897,25.15999081795729 9.66583826323787 -0.1482686536578742,-5.330526274934695 -60.36347804637207 40.61455780359402,28.939118972104207 -107.12815335422977 -38.46240730003608
-18.84766189954721 -3.6570185755239923 -7.51364135194134,-9.485116376429415 -4.48854180725961 0.8810209830740424,-5.982212818697914 1.9129070398139614 -5.0633550312463536,15.251636837598353 -0.6283160001056916 18.60349065886339,25.55137797512154 -1.259690967380353 2.7822444358554956,-6.590379619626889 72.51742733742356 -38.95645619899328,27.843004473381626 113.9829206684293 41.75351137453569,25.353917966447817 9.57201009765376 -0.2952592147063925,-4.9710130974553515 -60.66464362890266 40.62884900765979,29.04899409910799 -106.3467474257904 -38.07574053092851
-19.687951469530418 -3.5132172858716406 -7.446528946874664,-10.009041603176088 -4.6745892615687525 1.2508638637907743,-6.4088602362337435 1.7579554455824036 -5.205598310351711,15.897909972028396 -0.6163281369647342 18.376964959492128,25.680758895097497 -1.3495798693860828 2.6736211672249186,-6.810043232556595 72.22104986015978 -38.72073236964356,27.776340985539285 114.17758455694411 41.84676378046563,25.48031373632644 9.51761116480879 -0.3853352753137056,-4.586841493098718 -60.64336529822914 40.3503795353674,29.134288600713752 -105.67852245002085 -37.761941622077984
-20.295227430408612 -3.5197258667193987 -7.387357618610676,-10.484573783413015 -4.825132518110865 1.5504553971016748,-6.882065620428809 1.695072580305385 -5.460724589297909,16.764139342723688 -0.7378951124924442 18.165467930361793,25.688331580348358 -1.4122257064119874 2.5767163860322424,-7.063212690197356 71.93586002976944 -38.4558203133913,27.67672547606145 114.61532536383913 42.054820727362646,25.48951954412161 9.498508388399005 -0.39316730104031283,-4.377020439631571 -60.44698082919677 40.19655004443435,29.221655930313393 -104.89945410841014 -37.40993047287426
-20.414481604829287 -3.685825200748645 -7.328735602317102,-10.648522685033273 -4.848389154952078 1.6499485689715716,-7.089781296068159 1.7297134161766883 -5.701329649183126,17.249728314689698 -0.9503840807891341 18.07430083641479,25.615890079778776 -1.4590670654390356 2.463845051745006,-7.368574971799824 71.72416324792901 -38.40596441180905,27.59737656571635 115.07937468063028 42.275836363683105,25.424980828664324 9.510631864616276 -0.2900228572474942,-4.434468065806933 -60.25340270800001 40.38205685979835,29.317787513391952 -103.97449087970746 -36.99559021299084
-20.254153475890703 -3.8335584998804944 -7.233691643522356,-10.539729235321115 -4.722954358699414 1.6600518963705926,-7.355904095283435 1.8193545589436102 -5.863928810114613,17.76947016784495 -1.2018452474002643 17.89240803740495,25.709298374727773 -1.5190759640162024 2.329121617839253,-7.709178052437292 71.75818260551672 -38.52755521943198,27.597784326456907 115.17922727775763 42.324975794933955,25.520810167738745 9.550041060207452 -0.04020073148133302,-4.634839721066037 -60.30315717900515 40.706479384177236,29.388494664623202 -103.2555774400602 -36.672895421882274
-20.07898278464711 -3.7625060845254263 -7.061821367821632,-10.234067990605302 -4.436224043495868 1.7206143160832283,-8.080986638920763 1.91566069489141 -5.893000254829537,18.8608468657 -1.4391955484197658 17.37078733909291,26.238525244475525 -1.6232389714515405 2.169443323836935,-8.063529693760858 72.2229415116286 -38.74174553299429,27.73799018243644 114.50440150840463 42.007854326736364,26.03362008293302 9.612793469208569 0.39255127376934157,-4.827397439086603 -60.843567580516456 40.918968454038776,29.39466480230216 -103.14123232932491 -36.61727423757504
-20.02889480577753 -3.401851281585287 -6.8255175442275124,-9.8218867913514 -4.026909099011481 1.8835903399475713,-9.32654912395828 1.9878505836284812 -5.771155896603827,20.602587477664894 -1.61146000239036 16.481306274816824,27.22668056461405 -1.7655248110576127 2.013481620280839,-8.36077583483769 73.11924569751349 -38.9719854043975,28.017449748222237 113.00717948616798 41.301230241555615,26.983302597088308 9.689962792761644 0.9599083806716163,-4.91993403311812 -61.878666427117174 40.88058701795363,29.32002286544791 -103.80293622492975 -36.90548599043187
-19.94877929295218 -2.9871320550080775 -6.66197444247848,-9.427745321011011 -3.655018378043921 1.9931702821815982,-10.352709388179074 2.0466371746526155 -5.571147881526584,21.989024343700404 -1.6726466976997219 15.717922621484993,28.113350943117023 -1.8523996930402788 1.965015604891396,-8.413381300222046 74.01244849742584 -39.14715512047394,28.292406345639613 111.49734164326833 40.58640833642852,27.830191552735823 9.760842078885773 1.4136233768329611,-4.958596944263007 -62.83739716705249 40.716935055017665,29.202276957219482 -104.87549936877082 -37.38105740628014
-19.641101424107916 -2.797972216627624 -6.726260045056906,-9.181061897521884 -3.497968415223136 1.8637051427081506,-10.304601661234848 2.108707697519876 -5.378722325752563,21.858931112432508 -1.5775520262435851 15.64954558034208,28.254347972913106 -1.7777984202283792 2.1385258019161686,-8.017247985702458 74.40536346657564 -39.19696675063343,28.398534836511057 110.90787409957542 40.30282153986887,27.954292095552372 9.803033661054704 1.4767983034325909,-5.009486166064244 -63.066134014640824 40.591715798245424,29.086911672804167 -105.91641429127847 -37.853910382961885
-19.040260233495243 -2.9997915908405854 -7.068791352029441,-9.154731244346557 -3.6556725451446908 1.4269094500484436,-8.857733792182758 2.1773638446259893 -5.261180330035557,19.787971509664434 -1.3273621146162304 16.52866567525309,27.356256032344522 -1.5093359234632844 2.5480646525696695,-7.166253640963845 74.04702709220925 -39.08321652683096,28.25230148349011 111.72183546989868 40.67948959405671,27.07584369668414 9.80163153466773 1.0276928221706867,-5.116041335186939 -62.253501103511915 40.5938324787724,29.004751557185614 -106.62337679914957 -38.19274386614223
-18.44179026888977 -3.4454055136878443 -7.453529806628563,-9.266929062192986 -4.015898723452196 0.9357506647135644,-7.139377072427955 2.219267790874548 -5.23533443749205,17.368859197194052 -1.0502432378798636 17.74165744789891,26.085811150970233 -1.2163078212420277 2.9327881586546742,-6.3961847695175 73.36044877108331 -38.85552294924365,27.991318544979663 113.19072178815239 41.36947944010739,25.846391113731908 9.762236222047836 0.3692712803359488,-5.259675101089073 -61.02494503135331 40.60744226902672,28.94649298122654 -107.07785365512737 -38.42714408199312
-18.202410112794137 -3.934634189002865 -7.595904165874287,-9.409607346835797 -4.430447991066235 0.6976244140551275,-6.522751791588218 2.194881274683774 -5.3094203444076955,16.53602088741804 -0.895869423610031 18.528127323650583,25.272446418955592 -1.1021758770588024 2.985297744636866,-6.334595078554622 72.8828591300313 -38.57839729036611,27.790676928874586 114.35730310052207 41.92824385298794,25.075285971566323 9.693926777731765 -0.1235288677989656,-5.411285682917854 -60.16466684736311 40.48201121077004,28.896030870919418 -107.42636313541676 -38.61396843498589
-18.54231424241786 -4.294274168880451 -7.316829292881621,-9.503033390700038 -4.762884834502502 0.9014645425044506,-7.803214928758017 2.097907809432466 -5.4477086053070245,18.411770625393313 -0.9511572082156631 18.373860268993464,25.45647589140684 -1.2863443701594346 2.553422296967004,-7.284541401948128 72.99503426101026 -38.32099728663885,27.774240094746332 114.52963655051609 42.03165756447203,25.285430102692654 9.60978598977815 -0.18398422079511226,-5.549492968553457 -60.20356038943194 40.136749886826905,28.84454196384398 -107.75953881533059 -38.78611099274873
-19.247560445401433 -4.436904823809938 -6.772658168431816,-9.55751506274917 -4.914180638623473 1.359505071651793,-9.938560315371468 2.027757326467118 -5.474663833048617,21.535963452333203 -1.1034588870346258 17.5474710419197,26.2588361955214 -1.620920915462749 1.9786027007366827,-8.51720420232202 73.58023625510921 -38.1672560906922,27.902971955727647 113.85937288710777 41.73852833905454,26.08883590863833 9.53562822660193 0.11051583361122547,-5.67747118882143 -60.867021053069905 39.71265142975945,28.806358626908242 -107.9903050005197 -38.9002641608971
-20.01810765273561 -4.292118888146046 -6.186268647738194,-9.601217318719671 -4.792726122047938 1.809272143498756,-11.522155101801799 2.104803282554722 -5.187025008403378,23.936299437655165 -1.2005490175397482 16.47282751621668,27.118131207711652 -1.9050024596450206 1.7001730720244592,-9.099122442816004 74.42305821774825 -38.204036371741886,28.105529633641016 112.66546769928856 41.18360883285092,26.916866456023563 9.499792771350442 0.614336423174276,-5.803264089223502 -61.72069551245052 39.394692980484294,28.800405390730532 -107.99634299179375 -38.89800824274626
-20.61900214338917 -3.8242443397510315 -5.7376708830685885,-9.65261570325348 -4.347563569716026 2.0436651005819515,-11.58399847204189 2.409071765277594 -4.464049586352668,24.249291805393597 -1.1355829283394563 15.50415481828328,27.61206106710221 -1.98677593979665 2.0266399457404334,-8.397861689726568 75.31779854533703 -38.466484217414255,28.32043854524142 111.24719840601871 40.49842103581977,27.342506593703416 9.526294294627176 1.2111720103699,-5.921523952139712 -62.40881652239015 39.312168961733605,28.835286694493924 -107.7237648926019 -38.75562531484603
-21.05637761431717 -3.126270569657421 -5.4480904988341505,-9.694295604531039 -3.678311092223242 2.0606889220531555,-10.77140069842428 2.871139800895734 -3.4906483708249683,23.366534007037565 -0.9698090303260523 14.737717185482914,27.833546764037063 -1.8962605446756233 2.781916695064563,-6.89600799727611 76.09470461082444 -38.79818441333451,28.522776860147488 109.83095331107862 39.80252035783402,27.463316696657422 9.623128844302004 1.893354662353801,-5.97730028203145 -62.86670436639435 39.38812168779456,28.88138074333136 -107.37215457981124 -38.577934891029436
-21.392175515431894 -2.3209699597369347 -5.301997125383494,-9.700534432646963 -2.9194426153282813 1.9058271522831864,-10.106052841905477 3.386989427827695 -2.522485864681115,22.701633298378646 -0.8033865049673825 14.210065172531564,27.99477440117266 -1.7055666242688174 3.677741384815721,-5.334256235369548 76.59234538112105 -38.9983784695329,28.696084106180454 108.62624809267902 39.21269214324122,27.498287704819013 9.7945844218121 2.6783642563767893,-5.904160360027193 -63.097061280231934 39.497849518453776,28.90021700093509 -107.19977045685964 -38.49951077759973
-21.677078624564516 -1.5450151829678926 -5.271239068683142,-9.661095850013263 -2.2103246811349293 1.6397367200690196,-10.358036108153849 3.855616244069128 -1.7797299580523385,23.31239539973386 -0.7152967236728456 13.935861409881316,28.256965692773854 -1.4882408059979515 4.450080765850722,-4.322556702408893 76.71576700625671 -38.926267957224404,28.82479430151038 107.81100752103947 38.826094792619074,27.621085500828674 10.027505867913172 3.5373037747325173,-5.6726168997084665 -63.131653692345786 39.52890467162563,28.86378172779645 -107.39861474360612 -38.61880737795633
-21.91313267472422 -0.9951276531320319 -5.27314098259736,-9.632643553313963 -1.7114597524628339 1.3886230108211957,-11.210486482200995 4.18903431295233 -1.3292044937508332,24.719576625957238 -0.6930337057359148 13.835213508900955,28.561178089978856 -1.3240343824061582 4.939568611949954,-3.906048008650866 76.65719459588503 -38.70007968278064,28.897205629359206 107.42668481832659 38.655099039138605,27.80957340489026 10.233384217708828 4.240929737673506,-5.412785509317719 -63.1278042629987 39.4217755767694,28.789234157821685 -107.87446541008279 -38.87824461778049
-22.089252658679207 -0.8842403860969925 -5.210307549508465,-9.689902512802542 -1.5890564423652735 1.2963877926178553,-12.053092939692641 4.30277234569369 -1.1963344002382177,26.028969830315265 -0.6993922589669636 13.802701678983867,28.78903040492038 -1.2943737446427803 5.01509607755578,-3.9773842622764173 76.68638412806048 -38.50797054580062,28.9026594972593 107.47788942941048 38.689185145539646,27.988753125337777 10.303366933788968 4.505910318578121,-5.297870437847967 -63.27673257755861 39.13124206706107,28.70592905575154 -108.45582730479668 -39.17811716199687
-22.196267916673616 -1.3333066036220933 -5.017992237898485,-9.878603882481155 -1.935360026590352 1.4592558997070428,-12.392126781470804 4.150905310950647 -1.3729772230962445,26.522897441955845 -0.7028858678045513 13.752912672335707,28.849768659004667 -1.4483174998441504 4.616671811570924,-4.4024813638963245 76.9977355767251 -38.49646222268267,28.83964114591604 107.9221325856514 38.89834459721348,28.095769935522785 10.166161798346506 4.152038212059075,-5.448864003492609 -63.702112812091684 38.6525327120829,28.640098570504463 -108.98053895250625 -39.427668275246646
-22.234661433220413 -1.9994935591441232 -4.796072866595535,-10.098283457541404 -2.469674036194419 1.7330519731604208,-12.321719118557692 3.8818675885886895 -1.6817387888060276,26.373820021722693 -0.700864933491424 13.701313150338486,28.791946724864456 -1.6717178140768232 4.042894093693878,-4.912446625043822 77.40567934429697 -38.60213586860438,28.75274118432295 108.47944767230719 39.1543034857314,28.129004108253007 9.939866544072487 3.5190895141158,-5.723489763138174 -64.18703594458327 38.18482740927902,28.602228894939405 -109.33350765218667 -39.58126557671228
-22.207951999706975 -2.3941205142252304 -4.696197106367157,-10.202502594618608 -2.794022032022024 1.8980013737439843,-12.120866880854614 3.7052142731192377 -1.8919998911004043,26.034122207223756 -0.6997482782554608 13.695093744435432,28.707926981084555 -1.7991028951230432 3.705127826873493,-5.195993746088084 77.60515580381559 -38.695552091498435,28.70104909776298 108.79518779249179 39.29788612611621,28.106092647486143 9.802136858939118 3.110360867034845,-5.896680454667311 -64.40748885996905 37.99144316596863,28.59785454974694 -109.41444254389577 -39.607467059895455
-22.128269581494337 -2.1371870245742794 -4.829696505503977,-10.082434670809944 -2.5975130920643714 1.783799012469112,-12.028592522945035 3.7871053943076727 -1.8183624451870792,25.891493996080953 -0.7041883103018265 13.76470300117971,28.677809590737567 -1.7030518979492608 3.9233800580027673,-5.011276933555338 77.36909525618937 -38.6722969428123,28.73086606705735 108.59338716603999 39.20531900102802,28.047884293044387 9.891212515335658 3.3225079005747404,-5.7925235923886325 -64.12492680854857 38.262947619709664,28.62854398767286 -109.16471685542943 -39.49154276781573
-22.058523248165113 -1.4899642580498553 -5.07002104352329,-9.85117432675431 -2.0831081088146504 1.512056318583836,-12.047765364896119 4.037640780699657 -1.5422410051525774,25.95147691467118 -0.7084002376686291 13.841782327069097,28.709282240568207 -1.4806653890557264 4.478619000154526,-4.52607702792262 76.93064202623236 -38.57568973519271,28.81304119813417 108.06227397286918 38.961684488632116,27.99412801085248 10.112744053363153 3.922903550513954,-5.5251822641644965 -63.60509756679432 38.76072047326159,28.67248586272423 -108.77139191203396 -39.31729391844056
-22.080173230262837 -0.9479995297371813 -5.2037152820624115,-9.70289083297472 -1.6414937699924836 1.3110307600950821,-12.094980758831086 4.27337363213741 -1.2425249483620628,26.08000195646201 -0.7027862397230615 13.82187585616319,28.783578123400346 -1.3110684784706588 4.954885482122743,-4.057824016432885 76.69107070739608 -38.503021263253274,28.89085864461226 107.5596606540332 38.72836641814433,27.991477597907032 10.287410047742465 4.4490245241547965,-5.314793043177964 -63.29798240579897 39.08934594070847,28.699327472846694 -108.51128642069482 -39.2045181836755
-22.244649417960847 -0.9405752013960058 -5.062662149170232,-9.794808789532924 -1.6136399337715865 1.3708943363404735,-12.09946681435069 4.329266462953182 -1.0915124801878797,26.155168477685745 -0.6815724124570076 13.636459961216103,28.874265358371012 -1.345120238150185 4.988553158156807,-3.899939583023636 76.96516088638091 -38.534314244975874,28.912692214564085 107.41254892586083 38.65384263935327,28.071269516157383 10.26312112070321 4.495845608068984,-5.34763235635095 -63.56195960167245 38.92550419830083,28.684394350094014 -108.61309617017874 -39.25190111693924
-22.395304800394268 -1.435855507559441 -4.793490922206903,-10.027572033344537 -1.9944296536258461 1.6170797251866103,-12.07878444500711 4.1686775654429615 -1.2148778890752077,26.14073883666058 -0.6654951712449624 13.466123551570153,28.902120321122517 -1.5371677705892584 4.580285944189766,-4.178116933564985 77.46720581703542 -38.62950031588283,28.862430905952504 107.73291803926 38.796468699788306,28.15873424244335 10.077172102230632 4.058725601095506,-5.57449430076809 -64.1193961095567 38.44656744006401,28.64240731650852 -108.97146518383914 -39.411610187119756
-22.287465652900178 -2.2069291447747474 -4.67598399005794,-10.193278179755897 -2.6323343248653828 1.8630219134256145,-12.087863664015229 3.8092829305194105 -1.7185712645263789,26.036715034500567 -0.6865060941505194 13.596842332758545,28.76558589582201 -1.758423996606088 3.884860367620087,-4.947091917964194 77.65746364264149 -38.69770670556465,28.73898838041209 108.54178221764465 39.17647400194192,28.134214228375132 9.846976611905484 3.3024053367023565,-5.846552421931163 -64.4235949652263 38.04172509071874,28.60475333006354 -109.33971723755809 -39.57382854178492
-21.722831655167425 -3.0332438979379237 -4.948365614373506,-10.114256834782209 -3.377681623970092 1.9449024637424945,-12.157605640283128 3.2793058427160804 -2.673956553157109,25.824524948251565 -0.7732018843546654 14.26395084054378,28.38217428896187 -1.8927380829186198 3.060706700627509,-6.22139072531394 77.07536470284106 -38.65740536692337,28.54602929457123 109.82482006687952 39.795681185179426,27.895765741959067 9.678430122392959 2.391865404682327,-6.024056006623138 -64.00433720263958 38.058333627781785,28.601265746237594 -109.47772720651672 -39.63072167255663
-20.88440366424517 -3.7518766681351803 -5.505567964916198,-9.862910840320449 -4.100233372154906 1.8879435439265615,-12.121577131482692 2.691523747962186 -3.8705084408718125,25.332843713839004 -0.9264526005400326 15.28612083573221,27.825788798454255 -1.9295861828326277 2.2915966544020145,-7.689218557962688 75.91435419294329 -38.50486963737603,28.325581096860876 111.28177956051181 40.50669779306715,27.48742411412381 9.581020656354774 1.4891000610389638,-6.044283939910527 -63.023853900228914 38.495916701275576,28.648603148476106 -109.20299806714212 -39.49245425660519
-20.141374418572767 -4.228045034225027 -6.0748914173445625,-9.6337554497647 -4.679241211768967 1.8096770968566434,-11.716985199925258 2.2000024472311774 -4.960053227176327,24.31575629557232 -1.133589197892315 16.278564896257,27.2466995242908 -1.9100228043143839 1.7736763320490052,-8.879435926801035 74.68723707860178 -38.27436378386662,28.138404040133334 112.47278685726305 41.08926865311342,27.024507215645585 9.517159842352765 0.7546453152775819,-5.8821291680763155 -61.95320566714353 39.184148895954266,28.756990792090797 -108.36117297802988 -39.07798009219409
-19.824986469148502 -4.346227512385517 -6.407977971181967,-9.60209420290643 -5.006747603157103 1.8176826719262538,-10.72436266228604 1.941650658855929 -5.629481917692435,22.57807713895944 -1.3812077222979229 16.890109590018035,26.782817225674638 -1.873250170255479 1.6760681951446956,-9.370904516401598 73.85776832661166 -38.0018926026336,28.03709331402572 113.01613593911193 41.351705088566625,26.614034025619723 9.45206857670631 0.3297072543851427,-5.523091425136306 -61.221146268448585 39.9530289485761,28.931530898241082 -106.8504531053881 -38.33286416076882
-19.88610115675441 -4.175903551641534 -6.503616002783324,-9.748838845038527 -5.09825466828948 1.9169295067791214,-9.350871557603393 1.884225547325803 -5.914886594041626,20.421643223084907 -1.6496641360337192 17.10903159869992,26.44713981098313 -1.837114017888693 1.9049272932648555,-9.238009817212214 73.39289685681732 -37.73785047510174,27.993804992753827 113.10357339208952 41.38422574284928,26.27783476508287 9.381312190031919 0.16806935275971258,-5.0530958094352085 -60.825729960389104 40.646855584175576,29.128049979798284 -105.07705340900515 -37.460247637728315
-20.061813995054855 -3.890519033547756 -6.499484686060273,-9.945657232376762 -5.038646128369312 2.054722113323633,-8.043430111976525 1.9004248450540036 -6.048602619155254,18.427607198082704 -1.9158076124020924 17.114371060197684,26.182466929170662 -1.807458211855399 2.2186268065829338,-8.833610738909787 72.9803775787093 -37.54071841131095,27.935490146766643 113.24911348245278 41.43547493827922,25.98986545719214 9.31750891388264 0.11818772181567626,-4.614504252927799 -60.52296740118435 41.117963804920535,29.27468269142381 -103.73268136474326 -36.80802382257085
-20.10797608738117 -3.6584576320686177 -6.523341212837996,-10.072826817595935 -4.914032397044673 2.1798434113047676,-7.226633253597835 1.8724019324060406 -6.244298803361957,17.149305359430443 -2.154460464134589 17.077273115234146,25.934558579501957 -1.7896674996770805 2.3908971281183464,-8.492897818778772 72.34269223581761 -37.46020154521483,27.797493305137408 113.91334182259861 41.72892012198749,25.725436207274814 9.272176150542359 0.037310555755250135,-4.346474205641881 -60.08911893905406 41.22926574127217,29.30614360529558 -103.44734062667183 -36.69241858211191
-20.026109988142373 -3.575813068310635 -6.569642582636208,-10.124835722639958 -4.815813860984398 2.2657182670744196,-7.034569565266653 1.8045223033336188 -6.473273046601159,16.780596238397116 -2.3173361415463 17.052439811004856,25.69266474600682 -1.785341110949826 2.393102924850612,-8.309663018203455 71.64211892923352 -37.442939933417044,27.618577495147402 114.89407002977644 42.174864757419044,25.481787966912794 9.241829397471461 -0.10148824488941971,-4.343614313511022 -59.56714131439285 40.96559363218323,29.2372191069604 -104.09681667670372 -37.0428089184866
-19.976235962120207 -3.6920403841171527 -6.546845670906597,-10.169856372207027 -4.838803792677166 2.3016695770534668,-7.413904181141643 1.7799979766827612 -6.550454919528941,17.283417228052627 -2.341239151457834 17.019448618236197,25.47409346740223 -1.7936360056404388 2.324114846959317,-8.221957281858348 71.32467534557172 -37.36908003423097,27.50422735582503 115.5615135953345 42.4815710282214,25.27031062075552 9.213305503857125 -0.25040851743784764,-4.671792058537033 -59.17205345609542 40.390437851117184,29.134354816396616 -105.07030262761873 -37.53899192113308
-20.112855458924336 -4.0428635461522235 -6.373802527611216,-10.275405817217893 -5.06514495371261 2.2780975805417536,-8.294297715518871 1.8752066924921893 -6.311404871124912,18.59226612060667 -2.174306642396839 16.9587197840982,25.30362372005286 -1.8127979320038643 2.278865361570752,-8.172148480008996 71.79699257080159 -37.1290323636909,27.551398220672965 115.33394832974854 42.379369314401295,25.109607739740355 9.176190543548167 -0.35989624249512603,-5.375682337131525 -59.11279860475188 39.575692754402525,29.06115209083819 -105.78220346132724 -37.87484975112192
-20.475506490173043 -4.481515312662847 -6.136003956602103,-10.482467334531846 -5.3976779946024855 2.1968471770042277,-9.409859650822856 2.0517325981480186 -5.919043906357649,20.309529273032485 -1.9278293725068567 16.880185611729566,25.304696252677385 -1.8288090278190854 2.2668680712725133,-8.199988565304194 72.84420603146377 -36.773418936038716,27.721219387029635 114.4071173536562 41.95692325675703,25.116586374540287 9.161073895701268 -0.373234849234303,-6.208149590748615 -59.472326480441424 38.6931783031884,29.02901313099325 -106.11635721575813 -38.00129442666432
-21.018743696991027 -4.726327135466024 -6.042123603231543,-10.812409881959821 -5.606699706678299 2.068223397335247,-10.350143995314976 2.186302023758719 -5.778284779056547,21.792089344441106 -1.833704650114688 16.81559433140398,25.67368465333886 -1.818585914289757 2.2344931728958732,-8.417217834669366 73.79202860369337 -36.47129344559981,27.874414714159464 113.5514838345248 41.56778391415715,25.480821557798375 9.228855437726454 -0.22841305946178422,-6.706345887927818 -60.240449765760175 37.98858154928021,29.010753432648766 -106.30361663211087 -38.05923979576128
-21.687249149164096 -4.510871270402674 -6.288127012339951,-11.276515501373153 -5.472430621643756 1.9039974227409424,-10.726365153098845 2.161646532952681 -6.267289103375519,22.429363100489486 -2.107976574581431 16.793028441231296,26.587987898944522 -1.7610801449101914 2.1305890445663227,-8.92285979795158 73.99573918244208 -36.38882997385414,27.87850492481516 113.50142644255638 41.54884093237761,26.37347752578104 9.435487500346298 0.1303656710852045,-6.4350177095449075 -61.39381091970186 37.697542374397266,28.979840142414158 -106.57079152304125 -38.1864359988427
-22.28924397332619 -3.887406506188365 -6.799908715350081,-11.719356094881878 -5.000746382039018 1.737894923326423,-10.583509914458883 1.9989381203145418 -7.202735293896703,22.273818554181197 -2.6432009822520763 16.76823532009253,27.866817869751735 -1.674162001504862 1.9725520767797016,-9.566499618408175 73.50911342448886 -36.59425807718334,27.759471413634277 114.133141514752 41.84092746071745,27.617402393098438 9.738941919152754 0.6491292920990744,-5.524329033608426 -62.71879685213844 37.851728763202,28.93668968473035 -106.93380596987903 -38.388714188853676
-22.517524869829206 -3.177750154082091 -7.274925779754279,-11.844493090881654 -4.38839124895793 1.6222116026946636,-10.333468065185295 1.8364475410581578 -7.9263755725443,21.938760453580933 -3.058313680874244 16.635778249469197,29.026416679156103 -1.6086208692356712 1.8357594625815046,-9.98673697595686 72.97674503411884 -37.07296169800926,27.677328300795807 114.59693854336972 42.04987534462069,28.740823794842026 10.014314490806239 1.1810588422115582,-4.582697825744487 -63.840868298044285 38.31028065935342,28.904513320865448 -107.23020800006536 -38.56032287029464
-22.080162666911868 -2.702379034610739 -7.4159293834549,-11.36967424191249 -3.835284515353507 1.607446825332873,-10.378489560610056 1.8101164752537007 -7.796302150317462,22.023518603016786 -2.9817369585809197 16.29726067796273,29.589815311217343 -1.6138305450222659 1.794724232880848,-9.83392580059966 73.03261000058677 -37.800566674242944,27.788158335513405 114.06272529445329 41.790797280042646,29.27874709277368 10.13849129404694 1.5790253848257494,-4.208708966043568 -64.39250007453131 38.92876358343573,28.90660659826792 -107.29452491997428 -38.594361947545316
-21.095054895105598 -2.5686911695795676 -7.196360549072517,-10.416366266657333 -3.479850248508303 1.6924912880179097,-10.661422235412985 1.9254668726885775 -6.848964976372557,22.441670225464378 -2.4342876285561883 15.848633483467886,29.43401268588063 -1.6860118462945317 1.865647569672647,-9.157201996831919 73.67722265625568 -38.597776114363846,28.071338189504107 112.62071248418884 41.10864890067051,29.114204022346712 10.083737414099842 1.7525685246215372,-4.46133776962872 -64.26804286447954 39.60306144195602,28.95252974671706 -107.01759488868817 -38.43521573166743
-20.076445252203353 -2.6780146377531713 -6.851446273324739,-9.496475218245553 -3.4010400682947415 1.8263245969850999,-10.680823035628359 2.061890882569424 -5.776858342625169,22.44359659842232 -1.816269895089575 15.57380225323981,28.778332500702817 -1.7699809856056097 2.0083368726682838,-8.391366205680763 74.29847229365699 -39.13546631056935,28.335350895403362 111.25114201747692 40.46408984371628,28.466804971764127 9.914559616505011 1.6660323946653417,-4.877699502738857 -63.61510926639042 40.26805032431553,29.038559477656616 -106.34471467064948 -38.076866029237195
-19.540303143224257 -2.924533866768392 -6.620700132347634,-9.122055045739891 -3.669934210984314 1.9565969096361882,-9.941633655660594 2.0974461548976358 -5.279095767693856,21.28993020910688 -1.5317476901504783 15.752612491753482,27.856835186308846 -1.81021918056837 2.179740960710104,-7.976182914385324 74.28079752111 -39.09125272580183,28.387993717541903 110.93904398524306 40.31993147286681,27.570457074846185 9.69884793094533 1.2908482018607674,-4.988137339833535 -62.5953318615065 40.85880536202208,29.159348345344124 -105.23599933390983 -37.52090158099598
-19.60050730745423 -3.2381230162027252 -6.565392452645347,-9.36598371863782 -4.206666930708065 2.0507260019774534,-8.630422630993484 2.0163518167863193 -5.4936726093177155,19.27877390947604 -1.6582881805820242 16.33883140721481,26.92393927001492 -1.800271611095795 2.321495826935021,-8.051326331362274 73.60840122840688 -38.49989815166334,28.212052788837667 111.7918562060912 40.7267407973322,26.673737669677834 9.493668106895088 0.7329245760452908,-4.727525318701811 -61.471924676762754 41.27165670327894,29.279552311571628 -104.0010115280635 -36.92372882594641
-19.926389873256824 -3.5881143846332675 -6.549729964631902,-9.815591517936664 -4.764488416605076 2.097984491735071,-7.687356946264106 1.9201978494430514 -5.938218725601374,17.855245326718425 -1.9124876309326428 16.925717959677677,26.256570946338165 -1.7879279845612677 2.3583077882871724,-8.424694456848968 72.92857849176187 -37.791023176979465,27.98377983370075 112.94676102223696 41.2793124190712,26.041443295989694 9.344118699629636 0.246846770777099,-4.4779819412107535 -60.620408965457585 41.360098508075424,29.33066346576059 -103.33565895198969 -36.612918790926884
-20.16977369661642 -3.9448729736798036 -6.431833255739581,-10.041260398329566 -5.092590998474716 2.0889665903863195,-8.063844102475889 1.9140879448335704 -6.107675397198818,18.480946889034715 -1.9973240572943378 17.098059344454676,26.124585771917683 -1.8222621920844304 2.217177668988417,-8.88730959835122 72.90636409355102 -37.406984251037834,27.885623175500825 113.5089625071871 41.55733624565231,25.93120439640138 9.293521309975857 0.08845069265789358,-4.63431564007064 -60.411968750224766 40.98226644702462,29.24484615976182 -103.93372505040125 -36.914337695255675
-20.183742084280272 -4.241805738767813 -6.220397173614516,-9.912872403707816 -5.107823555090541 2.0212461587713944,-9.694812661024194 2.009372314650761 -5.84176658886977,21.047504916509965 -1.8011421679894037 16.813591258450735,26.496267565350827 -1.8965783241779746 1.9412109198864496,-9.24095181991582 73.5998194273038 -37.50824225794609,27.96031999236176 113.25132237455163 41.45108888705676,26.307500916093574 9.342805660679968 0.2776226122088762,-5.2084829065135505 -60.84613750592409 40.24743881695975,29.04172890014783 -105.67906864532983 -37.767060974227824
-20.075867326279173 -4.365587077761219 -6.114514084368335,-9.679020213382929 -4.9390326256086645 1.9012226559208543,-11.2298780932786 2.0988521571897194 -5.416185649320241,23.461348826313813 -1.4466783804986516 16.501633779046927,26.958569959843977 -1.9336609042931396 1.7203244904245865,-9.301004109135379 74.29950268349984 -37.89880794219008,28.073946090676383 112.79093931230533 41.24357634355997,26.764131070381517 9.43929796763262 0.5358961789338403,-5.728333190544087 -61.45250555822106 39.58245770513419,28.8515365065 -107.4314184180807 -38.621076450562676
-19.96930088292363 -4.203295563862652 -6.321075968679857,-9.609355263987128 -4.728236416583657 1.7364813537511614,-11.25946084188301 2.06969069908019 -5.131251295514558,23.53746591229578 -1.0711662472313015 16.614488345312164,27.07958635011456 -1.85339153225393 1.7505018442045164,-8.888673458536099 74.25900245614386 -38.3602326622407,28.083290757149285 112.78951581710018 41.23865768340477,26.87668462807187 9.527240333139114 0.5695791105763048,-5.699605649451487 -61.736287271980196 39.426586209270475,28.80944198553728 -108.00265022861903 -38.9035786161064
-19.949667688650017 -3.812986181254691 -6.825112077201109,-9.810894716973323 -4.595927203386994 1.5657476349750081,-9.542919158841062 1.9079108026630993 -5.119289144826415,20.89559331997001 -0.7847276239607948 17.239021278553952,26.708977347541577 -1.6571170365205816 2.0592859911567096,-8.073999519978928 73.34839077126169 -38.6945456197689,27.94799596507132 113.42854442756615 41.52202463195083,26.500744377291774 9.56869742181036 0.2816728949930251,-5.077623225696829 -61.4927546194838 39.81949478407664,28.94273253715901 -107.10153952421622 -38.47307656214472
-20.04826424132355 -3.500242319234358 -7.2904533888277685,-10.155204524347798 -4.631433433679573 1.4728294870708618,-7.531922592026958 1.742657810260851 -5.2694154515743366,17.768266357197437 -0.658233834824465 17.93304596608828,26.104038065089874 -1.4641242467560374 2.4303629283347106,-7.287265507302153 72.33024383035632 -38.73342249129246,27.77660704420535 114.1943012817321 41.863520581314646,25.897248588356533 9.551536232025251 -0.1400606733589141,-4.468586703140876 -60.937105904043804 40.22234993126559,29.122505384276018 -105.73533399823474 -37.812508295566104
-20.2914922560034 -3.5860801856578823 -7.359435842075705,-10.496227861734196 -4.919458913417668 1.5437296397626383,-6.796521757269343 1.7129669745760208 -5.452571047011533,16.570998023667176 -0.7586051107311595 18.216940739926212,25.55327479284732 -1.4017456470365854 2.630208817801167,-6.983068784961364 72.02907845703388 -38.31390077485219,27.688340991728463 114.52364734038416 42.010499168483456,25.358047685415553 9.466161109273925 -0.48635617337958115,-4.522690746136635 -60.31781220662143 40.05710278740516,29.20885474263833 -105.00373695062726 -37.44933745587299
-20.65897932716717 -4.104832422589689 -6.939503896674361,-10.746458777620784 -5.385668990850231 1.7674093678438945,-7.883208971684225 1.8624434810255985 -5.602216262260004,18.15402869907324 -1.0887877870980427 17.90002951832124,25.294835928547435 -1.5110982105240682 2.5617692755156614,-7.33367148176275 72.6937915919266 -37.494339027342,27.730947965669568 114.21694096806955 41.872573871038725,25.11585448861941 9.340665008900379 -0.6049194772763549,-5.384654511688092 -59.91299899449606 39.186725870305395,29.150728473602598 -105.3393052572559 -37.59487079946343
-21.05269414864033 -4.614852000481035 -6.378260716674338,-10.915603119720473 -5.691678046866678 1.9717123748130028,-9.639066467430114 2.0762503247211708 -5.755612324509035,20.768782379643124 -1.5455125755626185 17.271371515388232,25.483260846156494 -1.6901556141830802 2.3545696506418117,-8.042575571468152 73.61758059757885 -36.70055434700265,27.8335219934382 113.67805393407686 41.62875758409989,25.305195871346235 9.265715146800474 -0.43804568634232244,-6.359958027998891 -60.05002680366346 38.20641787766997,29.044597820065086 -106.06693503575455 -37.935500970610974
-21.36803475614445 -4.632450935311798 -6.063265810781903,-11.02279840859912 -5.476868542664079 1.9704913326052367,-10.75735107736816 2.225150695489893 -5.9598079624126985,22.431542223229936 -2.0157099290923597 16.66429324078347,26.263282603666514 -1.8237671670477615 2.1589298128113974,-8.770033013506616 74.00788258493299 -36.39044860550151,27.91431060940955 113.36555290590205 41.48249441096743,26.049590059528473 9.337321710487451 0.06201372311914335,-6.678814302503034 -61.057198728322206 37.77687801182909,29.000222979888147 -106.41130408958908 -38.11007503061283
-21.585783069345982 -3.9962581651299334 -6.206677674962573,-11.11743603519353 -4.6833530694404635 1.7139432220106068,-10.65877854292367 2.2411280576423374 -6.261941684580378,22.28197296674432 -2.4106450282354532 16.302583358892146,27.561045770663153 -1.8390235372854484 2.0605932285256787,-9.283845499546752 73.5661040028963 -36.73092507918844,27.930295418259348 113.48724301362846 41.52713541442967,27.273518033555188 9.588220977274265 0.8250200993951221,-6.010050934183432 -62.84237381240323 38.15690393385224,29.056894343109498 -106.07621346966086 -37.97850498642673
-21.84965878311776 -3.159978913656293 -6.685937649384927,-11.306640748328102 -3.8309430954107624 1.4124504044839878,-10.152271965496652 2.172992316978802 -6.709323326404691,21.603484592014915 -2.6880209313814687 16.200999836680143,28.88556324807141 -1.743624434967688 2.0220724339184337,-9.557051509343172 72.93629130724385 -37.33357541511526,27.91237411922206 113.77240199873128 41.64594148266585,28.521638675385468 9.930403836933309 1.5555802653996342,-4.859502254653876 -64.51107914930677 38.838345961123835,29.119425005274344 -105.6797734896964 -37.82256032862276
-22.321055533024087 -2.6452189788727885 -7.340861390001231,-11.70348921885936 -3.5027982533495106 1.3049600369813574,-10.2003361920929 2.082584238029129 -7.3488434999635475,21.916355675773072 -2.810949483577044 16.350588606926834,29.700318254065447 -1.5544409041578566 1.9921134014726662,-9.586044584599668 72.86640508960275 -37.74851336090289,27.899653550662364 113.89737584538618 41.69892895083487,29.297172977404202 10.262418674842927 1.9338808543506862,-3.826144508787536 -65.08151320258244 39.228151535017865,29.077836101331922 -105.94082481921818 -37.97048645294102
-23.0322828287955 -2.7214478521762486 -8.014297278542182,-12.313610259115654 -3.960548589660813 1.49234663576984,-11.262474293816508 2.0104808541905568 -8.14023007677495,23.90433260470402 -2.7796288355712786 16.701589142015834,29.742962705474955 -1.3094874165308312 1.9376483456215645,-9.421874774359468 73.68868759620779 -37.7187095430535,27.91073315513878 113.71373493766791 41.62191673717823,29.356859336077264 10.509854769544894 1.818966109115079,-3.3132582899604492 -64.14801324785428 39.00061195977347,28.887907623317574 -107.16292334421264 -38.55880900476992
-23.731752617989933 -3.10360609034512 -8.55576363736588,-12.90632023866919 -4.7586770468940385 1.771818516171025,-12.691926452940985 1.950493406457494 -8.851511992508636,26.411358087859362 -2.6758218674006096 17.114494366856967,29.354133779088034 -1.0932796499795658 1.8656068834331638,-9.235799388553387 74.82108255637637 -37.41128897118191,27.919110007755545 113.45842454322639 41.51743805113747,29.015002560642742 10.657773031731669 1.4632457543906427,-3.2937264332727647 -62.57203134472553 38.41799378785673,28.650044466580102 -108.73627997589315 -39.30240015821596
-24.13038474298709 -3.4331277079528166 -8.815845952692367,-13.219761858507992 -5.358012506318077 1.900427455051392,-13.695392728095749 1.8902346438087319 -9.225482741591568,28.03781049562018 -2.5920680554552433 17.43795855393392,28.954399103469555 -0.9964163031708472 1.7882488032293704,-9.214841880019465 75.56050183261493 -37.04970580473497,27.89232758025704 113.4193362050242 41.510062324574875,28.659815778883594 10.699181323394459 1.1712278054714385,-3.683015216540724 -61.38278896456931 37.82062064602969,28.483796216684304 -109.93012266184182 -39.860284688581146
-24.06139728634439 -3.4757083393655654 -8.720113867470905,-13.10818787634446 -5.412547910527885 1.7435805452178603,-13.770288628633713 1.828059460974123 -9.121247630595128,27.927561927168036 -2.5878544549733404 17.564923585542388,28.829497836776866 -1.0652166695714598 1.7206745212558137,-9.448828178746446 75.4775011879604 -36.80609059409187,27.818490915124023 113.74043867507348 41.660725318005994,28.55420970771254 10.640331896869927 1.1404889346828646,-4.3407471174714285 -61.24400514656518 37.465950318252986,28.46530821214393 -110.25472624867702 -40.00503140703669
-23.668967062749303 -3.312994491889796 -8.384793719894077,-12.721075543506643 -5.067420240787853 1.4421919645786947,-13.153210439005019 1.7896360158854263 -8.693649448360446,26.606385975793 -2.6386281631336943 17.500938189147725,28.922350711063707 -1.2334140587414932 1.6852071092626364,-9.780447228716742 74.83841058661902 -36.72207712712039,27.737985447077453 114.1997588199298 41.868566140301745,28.6424978482489 10.521152540820331 1.29671936049635,-4.984554694260326 -61.890062802568245 37.4007437102903,28.560365007765192 -109.83325778816442 -39.797909186042595
-23.145944535358584 -3.0760876837850675 -7.955953151639582,-12.254104514901892 -4.544651009257734 1.1802750646763083,-12.196475559058554 1.804896104383039 -8.14381937632389,24.816360802965114 -2.70668246738329 17.269201784359428,29.122209632625626 -1.4171256856258307 1.7052887247556872,-10.013740639742824 74.01845869159165 -36.818839850997676,27.699368066795653 114.51809524710369 42.00742251528365,28.819118792204165 10.38683904056801 1.523051188024947,-5.309931905133566 -62.90985804661999 37.63872964515123,28.71747195519405 -108.88488167353266 -39.345405136302915
-22.66186223941179 -2.8723405335513266 -7.563200399423544,-11.870413376104604 -4.037969870144795 1.0898413743757918,-11.220332301781825 1.887304927503193 -7.6473575597482455,23.194373562854473 -2.7615658302411865 16.91493687224882,29.333813405883355 -1.549242640021963 1.7896293539122776,-10.01641129081213 73.32928077386492 -37.086493089917376,27.732573656271075 114.50780006677367 41.993317360298185,28.995434170497536 10.276152810431613 1.7225613379615838,-5.130445499899861 -63.93724504385781 38.144810385829025,28.887607540243668 -107.66050310792237 -38.76788163063002
-22.317484374297596 -2.7390663182616906 -7.287602256128699,-11.637171843037425 -3.6576692187184188 1.1495406478840582,-10.450452063056026 2.001765038441605 -7.304568994325473,22.067086138149655 -2.7942233974045103 16.548315578391353,29.50757419934656 -1.612124878064093 1.9034914300511923,-9.843909426581275 72.89496491946772 -37.42354984841546,27.81261778596574 114.25123145664512 41.866684542350846,29.132714390161908 10.20887926532956 1.8571472137261118,-4.60787796242606 -64.73866651394016 38.739890783129546,29.029043920858776 -106.50463606983148 -38.22662143099212
-22.200960078907666 -2.700730097588952 -7.201320933146989,-11.60394482729686 -3.4987354804846853 1.3098895162008581,-10.095156778198056 2.1042705191793813 -7.201946317847423,21.704251799181247 -2.799525383417656 16.291424573512383,29.602282634252532 -1.5972070664175906 2.0041672429509236,-9.586126206217452 72.80519502164134 -37.71171952258233,27.904441470532806 113.8802782808107 41.69078022939448,29.2013852670708 10.201322808498617 1.8994964165653714,-3.96788946820568 -65.10488760073127 39.21846039012484,29.10139122709066 -105.77896639962691 -37.89041385274969
-22.400438492133652 -2.781796931205897 -7.376518641870343,-11.820297240479427 -3.6561550809496555 1.5214046103259458,-10.362768382524798 2.1508154516976328 -7.425982168105929,22.375623816279784 -2.7723420028250216 16.266350528337263,29.576729331838564 -1.4959238717478278 2.048949082389971,-9.33295278888784 73.14965497362705 -37.83271150850843,27.972985724625424 113.5268294033632 41.52886058938196,29.171872617097762 10.269787843175532 1.8222965477262099,-3.43614019273221 -64.82667344809543 39.37500875988698,29.064259588990623 -105.84517993767554 -37.928048211263196
-23.00406875286722 -3.006731878785319 -7.885357593690708,-12.33579399418164 -4.22491444561941 1.7346025612590776,-11.461608811353159 2.097393917977469 -8.063169182892848,24.350955459775868 -2.7075434701710037 16.595180113591354,29.389704913341955 -1.299709960720172 1.9951292381468306,-9.174280333759626 74.01802866866619 -37.66823520228418,27.98319156289677 113.32277368839539 41.44418179026618,29.014602256116312 10.430578772597077 1.5982352084554692,-3.2382903114991484 -63.69478919989692 39.00402544548801,28.877259136609972 -107.06496252434428 -38.50831382189314
-24.1 -3.4 -8.8,-13.2 -5.3 1.9,-13.6 1.9 -9.2,27.9 -2.6 17.4,29.0 -1.0 1.8,-9.2 75.5 -37.1,27.9 113.4 41.5,28.7 10.7 1.2,-3.6 -61.5 37.9,28.5 -109.8 -39.8
