-22.28287447971838 -0.13462383592219274 -8.290247382739127,-10.044993810637234 -0.7454597085530854 -0.2572686391788547,-13.383666631855649 4.039772247543045 -3.5625155585462074,27.914874383609103 -1.1366173171326308 15.489809340141422,30.799836341205257 0.05129545907505262 5.174384164328297,-6.459029832310723 76.65970782841771 -39.223125116845324,28.417725600011725 109.99079950080007 39.87126036777014,29.88492690858097 11.865481939109166 5.185322549248451,-4.156738744177361 -65.78198005196154 39.59055948145223,28.88841212599365 -107.1146951027271 -38.49624647497772
-22.006559691765617 1.0264312510117026 -8.413731487387636,-9.221259398501342 0.6275381096092572 -0.9049839070016842,-13.555739483721139 4.598617187299839 -1.9184559680270374,28.17089674776905 -0.5309114302445441 15.179917194189558,31.27517281210923 0.4109646781456031 6.169827517992554,-5.589652848666259 77.0273834441372 -39.70055213823169,28.506981019291754 109.53193369349476 39.6506284144985,30.15751370436749 12.279011638470282 6.416229623593402,-4.229810244476909 -66.60734618325331 39.95850158033167,28.84709667383685 -107.54762634241855 -38.68839483276719
-21.757155367714226 2.063364065101596 -8.50342351448588,-8.637762686252055 1.8269111618811569 -1.3386000336870165,-12.898631521813721 4.920089601421992 -0.5958580747751698,26.955915234062413 -0.011055552337315588 14.943023568002426,31.365384924132172 0.5876962550032568 6.912148010231343,-4.917881997426646 76.45076007618749 -40.12688310179543,28.5646435316379 109.47756173605663 39.617300988309886,30.08582275956529 12.46613278473363 7.230860698012102,-3.977403002869409 -66.84167787088214 40.382927969051266,28.79451176154796 -108.1051116576452 -38.943056002509195
-21.60305326984546 2.8257436162596505 -8.54004567757538,-8.430729842317177 2.6851972700429076 -1.524798621208476,-11.667589249166447 5.019384437292413 0.26652797804618356,24.75215108972262 0.36351138413029926 14.776303922448314,30.934749999186828 0.5911185356077615 7.390654379685701,-4.448174528147462 75.09131985003577 -40.44963926396783,28.607665008234015 109.56640747650891 39.64986067953072,29.553869641544622 12.407163524540287 7.5249179392527115,-3.541549593917973 -66.18324133400584 40.680891394159104,28.729748664534753 -108.72148762371995 -39.23213441307072
-21.560442079833894 3.2368509240127463 -8.468054807879316,-8.5736180493135 3.160594072778716 -1.5315341575606152,-10.399650407681351 4.98967339647129 0.7196325191728148,22.49611765133367 0.572326809471852 14.626240694861794,30.07203859836053 0.46710926870865654 7.651075115213797,-4.173591482265349 73.40058950188809 -40.66195364926947,28.660057555693864 109.44725095012049 39.584555807431215,28.652567845755847 12.15691669909021 7.39261034677595,-3.1957831379702535 -64.71751131969467 40.69538174122892,28.666606572811787 -109.23107535705324 -39.477636454754325
-21.599670836577516 3.3166924716672517 -8.231975728938005,-8.887808180484896 3.3344850426492876 -1.4819137335141517,-9.683440793128971 4.951307182471126 0.9543437416791477,21.17779700531768 0.6376421272599049 14.422702039328662,29.075739625481244 0.2767026849678448 7.753866626737306,-4.091504632532385 71.92158826780187 -40.814397464946914,28.744528896700736 108.82626613265731 39.283871400156436,27.66591643207011 11.825413976575017 7.07971306584618,-3.1841482016858857 -62.893929336518255 40.39851347270024,28.63405629453464 -109.38766341798993 -39.55977477408169
-21.68189868058117 3.1735691188078725 -7.82994278316462,-9.131610706100712 3.355865449461797 -1.4863537815392005,-9.901053798057324 4.996242323818289 1.186518303545323,21.415287668248155 0.610626715562349 14.129831854560322,28.326741516729516 0.08015068970856698 7.747735039513096,-4.195557934380442 71.0543101711163 -40.98701071497557,28.873726412555975 107.59277814665249 38.69546439007861,26.949541885655787 11.541335023633376 6.874010239453577,-3.575766354797389 -61.30475067301536 39.92867773369356,28.666101850514472 -108.94807651986314 -39.35708186690406
-21.798942439180124 2.96816595127321 -7.349122849612758,-9.122469609855061 3.366646855476488 -1.5899134690145036,-11.061657435956075 5.154564895211417 1.5379689361238662,23.199499291784885 0.5449135358880992 13.782058640768037,28.11015189172662 -0.07026401434605001 7.669861143135751,-4.45421378054262 70.89517708285973 -41.23472780707952,29.044057230491354 105.87195874277484 37.87736518212231,26.76062348330478 11.41165208737787 6.986102791264048,-4.218005979084372 -60.388134389977154 39.53545467112694,28.784902152836604 -107.79003791692654 -38.804658027137116
-21.98697808818751 2.8629277167691036 -6.954696252109669,-8.828740249062104 3.447234270873624 -1.761007332187099,-12.801986579816278 5.395515713949516 1.97517344104888,25.91968484225676 0.4701605842737253 13.480313733820129,28.478469468821505 -0.13208697021290738 7.563676399541643,-4.797188576149528 71.22360726607164 -41.539004563239445,29.23450932379093 103.98596703092633 36.98053956432752,27.128731237810747 11.491104054803468 7.474018858894391,-4.814509705894306 -60.22094589206498 39.45776902561665,28.985533585319956 -106.00785053161871 -37.94293904195418
-22.30167648904734 2.973007934854609 -6.8292421886307935,-8.382971639573103 3.6052211992171617 -1.9233202376179461,-14.54867103489534 5.656190398141026 2.33563107785924,28.645937302581807 0.37994874271882617 13.346010290596993,29.228969689785767 -0.07539454850949556 7.492642544242311,-5.126763185036805 71.63653830627854 -41.79842544991522,29.41134666293883 102.34400023498891 36.19800486277636,27.83867237038076 11.770442969063698 8.239592709683006,-5.083265275652092 -60.51592992729248 39.799391288408806,29.231026223479997 -103.93046095894888 -36.92903730219969
-22.76817967774728 3.333175502941226 -7.088725316543961,-8.010083032433393 3.8029453810957863 -2.0088091079394044,-15.761948944590126 5.877979060210836 2.424992486628281,30.527126759347546 0.24176735950943162 13.455545614780583,30.008680886734886 0.11034894562374897 7.5320560084706125,-5.354065555340339 71.76040927851584 -41.87019035041623,29.537476252047416 101.30866187654244 35.70234402992806,28.53802425634454 12.185160978163431 9.088272597787318,-4.9052159500949015 -60.82191367849955 40.46926227722911,29.461804667590748 -102.0382101654857 -35.99777825490356
-23.337893454310425 3.8893713914791253 -7.717817767046982,-7.908755141451783 3.9985874448215215 -1.9995380406086685,-16.146714833684523 6.030333416005498 2.131337464340105,31.118939458793157 0.024836480111509296 13.791181681823549,30.49282388278135 0.40787990244259853 7.73767719252469,-5.441803363147064 71.43537231467818 -41.64438454103907,29.583502823033104 101.0900011095116 35.59550446005228,28.91516994481289 12.63963479012122 9.816239465728955,-4.38079101295765 -60.810596619881714 41.219909789805286,29.616540814402214 -100.8030858838998 -35.383553128278585
-23.883184251900886 4.516324290762694 -8.560774580715602,-8.148418737984551 4.172210459134433 -1.934831884290303,-15.739620431243223 6.112375032821591 1.4954603958600288,30.50381569947245 -0.2694143637896793 14.237073538252732,30.543790321396433 0.7691172986542686 8.108665070879068,-5.42684123609528 70.78476898232955 -41.11167774042778,29.536781053022214 101.70036389022721 35.8865174455714,28.85505991133953 13.037515252023226 10.282414121783495,-3.7656090525224406 -60.484683569275184 41.76438591016388,29.655385268169592 -100.51801522198306 -35.23493914995226
-24.240160631239988 5.055596684553073 -9.377074103853813,-8.634635364441166 4.322846905686633 -1.8820059705102101,-14.84565159555093 6.13752488097828 0.7009187226663052,29.17329193448255 -0.5926027791416807 14.625507531924422,30.268671875106975 1.1237064196639395 8.570221217483773,-5.404553204794739 70.14321752129933 -40.38583536174769,29.40549271402702 102.97404992635357 36.4993774904826,28.491050099781585 13.308539732997069 10.438312517314829,-3.325934926533819 -60.18710706649286 41.91020138528236,29.574886505440332 -101.19127813686485 -35.56024985234096
-24.280654479211154 5.3629441790639465 -9.937746976104846,-9.158194731309786 4.444686835186128 -1.8906357591658598,-13.869631846595537 6.115615461173043 -0.009273184619629227,27.755448861039763 -0.8615319921370066 14.811275503261225,29.947834924179563 1.3992943110664413 8.992542799994311,-5.477978361224407 69.8870176261295 -39.665661207257855,29.216619330833794 104.63072296676313 37.301720775674795,28.12622354484354 13.424257559289853 10.314482240065253,-3.1991116590857183 -60.40402035874238 41.640962034090826,29.407689014875224 -102.55479478857893 -36.22938475607239
-23.97479359069021 5.350994283695695 -10.116807897575171,-9.498826931007368 4.5050330625305515 -1.9593412106011328,-13.13157027315295 6.045787196236277 -0.44451838562101287,26.73076931117078 -0.9938579905317391 14.736786373581822,29.875278376006214 1.5460540925518347 9.241790881816211,-5.696390088494466 70.25514423990053 -39.15385599285151,29.008831951933434 106.35142710030975 38.14016506767793,28.06675399725507 13.399233852334547 9.98311890642958,-3.3386223968454742 -61.47100191339959 41.10667321318635,29.207474940010503 -104.1820464214378 -37.03114426538298
-23.407840161568743 5.013983741928092 -9.93432516564268,-9.527311292976563 4.444778548096861 -2.035505902995171,-12.75102397811395 5.923671206158406 -0.5494517059345636,26.26465231765904 -0.9499546078731209 14.455518140109882,30.196725660114907 1.5537097118886423 9.23841317566868,-6.016883722317493 71.24689853362699 -38.97393298203915,28.82285351685187 107.84248428344414 38.87095604518742,28.45574384932808 13.278836659592322 9.52212789948694,-3.571491946838654 -63.34677469994236 40.53433166278207,29.0267519661846 -105.65928397431246 -37.758670357647205
-22.739161713792882 4.426197653418373 -9.532411011595713,-9.25403997617918 4.205515866031524 -2.0477667147900513,-12.641521705191765 5.755060973719472 -0.4179508578970852,26.21068613873135 -0.7583227507828035 14.103703716845754,30.82997612909397 1.4517271038463622 8.991255851379496,-6.312736610317301 72.63747994811995 -39.1270698741334,28.69221015275541 108.87809134674654 39.381506691966834,29.19421476962519 13.11862572336398 8.996308845974028,-3.728274327455774 -65.58157439387291 40.11260204807827,28.898237472971104 -106.7295857729795 -38.282702576313156
-22.123945514605968 3.714182979215022 -9.099458909935455,-8.804071059201744 3.7673917867967557 -1.950999702688592,-12.598189092259938 5.563214780691952 -0.23618481236234065,26.250143420857604 -0.5089667520138241 13.837024829233714,31.506100624238268 1.291719118059815 8.587662191354836,-6.428134416099661 74.09123377368796 -39.50818538017485,28.636553591212905 109.32595137380102 39.6044062852994,29.988355096291713 12.962780288339754 8.455391849031457,-3.76276902431926 -67.5000840811847 39.914610562110205,28.82811626214515 -107.34620171620351 -38.57993383843266
-21.64043820456231 3.0123826479345013 -8.783032054987801,-8.339465777715812 3.1720569804885788 -1.7559166999137614,-12.420660752197287 5.381483899457473 -0.1887647229416869,26.076296421921406 -0.3155083607638929 13.76563954759797,31.90561477521767 1.1209070672993173 8.144131765230105,-6.253442332166619 75.3069487533937 -39.96782772441239,28.65851370428006 109.16377047212873 39.526896329138964,30.495237646091883 12.829250691162343 7.937694572170914,-3.7854472200085394 -68.50244011063212 39.89648611828866,28.80277079614519 -107.62073031288065 -38.708046921010684
-21.26344506649945 2.418841537639045 -8.634829038418099,-7.976191553022338 2.512561229020581 -1.5247504310135584,-12.007363117234485 5.234025281614187 -0.3777355171950765,25.53041727599155 -0.2637968407459581 13.918533016641014,31.815802166906845 0.9608826531798312 7.745042552367004,-5.782797013372619 76.12231861521722 -40.382701712764884,28.744048323120694 108.48766199423713 39.195640555605564,30.48921990253861 12.707063193200952 7.468619348710768,-3.987567969407075 -68.32588761833225 39.962732619975554,28.803397965478624 -107.70677225291618 -38.747039738682425
-20.8987919001984 1.9685222505345565 -8.611311160503643,-7.741061081640952 1.8926287048627013 -1.3351872420679187,-11.383860521216766 5.117369105697495 -0.7923258245244518,24.640660015812507 -0.3729180151134308 14.24946331127178,31.228555970765402 0.8033616733652108 7.404588039948733,-5.123730366561441 76.53564765637762 -40.69640643655019,28.86586959089897 107.50357517564427 38.7122355701367,29.964073927508508 12.566801810553532 7.052899682381316,-4.50095791242062 -67.13622962303413 40.05061718562182,28.81917956722142 -107.69103438187216 -38.7430373410606
-20.457960020320737 1.6351167668424818 -8.622526091735898,-7.586764507664451 1.3784278484900403 -1.234297135480348,-10.667920971635873 4.997425776160583 -1.3365562299463014,23.573339358715902 -0.5888500872973759 14.673386053457804,30.333836083390423 0.6251188346949683 7.074210075881091,-4.4529012867578714 76.6517139935827 -40.913204454087065,28.989555575448115 106.48945786100994 38.21377303149601,29.123493574378763 12.380015379067316 6.669802444208456,-5.28087967339589 -65.41442232721907 40.177235360131974,28.851358061650025 -107.55449103585808 -38.68691689733057
-19.927863334000666 1.36006194700872 -8.596762935424051,-7.44735233318081 0.9729911020361635 -1.2108853236246013,-10.00388433410191 4.8281024192551385 -1.8904003884167964,22.544497915782774 -0.8141603647824012 15.10790127325356,29.420522254525622 0.4130625647804491 6.691229391049547,-3.9397371441341864 76.59710126057946 -41.057865642942474,29.08184639799487 105.72459825535609 37.83734853029622,28.27276119418908 12.139171774429382 6.282594386906656,-6.090120342084917 -63.71336145646056 40.419141106659595,28.90660437361005 -107.22166398392268 -38.53800486715461
-19.39255870247207 1.094863396516996 -8.52319728166782,-7.2939673141729235 0.6311594008397985 -1.2042027108860704,-9.504819034766216 4.583702557968072 -2.365704475867906,21.741886667535642 -0.9580651115591887 15.496528474053017,28.742496074447686 0.18398330526385587 6.239320804233255,-3.675923726845716 76.45821492069035 -41.13498532642901,29.11992943415389 105.40083942713868 37.676283058424815,27.673769675688916 11.868810931707433 5.864779966378585,-6.605191491673059 -62.42162243771051 40.838993587626376,28.984896970251537 -106.66164934238725 -38.27535657306942
-18.991452143198615 0.8358515465122995 -8.450565009873358,-7.154063976025796 0.30775525864328124 -1.1452126314073063,-9.224849693662376 4.2864071378985 -2.7272652582451298,21.281794191297735 -0.9803777953441851 15.806609240141228,28.41944249842158 -0.014090696428776694 5.782846407798808,-3.644729204029258 76.27147187485582 -41.11903236450586,29.099353097566425 105.54797919552492 37.74406729538642,27.438671652694143 11.621685356768328 5.431417253045517,-6.5925679713627225 -61.652982799557265 41.409196385124226,29.07074237244573 -105.97144257957484 -37.94162624748239
-18.83673603305955 0.6331061121413848 -8.447047178625532,-7.0836760247811865 0.008794418123172942 -1.0063212593445436,-9.160412962942253 4.009837341019085 -2.9750617750598427,21.195279246033785 -0.906464046745248 16.013201710022038,28.415760622736965 -0.12175385585478715 5.45060670295925,-3.7426870922157263 76.05695683651135 -40.98317573557079,29.037335827819934 106.01052954471061 37.96393715730325,27.509808703081884 11.460053705651855 5.054498442597355,-6.056693342238029 -61.29802846401854 41.98696886873444,29.13477095530859 -105.3800692241654 -37.64768289657542
-18.93900250442128 0.5670532453420505 -8.548954495580075,-7.1145426251962745 -0.19017086975298625 -0.8287824719060393,-9.264404147335117 3.8514032181256024 -3.1091629671474195,21.42594514904716 -0.8064726526594295 16.089177894852963,28.59469188420077 -0.09965995122507976 5.373258876155221,-3.8392119001412097 75.85859550294606 -40.74553415163113,28.968659119830757 106.49834368424476 38.194492538600116,27.72336213350237 11.42929233176313 4.845128870469153,-5.27033102934441 -61.17836619639486 42.36526163066054,29.146473837123935 -105.15767360501468 -37.52873570668755
-19.188016565915454 0.702072496057152 -8.730850991542749,-7.215662254417319 -0.17771621832233064 -0.7083623552564277,-9.458835853978147 3.8839312622649045 -3.108647500811297,21.83159777062288 -0.7519038676394743 16.015205953113202,28.8056313956048 0.045644772360859065 5.606394166593905,-3.841829333950542 75.75252750646314 -40.495237372683235,28.933585711635008 106.70297791957442 38.28679549510195,27.910576398482434 11.535300532373201 4.902249030571836,-4.659068510463286 -61.19143130451763 42.37686594848567,29.091690426924607 -105.47190313801313 -37.67234786125406
-19.405276856252467 1.038800645362636 -8.915312015175326,-7.300629198591546 0.119665318599679 -0.743361181761346,-9.644658867047047 4.110799105438205 -2.9443784594960807,22.20150367260432 -0.7749219039079822 15.805962117636476,28.951622611623105 0.25672399080088226 6.082025057748623,-3.7348251977229645 75.8105126442663 -40.36939335516038,28.960816265793706 106.43842645581518 38.152479036185824,27.976800078089717 11.73641735755016 5.249081311483339,-4.592479892045887 -61.3530660166506 41.99323274295499,28.984644082291585 -106.27127970851404 -38.05834215576681
-19.442807539382166 1.4893571123386808 -9.015799616035428,-7.282470326643429 0.6631206654403639 -0.9716185494589333,-9.718756377631493 4.44995861733141 -2.6202564857141932,22.308524788257756 -0.8537129354567525 15.532731424822677,29.00451024255396 0.4456295508476116 6.618270573987744,-3.575901739376405 76.03996519391097 -40.48218856354433,29.05181445768478 105.74613380549553 37.81374310841872,27.919744181057357 11.954651654495146 5.791251943875412,-5.189543345597087 -61.72056402793457 41.357304681990435,28.866315810501117 -107.26883041226844 -38.54821311669958
-19.272943971593357 1.8906231984881214 -8.986076637254513,-7.144706815467291 1.272858842970502 -1.331731073889402,-9.60677184471049 4.759050584682894 -2.2146971696301736,21.999046485882662 -0.9317584009944174 15.319292630851878,28.97200887894081 0.5305311823653887 6.986940764395978,-3.458505212490278 76.34372149126472 -40.841347602861525,29.17392781895054 104.91187909258201 37.41027773178563,27.788971185272164 12.102447659555743 6.325197601780818,-6.2434900021897795 -62.26191023458818 40.72408845730173,28.787956167871318 -108.04993684707857 -38.93723795682659
-19.0148833475237 2.0538233847658063 -8.845945133103253,-6.981899584064298 1.6721770137033933 -1.6729795677304802,-9.30567628072173 4.892738899558649 -1.8884215074436121,21.290545081546625 -0.9588756167780115 15.30150850243378,28.850563459250466 0.4704381562844286 7.007871599891895,-3.4638002802835484 76.5361380113815 -41.30348461719769,29.26735467992178 104.3760510012788 37.15482017950242,27.623387269159352 12.113985010708156 6.602516518694339,-7.310900231928895 -62.77527844793842 40.33503268498768,28.786857790676084 -108.26131852641163 -39.04850570221399
-18.87663975854175 1.831771867402721 -8.667707775239846,-6.976044547582088 1.5931983746692617 -1.8136626725075855,-8.912566634852569 4.76571929146492 -1.8409338608887005,20.420305383910463 -0.9287590687821725 15.564300738736614,28.602891287449587 0.28057242745740674 6.624204205351035,-3.6276316826549007 76.4200782571539 -41.60598883744139,29.265530963982357 104.56549700670944 37.251560551312075,27.412383317880032 11.967721361235753 6.426485939848672,-7.92341503299508 -62.93245894134916 40.29247643579729,28.86651149595276 -107.78963232821083 -38.823040982661645
-19.03851534204171 1.1762459930543596 -8.53160802457395,-7.310974316032317 0.8978955872269967 -1.621802399016252,-8.611179828246335 4.390498279147492 -2.227814012976642,19.793595899484078 -0.8892464779686702 16.08843706064178,28.178163985143883 0.021118903818051815 5.922350121608979,-3.935253696671789 75.89036735187089 -41.47388096928482,29.122095736154307 105.71335498895034 37.80973389444328,27.10593604455826 11.690791171125285 5.73708846696281,-7.814719396449984 -62.43929764600237 40.50440650472338,28.9919577159876 -106.83610746378145 -38.358484977870994
-19.539773676341067 0.16129542249337026 -8.477246843564666,-8.06536542211398 -0.3453651384629193 -1.079340497690084,-8.6035785936202 3.8708645616311217 -3.0771612313896837,19.822947434682135 -0.9170908186289193 16.740866572696042,27.560685446739335 -0.2339203104950338 5.088761865029043,-4.339072765664669 75.00723755374058 -40.7561952655587,28.833346940976188 107.74415664596472 38.78950614840407,26.663895757428676 11.344173678534947 4.642537779310828,-7.046443405866553 -61.22525789708631 40.733624995170516,29.1039015472424 -105.84150636754416 -37.872593262155995
-20.232952036876544 -1.03762903290035 -8.480422848467471,-9.143165505182957 -1.8718044690802116 -0.29794705075679695,-9.006116461649835 3.354032470897266 -4.250367098238025,20.71387770114926 -1.0700003310166089 17.322845417334914,26.810860925673925 -0.43095666948734734 4.3272288463896444,-4.78311567795552 73.99308909182028 -39.523165753974354,28.445544069199062 110.27788560762872 40.005462807372396,26.107585833464313 10.996204835313677 3.379200141486023,-5.9694870281576815 -59.54391241493526 40.72834081784823,29.145630550340986 -105.29012097150981 -37.60546479167028
-20.836961155346284 -2.2005309102558406 -8.46957513573905,-10.285898493014335 -3.3178251488856754 0.5221866587569729,-9.758302432684347 2.9651003981512396 -5.4744016569984035,22.30021602977343 -1.3431448223524503 17.658944501955293,26.06461758837569 -0.5566444764680378 3.7782899383239092,-5.21861515170972 73.14428148596492 -38.06823377241017,28.042046858895812 112.7573915069695 41.189101237406724,25.534657107175533 10.696809523364253 2.2164230808041503,-5.043496050674387 -57.90786951432293 40.36493685194696,29.089965388194578 -105.4840706646512 -37.70638328766762
-21.067739497641362 -3.1331972106995463 -8.372135546325197,-11.170274597048437 -4.3638949632575015 1.17178391380176,-10.600244656481834 2.7558070120004983 -6.43832289213976,24.030364033097165 -1.656675077125456 17.684418683514473,25.482993569619428 -0.6346805000652553 3.4776642145602885,-5.605910486957029 72.69635552255627 -36.80360960398618,27.714002945266007 114.64997027968256 42.08609245029895,25.081874325903293 10.463536245819306 1.3501888400829156,-4.610336811002423 -56.87352822850221 39.7247215550238,28.95305869153533 -106.39677106193945 -38.16039309267007
-20.781975052398167 -3.724210285815802 -8.162847514729105,-11.548364498563894 -4.857212243729197 1.5137430797311668,-11.14915623119195 2.691346635207997 -6.913612928726937,25.145010646825188 -1.8848703020238766 17.483970016656333,25.17639713099637 -0.7040771292536898 3.36727754611234,-5.910221456747392 72.70986470027376 -36.09247283028738,27.526183879301758 115.64031688772879 42.54833838696881,24.85495321141418 10.283982900219735 0.8351163968150779,-4.738549848844959 -56.780362413476006 39.06083811009995,28.78817503805952 -107.67712140837845 -38.790939895234345
-20.059329352972256 -3.9687852304601168 -7.8844160537527745,-11.361797537060474 -4.858069417924053 1.5304401862555275,-11.056633174440426 2.678929861118971 -6.843900159553122,24.99157820804894 -1.9147581580728432 17.256377947538034,25.1472476690937 -0.7932498343785238 3.3444544694482694,-6.103609283313982 73.03759868360918 -36.095892371754054,27.492675439669334 115.73431144776931 42.58243520331686,24.867856263544425 10.131017514389233 0.5849442216178954,-5.214707289935167 -57.58311805970112 38.67087766746991,28.66241997920547 -108.80242921521027 -39.33751021408854
-19.178124494234318 -3.9538901079393627 -7.626899766376932,-10.771199720202066 -4.591137267057443 1.3189044522563163,-10.180588355106174 2.620775255262507 -6.3625443989903525,23.339564561465316 -1.704943248556197 17.217058482342477,25.287530621807907 -0.9053179156723836 3.317781249305333,-6.179035301922385 73.3941903628625 -36.70844140047859,27.57351927627602 115.23100298025537 42.33471366876098,25.031051672115865 9.981536802352151 0.43730319659332784,-5.6779122596220235 -58.871379671481975 38.74249950705918,28.627671442669058 -109.3059826542459 -39.57044755750532
-18.493523335134288 -3.8141789326198787 -7.476738714738056,-10.083453979077285 -4.328830223032577 1.0405510380650715,-8.686541052576914 2.4633317839675226 -5.730238129517594,20.541050506868835 -1.313576264798947 17.484756534182424,25.437401635834558 -1.0220379752780944 3.24036414902963,-6.1694251563117195 73.49630818411258 -37.61404004860193,27.694320300630295 114.5771823362347 42.02045281412739,25.200159902466773 9.829042467046376 0.24724613578804477,-5.819142086945842 -60.07197757923534 39.25472636721544,28.699477588562758 -108.97115607530442 -39.38786184853343
-18.277284753747463 -3.6779573012680897 -7.464859641884084,-9.610994521577965 -4.265041036794157 0.8515940074725677,-7.017300034580898 2.2188944146213916 -5.222228653924258,17.440326884918115 -0.8792871809869915 18.01030707887574,25.47488429878828 -1.1218140538327086 3.1093807729404173,-6.154849672439513 73.20397378385783 -38.43422713823543,27.780323860620044 114.16965351709133 41.82892334520394,25.259729295965823 9.684829638459606 -0.03830261579478944,-5.5374237166241995 -60.73045171226975 39.98780263749111,28.85326564590145 -107.90441893033326 -38.85026493534499
-18.597651083182356 -3.62365766513316 -7.5448672824337395,-9.531937825450267 -4.438671815108975 0.8454766942951233,-5.729947659877008 1.9520658920191483 -5.017271029386213,15.052246950690385 -0.5627740817950841 18.587025153169762,25.386480014488185 -1.1985642409696209 2.942604059468999,-6.2428534281194 72.59152508873778 -38.895703932538986,27.789537466756933 114.19199432380597 41.84585432274775,25.19382172540382 9.569225264800249 -0.3606311467844593,-4.9740232333706675 -60.724133653462566 40.63584179681089,29.038330026359425 -106.46250180428282 -38.14101244950731
-19.2967125371068 -3.660946018156225 -7.615682112089103,-9.819011396209499 -4.738343918621458 1.0288591060757186,-5.265848204489918 1.7421955742715136 -5.137279645112471,14.14440999317076 -0.47693579814267406 18.942136907365764,25.276890870649307 -1.268086865683434 2.7544642326005455,-6.521712004329405 71.91196986449259 -38.936273786766066,27.7296396608667 114.55563393147595 42.026360971913604,25.100175986534985 9.49931352085351 -0.5897301796324298,-4.415579199643453 -60.29633901671083 40.96121491306578,29.20144952551452 -105.08060153009549 -37.47740874370073
-20.072419658399415 -3.740198083357817 -7.577492321535503,-10.269510195771334 -4.978177393672597 1.334682766232242,-5.758206855750661 1.6438318409857564 -5.460429054658849,14.913392394660864 -0.6392706043766627 18.86713892382751,25.3092119524704 -1.3569741666550907 2.549782669236046,-7.006054093509179 71.47264825985859 -38.701882083845625,27.65086819949265 114.96733821656507 42.22831086209139,25.13593015483225 9.480387844734022 -0.6004157511857979,-4.12779942109548 -59.89838806319875 40.90804065037736,29.30802270969839 -104.09198935011632 -37.019359525701354
-20.62023826582174 -3.7839434509740917 -7.3901725032894445,-10.617008666483743 -5.001292667896933 1.6595348209273397,-6.9700026176929075 1.6652453466190758 -5.795125039844974,16.90804306814796 -0.9687818878596868 18.323807603474805,25.60641723217902 -1.4808604018563365 2.336855001844265,-7.606097076408988 71.48489689273526 -38.44408767919148,27.61842245176989 115.08836760219401 42.28901367045958,25.42259742196301 9.505002866931637 -0.343374578683568,-4.214595833588062 -59.9296271168734 40.61573546458939,29.351074525907997 -103.62414713728529 -36.819154001444275
-20.762604742302624 -3.7271408512237136 -7.100843159269249,-10.665483343614962 -4.75867848401902 1.9054395367730081,-8.39595505581432 1.7726598454607005 -5.975483228746233,19.23836728621194 -1.3271171510483468 17.47318569503221,26.16820851280123 -1.6265400984128806 2.1449881181262622,-8.145978437376876 71.96260818932367 -38.376838621661356,27.677741869686088 114.71021240220269 42.10915047337727,25.963152390729462 9.558391308226923 0.12376599505170517,-4.577218783320021 -60.5181427005903 40.32884683809532,29.3456741064948 -103.60858571860578 -36.830581756422355
-20.50577919906543 -3.5511405187889538 -6.823691315369292,-10.378379597343741 -4.328585558615229 2.0097617528506815,-9.48384490029701 1.9130274449278686 -5.93291829600755,20.972580960017503 -1.582085537289278 16.612120465149356,26.8507148947919 -1.7512201477193536 2.0266163993983835,-8.433371528486044 72.7184674265318 -38.5682603337763,27.829530690698938 113.8657575529146 41.705347481355346,26.61967259511955 9.62541632320308 0.6575491448533981,-4.988107685888132 -61.45839024729336 40.25552845441165,29.31410254538391 -103.87900449922849 -36.96296112873893
-20.005374133026173 -3.2987275504266487 -6.681452877194675,-9.881976682610901 -3.874142825173344 1.9567425804040737,-9.872417109508277 2.039634953068432 -5.714190012432453,21.535850888155096 -1.66214455517918 16.0468197864694,27.423331254135476 -1.8022487580785258 2.034599195662821,-8.35293393025286 73.45661396442128 -38.9198508493541,28.02679062017403 112.8251796555661 41.207583439121905,27.167830162831265 9.694233512819869 1.0878617453180333,-5.229919813979718 -62.33290210273489 40.45324795417143,29.271320407287277 -104.28970306794156 -37.14369861327277
-19.469866238178902 -3.063757644615335 -6.739363885135129,-9.388550940441052 -3.56642938180482 1.7735713684033323,-9.535200888683974 2.126656407893662 -5.444078614697169,20.927115147140185 -1.5772377683104164 15.962656613015696,27.675412816299744 -1.7477998879497898 2.1845724869017844,-7.937019217519721 73.91290763701144 -39.23623037107404,28.195552922760214 111.97865127873274 40.80280492762273,27.402405048412856 9.755127274355168 1.284876625523976,-5.21731858630015 -62.74441961606684 40.802929821679925,29.21889723794753 -104.78466943436518 -37.35287260388262
-19.059716437648145 -2.95724914035834 -6.966941337989101,-9.085136883439612 -3.512387641666706 1.5180332732098611,-8.766312654490031 2.168507915724241 -5.256240197280738,19.66314382920621 -1.4000160861538928 16.34953488074464,27.518513788925993 -1.6009520525718075 2.4271596792579118,-7.371509339957238 73.97301865965967 -39.34087367071311,28.269564086642205 111.65909881739938 40.65031992535999,27.23945186448882 9.797130736727754 1.204276614007345,-5.034127197326559 -62.52816262641884 41.082353834300804,29.149748430616008 -105.3851968638211 -37.61361858929506
-18.83450141412551 -3.060533293639131 -7.248153196000743,-9.047343640517063 -3.718215685027685 1.2632776902075888,-8.021922486692263 2.1704431002927556 -5.227110507402881,18.493499656700166 -1.2215192694446195 17.013579252191377,27.03203610195804 -1.4216184938369418 2.654217824386885,-6.923519701890598 73.71351355300663 -39.17239408308693,28.222418306508455 111.98504184399391 40.80702863022711,26.76172403237808 9.807079632091734 0.8959987826900123,-4.870346139962765 -61.83106232093226 41.09483128931155,29.05933221875373 -106.11644386317536 -37.95010214510633
-18.767180205078226 -3.3826058006561968 -7.434682320382492,-9.21927666737103 -4.09711719465143 1.0815267414095782,-7.7000027979932515 2.1412713527389364 -5.34167672725828,18.037538769472967 -1.1063269706203502 17.664280965356156,26.429891237719985 -1.292325928014828 2.7453473356228857,-6.817992235088132 73.3523025845386 -38.81147764950845,28.08180704865372 112.79440527199216 41.19601994196494,26.183778477545967 9.774136141340472 0.4803606275744431,-4.901176711677497 -61.02303018252873 40.78025444037397,28.955250013942507 -106.93003486283519 -38.344169111622236
-18.80407004569937 -3.840205953689683 -7.414395374299395,-9.462225169358412 -4.5089745923942495 1.0267502834745947,-7.966647582866565 2.0949279989290304 -5.501997559335103,18.521912629972828 -1.0691265256524447 18.032847460483175,25.966399536835414 -1.2786750121857153 2.63523783394957,-7.120765577748392 73.1396600029876 -38.42975917585379,27.919053218145248 113.699752878502 41.632820355328796,25.755185125073933 9.698466477753234 0.10755572337261987,-5.1808136025394464 -60.49850065633973 40.24772787096685,28.85846172146288 -107.68005209045829 -38.721545238095
-18.924918210303453 -4.273283657980482 -7.160025883892763,-9.63844913771099 -4.809417051089067 1.118214683291157,-8.708051896027714 2.058355711752107 -5.569709833944542,19.734048141814252 -1.0805875590023297 17.96807680815387,25.82913836783037 -1.394964149841834 2.3648226341629517,-7.688766990306284 73.24661698978936 -38.1947038165321,27.81875181268669 114.24199256106115 41.898345439028674,25.6514190769903 9.598559359141042 -0.08258544667610818,-5.611470777307803 -60.48207682304776 39.71418711037142,28.79465528264956 -108.17474893252674 -38.97946059697423
-19.162515548218074 -4.495838752587163 -6.734850328507363,-9.681515602834008 -4.889307152625752 1.330475669254972,-9.620170824592968 2.075761329755617 -5.421474318003318,21.190646000121582 -1.0940484798742305 17.47292710461793,26.069785734334467 -1.5940488989575743 2.0820986355918194,-8.219182417420251 73.7026180548455 -38.1854452627719,27.842526234304128 114.0769190720409 41.827502319930815,25.905935772573525 9.510706941248994 0.0088885355597451,-6.002040970557395 -60.94128224191771 39.38568001519042,28.78048172274728 -108.2775674572746 -39.04136118435438
-19.570804172360088 -4.366567234606599 -6.255668416662339,-9.617439721606045 -4.696962071613906 1.5968416626688255,-10.37906579704476 2.199588542958015 -4.995082618169286,22.41313455871304 -1.074927501404916 16.676837179646167,26.601105937967137 -1.7882884165821091 1.9828187603507168,-8.381479892528091 74.40435698125148 -38.36365717055682,28.003316383459868 113.11543027915364 41.37603681260264,26.41276843920474 9.477670003009345 0.4203595659807138,-6.178805663034491 -61.642282674301676 39.34824581703646,28.81276104534831 -107.997692438435 -38.90649534318571
-20.16539855744306 -3.8519599720434696 -5.835391752521569,-9.531917293063588 -4.245301434433345 1.8296553115144656,-10.799397209428097 2.467112218328734 -4.3114942065818544,23.15881723905984 -1.0164327620943054 15.768079097366858,27.253149231563164 -1.8918316575799963 2.214951002099058,-7.972906416366674 75.18054880910695 -38.60932211047358,28.261304602492448 111.55913466862351 40.638027740879586,26.991259054890058 9.529921239475694 1.1189226239696544,-6.0825760532437245 -62.30244597343849 39.52765591582761,28.86741528605113 -107.51230274390795 -38.663208541092224
-20.87930499918439 -3.0530629557960123 -5.536143473787946,-9.509352206393261 -3.608653880550592 1.9526248381436702,-10.902730298628889 2.873163605545733 -3.468824849493009,23.49504689686303 -0.9357464639091684 14.922829533163608,27.854028811553782 -1.8626544837826569 2.794789793315909,-7.022498896190726 75.87284053356771 -38.79461425710841,28.542346939685274 109.81848953738036 39.8077632997007,27.474320194805657 9.668413994206828 2.000037957522351,-5.797378574257131 -62.744280898846945 39.737315017646125,28.909564510004515 -107.09925464844514 -38.45436060066535
-21.568056160120726 -2.178964992575615 -5.355124693994293,-9.582191543862647 -2.9100635651734663 1.9323150253508041,-10.87072223914304 3.3561673961737872 -2.6132005405133425,23.697762799116603 -0.8572080148393524 14.259818291281903,28.294109629011082 -1.7223948813644243 3.5817957471925066,-5.790367005565323 76.39213579370772 -38.850831721803026,28.76963293946825 108.35031665769455 39.10312559686596,27.774482214513892 9.85888790828149 2.9034631098352124,-5.497342671473396 -62.964542381153436 39.784650294443324,28.90995304031505 -107.0095281562663 -38.4103406432975
-22.067883650345056 -1.4720038485049145 -5.2455586814096495,-9.718617259548763 -2.2958630168370195 1.7933485117372454,-10.920321037037603 3.810842854963918 -1.8963261620859257,24.05103134186241 -0.7956484844643938 13.829258888285858,28.547970040139113 -1.5436025391012853 4.33170332867344,-4.658577336061041 76.72955643364529 -38.792265309537896,28.893979121451157 107.48404197539884 38.68302025088746,27.899608150410106 10.042941164178304 3.650511092965396,-5.345658325227244 -63.09050089347049 39.57568530865864,28.85919418385602 -107.34460670578568 -38.584309573876574
-22.276624129252404 -1.1126363684211504 -5.155696834924802,-9.851009084383113 -1.8963020458310005 1.6078437236950769,-11.175595319454501 4.127337677971694 -1.431356725688759,24.66972902838335 -0.7506133165862652 13.625704072473313,28.65469938729806 -1.411341881681797 4.806533377220537,-3.9631281035437302 76.92851422210082 -38.68965267702487,28.90984468284278 107.30796242624635 38.59255320442234,27.92041580492547 10.16251039026837 4.098586128659422,-5.4051566486289016 -63.26489079085147 39.16126429435992,28.772294602673114 -108.00441568777447 -38.92454910406713
-22.210522046521586 -1.144709650148346 -5.060987020345316,-9.923040393918473 -1.7801389508393548 1.4620704087229102,-11.605669295330054 4.240436933177474 -1.2587985686817689,25.442543181254997 -0.71325745973757 13.60703136329817,28.678002822671225 -1.3797190943827158 4.887847178770813,-3.8464044065435954 77.04313116773507 -38.61605077361867,28.85156480606485 107.65859747687078 38.756646770978904,27.91676794051304 10.186559188498661 4.195624364986433,-5.6106102381689595 -63.53981030397567 38.70290081907727,28.681006817252374 -108.73562155509954 -39.29970908150432
-22.001375639985454 -1.4566939313679026 -4.97167337092974,-9.924198817151924 -1.9215039093945088 1.4157682105926161,-12.056360617114462 4.163562631055573 -1.3330758783697312,26.116190052524907 -0.6785901589026392 13.707740921959518,28.672332847358646 -1.4463728397619968 4.634423802969823,-4.200611235731815 77.10950913090598 -38.60163943078874,28.77353945406809 108.21110168888058 39.021730968757126,27.935888275767326 10.126294585369171 4.008611344741989,-5.8153352435316785 -63.84659513565974 38.381012594390846,28.61796519781448 -109.25727215357003 -39.56466767886336
-21.83149132112818 -1.8315202512791413 -4.91500703405469,-9.89115059758604 -2.2000190029128657 1.4747104411620227,-12.349729278854257 3.986990723597306 -1.5368002672961616,26.46009518463466 -0.6525256314495234 13.847146360469399,28.669936480640178 -1.557947269443189 4.251952187711756,-4.7289743034424125 77.14215700672159 -38.62426065023139,28.724757271512818 108.62685897435466 39.22534566951457,27.982130225500423 10.030073699150874 3.7051270690530718,-5.881844920920339 -64.05476241327594 38.29826875985502,28.60081539287942 -109.3996214956238 -39.63297814350221
-21.839624027945995 -2.0462942364872507 -4.907207704311514,-9.877841287191885 -2.4444004735839435 1.5911603045224167,-12.390525206245723 3.836937377169575 -1.7223200801571,26.409445438362436 -0.6477347377177134 13.941478094110268,28.686086653548166 -1.6426144103303095 3.9874279445313294,-5.094587464985471 77.14893752380003 -38.637065673077515,28.729267532498383 108.6934817544377 39.26326916311748,28.035237906302417 9.959288641934624 3.486225278896959,-5.762787718418918 -64.07416432383012 38.43033703412712,28.624411530332463 -109.18476878184005 -39.51828360472987
-22.04863266779161 -1.9780057212155828 -4.935777933084472,-9.916007974333052 -2.5082865572687645 1.6923482389017077,-12.21922338319966 3.8132293271470052 -1.769613330920722,26.103677258614923 -0.6712272636952539 13.92681239636964,28.72826484785796 -1.6511761230681918 4.00101342360869,-5.084894025933051 77.14639341070739 -38.61032506753396,28.780063803060983 108.40026290789751 39.12694663009176,28.07710171149203 9.956731515435818 3.494710803899564,-5.5265614361268085 -63.92774387658197 38.647542713822205,28.664805443554418 -108.80818019527227 -39.3234944999165
-22.354502809937305 -1.6654950660744317 -4.964926960862837,-9.992763093676492 -2.345887204602749 1.721744203999828,-11.984923847375445 3.9364836173239586 -1.6400022321900147,25.802187785600115 -0.713609873270283 13.788654284111637,28.796533147960545 -1.5840800461331188 4.28135452926006,-4.713383346473261 77.15958806387326 -38.55655932632037,28.84688026134152 107.92354821503795 38.89837149880563,28.105624870717264 10.023618822469517 3.7408385109541733,-5.315503906709674 -63.743606841284176 38.79137677936273,28.692604403036416 -108.53172644862349 -39.18397040654557
-22.582736511883343 -1.2959193906358115 -4.961052554390829,-10.059675480062532 -2.047793030042704 1.670471808198093,-11.85715112373031 4.132994975827572 -1.4021918634200095,25.729952270521995 -0.749965223528219 13.582489729732035,28.87403145917795 -1.4899573187745925 4.6489315688425545,-4.211647408688924 77.20386222935232 -38.52102905905169,28.892225138144763 107.53640691486055 38.708306572421165,28.127505586129686 10.117681201088756 4.0853854430700505,-5.263046750438393 -63.66972666886688 38.76171881795993,28.688606467739344 -108.5440796249489 -39.194690822646855
-22.580974282343313 -1.1186690940309494 -4.921489415114343,-10.066687378733455 -1.8114762274151754 1.5813536911462893,-11.927719453735081 4.267289909905912 -1.214751332745915,25.942636376138303 -0.7548148507429844 13.427344487461339,28.918597396666332 -1.437253147013267 4.846733978093191,-3.918121559605505 77.26070122333863 -38.54429519624334,28.887349473730495 107.48750727843372 38.6784952205777,28.13915341933654 10.17408650623431 4.295616545939922,-5.417694516201518 -63.766904355884456 38.56842778250895,28.653789520687635 -108.85971991193487 -39.35900942800315
-22.29719447420921 -1.3250124062366706 -4.88662340359241,-9.997908048703692 -1.8523498188560226 1.5233311306911284,-12.155984092025882 4.207726399834225 -1.2663500978482283,26.285394416208433 -0.723296496049304 13.465340069930686,28.86911975093871 -1.4752389808610327 4.672203074913744,-4.118173523448895 77.26635859431235 -38.62360877484756,28.82145468634568 107.9027070725905 38.873258487157656,28.114165825148092 10.138907290331023 4.1533516511503095,-5.715193179295428 -63.95184599507879 38.323600461645704,28.60895748362572 -109.30634544814569 -39.58454782392237
-21.80187846339578 -1.9501771025509886 -4.924958805130014,-9.885135986080861 -2.2943138353452173 1.5509023494220544,-12.384295310707202 3.892736130590359 -1.6950132924975185,26.464198234146796 -0.6844233596590652 13.799476535224546,28.67064363748709 -1.606101020519442 4.083028193423572,-4.910685033775169 77.12581886449784 -38.70197288703044,28.701816657094533 108.74759690412617 39.27936033968473,28.010595842913762 9.99784315803905 3.564914909168306,-6.011372966114116 -64.03169240401618 38.18371593172004,28.584733903864837 -109.60462333852142 -39.72707312636161
-21.244696952717444 -2.8460459014899797 -5.0971029727052075,-9.78951658083098 -3.0947791482845224 1.6720220579079401,-12.412102783857314 3.364199746650795 -2.5204668422773713,26.187084909645304 -0.6948834508338928 14.437982770749041,28.306889109863924 -1.7831525958690835 3.2232606540980324,-6.160539638966928 76.74990922720073 -38.69607955547928,28.547065652833776 109.85891881991688 39.819055247764126,27.795668869074213 9.784944350352143 2.617277250443277,-6.154693466780513 -63.81313255572885 38.275220156378026,28.607247220162087 -109.49854789463689 -39.65916096927438
-20.772984632781515 -3.7401035593951626 -5.418035002186839,-9.76270429410185 -4.046920582075614 1.843248776632687,-12.088561912319136 2.751007687107457 -3.621499298893813,25.29967462437783 -0.8126604552254227 15.275566613398633,27.819140877700303 -1.9355036926845028 2.357717441253406,-7.554109591948166 76.09899796585302 -38.54804252615129,28.378370223852464 111.02228792751025 40.386613158380726,27.47102571805684 9.566356995898715 1.548527318721159,-6.058410992143553 -63.22031738330423 38.64074204033213,28.686480933988044 -108.87236444914515 -39.32941246302284
-20.459590101150834 -4.3548880317766505 -5.839366733515573,-9.812853955786524 -4.8650022670931925 1.9951826282000942,-11.378741672737723 2.211434280222114 -4.7722548104435125,23.850205910560806 -1.0627688314383363 16.126339997465866,27.294892114202725 -2.0050759347103195 1.7495447982834667,-8.72764536408144 75.21142347038416 -38.26799733052151,28.212916166402433 112.05663826788091 40.88986342600386,27.078892316157834 9.40731895834333 0.6433822762598015,-5.73666117187904 -62.34777281139315 39.22689740334812,28.81232721341962 -107.80079567178501 -38.78482987428222
-20.280355082088388 -4.532177027045815 -6.263059382465149,-9.898616543185156 -5.315061910741488 2.073364652288534,-10.37710900252422 1.8638737293792267 -5.724920196670301,22.06337136109191 -1.4145363102898958 16.797117933780527,26.827348800398568 -1.9756170369481139 1.5433931649567407,-9.408742509893838 74.20164204043017 -37.93752023912208,28.06165176918093 112.86855417475675 41.278697766577366,26.681643651812486 9.339728398861803 0.10398910629463676,-5.2915686877464525 -61.413548650627874 39.91045142260162,28.959228052923056 -106.51522062436862 -38.14890647555899
-20.15124929929467 -4.302694623060299 -6.581083375421535,-9.957007220812617 -5.326464755099618 2.0702994400454338,-9.270685096282016 1.7405820360207238 -6.304015222853266,20.250868434343253 -1.785957347552098 17.167290653869728,26.46737463735824 -1.8784913814090716 1.7110733987199662,-9.510843226876963 73.22795240456814 -37.666905466853976,27.93051353183173 113.45866487441401 41.550828321904,26.326458647224666 9.347584484923244 -0.03884849620798597,-4.864835643041062 -60.64024684913995 40.54229461169469,29.0962528632943 -105.30930551343057 -37.56982047305001
-19.999896761415357 -3.8675906894063434 -6.7214986981907705,-9.949079757472997 -5.025819829407299 2.028990925920661,-8.276255774197445 1.785838330458971 -6.470897591997558,18.711819441948865 -2.0768235185651056 17.235760061528033,26.198661702295933 -1.7732571672526958 2.0820140729938377,-9.146972395056835 72.44405914672313 -37.52906028090864,27.82281342133675 113.8868290027072 41.73666881492688,26.019797816329582 9.378278627013367 0.0719900749287467,-4.582040022634137 -60.13811977033856 40.986809176400406,29.197542741225888 -104.43245526381703 -37.16554257525798
-19.826354918848367 -3.500267216653326 -6.6782072840210525,-9.89451218401323 -4.672454075904376 2.0149810365728467,-7.580842654552561 1.8959035443641878 -6.330185800695648,17.667166683925206 -2.215880080002263 17.11093098407606,25.956588892719363 -1.7147723689305452 2.4367509422232505,-8.566579158149477 71.95501408976317 -37.510460657996546,27.740722027546948 114.2206652717697 41.87425014924797,25.73300422650677 9.373931961572708 0.20571598400355456,-4.514785635786945 -59.8647644367728 41.1455813643043,29.248888257179463 -104.01773485865786 -36.99030675626131
-19.71485984184646 -3.41561750323645 -6.510658512813695,-9.870967863066369 -4.525464038129722 2.072872169225283,-7.303534618320516 1.9766053000065082 -6.076628234707975,17.239947641964584 -2.197642814444566 16.94895115854267,25.68520060524454 -1.7252216552752058 2.6117015843569105,-8.05012388389529 71.79373857224776 -37.512980650400955,27.68523666385065 114.49540589055566 41.98768079768102,25.440630352561524 9.30606062155594 0.17267679132140995,-4.670095494551697 -59.68809332598536 40.96873303757583,29.24890717316548 -104.06689046218033 -37.03268206213615
-19.787579995274374 -3.669391557361521 -6.315569739894271,-9.974321460530637 -4.709472690645703 2.193469687561299,-7.480216119247539 1.9869250426223686 -5.908332373170168,17.46221111072735 -2.0879433194686943 16.872628805626636,25.39988855056747 -1.7857033225514318 2.5625290027253778,-7.80749149847721 71.92301447933013 -37.411639204271154,27.655480197566114 114.70229299028709 42.07844986308137,25.168720467780744 9.194709140283454 -0.07178224740754072,-5.000121031483926 -59.51192595677024 40.463558014133824,29.20611201461775 -104.4841795639932 -37.238322363357526
-20.126063928695107 -4.135446467494377 -6.186242987636789,-10.259826406656947 -5.148983275442263 2.312603211410109,-8.062551241047426 1.9471019616046124 -5.946616359289483,18.279999701412944 -1.9928144059934318 16.913567449521494,25.213256170479788 -1.8504714507976572 2.359980380675661,-7.91689446237303 72.25652306328855 -37.138540272550436,27.648644717796085 114.80510031533946 42.13086019222512,25.017583391262363 9.101104650278568 -0.4043905124504803,-5.418755443207869 -59.3791619775741 39.704748594544114,29.134589567708947 -105.1299628535725 -37.53985151492298
-20.70596835696061 -4.570541173647374 -6.179164340524701,-10.697632914420465 -5.606887390194056 2.3447561124887932,-8.92404541256808 1.9110970325204129 -6.197210487314329,19.544216224173816 -2.004997670861998 17.00710689552889,25.297483581938053 -1.8744097512531985 2.1299392595570237,-8.31882103177046 72.68705011946872 -36.74354124121936,27.66118618330573 114.76982012062054 42.125616331688995,25.133260790845142 9.096771427352033 -0.6047256232713218,-5.817099454763111 -59.476066126035064 38.83875621825911,29.050577466692403 -105.86372890684316 -37.877087507622804
-21.384406857878787 -4.734015781869566 -6.300991454010994,-11.17025347714163 -5.808571758377997 2.233915775289617,-9.874883539638583 1.9233187225118726 -6.565617956941382,21.00257658554048 -2.15533492544324 17.040565824030796,25.792198234460486 -1.8378130554890963 1.9772472246985884,-8.856844436830151 73.11175597484896 -36.390835889154594,27.69063750491006 114.5883375854963 42.05267977331987,25.63119301517374 9.224610525942468 -0.48194185594100486,-6.0799842052190805 -60.020739181696754 38.06750560714627,28.97059870911176 -106.56175374187953 -38.20086095201201
-21.950515274826618 -4.50399355232208 -6.516702595413172,-11.517283144727438 -5.587729968979117 1.9926535549797277,-10.69361736334281 1.9869881641876517 -6.912975130945005,22.323455680215535 -2.3949855580701502 16.92614668455511,26.70298997637517 -1.7552945947476584 1.9363421201968143,-9.343062718981775 73.45021492916561 -36.28481219334461,27.736617629551414 114.2839220407466 41.9168176279876,26.50848892803766 9.47205397791934 0.011012987724212886,-6.110708673021879 -61.09492924362884 37.60196900796809,28.910278206920513 -107.11517442046902 -38.46592364419519
-22.21498133399318 -3.9349457162158883 -6.769344274037999,-11.606385854361681 -4.977889100266791 1.7054639699728102,-11.179737848256575 2.062677420175358 -7.121383241170435,23.171427959035434 -2.6188600107725946 16.656949921982214,27.850065520503044 -1.665456685055672 1.9711732880866804,-9.623418461353303 73.6557588603214 -36.55986930124696,27.799907684078484 113.89923001069874 41.7347631783038,27.59709225949589 9.770590077584139 0.7381071235057586,-5.865242168209246 -62.523749669138695 37.593289978743435,28.88253505584916 -107.42672192205796 -38.62523322586639
-22.09292900702209 -3.2312833294620167 -6.99913467190472,-11.394331518968507 -4.201737290246459 1.4916289539024568,-11.21710667572064 2.096188756117937 -7.137517252542887,23.320686294287412 -2.718887768238825 16.31502063466003,28.90738228399716 -1.6088346372792228 2.0159389595146173,-9.624052385310444 73.7214186504428 -37.19348927154479,27.87971035596585 113.4780866500975 41.52800519838172,28.59626954254862 10.022735076016028 1.438337658918619,-5.384020824323356 -63.89126929507226 38.068122292611335,28.89468193665605 -107.42193405567157 -38.635550575390845
-21.638317581257787 -2.6526821442422666 -7.154912442887597,-10.946577412247136 -3.5639063163699154 1.4457719529393578,-10.823313403438172 2.056822626609041 -6.9787971710436505,22.75760511388483 -2.639489377301463 16.02814068734197,29.52693960171835 -1.607330048133116 2.0255454246123223,-9.368774392123846 73.6792677674742 -37.994168659452555,27.970597553279934 113.05447354366582 41.3169709212582,29.18324456417367 10.143748529524197 1.851339168933915,-4.799876400657539 -64.70623925771967 38.90216136730741,28.945359263496233 -107.07634160255066 -38.47491861753093
-21.014215164937763 -2.398627821051735 -7.199183157758372,-10.40597077852371 -3.30336517756478 1.5877900626817103,-10.156384613446482 1.960968358185039 -6.707708104699016,21.712833403066725 -2.4059313997549303 15.90127362405167,29.49423270138337 -1.656064902626354 2.0027809716862857,-8.96582666816105 73.58998480618914 -38.678067262770455,28.061228219258656 112.6552497100873 41.12008323294589,29.15567737954649 10.098112416713372 1.844166499348531,-4.304831401652405 -64.64188367990634 39.85359432101065,29.02313254213643 -106.44406811592663 -38.16250080650223
-20.4168491361066 -2.527040117097796 -7.112858095551035,-9.928095113742451 -3.4820201681809646 1.8499412981540677,-9.464412017035034 1.8653045488039528 -6.394841371296131,20.588939458341674 -2.110355334404401 15.962506800694907,28.836908421536435 -1.730310253646525 1.9874804809335762,-8.56859806715642 73.52144212043414 -39.000097658279714,28.13620342606263 112.3121195776209 40.956709451862345,28.534946734267102 9.913599812084726 1.4723264215584464,-4.0781745847696795 -63.72031800923363 40.650139390206746,29.108290476759446 -105.66628639684406 -37.76695397643531
-19.99365009213026 -2.9423616683779494 -6.903675378331547,-9.617425222036506 -3.9657550546498035 2.109216742775716,-8.990938792049699 1.8329213530947714 -6.092438266151985,19.801736038223872 -1.8627926261623309 16.154160779380156,27.82553519114307 -1.80122727093407 2.018893512568467,-8.320864741122975 73.52123088616938 -38.873248787795525,28.180743453111617 112.07064023679595 40.84952432697518,27.57159047780711 9.66697709740417 0.9436577948749725,-4.203664072765973 -62.3309095243284 41.093977635719256,29.177990123820624 -104.94492662886653 -37.393855894891026
-19.79510472111541 -3.453152903654751 -6.615098928374207,-9.495784835097487 -4.504333511614563 2.2484617326810827,-8.874943315502158 1.8928233724957493 -5.82881744160352,19.603606955001954 -1.7333079695248093 16.372926828430977,26.857367257375344 -1.8499426396275558 2.099585166054752,-8.302697843304756 73.59440658143339 -38.41283437052543,28.18617632769598 111.98492084110602 40.821738994319844,26.640649148388214 9.449113628225913 0.5058897829013136,-4.618614471778672 -61.0571988733265 41.135505116170314,29.213196291417088 -104.48429621664675 -37.15337468166264
-19.77884753698471 -3.8662786945388556 -6.326222732872418,-9.514875466788537 -4.864486855477799 2.2138198102816444,-9.092890776107799 2.0181091930299475 -5.618560952456732,19.974919126068915 -1.716328302479854 16.53410283308686,26.275025942918163 -1.8720903934099984 2.1871604648983043,-8.496216902730051 73.69900660295133 -37.87990297260536,28.15353842647008 112.09598589879965 40.88821377234707,26.07212100704536 9.3265786711193 0.31915055484059796,-5.1293569570756725 -60.393506550550214 40.87912789356818,29.204833713590862 -104.42114120335471 -37.12035904130793
-19.85534446204843 -4.070212281178179 -6.133859274022982,-9.59983957432452 -4.944163937694728 2.038003518224693,-9.473858907194577 2.1375485066861297 -5.473960423392123,20.641047132738223 -1.7364709851774804 16.621010731417357,26.209200408712267 -1.872187402725162 2.2207877637506956,-8.787265968587025 73.76514106787499 -37.550768271231604,28.093372202987823 112.40393998128744 41.04446036266812,25.999201233423424 9.317323943007604 0.38147717778609413,-5.496300904735589 -60.499493221536696 40.517699882142125,29.15677931651933 -104.7721660253185 -37.304216744913916
-19.944424896667922 -4.069652836498849 -6.1170879952065365,-9.695379927662628 -4.808932161696516 1.8177160719085896,-9.783620930816145 2.1754014404037707 -5.405522008687835,21.210176665852888 -1.6930402802967819 16.689680790091675,26.52604649771066 -1.8541103938787313 2.1655407216624583,-9.007821846335904 73.73102447238972 -37.57913347492998,28.021684447914147 112.85124585762448 41.26061570458427,26.30236184847937 9.390092627161863 0.5452200912200449,-5.552614509857197 -61.1277152441469 40.22936256707622,29.084617103267895 -105.42245252464372 -37.64249454351128
-20.01113972462486 -3.9608973063191892 -6.297428852052323,-9.788235472097497 -4.635825541782129 1.6587629776660173,-9.837912354842802 2.0969178729971643 -5.410820014507948,21.364100110862324 -1.5196784961117948 16.825684083983468,26.908176060862303 -1.8160045378753766 2.0444189904969425,-9.006939855991817 73.57817810748313 -37.92189991375435,27.953979392731025 113.33129696763147 41.486245575022316,26.680601192033745 9.48530883244721 0.6121346936565524,-5.295937756007405 -61.76903055763502 40.0907885653214,29.01073945923241 -106.16145644782044 -38.021815045643635
-20.066417799026603 -3.867259225767083 -6.6160364499232225,-9.897310842691141 -4.600586470033818 1.6198380824364225,-9.588888308144913 1.9325188471123735 -5.462993507375359,21.0060541693229 -1.2274641601007512 17.078964591002595,27.029122206388273 -1.7539752263558044 1.934213356992957,-8.722502700467851 73.34578531476049 -38.366567369104594,27.900224198644587 113.72370260549158 41.66645398175912,26.815628893315314 9.545550413414695 0.45260590203366613,-4.899532967849317 -61.94141722548579 40.05200558598332,28.957589673938543 -106.75368580703602 -38.318017544906866
-20.14101989479686 -3.871184654313703 -6.945888323355641,-10.043945357152044 -4.77342614235665 1.685859560271412,-9.142112420034572 1.7651855857075416 -5.513603878573029,20.29309554534997 -0.9083060911353635 17.416642386052775,26.731509563009332 -1.671717589572608 1.9236632514213226,-8.220784785291874 73.11392217741712 -38.64482570855052,27.86301958963986 113.94202611104008 41.76304443490491,26.545084929096305 9.540792375062438 0.08286664591829496,-4.628078056562982 -61.465856115165565 39.984027484680794,28.94116256527549 -107.01785730941668 -38.43965507297778
-20.255999784010704 -3.9770400727446917 -7.141276026552258,-10.226379172544616 -5.080826156959436 1.7842646892048384,-8.698012662825416 1.686655701105614 -5.516043782314599,19.54325426279448 -0.6960927205432021 17.724488337898443,26.116058015755108 -1.5878329591964455 2.057005466648901,-7.6811527327413645 72.96287261985637 -38.57213007628596,27.839470292262266 113.9703075773497 41.7703904203797,25.95449250238688 9.478090790541861 -0.34106613198971303,-4.695187886056302 -60.576009068435994 39.7699335060867,28.966429155035325 -106.8864591145656 -38.3585693117117
-20.41108045484464 -4.119133259451452 -7.106209513930887,-10.417550655839337 -5.3518887651642455 1.83293768974709,-8.451719434470725 1.7464721010971271 -5.4601320081662,19.074613539696532 -0.704741052613273 17.8600835788274,25.494612541824626 -1.5329203686282438 2.297542666733311,-7.326713230369771 72.93103259793689 -38.140639522312014,27.825273107124485 113.86791703550459 41.71707090371942,25.339123151308883 9.394105230744874 -0.6072076155496844,-5.1361539745274545 -59.79734401639498 39.38570376491029,29.025598125594495 -106.4265591460572 -38.11746644178288
-20.596624783043403 -4.204928025772218 -6.849214286623313,-10.587655331049406 -5.419896843774046 1.7906548196840972,-8.506131228720513 1.9228615164011118 -5.396387626293173,19.066597689770198 -0.9737742856324211 17.730309992087548,25.231624335303206 -1.5348776877361603 2.536386166620921,-7.328188405196402 72.9970221219071 -37.51902642867606,27.81845282726028 113.73762766141856 41.651086132614125,25.05494806172587 9.336898991421462 -0.5612000661457759,-5.767849496321167 -59.65834956481707 38.92322000347817,29.099498584093944 -105.81726038806264 -37.8137048013116
-20.816456946397416 -4.166765606604558 -6.493864106635192,-10.734294928940805 -5.2199003114681535 1.6802540397435501,-8.842954414866686 2.132643714244667 -5.429127423824097,19.514558488655577 -1.4477426440916474 17.35028022859637,25.55696591155283 -1.5994257631647215 2.6457992569897613,-7.724254080354663 73.09896057337605 -36.962590944347035,27.820550654168148 113.67162826968058 41.61527392785503,25.336182461460616 9.346895466245183 -0.18692830419332163,-6.265618586697598 -60.39108236855101 38.541376862938236,29.161953835769364 -105.29315708164874 -37.56664242013552
-21.10016921033081 -3.9944566315775982 -6.233528608347243,-10.896059481901329 -4.827344524632538 1.5714301206168102,-9.3611556530035 2.2753810498450893 -5.672892482401858,20.289319281750487 -1.998499927419264 16.849327360014584,26.447326992594743 -1.698080485326981 2.5494482490320722,-8.397396272761382 73.18139841190475 -36.68360219131228,27.83465807374556 113.70355893519435 41.625536632410274,26.1742148218105 9.44477750548479 0.3883369676950186,-6.324689658442831 -61.7868437809906 38.37332130557013,29.186583142661597 -105.07215222462395 -37.48009144453417
-21.490517111627014 -3.734632868129588 -6.246657907109423,-11.135159590408449 -4.417574877036863 1.5342996352992597,-9.952432581110804 2.2873180751917017 -6.189142651000028,21.249638237545962 -2.4784274197034515 16.41781887735085,27.6361840419655 -1.7737003550345976 2.269673386583747,-9.12012897677536 73.24115184543001 -36.75020167806066,27.861581957156442 113.79333938096933 41.663944975833125,27.319637293001055 9.628684033449481 0.9637316942202299,-5.8247364965509965 -63.2891637169162 38.44422338234627,29.154774354989552 -105.28878706978713 -37.61124683881904
-22.00952276854053 -3.462009741594734 -6.611031882287824,-11.495542279297112 -4.1710317430469965 1.5924432775840986,-10.562639411146968 2.1747362305324067 -6.93630358083324,22.326281058676816 -2.7788428558662437 16.220733239074455,28.743914555933436 -1.7646817396098773 1.922657628368336,-9.652973015685173 73.33997902632312 -37.06384593050526,27.896573543820374 113.8550220946551 41.69138108603032,28.40368027843362 9.877968680636487 1.367860595193322,-4.908967794352227 -64.27611721783352 38.649076071421575,29.062706716186295 -105.95171812035241 -37.954233094650625
-22.62401787918647 -3.241798261272937 -7.259192293387693,-11.961501927336345 -4.178526528482081 1.7046337722098766,-11.199241440126562 2.007794690679673 -7.76487132792118,23.51964849037326 -2.8674077024597544 16.322190302706233,29.45722691647245 -1.6376274847362893 1.6608249173702092,-9.849485100126591 73.56903478876411 -37.42158972564323,27.928841139215077 113.81419168344866 41.67367330699955,29.113125424600277 10.158908671064264 1.5371658617614528,-3.930182432587081 -64.37959724419058 38.806089242196464,28.92478955194177 -106.93758133573854 -38.44191983124547
-23.235812754066988 -3.1043937079221053 -7.9993013014440715,-12.445502006775591 -4.399003637358337 1.7874464205965341,-11.881476203351522 1.8784065868972728 -8.468535237451333,24.814671613511035 -2.7904030814049365 16.659331585778983,29.66414798086444 -1.4114789816764102 1.5920795224652136,-9.718645158514319 73.97952859833731 -37.62512760132989,27.94463057313779 113.66331915868429 41.606910167397444,29.327193378083678 10.42953576739033 1.5285260911477854,-3.285501521301548 -63.668903138255416 38.75746037471962,28.771377162619526 -108.02422314158248 -38.96506514341852
-23.709491932094085 -3.043476353391693 -8.5941567434352,-12.818906400347933 -4.690747046317775 1.7662669338671217,-12.569805155685936 1.8464286056553663 -8.871921993156395,26.078427131843767 -2.64312308375267 17.077472741570002,29.47872568846995 -1.1582637253052968 1.7201531159278198,-9.414514834954302 74.5192573941881 -37.577186533774764,27.932778393103778 113.48164032666264 41.52668271067689,29.14897592790237 10.644210973202044 1.4644622879250275,-3.222123698012723 -62.60131454976939 38.460939936700896,28.640403494955866 -108.9552155660264 -39.403605286424394
-23.92859924580928 -3.033626490264576 -8.86204620657642,-12.973511067030636 -4.894776772856402 1.6243621988409078,-13.129271002232805 1.9054785822712386 -8.912278957464459,27.027351860336488 -2.5252577896049173 17.406145594116268,29.15167372294353 -0.9764680568235617 1.940415525073787,-9.158048581218399 75.01921781363046 -37.3175446612721,27.890297913286606 113.40301466380592 41.49359799917703,28.823274299074043 10.760727143863456 1.448183856713505,-3.7147613097470735 -61.77101250926724 38.01943872451448,28.56516489353038 -109.5169507455181 -39.66139850276047
-23.85207651210544 -3.0525159925870233 -8.751868634387765,-12.880626377017654 -4.920468569492343 1.4194224983283208,-13.364544949558498 1.9888049122232618 -8.670577165121063,27.314849189576787 -2.5019294956465026 17.535331900297354,28.924327443675516 -0.9472589731628072 2.09593096018295,-9.128814107904484 75.25222359117834 -36.98700889165913,27.8254039737022 113.54308396560062 41.56008939929481,28.593709975298477 10.751690567355999 1.5016706808353053,-4.479892575400666 -61.59764799962163 37.630325735937376,28.5626729730511 -109.60323058269536 -39.69388077745165
-23.539332608814583 -3.0917157421511203 -8.357734919218332,-12.611783665668575 -4.784158754611042 1.2549856095704017,-13.120564264884313 2.01279233514828 -8.330500585227735,26.714343274961134 -2.584733355419631 17.453597346550595,28.909839050645047 -1.0937456508545957 2.0654733016868145,-9.378504411557701 75.04568031721435 -36.74670383897327,27.756444478138263 113.92145527235688 41.73477008264548,28.581051715970148 10.618124760521928 1.5643236708209058,-5.120498035826352 -62.12570388406098 37.481644962415416,28.627481098971074 -109.24414559214382 -39.5192498209355
-23.127452533014733 -3.149014323957197 -7.868589007335791,-12.304356874097971 -4.580431812592169 1.220412001902052,-12.396878469471314 1.9337749989642459 -8.081031387783439,25.301705895308377 -2.7356181561594592 17.232733430625025,29.06406104590317 -1.3635129416486735 1.8370258457844586,-9.806445308895029 74.39450724404784 -36.70045642824755,27.706925480988968 114.42188829909888 41.964035672946125,28.746891100189636 10.399191511108734 1.5520345020850324,-5.325747799511743 -63.039666243963254 37.653054449860974,28.734012940259042 -108.58774021813531 -39.208729612381084
-22.769835275335428 -3.208072092660467 -7.480365028459007,-12.086719363708001 -4.40565104810868 1.332522286814948,-11.40458531338756 1.7853338944202108 -8.010254582769251,23.5199606429849 -2.8864241534456103 16.97332013319891,29.252967484484007 -1.6442692096457958 1.527188166912008,-10.206124518444204 73.50949781724789 -36.86027924483678,27.698382471513966 114.81811916989665 42.143725159183255,28.953886106229227 10.170710321862567 1.4390409309472503,-5.020947088026135 -63.876331367300665 38.07699513957432,28.8467690156205 -107.8413742552742 -38.85921344817524
-22.567258567502716 -3.2203818590732816 -7.315068230414866,-12.003057155442615 -4.28098012032717 1.5131080409115754,-10.516901433339955 1.6732010663009436 -8.046454410340386,22.05753879645397 -2.962953880763976 16.745410758183755,29.366644705237025 -1.8067244234422992 1.3351807691928261,-10.357356282478218 72.76107702844584 -37.16591439770234,27.743620854235964 114.86128027485078 42.15917298305521,29.07715171466528 10.028417787447177 1.3096133661956195,-4.3902588038938015 -64.30499653422379 38.581380684252714,28.9340455100653 -107.19715728658653 -38.5591357622563
-22.527195694705895 -3.1045081046738967 -7.38447520148227,-11.981843017196805 -4.122028718491492 1.6180225882329546,-10.119368593489817 1.7279432698509054 -7.98121543528527,21.568550284507754 -2.904883214305669 16.557771197103257,29.40467994264931 -1.7557719312504254 1.4542802757219944,-10.118554640250888 72.52929488070696 -37.537574385332555,27.842615253335396 114.39229534813877 41.93695548087474,29.093757634753555 10.058665041155354 1.342596935167692,-3.7637463197905365 -64.31139948919345 38.98843447377694,28.97895604448955 -106.77339905277283 -38.36189009891714
-22.571952936778906 -2.7684433144925493 -7.610292580369088,-11.870224390991686 -3.774915007160759 1.505373584003984,-10.424668380419318 2.039035364774838 -7.567817943786324,22.35812105675361 -2.6782698973326493 16.36941849535605,29.478148090368823 -1.467324221071864 1.9850147442039452,-9.477192022678537 73.02293944548678 -37.925011805749975,27.98235362936519 113.42607728209512 41.48386768067991,29.09402096186146 10.306246863710287 1.730249571067576,-3.4333777555651697 -64.18097705593327 39.21210603815056,28.982776065113562 -106.5964150840204 -38.27790474918117
-22.58936698387041 -2.147796975245379 -7.8822961851480935,-11.520088661341719 -3.1000469893048037 1.1081229183217611,-11.346322734227087 2.6047820180803862 -6.648056058930663,24.193152825446578 -2.281614233704502 16.131042975026197,29.726608941100523 -0.9954532080347763 2.8920969455608168,-8.540552157794037 74.15540808074137 -38.32376578691956,28.140609126647075 112.16349411555727 40.89270489986754,29.20862667252529 10.752456876427225 2.5719080535295094,-3.499669536414268 -64.29598883871961 39.29758665114129,28.959515961664994 -106.62654687766427 -38.287289358146744
-22.496766366516923 -1.242653366398284 -8.117909786343498,-10.880614683780793 -2.057355931741964 0.4727311382884104,-12.505631437113111 3.324807872059418 -5.243416332168547,26.35211424863865 -1.7470898939048691 15.826926350540228,30.202720827488516 -0.4487630389015077 4.02302054997935,-7.479525992408147 75.54612486369851 -38.75409015634372,28.292469975904016 110.91889285771043 40.308997905978345,29.499232150972098 11.313980994129707 3.800479215073161,-3.831435541402998 -64.87028208842678 39.380472462909864,28.925233075772326 -106.80877497695491 -38.36405246586385
