-49.3 -27.0 13.2,-39.7 -17.5 4.4,-26.6 -1.7 33.2,74.6 8.4 8.0,-4.8 -3.4 0.2,3.9 -20.7 -53.4,22.0 44.4 9.1,-4.1 6.4 -8.4,31.5 10.4 52.2,26.2 -58.4 -14.8
-48.3 -29.6 12.6,-40.6 -22.0 0.2,-21.2 2.5 36.0,66.1 12.6 10.5,-6.2 -3.2 4.7,3.2 -22.2 -59.1,23.5 48.9 10.8
-6.2 6.3 -5.4,29.4 6.4 47.3,23.5 -48.7 -10.8
-51.3 -29.8 14.8,-42.4 -17.6 2.8,-31.7 -1.0 33.7,81.6 2.2 4.8,-3.7 -3.4 0.4,1.0 -23.1 -55.3,22.5 45.6 9.5,-3.1 6.5 -7.5,31.7 14.6 55.5,25.0 -53.8 -12.8
-48.3 -29.6 12.6,-40.6 -22.0 0.2,-21.2 2.5 36.0,66.1 12.6 10.5,-6.2 -3.2 4.7,3.2 -22.2 -59.1,23.5 48.9 10.8
-6.2 6.3 -5.4,29.4 6.4 47.3,23.5 -48.7 -10.8
-51.3 -29.8 14.8,-42.4 -17.6 2.8,-31.7 -1.0 33.7,81.6 2.2 4.8,-3.7 -3.4 0.4,1.0 -23.1 -55.3,22.5 45.6 9.5,-3.1 6.5 -7.5,31.7 14.6 55.5,25.0 -53.8 -12.8
-49.3 -27.0 13.2,-39.7 -17.5 4.4,-26.6 -1.7 33.2,74.6 8.4 8.0,-4.8 -3.4 0.2,3.9 -20.7 -53.4,22.0 44.4 9.1,-4.1 6.4 -8.4,31.5 10.4 52.2,26.2 -58.4 -14.8
-49.5 -27.8 10.5,-35.0 -17.1 4.9,-32.7 -3.2 25.2,82.3 3.4 0.7,3.2 -4.2 -4.3,-3.5 -10.7 -44.5,23.8 49.6 11.1,4.2 6.7 -7.0,33.5 16.8 54.1,29.4 -76.8 -23.5
-49.8 -28.4 10.6,-35.7 -16.5 4.3,-33.9 -3.1 26.3,84.8 1.2 -1.4,3.0 -4.1 -3.9,-4.4 -10.1 -44.7,23.4 48.4 10.6,4.1 6.6 -7.6,39.0 20.7 56.3,29.4 -77.3 -23.7
-49.2 -28.0 13.0,-36.7 -13.1 0.8,-35.3 -2.1 17.7,85.9 -13.1 -16.6,6.1 -5.0 -4.6,-9.0 0.0 -43.8,23.7 49.4 11.0,7.1 6.4 -4.9,25.2 3.2 45.2,25.1 -54.2 -13.0
-50.5 -29.3 10.5,-38.7 -13.3 -3.7,-35.5 -0.8 21.1,87.1 -1.2 -1.9,5.0 -3.9 -1.9,-5.7 -1.0 -46.3,20.9 41.2 7.9,5.6 6.7 -5.5,35.0 8.3 48.7,23.5 -48.8 -10.8
-49.4 -27.7 11.9,-37.4 -11.6 -3.5,-32.9 -1.4 24.6,84.5 0.3 -0.3,6.0 -4.3 -1.9,-6.8 5.4 -43.4,20.8 41.0 7.8,6.7 6.1 -6.3,38.3 3.3 42.7,22.0 -44.3 -9.0
-51.3 -29.8 14.8,-42.4 -17.6 2.8,-31.7 -1.0 33.7,81.6 2.2 4.8,-3.7 -3.4 0.4,1.0 -23.1 -55.3,22.5 45.6 9.5,-3.1 6.5 -7.5,31.7 14.6 55.5,25.0 -53.8 -12.8
-50.5 -29.3 10.5,-38.7 -13.3 -3.7,-35.5 -0.8 21.1,87.1 -1.2 -1.9,5.0 -3.9 -1.9,-5.7 -1.0 -46.3,20.9 41.2 7.9,5.6 6.7 -5.5,35.0 8.3 48.7,23.5 -48.8 -10.8
-47.1 -28.2 15.3,-30.4 -11.4 -0.1,-38.0 -0.6 18.3,83.6 -17.1 -19.5,8.5 -5.2 -2.9,-9.0 -3.2 -48.6,20.2 39.4 7.3,9.2 5.9 -4.4,24.6 6.5 44.7,22.4 -45.6 -9.5
-38.3 -28.2 19.6,-20.9 -11.2 5.7,-29.7 0.9 19.7,67.9 -5.9 -10.7,7.4 -5.7 -1.1,-9.4 -10.5 -46.8,21.9 44.1 9.0,7.8 5.2 -3.4,19.2 0.2 43.9,22.0 -44.4 -9.1
-43.6 -33.9 24.2,-28.4 -10.7 4.1,-36.1 -2.8 21.4,81.4 -22.5 -32.5,8.6 -5.9 -3.9,-10.0 -7.5 -45.9,18.0 34.2 5.6,9.7 4.4 -8.6,37.8 -0.0 42.0,16.6 -31.0 -4.6
-44.9 -33.4 25.7,-29.6 -13.1 8.0,-34.3 -3.1 25.0,80.5 -20.3 -29.0,9.0 -6.4 -5.0,-15.2 9.9 -47.8,21.8 43.9 8.9,10.2 4.4 -7.6,27.4 -4.0 42.6,22.0 -44.3 -9.0
-47.7 -36.7 23.9,-35.6 -14.8 7.4,-37.2 -3.8 22.0,85.8 -47.8 -58.7,7.0 -5.5 -5.7,-11.8 -10.2 -43.6,23.9 50.0 11.3,8.3 5.1 -8.7,37.2 -0.2 40.5,25.8 -56.8 -14.1
