-0.8016425256622695 -11.327066437520287 -2.6471526602635875,-1.1532522664071012 -10.518663306249067 4.3230838633809645,-12.16808812321593 4.034744292549847 6.451970410211542,24.21798791574193 2.7950988236439938 4.688140512141382,2.596908950824286 -1.7185586506322323 8.124363750148712,73.4289642856415 -38.70100017169345 -45.73678826244354,29.954088138183803 85.60201360336205 27.814651044326464,2.579140876830876 5.458266104755499 -9.210204267020462,52.95176945505625 45.66266913138599 47.96568819823609,25.96002081834472 -122.5803546103137 -45.645278363645204
-0.7918076273640229 -11.145547873370779 -2.6959930859252,-1.250524100785512 -10.37328239630975 4.228268711643939,-12.074921403103346 4.04330505958619 6.333749792479159,24.002199592528058 2.76422630196216 4.920718358209311,2.612509333936122 -1.6861843354514978 8.229028813438902,73.99924122654151 -38.477823923524475 -45.750248113632814,29.961821427830248 85.80749526746966 27.91035099847922,2.5750756618410433 5.442532624805154 -9.225954287169806,53.43019401961376 45.29933327637835 47.38953305556925,26.063312292566927 -122.22161002665027 -45.47638033405312
-0.8156737517521391 -11.010167130205007 -2.663675014184707,-1.2741937805879338 -10.31863261588678 4.3286391311579475,-12.143970229231833 3.960848051316777 6.259401580638106,24.05833804390454 2.7487999531628873 4.919301978449528,2.694358873368392 -1.7169272414211227 8.169708596301417,73.81298760437147 -38.284877662302556 -45.73999459247557,29.977270572388193 86.26757356942143 28.136102435792495,2.662421205226417 5.406713273292555 -9.258082497994385,53.54022706789064 44.97311139851481 47.02957511666784,26.128552142166804 -122.01309719190958 -45.3723358845203
-0.8637641421135461 -10.943757973980329 -2.568440842681539,-1.2105240979811853 -10.358706201805266 4.576067150284153,-12.37265665170951 3.8164478642146804 6.252240631519037,24.413393762972586 2.7539628123663134 4.7076282234913185,2.8758850819235295 -1.7912611986854363 7.987714499053747,73.13885795557937 -37.78517115109162 -45.39961457164853,29.98820028374311 86.70699354852066 28.354549698901387,2.872721516601338 5.364014860381358 -9.300541755751981,53.29626788914194 44.71818131987883 46.97390477421073,26.14795145036273 -121.96736366339421 -45.349102342877714
-0.919739353720628 -10.946103149277679 -2.4561832842356006,-1.077419226937119 -10.462092080828212 4.858868493849785,-12.688956751758724 3.6664544618670947 6.312594804234092,24.970687107314784 2.7808102713495133 4.392061180132101,3.158588073856963 -1.870425892455436 7.773742053234361,72.45023401264703 -36.703452979623776 -44.50565967424551,29.983885690291924 86.84151440965589 28.421646766553657,3.1967577016996156 5.331862397179728 -9.343679782642276,52.84557134273206 44.53982274718627 47.20024887060248,26.130392553776055 -122.03631021632208 -45.393220192781705
-0.9661494710482152 -11.000299636369094 -2.378489679622911,-0.9200902742081869 -10.579789453910578 5.0535483062761095,-12.978549690135488 3.570568089204163 6.415687531422291,25.538865836794866 2.8227625427478 4.11113143751487,3.4900651214648026 -1.9156320142770236 7.625155282750679,72.1755103535737 -35.05707300850292 -43.09480508975407,29.961014476930863 86.52747206079472 28.26329088381396,3.5676409170751002 5.323828096700352 -9.377046780972547,52.40088291781333 44.432252692297496 47.58644330568814,26.094592908442806 -122.14374385420417 -45.47094952820325
-0.9902414864353857 -11.084951241915121 -2.368341361030005,-0.7944494163985318 -10.66976138865122 5.081031714235715,-13.133171502579575 3.5656995045267497 6.521879178677185,25.90725250068647 2.867075326833992 3.973103221029618,3.769791971353407 -1.9064278150863287 7.600989978738063,72.48346597507863 -33.2338039183158 -41.504795782320116,29.92572645484103 85.84001283028533 27.916461925691102,3.873144000846325 5.34313635107511 -9.394175054480796,52.149598254952764 44.40075219310143 47.96678002427534,26.059616012194468 -122.22429342266499 -45.54433462882135
-0.9877900150880534 -11.18583036113832 -2.4256698341149625,-0.7448289680719096 -10.716144434656673 4.939930868570358,-13.097065413581122 3.65039648142111 6.5949132743638135,25.933900028442146 2.9011795173830843 4.011127181779226,3.8853704131671907 -1.8489614560340482 7.696662411480077,73.2130214496442 -31.852296737922803 -40.24126913323263,29.890696537645617 85.03669536026372 27.511854806291193,3.9967075863538777 5.381224502903485 -9.39674033659441,52.17968637455476 44.47293496781135 48.209214390824584,26.037118351062674 -122.25067594991857 -45.58707408541878
-0.9637484676958994 -11.30113488801095 -2.519625319645615,-0.7858648731075663 -10.733995935676017 4.701634243068338,-12.889231540754551 3.787283459234215 6.618994481499578,25.605250190216378 2.920032638827589 4.175911805513508,3.764241593528187 -1.7705273533405625 7.850256381871567,73.97760417386435 -31.464430171219483 -39.731741724807996,29.8688444732961 84.42544069178108 27.20690942362098,3.8699120982338933 5.422179891946437 -9.395217241985895,52.45363220009893 44.689720559010034 48.2756828232563,26.028426032366728 -122.2383882434203 -45.59344386733514
-0.9297270980399148 -11.437939904375087 -2.605652437805431,-0.8969453835415657 -10.757969137126418 4.471643296156637,-12.591316722654998 3.921772644847819 6.605581278734074,25.039248095186714 2.9295841822006836 4.366843075061665,3.415032224668656 -1.7041199820022448 7.976142284196579,74.38113741007385 -32.25441819157006 -40.096609254363116,29.867066047145503 84.20857709298106 27.105656694003606,3.5105278875681045 5.4507267908420145 -9.404777693731846,52.83846368269274 45.07847698758819 48.23445302286131,26.02696306199428 -122.22847846896359 -45.57691527350908
-0.8994255558348614 -11.602192531760547 -2.648022969609863,-1.0319432375143769 -10.821430836059845 4.338168243929738,-12.308090866792204 4.0071887137078805 6.585972481522844,24.43090072348756 2.943619021708476 4.483956767019798,2.935456181489296 -1.6717184637837246 8.008036610309702,74.22595973236317 -33.90136242515504 -41.06462603286494,29.883324951522365 84.3880539338231 27.209251849856457,3.0250786281053617 5.459550174016899 -9.43790144506384,53.17392051334702 45.62235502135685 48.217215105308554,26.024000233413325 -122.25944051789175 -45.559992265510694
-0.8837796971719771 -11.788157887063965 -2.6362243664425855,-1.1397133412225748 -10.937075064814138 4.334010975930481,-12.120673418342289 4.023702280245818 6.593402379908062,23.96696480619046 2.975368516357377 4.4743622426669,2.479392909730094 -1.6750869881720771 7.929551556137815,73.60267466466145 -35.6904447425141 -42.08614075012801,29.90855125922682 84.78260360393796 27.423886478858332,2.571453326881717 5.452163142290102 -9.497347410370853,53.34455594671665 46.2442289174427 48.34246851561568,26.014366508675273 -122.34359473178617 -45.56085786852918
-0.887533812810831 -11.973673390476675 -2.587495245560506,-1.1856755160752428 -11.088803194358622 4.429149654559799,-12.055331145714556 3.9824019456768758 6.644207803399469,23.75072731851106 3.028769368806237 4.351506396763492,2.1964623320739447 -1.6982033256249276 7.777728177980231,72.8209428549917 -36.82624923614492 -42.59121613417094,29.932114364888605 85.14446660551687 27.620361407122765,2.2971209315326444 5.440004584007831 -9.57336292856225,53.32248488025137 46.817768641641365 48.64515282751469,25.99920432969822 -122.4598179887546 -45.58369376215817
-0.9082906155390256 -12.124594447068006 -2.5354524771233984,-1.1643955611584533 -11.238423440613843 4.55446645471622,-12.081717129902563 3.9141045425037326 6.728323938361923,23.771574244816172 3.094816179986236 4.1807921055719275,2.1720521535663178 -1.7188214085736875 7.6197320941473015,72.22892458166356 -36.79204356399105 -42.26031091053922,29.947672567338167 85.30684406763861 27.71026124439832,2.2813228645907206 5.435597446207236 -9.646984258365046,53.164301228267355 47.20462549317176 49.050011913317654,25.984697708186566 -122.56529443178553 -45.61738755890418
-0.9381089173850741 -12.206937753472495 -2.5118882354050096,-1.0977106763166007 -11.343027772987195 4.641176630600514,-12.13883917909584 3.8504705825523926 6.814363606790124,23.93063453447984 3.1555844041632373 4.042177258210268,2.396212370015599 -1.7218805745348267 7.516780789220307,72.0278116688592 -35.57235153494142 -41.167051198525236,29.95605389118404 85.27590068778528 27.69427241859419,2.5081578317760496 5.445655424577591 -9.698056094415717,52.96923692428866 47.30268471345323 49.40360481352005,25.97792027040412 -122.61893874098621 -45.64285234850717
-0.9667968729367661 -12.201027278316849 -2.531671030866746,-1.0202807358752173 -11.37381951079913 4.654045202024894,-12.173081571373253 3.808347583188621 6.866518358110767,24.10538452764299 3.193849705002334 3.990656851515755,2.7755235500535917 -1.707057562298438 7.495088550149043,72.18488325418338 -33.628301042263885 -39.72102192152359,29.963581535790887 85.21346215318269 27.654440138484542,2.8821749077104615 5.467881030839255 -9.713992380425955,52.82381964793964 47.083614008871024 49.54898100595725,25.982379457828138 -122.60340446190055 -45.64465453285331
-0.9855234188171426 -12.110674188604365 -2.588049573301883,-0.9607031740093698 -11.327182870457541 4.6021521667049585,-12.167389263994128 3.7854099915654964 6.863941630898428,24.217287361153446 3.2026474968592984 4.034300843424938,3.180399705025164 -1.686707458851927 7.538443861010435,72.48739078834544 -31.646819605420205 -38.446087285230945,29.976932090760513 85.32069629066207 27.695079300415248,3.276866182189629 5.49298853862912 -9.694838210412685,52.762332293286356 46.602478955666214 49.40439512537365,25.995787742717155 -122.53390312754587 -45.620434373675856
-0.9894108793606835 -11.96276869327549 -2.659385920363361,-0.9282548932439263 -11.223527726358526 4.524758623346106,-12.146609311606923 3.7680246097749834 6.811855423355553,24.26680088019804 3.1888992474569458 4.138429293911988,3.5028035667774757 -1.6762802174019202 7.604283519677663,72.69666957685736 -30.20348008401149 -37.717184288681175,29.997682612258423 85.69243117103409 27.867814922292528,3.5904933007409414 5.510503742887719 -9.652178920667343,52.76120597862601 45.97575174931508 49.00530352230376,26.011194851250576 -122.44949851535934 -45.5828780637646
-0.9783227220850685 -11.797376043076925 -2.72214825465809,-0.9119319116680804 -11.096016351517152 4.463555398126496,-12.157481223819866 3.745099133828944 6.738218194817046,24.318931119264384 3.168662674734996 4.2502003203826195,3.695337907209452 -1.6835892351434012 7.652136563046504,72.70513952564718 -29.519587882915086 -37.59768252540333,30.01996371298244 86.23162530254586 28.12681398206613,3.7814091554596136 5.5148347499925645 -9.602760169863785,52.765918023874875 45.339279248622226 48.4883963464744,26.0206969176721 -122.39202304535651 -45.553092385293276
-0.9558701092403175 -11.653000728307315 -2.7622702015970786,-0.8915749956706931 -10.976013869482586 4.438693958660589,-12.235555890204001 3.7185736356034167 6.677863809989272,24.44981053284964 3.1566583191763575 4.328127653118839,3.774117214050955 -1.703641324590973 7.667266546172488,72.60039196799079 -29.435399286502214 -37.86020428328517,30.032899029771105 86.68110465989572 28.343914954657567,3.867470996657337 5.508106487547028 -9.560436141444223,52.731814286891144 44.80640656369506 48.02692098539757,26.019565773883365 -122.38422950816326 -45.548956146457535
-0.927381251841229 -11.553731777875122 -2.7789353586101977,-0.8541943477487333 -10.882639809163965 4.441754719494684,-12.378170663550906 3.7038107235463946 6.653038913038781,24.686085501835308 3.1563867854303838 4.360500517592074,3.788264234896557 -1.7220830846624768 7.666284647080488,72.59846169415457 -29.597071244896675 -38.169812587144754,30.02672316455506 86.76217077902693 28.378753811981873,3.894322664815975 5.498246043396278 -9.530696804487327,52.65442679719056 44.44397024853047 47.75150210387698,26.008533742891697 -122.41887375437892 -45.57482202825357
-0.8979062491168642 -11.503560473611998 -2.779949569437212,-0.8057413846718738 -10.820320782324359 4.447483915428231,-12.539109667774843 3.7197029350092654 6.661266312333496,24.9729504443386 3.157048916791986 4.364681555528863,3.7769647956108883 -1.724960465807821 7.682761264361112,72.88820298590282 -29.73523265807945 -38.317982288934076,29.999202187222263 86.34509255423345 28.16568170849057,3.8941038890840103 5.493604866569993 -9.510247269259768,52.57268431704333 44.27218066027484 47.696786783538656,25.993119939098115 -122.4642147781748 -45.618278272864835
-0.8711392022183565 -11.489236326349396 -2.772916973485333,-0.7710935889264715 -10.783199997509563 4.434800611323958,-12.648783921618021 3.774849166463599 6.677307831191862,25.191260099189407 3.1395266938497515 4.370616548260586,3.740784632618049 -1.7086318688733644 7.742715242516248,73.48350001509975 -29.86490527271799 -38.36910108842554,29.95855496626434 85.55246580709665 27.766725301191034,3.860323307062288 5.497388384436358 -9.49105913507699,52.544817003772415 44.280691780668306 47.79880969545231,25.980588965594475 -122.48238886582645 -45.65588570241855
-0.8495370857962141 -11.488869493986844 -2.7585024149384525,-0.7815957490554013 -10.761770208239613 4.4028241567349085,-12.64996156263777 3.858754694648054 6.66804146064838,25.217292339166967 3.088167859638771 4.400091882405506,3.6443567287170144 -1.6835654073204316 7.845475151133813,74.1775664780767 -30.286151154150197 -38.63273595394854,29.92080901907964 84.72859994349342 27.356208965303903,3.754045280047278 5.505219235795854 -9.46585230268184,52.61227337081326 44.44561367205838 47.94010369805355,25.97640371899775 -122.45022080319917 -45.66493590679247
-0.835205530748333 -11.481339033848512 -2.730152784966843,-0.8565995840903552 -10.747061213753582 4.371829176082931,-12.530449985956073 3.9441479057919318 6.61181364360488,24.994523566012408 3.0013879244253663 4.454162609241478,3.448166052162833 -1.6693943615473272 7.961730746331643,74.63480828606258 -31.383340854952955 -39.4751441862879,29.902531320114658 84.280476377617 27.13976681691622,3.5372784547556204 5.507300236327406 -9.431550405883106,52.773102228149114 44.735147967470596 48.01491533335774,25.982163278598847 -122.3710210359789 -45.63499742338015
-0.8306714038242893 -11.452360260380937 -2.6801799111574605,-0.9891917230380011 -10.730731635967201 4.36906649353611,-12.335092210377805 3.999883687368829 6.511380363868047,24.578146029756407 2.894532580626504 4.515017006264174,3.1490976629473457 -1.6838168792661101 8.050003475753066,74.57435056676105 -33.34072268695353 -41.07612268113001,29.91251986827513 84.46892798704255 27.247997347126528,3.2125006791922837 5.493973251339746 -9.389034693095756,52.980063088087974 45.10264657560968 47.978701968859966,25.99597599479524 -122.27126679566845 -45.57313911546924
-0.8387220717212776 -11.395957265632779 -2.607931712146159,-1.1445715620536223 -10.703162988992599 4.4089606651446065,-12.14948247841248 4.007437611483853 6.393267290409794,24.125051055101622 2.792930325765376 4.559501245859939,2.8031038439813267 -1.7316439105135486 8.081592580224331,73.94248494657374 -35.94491749807732 -43.27055333616631,29.94684084285376 85.2612234443353 27.661684328934637,2.84238459814549 5.461530848491859 -9.340260913139812,53.16420134229974 45.47767560114111 47.857961157489335,26.014663762487096 -122.18473134495784 -45.50018307877018
-0.8610608095532882 -11.313058921970544 -2.5244249072199887,-1.2731220381572919 -10.65344101923588 4.48056526015035,-12.061884989690256 3.97152294887002 6.294102423317586,23.82907893963638 2.7189986693087285 4.574982507971411,2.512668164078165 -1.8003715927657145 8.05885887978921,72.97245621678826 -38.60066676869642 -45.56957084646039,29.990038518229536 86.32838365645836 28.211131978609483,2.5340817414613235 5.415014145323604 -9.285656392587725,53.27019442640609 45.769915400391696 47.72056742394222,26.036079178986302 -122.13370979352094 -45.4402257621898
-0.8963311352342093 -11.210089982092938 -2.449998197091027,-1.3324257650030524 -10.573639274308068 4.550539100033983,-12.120975261144654 3.9183999510275855 6.241778208465694,23.830020996402027 2.6810374685402385 4.56765976687714,2.381770844636729 -1.8650632086460233 8.015491861934729,72.08973217972104 -40.56883891342049 -47.35898100650641,30.022198932195547 87.19567421395004 28.65366901048908,2.3924519278065897 5.366446217145305 -9.22440910962474,53.28349594397862 45.89378742567732 47.62882064744086,26.059828727351157 -122.11846653228797 -45.40925742271022
-0.9386662539165376 -11.099179115731962 -2.4058285216497244,-1.3074312005212305 -10.466055736138431 4.580357524131892,-12.309755740781867 3.8823060575789667 6.24203230129955,24.140468679329746 2.6705262747858463 4.558620184338707,2.4606855229251363 -1.9001539360323874 7.997919009785488,71.70628282181171 -41.31046354661251 -48.17610992093885,30.028465951825865 87.47269571494529 28.79134540790872,2.4653427885701205 5.329485117495311 -9.157944699328047,53.23440540031454 45.807086495749566 47.604895452339065,26.085837643201017 -122.12102246137707 -45.40900845217604
-0.9779463244828023 -10.999033889892594 -2.4038873782844665,-1.218407995516742 -10.348629792179329 4.5478799966373264,-12.548976044341284 3.887199915811625 6.277699076394327,24.628655733876826 2.669650410290796 4.570418790331679,2.710985695692891 -1.891982493069408 8.038119042310411,72.01059714103846 -40.757026182608534 -47.923234315384846,30.00624193789037 87.04511303781426 28.56830930077094,2.710806949301522 5.313383318125535 -9.094089155941843,53.17745841971107 45.543612028782 47.62787637810946,26.111771311627763 -122.12073187911572 -45.42901153019139
-1.0022863517898306 -10.933665586123942 -2.440876527927265,-1.1121519195784455 -10.253297613646653 4.460863735076675,-12.729910271849366 3.933794429983736 6.3204773098958205,25.070038035094043 2.6643916200989026 4.61227271318282,3.0125809942108575 -1.8455124506283465 8.133342161283856,72.86543931145209 -39.36092670053126 -46.908723072936326,29.96641160487532 86.1282681943996 28.097030336705835,3.006677603554456 5.31937184811314 -9.048110451968165,53.15831698340602 45.21707197518057 47.66030985524974,26.13134609218337 -122.11176092074298 -45.455095433171785
-1.0021825986766841 -10.926602422365356 -2.499387592969659,-1.0402035088257158 -10.215365771225434 4.354852216907794,-12.76268871139671 3.9990333876062647 6.34790526666756,25.247363788659417 2.654767640266363 4.6722904131084055,3.2134576354309754 -1.7819276283552055 8.244581789312372,73.86920997254613 -37.892966024467306 -45.69694428795066,29.927951737546916 85.15475052755406 27.59964016123659,3.201700113387126 5.341097293066487 -9.038165662371233,53.18695505004216 44.98504462424291 47.68352613564873,26.13531072358298 -122.11093638513967 -45.478861671766644
-0.9747391532672806 -10.991074703295855 -2.55545267632523,-1.0344145200728534 -10.257449141477522 4.276951065468078,-12.618835072962243 4.048314922754084 6.355464874037045,25.054346916847518 2.6551969089433785 4.720780430516239,3.200090890465085 -1.7286689913392976 8.315179292144807,74.54996367221426 -37.08499887509136 -44.845617814255384,29.908653901105037 84.55513822434239 27.295333234011007,3.1854537337730626 5.368456277004204 -9.076132202264606,53.23192952330385 44.982741279295304 47.71621412750873,26.115386138741002 -122.14969974508138 -45.50225765733909
-0.926028373192425 -11.120219703967027 -2.588265208640105,-1.0916817287210785 -10.375845412889289 4.264801808384658,-12.348657888283729 4.05374432951898 6.356900935341839,24.554045718380276 2.683949469618346 4.722521252151379,2.9543780648351596 -1.7072769468047735 8.299661289230732,74.59128635618252 -37.29527911674639 -44.662854853576505,29.91663371636659 84.54669791724669 27.292900001859717,2.94328117587197 5.392428028987854 -9.158362881548952,53.23845708206126 45.255496881108066 47.802468751969485,26.069514795715445 -122.25332522717063 -45.534419253896154
-0.8701950677552219 -11.28318125228176 -2.5870948072259314,-1.175301697961646 -10.537436083415203 4.332044660969918,-12.064804753350318 4.008451978337484 6.3730186578479495,23.96223891542528 2.7477751111181767 4.651535277370139,2.568137258096558 -1.725106007419365 8.187219979634918,73.97426778814568 -38.36033216734389 -45.099408255312106,29.946825386511364 85.03900696497463 27.543901779057343,2.568475355135823 5.408253089414886 -9.262216567138296,53.159826332813175 45.72473869853221 47.97620990416831,26.00553691046131 -122.41884079424166 -45.58274937352038
-0.8252333756081152 -11.431380587451198 -2.5525619865922584,-1.2323716637403557 -10.690570139441082 4.466877463638238,-11.897912951292152 3.9293277244886102 6.4161553933689754,23.559960258437332 2.8316727959254258 4.501537352198597,2.2063934426634746 -1.7744180706709152 8.00731809659706,72.96694854648594 -39.69974188212504 -45.817026257665255,29.984042532408303 85.70176183960321 27.878863458186743,2.224275019174853 5.415582328459534 -9.352041444940507,52.9846828886198 46.2095073838879 48.2254447352494,25.940720529491568 -122.6052952930283 -45.64392009319545
-0.8068741180174661 -11.514504321749364 -2.4929785925806374,-1.2189686167889482 -10.786065453150382 4.642176899447757,-11.942504681673675 3.8470421879986 6.480109650471345,23.57223321602221 2.9016669775685013 4.288415224915776,2.035632351819795 -1.8381961990053324 7.814885820695102,71.97489868386269 -40.6123832309089 -46.38363951284377,30.010823647220366 86.15329082536415 28.104332527498308,2.0725723646473146 5.416168858058922 -9.393416347849282,52.74555389996643 46.49934892114413 48.48173542742498,25.896439832581365 -122.74441931839479 -45.7008896393182
-0.8229902634420341 -11.500241797888446 -2.419130853725964,-1.1212424679767283 -10.798474643196169 4.829207408916396,-12.215808339230831 3.789244584925891 6.54201215476276,24.06651730634559 2.921139175778729 4.045445120006584,2.1502662901188234 -1.8986881084366747 7.663739117168094,71.33838757677316 -40.611646362819 -46.488329899046484,30.015932527985917 86.16546995743461 28.106921635247566,2.2023335746449035 5.4110912656642896 -9.369446696709772,52.5046775200698 46.44760545368646 48.6458155986532,25.88983407147975 -122.76895805758328 -45.72875071967182
-0.8708384461880649 -11.388702075553255 -2.3410879223913916,-0.9627089154279576 -10.736725743355665 5.006071744169466,-12.647094296038023 3.7664193472363037 6.57537259901132,24.91656217767668 2.872740461155131 3.8147632680554073,2.5312007049966487 -1.943954045099007 7.5828877971279045,71.18436208286272 -39.637877924350846 -46.070943389058286,29.99923682453027 85.77525506150737 27.908442204499423,2.590595753744252 5.399557249772064 -9.290730333363706,52.32554800045719 46.041257582845084 48.63799525765316,25.926135452964846 -122.64572898660984 -45.70705459891629
-0.9382791923780662 -11.21392718934647 -2.2684145135247937,-0.7947055131708495 -10.638196566870098 5.156972169877285,-13.10254367218719 3.7681132541011584 6.566619350294973,25.848668994654627 2.7732719964844286 3.6386348669629696,3.054593660671775 -1.9696823257951959 7.568056004183438,71.40479850905945 -38.058263470151815 -45.31625150695854,29.970741935605886 85.24670605037153 27.644441527713887,3.1129102866340017 5.380079628685371 -9.192891831271224,52.245714465934306 45.41240164616599 48.44532701382292,25.995440198788014 -122.39652944782404 -45.63213951099098
-1.008376088701277 -11.03072447930025 -2.212176760496149,-0.6748071032046102 -10.548859832685311 5.265569988298779,-13.435914254473932 3.77121868180552 6.525006312276615,26.550873597045978 2.67135969790698 3.5520640748043557,3.5449463562498003 -1.9767770238376463 7.591587406580796,71.7596807980871 -36.474992424029516 -44.53645674780717,29.9446613298861 84.90989311019952 27.480903658911725,3.59659391423192 5.353087151962303 -9.121543917274948,52.26462586725898 44.78375640232128 48.13698853801618,26.07581655692442 -122.09496819023062 -45.52238430809336
-1.0652955135333204 -10.89236041927654 -2.185473283519216,-0.6432130208626423 -10.49973936409079 5.310337944968455,-13.544529457403954 3.7551846136189098 6.479344051869505,26.797938128162272 2.6265206459219206 3.576323932400849,3.846629683490747 -1.9676370823544893 7.6233711809188955,72.03502145841028 -35.452159030661065 -44.01755606242275,29.93189840964038 84.9690785098327 27.517141056029747,3.8909150099157435 5.322946372974573 -9.111196602105808,52.35115166537766 44.37282766709458 47.83604523896018,26.141657008131375 -121.838945846608 -45.412728829369954
-1.0989455830783579 -10.829557119149074 -2.200119052729131,-0.7074180498448444 -10.492214520996889 5.268605792644319,-13.407909527929494 3.715254397364914 6.462641543004295,26.538711312331806 2.678789726144172 3.7127947555726686,3.8813930237683865 -1.9442410445565848 7.649576589795998,72.16134356695791 -35.29682097836793 -43.90994998075587,29.934925563792497 85.38665521890799 27.729075477966813,3.9224924281673568 5.297625077400027 -9.168364764535303,52.46435250139115 44.29991238933359 47.66044216615198,26.17359479631804 -121.71092384591351 -45.340481090169405
-1.1065542049411685 -10.840837430374535 -2.2600592596073503,-0.8410657154336292 -10.500148876457253 5.129617238947657,-13.093624953391194 3.6661321942924516 6.493017107988996,25.90991848356531 2.824499919218914 3.93822132510613,3.6686065481364363 -1.9092268718310996 7.678049241648722,72.2277220415007 -35.98426721021994 -44.20547357183265,29.94754375579671 85.90514053289078 27.983481801492623,3.7136597738813624 5.28567746493602 -9.267647486794775,52.574434587888724 44.54311011279762 47.66441840039158,26.16548140971461 -121.7447037173764 -45.32925148343532
-1.0910066402473984 -10.898497101831168 -2.355151689753628,-0.9961910223537341 -10.48766181037804 4.909450540705934,-12.728618688856374 3.6340049132726113 6.5618623519198085,25.173361635032165 3.012072810411056 4.204547694438335,3.3042390515368405 -1.8685579654567785 7.727778016253116,72.39143623889906 -37.23376650300642 -44.788961533154215,29.959285134652593 86.1925783587739 28.11400641809702,3.3605537351752557 5.291983671365756 -9.363323267626873,52.67208905286354 44.95976828492325 47.81253961268927,26.125341970331732 -121.91451064285111 -45.37908997080507
-1.0574023813032656 -10.966288691900882 -2.459961240549832,-1.1223991962567779 -10.43257543582271 4.657162512572923,-12.448514651046569 3.6414097250146096 6.636548532015898,24.606596968936184 3.1621128909074767 4.4466977850714295,2.913587869228716 -1.8329084053571651 7.809727048486215,72.74495188115917 -38.66758757391088 -45.515339615900146,29.96177796738972 86.02967853822587 28.0160204969368,2.986138650765687 5.314639083543034 -9.411120093079962,52.76241185706113 45.36063197203789 48.00110112888218,26.070197241614085 -122.15106269565891 -45.46777425859794
-1.0100830467485888 -11.018745624145735 -2.540178158980549,-1.1843980795782338 -10.342119011873386 4.444791540729887,-12.346213334694678 3.693373667812337 6.676913066191893,24.3955280281429 3.203462896460076 4.598936887380604,2.6023015355129955 -1.8155876512342624 7.91169619281808,73.22513576963645 -39.96012322658988 -46.26187516844029,29.953505239094138 85.43603948948657 27.707907847930358,2.6923570691838448 5.344937735203983 -9.389433149482267,52.84933204904584 45.597686867585985 48.11541745418287,26.0176382005775 -122.37575059826759 -45.56235510416557
-0.9518982799712026 -11.051465135369355 -2.5651253416974447,-1.1712595553359737 -10.251499772024268 4.342528160877246,-12.440629177533657 3.772471223459701 6.656877909389723,24.57336705622755 3.1079018247412433 4.615752701932975,2.42670835985443 -1.8272168082180067 7.997596767335911,73.62236742616405 -40.911952747560434 -46.93481644730937,29.94044597312565 84.66791402502676 27.32571121653236,2.5318012164798294 5.37075433865889 -9.3093441782261,52.92215385406735 45.62226369748949 48.09143821561473,25.978502598063006 -122.5351913820035 -45.63470277846571
-0.8859724215818632 -11.077101385689224 -2.520931335484622,-1.0953734677766565 -10.205444165949485 4.38952461245972,-12.677042122662773 3.8455353789701565 6.57935027915493,25.027001741944463 2.905908092896665 4.489240014263517,2.3913496299614208 -1.8698721574346235 8.022975417602467,73.68686941267308 -41.441129314098966 -47.44702498281966,29.932429811605857 84.09047303171849 27.054807950655775,2.5062656523955225 5.381745181325712 -9.208451479394876,52.95420725418468 45.48811372233176 47.94781833015283,25.954176577028445 -122.61894982363137 -45.6728779275293
-0.8185426509634512 -11.110345605710492 -2.4177438782114624,-0.9837513507214258 -10.23260056168145 4.574876796905991,-12.956486144907013 3.87854618157581 6.475962105622224,25.560716410562318 2.6748802999321097 4.2545888342244504,2.4669275617861377 -1.934312874822621 7.958809538695105,73.2718758659404 -41.5329373308541 -47.70277534181012,29.9373505209287 83.99419418458662 27.035949446154472,2.585151332697295 5.373758218365478 -9.131845625128655,52.915815980197834 45.304458848698225 47.7714688776403,25.93939236937361 -122.65281837346758 -45.682728684947875
-0.7605347785145797 -11.151930041822489 -2.2868296181570633,-0.8669204003605981 -10.327243518212242 4.839393510336365,-13.179254037554378 3.8521113445238258 6.391412834567414,25.983190719895415 2.504940579483474 3.9795260523961318,2.6134884299362597 -2.002488721611299 7.8102637058276505,72.43135362884304 -41.202078630603864 -47.61599358611791,29.95644454545431 84.45214451585463 27.295457704048616,2.728605607098123 5.3502664792533485 -9.110162427365399,52.79453837908328 45.16975602684922 47.66606687490645,25.928361070777214 -122.67348256987599 -45.67973219325766
-0.726012624501237 -11.182635111018646 -2.1684002554667328,-0.7702763507194561 -10.449258347996185 5.098582013130543,-13.282532547753988 3.7700185161106043 6.360647342071789,26.177359612595275 2.4587977169243116 3.7407916077047476,2.795094753916688 -2.054548183116724 7.619360534042982,71.41558553410255 -40.49560429964537 -47.15768135081272,29.98314914824332 85.28961519423403 27.73472491637636,2.9018679519747956 5.320262860270135 -9.145985918289975,52.61042186281919 45.124329846664075 47.69377434472866,25.920318824349508 -122.70034923381007 -45.676575674595256
-0.7273293101940332 -11.172551949210975 -2.0958156252133553,-0.71020283814508 -10.543555259864824 5.276313910027905,-13.256537936053341 3.6572592010335088 6.3910980107834625,26.1256914380041 2.5451258562626693 3.5972507091136534,2.9811922453023616 -2.0768473226690602 7.4491221945749695,70.56525878505504 -39.52315646535935 -46.39973901232756,30.006069133554632 86.17576236362869 28.181484155016154,3.076220496012252 5.293930202312084 -9.215245117384429,52.415956311782374 45.14584706435525 47.84353773922957,25.921034172216288 -122.72134408981779 -45.67420464004522
-0.7688680911405029 -11.101470476456662 -2.083712524554511,-0.694267126897622 -10.5691459361966 5.333049032314291,-13.134942381325414 3.5493253580668065 6.459501820292052,25.887976054850903 2.7179332565568672 3.5713500157121936,3.1400683431424414 -2.066723777582694 7.356807681376808,70.16042432707692 -38.473776844210015 -45.51685632079846,30.01441770727867 86.78348744906877 28.47307288414777,3.2220293555704087 5.278455075806088 -9.282162354930408,52.278498027810215 45.18469793568767 48.04309531960322,25.939259264410232 -122.70104999936092 -45.661786611107345
-0.8425485983788149 -10.978578700551767 -2.1254560820637645,-0.7230453315735901 -10.52218804023519 5.275524093910592,-12.968099485885366 3.4784937065274795 6.524873515665171,25.551896910940428 2.901156902207742 3.6468149048610257,3.2348950767200346 -2.0315967178825 7.369747230486313,70.30347707215336 -37.58443501502837 -44.730955550748035,30.003098957925328 86.93266920321237 28.52741031655024,3.3043892805055513 5.2760250000043225 -9.319154463787331,52.252643152162804 45.21255371466491 48.205807014008435,25.980153075105594 -122.60635046232974 -45.62555855655757
-0.9279746314350668 -10.848396453240936 -2.2002735640587696,-0.7913267887547785 -10.439864484262479 5.144822540435187,-12.795232412284573 3.463368194314997 6.550476160948113,25.187040012968353 3.025217461271923 3.782510484972032,3.230111768478818 -1.9832607313539836 7.475744372732108,70.89362578559816 -37.059938848486304 -44.21987048073745,29.974930525101428 86.64756629721765 28.367380119141668,3.289161329837208 5.2846062505893245 -9.320724749329981,52.35593606324995 45.25044660541248 48.282971244886625,26.039648991297803 -122.43415977786604 -45.561012020951544
-0.9981856654268024 -10.77634620654699 -2.285345746189469,-0.88808372531269 -10.381911017996664 4.991107139619751,-12.63059362275613 3.505309855370547 6.52290006442018,24.82627941973761 3.057004429488562 3.9344426666762686,3.1075408165117455 -1.9310566117933652 7.632080774562687,71.69827159175517 -36.98286839871049 -44.03906460992907,29.93909035353435 86.1100267635646 28.091737411325433,3.15888472245281 5.300458971584759 -9.304034567303969,52.56012752038144 45.356499823519314 48.28949864452993,26.10345400733228 -122.22389260826884 -45.480553097572916
-1.029285543337248 -10.818513974348624 -2.3658730993990478,-0.9963744276279203 -10.39871295125241 4.849636894471213,-12.469475668877385 3.5914408990585804 6.458181330162751,24.479466446209393 3.009245314730144 4.07428238765883,2.883219888196025 -1.8781638778314163 7.787372341015591,72.47494186415209 -37.26814155133386 -44.1031273017819,29.906801704409975 85.54606339889538 27.81440692735753,2.9296390033453332 5.32049983246474 -9.296422112027406,52.802588614419754 45.57964084938078 48.287375363151604,26.15194200713797 -122.04534965195661 -45.41109576766034
-1.0100819556996417 -10.98997384812823 -2.4379317006446186,-1.095035031343789 -10.5025901929085 4.730573722094201,-12.307912582512065 3.70102320436125 6.392136962638696,24.16413184033305 2.9266923754834613 4.195525748902465,2.6129770582221044 -1.823162228938628 7.904320515967113,73.07491307166362 -37.69705414468171 -44.24152121388957,29.88652876237187 85.11371257871231 27.60830529446798,2.656884282471196 5.343032070356935 -9.317411445833322,53.01254490727022 45.90860529834705 48.33747718898154,26.168921756665622 -121.96643140525593 -45.3817949199297
-0.9474252888905209 -11.24882297637645 -2.5036375220218545,-1.1631472092223807 -10.657845500343246 4.626019471935983,-12.161651838195858 3.8115747889714298 6.360660984755872,23.927868577112637 2.8586358163066707 4.305869625205652,2.379434615302694 -1.7655045828017133 7.972000413316253,73.47719448390603 -38.02069686088471 -44.29912389942973,29.88096003086633 84.85054176971673 27.482910466277776,2.4228218215615693 5.366690940468494 -9.365700487996776,53.13975143333353 46.25126198603459 48.450366198567124,26.14991563548956 -122.01700199913867 -45.408073731686216
-0.8645468893098226 -11.506608776227246 -2.5628918238425813,-1.1863923422585327 -10.795686884306015 4.527239307458034,-12.070234467625397 3.902817264983066 6.380880461770684,23.842754614873588 2.833459203733232 4.412291048455826,2.2629993328218987 -1.7108220638808354 8.002999023055157,73.7463946057665 -38.080012460008184 -44.223595370411026,29.886930729117495 84.69857699680027 27.40232370964783,2.3076023352264237 5.388791111950001 -9.418641942160486,53.172582700024876 46.46356283299674 48.56844052642601,26.105509820610724 -122.16858354412678 -45.48080926547214
-0.7927102163718861 -11.662916137282872 -2.607918990501452,-1.1627032095942635 -10.84714361349841 4.439377949201429,-12.0809023177324 3.9588545037400067 6.443100117701166,23.97032123660381 2.8482954964378577 4.50912056574482,2.308936066487756 -1.6718307957246665 8.019363177350137,73.95239541668228 -37.8766195815412 -44.08730927686405,29.897875153391766 84.57833648616752 27.326518614968386,2.3563131583918784 5.404715869678835 -9.444552210982266,53.138250498373026 46.41854889771467 48.59364380731119,26.05766084363965 -122.34218760752653 -45.567314594641275
-0.7595135990186156 -11.649051790759435 -2.624776507743246,-1.1042157128972443 -10.77745690467028 4.38341445185954,-12.219767428734688 3.9701344304220947 6.517140100675056,24.315770616604688 2.8773169355465398 4.576949032849745,2.5063176995561274 -1.6632773290417262 8.03695302691792,74.10783272864282 -37.55455924777921 -44.02977701993841,29.907252188746074 84.4587668372107 27.24676837689216,2.5575814856927206 5.409247768080648 -9.420851744470559,53.086679732888506 46.08019761797638 48.44717501938954,26.03039812958115 -122.44215273031645 -45.62465203332062
-0.7787629214108273 -11.459921173713305 -2.601284138568199,-1.0338031647074313 -10.604321182398898 4.383946533781435,-12.466974647552517 3.936032306351363 6.568710418827456,24.800471059886718 2.8914952313709477 4.593048699746795,2.7901219090392955 -1.6933124190921627 8.057447174915241,74.16220540007983 -37.303929984017614 -44.15507699059922,29.91118513012642 84.37874078340303 27.192768898737047,2.8453386333431396 5.399290284688811 -9.347673715010613,53.06684173480919 45.5397530274616 48.126638371194105,26.039285732727787 -122.39998870852502 -45.61910927113216
-0.8461681696063115 -11.157877429412062 -2.5363372288969446,-0.9768979759211885 -10.390460497249702 4.451055669860044,-12.752693166508282 3.8670570281194188 6.5763497427618915,25.27534902313632 2.876873185290457 4.5464808136894135,3.06706796698189 -1.7564741086296716 8.071563146747348,74.05155211717542 -37.2428975403297 -44.448190969042074,29.90927170195428 84.41051761961144 27.208635167389907,3.124691801144827 5.376246619899389 -9.249062335788214,53.106653579447475 44.98893442284796 47.72475940199445,26.08473609259659 -122.20643950569863 -45.542076976193975
-0.9424853303377141 -10.845626623858717 -2.444194028557007,-0.9516715302502036 -10.214141487312446 4.568875826946181,-12.980767004635828 3.784347963100089 6.539883988687202,25.576916835439086 2.84050765383842 4.447805292392816,3.254320978097811 -1.8332022512096688 8.069767104373623,73.76566178400984 -37.34725905781418 -44.76529029945274,29.90364120721715 84.59368432585599 27.315212074078044,3.311212196487509 5.3462504585356925 -9.160826198391316,53.20437329594628 44.63713573829463 47.39392744384499,26.15238347499494 -121.91556342702425 -45.41415335479907
-1.0423605757434051 -10.620633812596058 -2.3500604159408134,-0.961732118079452 -10.132491363512443 4.69969803640252,-13.071550746142703 3.7146353355354664 6.476787700500006,25.602963635715373 2.80162210812995 4.326384219135789,3.3137326366006903 -1.8973788934235378 8.052318029961533,73.38355105465394 -37.46851758251323 -44.909581254340225,29.897204944065383 84.88640316633051 27.484736390620142,3.36612963586415 5.3176363230118096 -9.111632319223897,53.33307439114233 44.6110934447411 47.27161592099005,26.220185023285698 -121.6188159121176 -45.27531608946614
-1.1246367680982017 -10.532989824935154 -2.2786081943610217,-0.9946966398777242 -10.156042887132683 4.802671359904136,-13.003123231859268 3.681231322337855 6.409906802655467,25.370050287075276 2.774922016801674 4.215928327389075,3.2660599943829727 -1.928633649336312 8.03145663031241,73.04878881988648 -37.428829804517136 -44.75140317597939,29.892235112208027 85.16907003583964 27.646005665625594,3.3113583373044295 5.296812475811754 -9.10781829298624,53.45386783446566 44.888115398861046 47.405726740848905,26.268564322057966 -121.40247315963646 -45.16624275839661
-1.1794326297268765 -10.567273351909835 -2.2417448141549046,-1.0275869559614088 -10.246989829248141 4.8564126629604205,-12.828051937738566 3.6945138861771896 6.354589017792718,25.01925322764104 2.7578088790308284 4.136555388626146,3.178703838647863 -1.922873992797983 8.024067749240649,72.89560685320156 -37.1356082779096 -44.32089378026555,29.889925743608234 85.3019148535598 27.719058937372317,3.217305149590861 5.284930533501176 -9.130477282781776,53.53085308560665 45.299935641246925 47.72188645058463,26.28849371501743 -121.31011677992802 -45.11041484185924
-1.2090820547020755 -10.657053544171598 -2.2330189676144836,-1.037049506964728 -10.341402616957266 4.871334243128137,-12.65339799702733 3.746767806305039 6.3128566021924915,24.759750102034634 2.7305824167965635 4.084449645455185,3.1325173851039727 -1.8948213425277587 8.039623336015435,72.96980144602334 -36.647271384990276 -43.81338383936421,29.890823497625686 85.20364526485473 27.659760302821205,3.168723128030211 5.277558927579789 -9.14667484575205,53.541940222819555 45.60982029976538 48.053993826631576,26.28365238748307 -121.32884615007114 -45.10603627900647
-1.2231205822864848 -10.724250786102548 -2.2325855341833827,-1.01020945707544 -10.38354049249298 4.882831976492016,-12.590144809605672 3.8148689383531584 6.277351055221085,24.77123882497696 2.670320120058354 4.036224482927657,3.1825348493207013 -1.8703716663782235 8.071556048281144,73.1944425848456 -36.151269912317446 -43.496651638783064,29.895464256180986 84.90387171727045 27.487832011516183,3.223734352701755 5.26792319163132 -9.128868546003458,53.48315639716505 45.62807433688505 48.22558163238618,26.26601482006391 -121.40503253739564 -45.1313743460893
-1.2303929700093157 -10.722983284725386 -2.2204872430805844,-0.9515223388711109 -10.354618380798225 4.927857067425822,-12.695324605987876 3.870508234857857 6.24150445546661,25.109914071932064 2.570089955152051 3.96637649708879,3.329967390221887 -1.8722632847448644 8.09832734331869,73.40526249641148 -35.86799266645197 -43.56745872685592,29.904521907071516 84.53622940895079 27.280849624657368,3.384157966035887 5.252065852584411 -9.071997943455285,53.36738813727528 45.310071067173865 48.141188108544405,26.247694200235504 -121.47966749190968 -45.15986128905479
-1.232626546210206 -10.665268261032702 -2.1907306164209372,-0.882496169229144 -10.281724108221267 5.018120226847049,-12.936385183386648 3.8934314145589237 6.208572644667112,25.665620250724277 2.4510187154511853 3.867861630553236,3.517719909968992 -1.9066298348891078 8.0944933966762,73.43924795581256 -35.93763652146102 -44.037798037256785,29.918228449128478 84.27320121695848 27.13612595147471,3.5903209111748646 5.232840717192589 -8.998812421030594,53.21995766568982 44.787649492965706 47.83981641059118,26.23374279401681 -121.52314494908629 -45.17615464447965
-1.2228860618858344 -10.615238277347402 -2.1575198954131984,-0.8340181416151058 -10.22303813238626 5.126551009976234,-13.19845851015684 3.8810197741491104 6.193052139591241,26.196566994780202 2.358179438830627 3.762972264443347,3.6515741854244794 -1.9580601998849492 8.045707412247895,73.22730291865727 -36.3554323324108 -44.71813525285088,29.935429675903908 84.23743354068164 27.120859419016924,3.7430308237299355 5.219978057677303 -8.950204099834593,53.072851535820696 44.3162951332637 47.481145036636605,26.219914630432708 -121.55012697866103 -45.18413232450821
-1.1897069409720469 -10.654658838652765 -2.149037767700537,-0.834072545888753 -10.2375088749409 5.197048201945661,-13.334658124216093 3.848968713255137 6.212971280438673,26.431610765413886 2.340483475367206 3.6964605093766267,3.6385557011794245 -1.9964991207139402 7.958765484117834,72.83768179047185 -36.98919434207862 -45.311460930978235,29.95300013752078 84.43815114497048 27.237732542034742,3.7440020719115816 5.225533414205323 -8.965252099755872,52.95808417515862 44.161267521504875 47.26982926334888,26.196527856031018 -121.60650843486208 -45.20256629154978
-1.1247270892233008 -10.837264291102061 -2.191279323075548,-0.8956465619746246 -10.354548237938577 5.174288022039591,-13.237319632869454 3.8223369078781335 6.277519294615453,26.19595638032946 2.42449485903712 3.712891835485384,3.427166168753609 -1.9928999273768473 7.86031718610054,72.44405733627033 -37.66187325906608 -45.56822019411631,29.96622966559147 84.76741454458373 27.42455757761111,3.5384613215070484 5.256783053432653 -9.061108399657146,52.90014673525378 44.47543089296199 47.35551042418057,26.15609211198052 -121.73623474696912 -45.251295890381
-1.0297853607122591 -11.155267003788309 -2.2906390472296123,-1.0097628605473212 -10.558621902198148 5.0379158619471545,-12.895750331348193 3.8214755322563216 6.377789391540183,25.501562871769305 2.5965988233535704 3.8298916669631726,3.0335398868128185 -1.9355105196901974 7.784308242459479,72.23480627419615 -38.24270831178137 -45.41532737868019,29.97027866267513 85.05780497624819 27.587722922075397,3.142769496344439 5.310462269047357 -9.222930109864555,52.90840714061824 45.22543610359092 47.75877335112458,26.10018102898609 -121.94725852853716 -45.33616312099745
-0.9196295770750237 -11.535414984389309 -2.425499884107606,-1.1467478202983385 -10.795596359585337 4.821315510097504,-12.410631616144311 3.8503492186215196 6.487001448287716,24.55699602137522 2.804387059714888 4.022515803046914,2.543017351684418 -1.8379270740026348 7.7548066915745535,72.31343685979908 -38.688123553080764 -44.98505327759806,29.962181046809857 85.16980375991405 27.650929052909994,2.645734890169811 5.371970062560868 -9.408862509207415,52.97194537630974 46.19961427859426 48.35966797564586,26.041332618933296 -122.1968854535771 -45.441747432154855
-0.8184716852185466 -11.867276383474758 -2.5527566726383406,-1.2656994855330077 -10.996798938959543 4.602339668996743,-11.955316930213238 3.893695711185547 6.571199471623859,23.687760338572666 2.978173965573823 4.228944442767057,2.0858078394785755 -1.7341732337878493 7.773680682552121,72.64476051999387 -39.00919971055924 -44.525767383132674,29.942499503239326 85.0622199861808 27.59316317565217,2.1823710799922647 5.420738224418837 -9.567460359341005,53.06005142678644 47.09248641082692 48.953095046850756,25.99841754398064 -122.40647219950381 -45.536604536243125
-0.751602186658891 -12.050483013840116 -2.6271424839826025,-1.3288482162017732 -11.108542191883561 4.468438837438954,-11.700329126229859 3.9247637248300467 6.605222050429356,23.20042855554678 3.0626140217862816 4.376450462728133,1.7949318268286176 -1.6629279702250783 7.819958908429129,73.07507627063707 -39.19370458287215 -44.244762456290466,29.915806787285476 84.80997270982604 27.456765048807515,1.889290500077705 5.439593699705521 -9.658924017174636,53.1302647791592 47.62619997695997 49.34174416305086,25.987524054933353 -122.49930904150082 -45.58866003731017
-0.7356854013131019 -12.038438676846901 -2.6238126842947826,-1.315394643725541 -11.11319441453216 4.473320558487226,-11.736308197265064 3.9195563481203646 6.58537343907562,23.25167397309528 3.042519610679798 4.415214061749623,1.7612103059614805 -1.6489141650807062 7.861143638178501,73.41300446173241 -39.144260529193936 -44.174230245037066,29.889637176453377 84.56300885331743 27.323253368201556,1.8579036751586626 5.423481675008761 -9.670123899331333,53.14254592859503 47.65475561266767 49.419982442302754,26.01303619102707 -122.44220596932817 -45.5825368700883
-0.7720588157579402 -11.85792788540902 -2.552129189590848,-1.229366764853837 -11.033010621751664 4.6081759618742675,-12.032579093067392 3.869850754438738 6.531703934383288,23.782574412199814 2.9495322802199704 4.342489833036362,2.001489886460605 -1.6911142350089452 7.87008788649404,73.52489368713667 -38.687501888779856 -44.14044977545989,29.872187480265314 84.47093975714078 27.271517137321503,2.1026314858955604 5.38283071704213 -9.617034714502681,53.074579739969664 47.208193318251375 49.20944764412585,26.063788699275165 -122.26810434551643 -45.52917761318761
-0.8460499534521146 -11.595913723976047 -2.4526460552764435,-1.098197486829248 -10.916738664849568 4.8038334565679275,-12.451906613767344 3.787882068127929 6.478353858492672,24.54892275054636 2.846020811968602 4.204000452940077,2.451991272205598 -1.7639336092975744 7.838139915209674,73.39328049959357 -37.66427476315551 -43.858553868106625,29.86955820361648 84.61335220023888 27.34080268257438,2.5560360889844804 5.339350693016888 -9.534693948574759,52.93153453540433 46.46378791829152 48.83396429003212,26.116786784728685 -122.06597671773743 -45.462004109655865
-0.9326521116159279 -11.360487393906732 -2.377966562428405,-0.9623383830208234 -10.816845258183303 4.964135656305464,-12.814825834861324 3.700189082651009 6.4568897791200675,25.233553599311552 2.7942814585546385 4.071149779991453,2.989901316747492 -1.8305847646072555 7.777702115212341,73.11061136038549 -36.05488383698885 -43.10320385193283,29.883514429197074 84.96877807608044 27.516159234480472,3.0929410909412485 5.3159357620969905 -9.460620129138622,52.74524200427079 45.66421836981961 48.452514246651006,26.14716650125008 -121.94094801212995 -45.42099036834644
-1.0061248851065279 -11.23467857457349 -2.3668099979999644,-0.8598890591920956 -10.76841463467916 5.013987136980436,-12.982689543214013 3.634148776205375 6.481305165346478,25.588304263738184 2.8265484892348147 4.00545937156361,3.4759479172989947 -1.8615408245222784 7.713594158989755,72.81822640301355 -34.061678445253186 -41.8603497997296,29.910574770793573 85.43203650787073 27.740455796764863,3.574725361589401 5.325546158549651 -9.419903473597001,52.56230881663535 45.0230208760876 48.18771883377946,26.13978888189162 -121.96337952366814 -45.43258097752197
-1.049461981031857 -11.244178847020612 -2.4245374014160976,-0.8123977643208391 -10.77842202562831 4.937189981088691,-12.919476388060817 3.6047523017213354 6.542298814311133,25.539736936540393 2.930596964925385 4.028528355600195,3.8024290091224895 -1.8483989248728558 7.668915293785077,72.62984974024529 -32.08629142452825 -40.373324816028656,29.942803634433794 85.86454117632302 27.943105433671295,3.8971063879591163 5.364691538565822 -9.418160285791185,52.42594950591699 44.65739375638299 48.08474168969841,26.096813741815343 -122.13228871142765 -45.49582701418464
-1.0598714091022108 -11.352360005553292 -2.520287664570596,-0.817659197779081 -10.828095672454694 4.78415823788753,-12.703089735266772 3.6088911591419546 6.6132661984354515,25.210674957929676 3.0573876744994886 4.11295130631474,3.928408811974768 -1.8062137822205835 7.6537985694378925,72.58311663184243 -30.59510373305546 -39.053859489468294,29.97014490451971 86.14900246253652 28.068950031566626,4.023104846790619 5.414937250250582 -9.443798840820696,52.359552122430614 44.570325195496 48.11497506709923,26.037373631901772 -122.37224487163888 -45.58209061958669
-1.0482612405183072 -11.482569189015715 -2.6023198566681294,-0.8524977915315141 -10.884884049355087 4.645384420307046,-12.481963480912231 3.6299900062469534 6.664138678640036,24.850147881377467 3.1458682185037934 4.198503681898647,3.8882044112297227 -1.7637309467940872 7.663110775035768,72.64128874072325 -29.93248989053895 -38.302952995832094,29.983643217139374 86.22404316363153 28.094050983160276,3.988538368770651 5.451795082485824 -9.476408099742146,52.35932614982891 44.67900718086641 48.213198544971746,25.989225567960712 -122.56668548564488 -45.64875116561335
-1.033320188341799 -11.555321532574032 -2.6236967151763366,-0.8842892486464724 -10.917123608322164 4.604628354132451,-12.399605643012725 3.6498054355533722 6.675328593688059,24.707716118306113 3.1517538794873965 4.224569007781087,3.769744257880048 -1.7474007400490448 7.683381425288117,72.7349934193233 -30.17755134857806 -38.33577266109424,29.978568259932537 86.09025267477163 28.024979261480432,3.8784698426501585 5.4565662577461165 -9.49596091192116,52.39905629583412 44.86734044637009 48.32077612717654,25.976153568186234 -122.6124945616009 -45.6601520262876
-1.0329641735203376 -11.522453816210891 -2.5651510852995756,-0.88615419644575 -10.90494594571586 4.696389393500052,-12.524797796424437 3.660105937095143 6.644634727606635,24.913386845409036 3.0660485229985937 4.161479422699685,3.671972170708472 -1.7680513332253327 7.703647225061681,72.81108840617219 -31.122532231187286 -39.10111944489329,29.95637956565763 85.79562584640715 27.88776073920422,3.785189573854301 5.425193214065349 -9.488622175094655,52.444194618018216 45.03503609034276 48.40898805137757,26.007004867373112 -122.46978897423925 -45.60530488353042
-1.0567948153698705 -11.38357103101698 -2.4436619081326034,-0.8490928184639731 -10.844228005672676 4.889597656342355,-12.821180680730732 3.667157199976674 6.584458737736425,25.41961912997469 2.915361831648727 4.024583776354075,3.659809764112059 -1.8171126053184823 7.722860469219759,72.8560219900834 -32.387108869817 -40.332108804107236,29.924711897678296 85.41529892758932 27.716183109695233,3.7663145200936676 5.3697578250402955 -9.448062291991196,52.468244184091716 45.12431004994686 48.47312110537698,26.071522575384392 -122.18271993978229 -45.50352098332089
-1.1025244828234326 -11.179815040671652 -2.3029413985425338,-0.7856597215124035 -10.744229188010069 5.105176928114876,-13.169342173683049 3.6863458186360174 6.512301695177716,26.030274768403697 2.745937565642855 3.8646050044700346,3.736745846327362 -1.8736051277610968 7.7491497853088,72.88255238647292 -33.60763158528262 -41.691961454481216,29.895132657815424 85.03579581790237 27.545567888126158,3.8216129864109734 5.312092134260061 -9.37409685955762,52.463738526995556 45.12055500792479 48.50826433248284,26.14493415558793 -121.86089036803251 -45.39525947228035
-1.1574897588132915 -10.970861957575648 -2.191484697097629,-0.7235916460029725 -10.621946592237355 5.257110972839567,-13.428112770270461 3.730297540681407 6.440958672238961,26.498914577229453 2.6012671611980407 3.7406512080580177,3.847541817850705 -1.9170654527357125 7.791754817475306,72.89605144678492 -34.59782280753697 -42.92902261215807,29.879212335611836 84.74364307819323 27.41109110073834,3.8987367482939246 5.272999904536692 -9.271428345779704,52.44323684496291 45.03656309723166 48.48917952579904,26.19912324695713 -121.6299467556852 -45.32288225990372
-1.2042563605799879 -10.80784636955009 -2.1399637262234106,-0.6923952652308506 -10.49638690050003 5.294718185443823,-13.503049228578604 3.7979173126008963 6.3742383864086065,26.64652184029183 2.505166698654648 3.69102299947166,3.9097399449571615 -1.9385924967089931 7.8513395617858555,72.87111217200403 -35.3935755442931 -43.956276202605025,29.884201118608072 84.61149810386401 27.34501580014799,3.924635624358838 5.262693039759376 -9.149946283275712,52.430806894700304 44.89465492124686 48.372539939669345,26.215141717758822 -121.57472052318458 -45.310909687981216
-1.2277931199530892 -10.714900899965244 -2.1493929521300985,-0.7091454557580488 -10.384534818500676 5.224281608507903,-13.388197594782614 3.8714396618119564 6.310001075468414,26.441866886581977 2.4577204303841937 3.717092284393347,3.858860587843205 -1.9438382883607426 7.91553304213444,72.76096282033902 -36.16174288773834 -44.82056890035223,29.909978824017372 84.67755090225006 27.36840747652326,3.847157240263345 5.277162778684682 -9.025678571115916,52.4487793987363 44.71691277550025 48.123437411196946,26.191262820356293 -121.70175737776067 -45.355376314223534
-1.2212997373169534 -10.686066964232511 -2.19511303474715,-0.770087232096991 -10.299135469672304 5.100305463226757,-13.162407189597515 3.923945558805531 6.247452886294345,26.00856970950021 2.443602975514041 3.787374471138882,3.685117777656779 -1.946890848818761 7.9632335430278385,72.53682401873665 -37.033013078399016 -45.594823611611865,29.948669044740146 84.92385398645523 27.479064506501114,3.666175476410727 5.301893875081911 -8.91995051423587,52.50611727060664 44.52504144409289 47.75005432402228,26.142961638990776 -121.93859664050659 -45.42713560002266
-1.1885396044012682 -10.696100190788819 -2.242958120750087,-0.8518879536963 -10.247576607929707 4.993378997636688,-12.94521310485613 3.9335385105125504 6.192974895354012,25.56000761219769 2.4456795149036705 3.857457825162316,3.443045510712781 -1.9594852635630258 7.975540205586707,72.22932591212152 -37.965001702932284 -46.27176500538912,29.98735677506208 85.26804682055013 27.643625707681018,3.4383875636252283 5.320440584401666 -8.854852065400607,52.59321187710644 44.3442377025403 47.32234171070162,26.095052799846886 -122.16947637531325 -45.48698325699798
-1.142031633344291 -10.717421360772391 -2.2678329321787944,-0.9218504510029333 -10.23135261350859 4.953554229779762,-12.837091966995425 3.8961605810868765 6.159883834024093,25.2975906678695 2.455023869215499 3.8933053691816006,3.228385114599185 -1.9825853698265545 7.946745991000238,71.9374714021812 -38.72515013650205 -46.733243545727,30.01303687257122 85.58206343660449 27.80276655632387,3.2527107509082933 5.3230158987052185 -8.845532902200066,52.684587771630056 44.20380406483327 46.95782490254907,26.06987139295022 -122.28987827008177 -45.50480042474895
-1.0980500526057317 -10.733879924518934 -2.264549524113993,-0.9522485327363952 -10.246214719572004 4.988961743492258,-12.874838164809276 3.8294188766529986 6.161645730900981,25.32290204920481 2.472094938425962 3.8850083806533005,3.13285561506767 -2.005635826798676 7.8884925353942235,71.78883129908058 -39.011734225136486 -46.818340319354455,30.017822105921177 85.73858174839987 27.892151177613197,3.1879054259737485 5.3105980132745545 -8.892587652984197,52.74780653655873 44.13103766743053 46.77628082940114,26.07713557806741 -122.2537606607396 -45.47329348275433
-1.070478912416106 -10.745169412602518 -2.246024056163346,-0.9321672637301105 -10.283375168599992 5.069275995333648,-13.02268991224211 3.7646819887716734 6.202571463774789,25.6036058993895 2.500134984841819 3.8450699600981184,3.198900984716718 -2.0138388216958143 7.82424725510296,71.86749166781497 -38.64597003102564 -46.44746593876914,30.002131924561894 85.66780684052125 27.871602574826344,3.2733080191080286 5.292800699848304 -8.978939809472827,52.75517246228281 44.14078712291719 46.84405842123931,26.11019853646747 -122.09138642726968 -45.4099372422076
-1.065835915441772 -10.761407366529742 -2.2315190766866935,-0.8716240276385125 -10.331720197428597 5.148943414896103,-13.19991273218702 3.7313492152747325 6.272066275981648,26.003793497140503 2.536859793379204 3.7951072645825885,3.39714047911682 -1.99870856019248 7.777227769690716,72.1525629355695 -37.719446974206576 -45.719488448302904,29.97433364680359 85.39560409005686 27.747416385791496,3.4724965627207154 5.281265450308377 -9.074134297753242,52.69477224207138 44.22686380826662 47.13689587392729,26.150279024210455 -121.89013771001163 -45.34671396164373
-1.0812141163949442 -10.792431453588822 -2.233077786645413,-0.7965402890137325 -10.380270479972245 5.194461201687035,-13.326845466483569 3.741767249403593 6.3467509854460475,26.357407486053475 2.5712231585388237 3.751393578777742,3.6383443655682157 -1.9650177606614045 7.759013035061433,72.510885523826 -36.599755236920835 -44.91025894617847,29.946872784749587 85.03854625639805 27.573650863631144,3.6985736306593022 5.282644276985858 -9.14535932287009,52.578062960470135 44.36096558671937 47.54217214807736,26.17645788201534 -121.74850872914821 -45.31314301334184
-1.1057615374795018 -10.83841722004541 -2.2486037372307743,-0.7373929067708351 -10.419825213083508 5.199337507111014,-13.363649531021501 3.7850810766202967 6.400216901511004,26.544763021135164 2.588252723647772 3.719065975473388,3.814580515738097 -1.9293961010913865 7.765672959421134,72.75899764727754 -35.77529016360702 -44.358507365196765,29.930606667701298 84.75230599551614 27.428444245244044,3.8539845867058866 5.295144283523545 -9.170753818801474,52.44175134767982 44.500671466009905 47.90178919740199,26.176528388402943 -121.7260685915856 -45.32109544950554
-1.1250470979873706 -10.886945025337283 -2.2652908017781423,-0.7170075064543203 -10.443270979586954 5.179472581499535,-13.322489157074706 3.833393240170797 6.4155432891577355,26.53525433376755 2.579233486971971 3.6977900729584783,3.849423958793497 -1.9110001654578825 7.783459743642115,72.76651740813698 -35.61437570644423 -44.29525014359436,29.93000195671321 84.656414627706 27.375734056659365,3.8753943618613955 5.3102936038321635 -9.148808512725632,52.34200290518088 44.60326984652176 48.07622158446188,26.153426819589153 -121.81374057967334 -45.35872288680657
-1.1266694183794308 -10.917860757315509 -2.2703720520914668,-0.7427914351686875 -10.445153036506294 5.154590959386914,-13.250086738422755 3.8567437293610625 6.39380175192464,26.3806734850449 2.550534106634652 3.6929544714245264,3.732452620132246 -1.9197289985590986 7.7998924819599775,72.5419567753487 -36.1693426015064 -44.713057841645856,29.941525905006234 84.77487213904257 27.432634056864796,3.7615552166959274 5.318493037781045 -9.09910657474579,52.33993369526054 44.63960452868101 47.99997044605525,26.124078809668347 -121.93874424248462 -45.39628193539457
-1.1050606511953665 -10.913297929331744 -2.2615828081478133,-0.8060508811571536 -10.421930951205928 5.129976148674385,-13.194050177433555 3.83854335639639 6.353789306159165,26.17056237663044 2.524655382584312 3.721912632050728,3.5212124313753765 -1.9492968483950348 7.812425982518983,72.24417055000511 -37.13872995596163 -45.355792987027826,29.956031452549407 85.02691655385013 27.561440047087228,3.5707440869002642 5.314842360179953 -9.053689742666036,52.47984804180598 44.60288571030713 47.70394799594419,26.11107496069432 -122.00190167585028 -45.400999993601594
-1.0637372665670548 -10.867903325841564 -2.2500702577188845,-0.8874556707648792 -10.374041054391196 5.091872974911822,-13.17402498873728 3.7830073804131437 6.323027853812856,25.97905666644163 2.5315007158066747 3.8076606307781176,3.310383233600795 -1.9798631675160663 7.828344322095421,72.10098489158798 -38.01724721208448 -45.84441262208025,29.963927259512808 85.27607672601049 27.69235843943662,3.389802488691003 5.301808970320119 -9.042910750427463,52.7657266800795 44.51041590546853 47.297624932905656,26.130980583464254 -121.92960492936527 -45.35403017205616
-1.014152738797198 -10.794421187027826 -2.2534559817515527,-0.9651194492531302 -10.309361551083512 5.020238914443644,-13.173940662487231 3.7108851783747667 6.32484440942402,25.833005894421607 2.5937630894046193 3.9611536610985403,3.184418152350484 -1.9892877551625112 7.855408580871835,72.2715376381861 -38.359012685724295 -45.87650042792143,29.960462123098928 85.41212821645227 27.765326294864806,3.2910403066036005 5.287380165002109 -9.082326579260009,53.14531185361014 44.39917070792294 46.92313206702673,26.184742188917834 -121.71570725999885 -45.26171681294298
-0.9715195295503748 -10.721941809552707 -2.2832650311468554,-1.0213672605518282 -10.245798772009053 4.910240486421638,-13.157894324240626 3.6465927052834815 6.368326186049516,25.71518767682485 2.714134010328018 4.16272746687756,3.177838794727424 -1.9667231678016697 7.889523114489303,72.72855238283482 -38.01378546224819 -45.391738877199586,29.948338931899727 85.41929251766454 27.767081178340053,3.2988661499667846 5.280098258540353 -9.166579046346765,53.511968985885865 44.31745180897697 46.70454394999723,26.254828894977045 -121.43306213890118 -45.15599877212943
-0.9490814242689036 -10.68716153332916 -2.334919469715205,-1.0459618872130647 -10.209895595627334 4.786903458895431,-13.097897997223559 3.6047402672358144 6.4460280021281635,25.594391889634824 2.8714537300417224 4.35655810880439,3.26260733009617 -1.9204233243204614 7.908835991993527,73.23519281593977 -37.207118477602975 -44.610404915384414,29.93622949615692 85.38888378853616 27.740825697629543,3.382176059693104 5.284162090171529 -9.272659629329311,53.73012304669437 44.314348801369796 46.713416056096534,26.3108092634867 -121.20820417464421 -45.08349286803313
-0.9529333290557042 -10.721681138454983 -2.3873934853103176,-1.0360786990542632 -10.229622193512489 4.700391092080675,-12.995117029412704 3.584137926563222 6.539718346843639,25.458956607295647 3.028234257493677 4.466670825873483,3.3672945718244147 -1.8745974610614162 7.880764055490233,73.44463915052518 -36.419211870754026 -43.92059022066391,29.93392484475426 85.46490153229288 27.760773732052144,3.474576335131571 5.297566732852654 -9.370384575851075,53.680717290478725 44.42788851423895 46.95930884063648,26.32131862153101 -121.16938988490699 -45.08753716090435
-0.9793547563564102 -10.83981966957801 -2.413942116703638,-0.9950267808404318 -10.322639470060883 4.701102003981752,-12.880904617938706 3.572601017651391 6.62997158145372,25.330314916289783 3.145894853330817 4.430944205376034,3.416139335206844 -1.8563391708202681 7.780624675325366,73.08194235923276 -36.127786581991714 -43.67412316473278,29.946693002719897 85.75066212007897 27.884596629654304,3.510055032225558 5.3142431444694935 -9.434708049897969,53.31227386475326 44.673016470112415 47.39999291950254,26.267473225719375 -121.39034178188919 -45.19031981409876
-1.0157531456729523 -11.031318921582663 -2.398364997999619,-0.9316276989408926 -10.484762516594076 4.8072541634166335,-12.796816803803038 3.5590967129081155 6.703702345520599,25.24750703990065 3.2000336127501408 4.237503607943825,3.3664779212298073 -1.8795995462433566 7.612316012356632,72.11509389486402 -36.55548261526691 -44.00298422618594,29.97192054825066 86.23044088856349 28.11123867702535,3.4545138907891078 5.328621452590694 -9.454221947227293,52.676272599051195 45.0321900117058 47.95871079950386,26.152011438197345 -121.85421968430686 -45.38216928748117
-1.0449923812445407 -11.261802737649449 -2.3472566402559965,-0.8605304932047029 -10.684930051527122 4.984476188109848,-12.766091496297253 3.5450449651213587 6.755710457553048,25.233327509231586 3.1883342010227054 3.9432483243906358,3.225368327016749 -1.93535769106556 7.418036817477915,70.81767353945867 -37.55923342985608 -44.75701069702662,29.99996213550403 86.7556932690912 28.37057658974484,3.317277802235462 5.33953915060997 -9.432729276824547,51.92755468776252 45.45297692292276 48.53848058200441,26.000133828930984 -122.45374345035208 -45.62231278559491
-1.0515931753887442 -11.481391234413055 -2.290225165215598,-0.8018641506075896 -10.871230843273294 5.152336453636993,-12.774862855697162 3.546838292632756 6.784595962853395,25.265774013075742 3.1279701622247704 3.6607666338838523,3.0388351082149687 -1.9941330045275618 7.268202253273154,69.67581962623085 -38.71892903226643 -45.595299358420974,30.01888314130086 87.11102854462096 28.55441731269013,3.138868462682718 5.35086345384116 -9.384536736332423,51.28247515190504 45.85658640266765 49.03234595408476,25.85144768925537 -123.02793168392637 -45.8510818149162
-1.0275354253556173 -11.639126491937198 -2.2665282335681325,-0.7780183893506489 -10.987730255863813 5.218519171021588,-12.776149983025803 3.586883290065393 6.787226191124163,25.276735203696905 3.0450517484549025 3.5151547936030045,2.8626711320191256 -2.020295059547459 7.232964865756562,69.17353742846763 -39.5705838685098 -46.17661741940983,30.020641468149595 87.12889220437415 28.574348575114286,2.9648478358443042 5.368315875440153 -9.326981115490554,50.94557939802033 46.15765903776159 49.3360691779898,25.746122165105504 -123.42043146293959 -46.00929150803267
-0.9754836932887918 -11.698666954358085 -2.304424952116904,-0.806715405700499 -10.996150822269808 5.1252093932161005,-12.716320056791277 3.6777028251590904 6.756815338369802,25.184039303131556 2.9625004288984464 3.5885947973883963,2.7333404918468016 -1.9909357003601933 7.347717432402012,69.5592097627564 -39.848923610080135 -46.33834720215308,30.005390152716586 86.79033991705218 28.41474202433306,2.822671274918499 5.394474545746888 -9.274272392226814,51.03168748422044 46.29005131617017 49.36972835074233,25.710747397164745 -123.53557989267854 -46.05786647955479
-0.9081865049825468 -11.649877764109323 -2.4042610919624425,-0.8922608087926587 -10.892947969893072 4.883511569656617,-12.56994622321918 3.808569329746131 6.687009492011093,24.94206730480499 2.892703676614311 3.8790058100831613,2.6559490525050387 -1.9091661262937776 7.590274174821771,70.71351170536629 -39.60175765970462 -46.16150767229783,29.981507234028424 86.25200160990534 28.14941648802326,2.715295209232284 5.425244763329801 -9.23502751941442,51.51609250983818 46.22883201727882 49.106459628965055,25.749460674839288 -123.36980057999506 -45.990654297054675
-0.8442235292540813 -11.512015107983448 -2.5350107691464214,-1.019246908063131 -10.713258620419698 4.575986209227509,-12.362810235956829 3.943655357202064 6.579839305806409,24.582396162126393 2.8377251922295885 4.294384357557523,2.614716425832883 -1.8043399625692795 7.88340412075609,72.19221639242541 -39.11524885924131 -45.88703236325261,29.9612202925826 85.7771456997661 27.909150120765972,2.6338672301868327 5.450379950510213 -9.213199968619703,52.23679138461178 45.9984945001492 48.59595462433074,25.843655517161295 -123.00679894505603 -45.835807197253565
