-16.6 5.2 -9.8,-11.1 9.6 -5.9,-22.0 6.1 -6.9,43.8 -3.2 12.1,29.9 1.2 7.4,-2.5 69.1 -43.9,29.4 102.9 36.4,28.1 13.9 11.2,-3.8 -62.4 41.6,28.6 -109.2 -39.5
-17.2 5.8 -9.3,-13.2 10.3 -5.7,-18.1 4.9 -7.7,40.7 -3.0 12.8,29.9 0.5 7.0,-6.0 68.3 -39.7,28.3 111.1 40.4
28.3 12.9 9.8
-4.8 -67.8 39.1,28.3 -111.6 -40.6
-18.3 5.6 -9.4,-12.2 9.6 -5.4,-19.7 5.3 -6.3,40.8 -2.9 12.0,30.0 0.7 7.0,-3.1 70.0 -42.7,28.9 107.2 38.5,28.3 13.2 10.3,-3.9 -64.0 40.7,28.1 -112.4 -41.0
-19.5 6.4 -10.8,-12.4 8.8 -4.2,-15.0 5.6 -6.9,31.5 -4.4 14.0,30.8 1.8 8.9,-5.1 69.2 -38.3,28.4 110.9 40.3,29.0 14.0 10.6,-4.2 -68.0 40.6,27.6 -115.5 -42.4
-18.4 7.1 -11.6,-11.4 9.5 -5.3,-12.3 6.0 -5.7,26.8 -4.1 15.4,30.3 2.4 10.1,-3.8 70.3 -39.2,28.9 107.0 38.4,28.4 14.3 10.9,-2.8 -66.6 41.6,28.6 -109.5 -39.7
-19.6 8.2 -12.8,-12.3 10.0 -5.1,-12.7 6.0 -9.6,27.7 -6.7 15.7,30.5 2.8 10.2,-4.9 70.8 -37.8,28.6 109.4 39.6,28.5 14.8 11.6,-4.8 -66.9 38.6,27.8 -114.0 -41.8
-19.6 10.8 -12.3,-12.9 13.2 -5.8,-13.8 6.1 -10.1,28.2 -7.5 16.7,29.8 2.2 10.1,-6.9 68.2 -37.4,28.6 109.2 39.5,27.4 14.7 13.9,-6.3 -71.5 40.6,27.7 -114.5 -42.0
-20.4 14.9 -12.3,-13.0 16.6 -5.3,-15.5 5.9 -12.2,29.9 -9.1 18.0,31.2 2.3 11.2,-7.1 66.0 -35.4,29.2 104.5 37.2,28.6 15.0 15.9,-6.9 -74.1 38.7,28.1 -112.7 -41.2
-20.8 10.1 -11.0,-13.7 12.5 -4.4,-15.1 5.9 -10.0,30.6 -7.4 15.0,30.2 1.6 9.5,-7.0 66.6 -36.8,28.2 111.7 40.7,27.9 14.1 13.4,-5.4 -69.6 39.8,27.6 -115.3 -42.4
-18.5 5.5 -10.6,-15.8 10.7 -6.6,-15.8 6.9 -8.1,33.5 -6.0 13.2,29.3 2.1 9.3,-5.7 69.1 -36.8,28.2 111.8 40.7,27.3 14.3 11.9,-3.3 -70.3 39.4,27.6 -115.0 -42.2
-20.4 5.1 -12.0,-13.8 9.4 -5.7,-16.0 7.4 -10.6,32.8 -7.8 12.9,29.5 3.0 10.0,-5.2 69.7 -38.8,28.2 111.6 40.7,27.5 15.0 11.6,-3.7 -65.0 38.1,27.6 -115.1 -42.3
-22.3 7.5 -12.0,-14.0 9.6 -5.0,-16.5 6.5 -11.9,31.4 -8.6 15.3,31.2 2.4 9.1,-7.4 67.2 -34.1,28.5 110.1 40.0,29.0 15.1 13.1,-5.3 -69.0 37.7,27.8 -114.4 -42.0
-20.4 5.1 -12.0,-13.8 9.4 -5.7,-16.0 7.4 -10.6,32.8 -7.8 12.9,29.5 3.0 10.0,-5.2 69.7 -38.8,28.2 111.6 40.7,27.5 15.0 11.6,-3.7 -65.0 38.1,27.6 -115.1 -42.3
-19.0 7.9 -14.1,-12.8 9.9 -5.5,-13.4 6.1 -12.5,28.1 -8.3 17.0,30.5 3.4 10.2,-4.6 70.3 -36.9,28.8 108.0 38.9,28.4 15.5 11.9
-4.3 -68.4 39.7,28.4 -110.7 -40.2
-18.6 9.4 -16.2,-13.6 11.6 -8.5,-10.3 6.0 -11.9,22.3 -8.4 21.0,27.0 3.8 11.3,-3.2 68.8 -37.0,29.4 103.1 36.5,25.0 15.2 11.3,-6.4 -65.2 37.0,28.7 -109.0 -39.4
-19.1 9.2 -17.3,-13.1 10.8 -8.6,-11.6 6.4 -10.8,23.9 -7.1 21.5,26.4 4.3 11.6,-1.7 67.6 -37.6,29.4 102.5 36.2,24.2 15.7 11.6,-3.5 -62.1 40.1,28.6 -109.7 -39.7
-16.9 8.5 -15.4,-12.8 11.6 -8.6,-14.8 6.4 -11.9,28.8 -7.6 19.5,25.2 3.1 9.9,-3.8 65.9 -38.1,28.9 107.4 38.6,23.1 15.1 12.3,-8.0 -64.4 39.9,28.5 -109.7 -39.8
-17.6 10.1 -14.7,-14.2 13.5 -7.5,-10.3 5.7 -15.7,23.1 -11.7 19.9,25.3 2.4 9.8,-8.8 66.6 -37.6,28.9 107.6 38.7,23.2 14.4 12.2,-8.5 -68.8 37.6,27.4 -116.4 -42.9
-19.5 8.8 -14.5,-14.8 11.4 -7.6,-13.2 6.0 -13.8,26.7 -9.5 19.4,25.7 2.4 9.3,-5.1 65.7 -38.1,28.9 107.4 38.7,23.6 14.5 12.1,-6.8 -65.3 39.1,27.7 -114.7 -42.1
-18.4 10.5 -14.1,-13.0 12.8 -7.7,-13.2 6.5 -14.2,26.9 -10.6 18.4,25.2 2.4 10.7,-4.5 63.8 -37.0,29.1 105.9 37.9,22.9 14.4 13.0,-6.7 -62.1 39.5,28.0 -113.3 -41.4
-16.5 9.6 -12.6,-12.7 13.5 -6.9,-12.5 6.3 -10.6,24.5 -8.6 17.1,24.8 1.9 10.4,-2.6 61.4 -36.7,29.7 99.0 34.5,22.7 13.6 11.8,-6.0 -61.8 38.1,28.8 -108.3 -39.1
-18.3 6.9 -13.1,-10.7 11.2 -7.7,-11.5 7.3 -8.9,23.0 -8.0 17.0,24.9 2.4 9.8,-5.3 61.7 -40.7,29.2 104.5 37.2,22.8 14.4 12.3,-6.9 -60.6 39.6,28.7 -108.7 -39.3
-13.6 9.5 -14.0,-9.0 15.3 -10.4,-10.2 7.2 -9.1,20.3 -8.2 20.9,23.7 2.8 11.2,-7.9 64.1 -40.4,29.3 103.9 36.9,21.3 14.6 13.3,-9.0 -70.9 41.2,29.0 -106.5 -38.2
-15.9 10.9 -15.9,-8.9 14.2 -10.0,-8.5 7.0 -12.4,17.2 -11.3 22.7,22.8 3.0 11.2,-6.7 63.2 -40.0,29.6 100.7 35.4,20.4 14.9 13.7,-9.1 -63.4 40.4,28.6 -109.4 -39.6
-15.4 9.0 -17.5,-9.0 10.7 -9.7,-10.8 6.4 -15.5,20.4 -12.2 24.8,22.2 3.4 10.3,-3.9 65.5 -38.4,29.6 100.8 35.4,20.0 15.2 12.1,-6.9 -54.9 41.6,28.3 -111.1 -40.4
-16.9 8.8 -18.2,-8.9 10.1 -9.7,-12.6 6.7 -15.9,23.0 -11.9 23.5,22.9 3.9 10.3,-3.5 66.5 -38.9,29.7 99.1 34.5,20.6 15.8 12.7,-6.6 -49.2 41.0,28.8 -108.1 -39.0
-15.7 9.5 -17.2,-8.7 10.3 -8.5,-12.7 6.0 -16.1,23.0 -11.8 24.1,23.0 3.3 10.1,-3.8 62.9 -36.8,29.5 101.3 35.6,20.8 15.2 12.3,-6.0 -50.8 41.7,28.6 -109.3 -39.6
-16.9 8.8 -18.2,-8.9 10.1 -9.7,-12.6 6.7 -15.9,23.0 -11.9 23.5,22.9 3.9 10.3,-3.5 66.5 -38.9,29.7 99.1 34.5,20.6 15.8 12.7,-6.6 -49.2 41.0,28.8 -108.1 -39.0
-15.7 9.5 -17.2,-8.7 10.3 -8.5,-12.7 6.0 -16.1,23.0 -11.8 24.1,23.0 3.3 10.1,-3.8 62.9 -36.8,29.5 101.3 35.6,20.8 15.2 12.3,-6.0 -50.8 41.7,28.6 -109.3 -39.6
-16.9 8.8 -18.2,-8.9 10.1 -9.7,-12.6 6.7 -15.9,23.0 -11.9 23.5,22.9 3.9 10.3,-3.5 66.5 -38.9,29.7 99.1 34.5,20.6 15.8 12.7,-6.6 -49.2 41.0,28.8 -108.1 -39.0
-15.7 9.5 -17.2,-8.7 10.3 -8.5,-12.7 6.0 -16.1,23.0 -11.8 24.1,23.0 3.3 10.1,-3.8 62.9 -36.8,29.5 101.3 35.6,20.8 15.2 12.3,-6.0 -50.8 41.7,28.6 -109.3 -39.6
-14.7 3.1 -16.8,-10.1 7.2 -8.3,-12.8 6.1 -14.7,23.7 -9.9 21.0,25.2 3.7 8.0,-4.4 61.4 -38.1,29.3 103.9 36.9,23.5 15.7 9.9,-3.2 -60.3 42.1,28.8 -107.6 -38.8
-15.7 9.5 -17.2,-8.7 10.3 -8.5,-12.7 6.0 -16.1,23.0 -11.8 24.1,23.0 3.3 10.1,-3.8 62.9 -36.8,29.5 101.3 35.6,20.8 15.2 12.3,-6.0 -50.8 41.7,28.6 -109.3 -39.6
-16.9 8.8 -18.2,-8.9 10.1 -9.7,-12.6 6.7 -15.9,23.0 -11.9 23.5,22.9 3.9 10.3,-3.5 66.5 -38.9,29.7 99.1 34.5,20.6 15.8 12.7,-6.6 -49.2 41.0,28.8 -108.1 -39.0
-15.4 9.0 -17.5,-9.0 10.7 -9.7,-10.8 6.4 -15.5,20.4 -12.2 24.8,22.2 3.4 10.3,-3.9 65.5 -38.4,29.6 100.8 35.4,20.0 15.2 12.1,-6.9 -54.9 41.6,28.3 -111.1 -40.4
-16.9 8.8 -18.2,-8.9 10.1 -9.7,-12.6 6.7 -15.9,23.0 -11.9 23.5,22.9 3.9 10.3,-3.5 66.5 -38.9,29.7 99.1 34.5,20.6 15.8 12.7,-6.6 -49.2 41.0,28.8 -108.1 -39.0
-15.7 9.5 -17.2,-8.7 10.3 -8.5,-12.7 6.0 -16.1,23.0 -11.8 24.1,23.0 3.3 10.1,-3.8 62.9 -36.8,29.5 101.3 35.6,20.8 15.2 12.3,-6.0 -50.8 41.7,28.6 -109.3 -39.6
-16.9 8.8 -18.2,-8.9 10.1 -9.7,-12.6 6.7 -15.9,23.0 -11.9 23.5,22.9 3.9 10.3,-3.5 66.5 -38.9,29.7 99.1 34.5,20.6 15.8 12.7,-6.6 -49.2 41.0,28.8 -108.1 -39.0
-15.7 9.5 -17.2,-8.7 10.3 -8.5,-12.7 6.0 -16.1,23.0 -11.8 24.1,23.0 3.3 10.1,-3.8 62.9 -36.8,29.5 101.3 35.6,20.8 15.2 12.3,-6.0 -50.8 41.7,28.6 -109.3 -39.6
-14.7 3.1 -16.8,-10.1 7.2 -8.3,-12.8 6.1 -14.7,23.7 -9.9 21.0,25.2 3.7 8.0,-4.4 61.4 -38.1,29.3 103.9 36.9,23.5 15.7 9.9,-3.2 -60.3 42.1,28.8 -107.6 -38.8
