-46.98406219482422 -30.73659324645996 14.842977523803711,-36.75288391113281 -13.06171703338623 1.053128957748413,-34.95927047729492 -2.57629132270813 20.473064422607422,87.97454833984375 -65.0301742553711 -70.84166717529297,6.911172866821289 -5.232019901275635 -5.538877487182617,-13.058773040771484 1.2156487703323364 -42.199092864990234,26.882442474365234 61.28398132324219 16.116437911987305,8.020421028137207 6.232043266296387 -5.571403503417969,30.670066833496094 -0.36392778158187866 41.47822189331055,28.654958724975586 -70.97584533691406 -20.640886306762695
-46.535320968766875 -31.09369727511645 15.361191528000333,-36.4342587606889 -13.106220285078884 1.2346382246415555,-34.7678112968505 -2.5238510203327156 20.591503091427736,87.51910167187066 -58.86868598770287 -65.20141744853856,6.83550147743514 -5.266423564278502 -5.5883246817540275,-13.75925112187431 2.197639093536277 -42.62681015257579,26.98460153439407 61.753194920147685 16.329279346931067,7.956428515368454 6.192671553262244 -5.641453651591713,30.495167076368062 -0.20303582334745449 41.45789280575739,28.60240354694974 -70.53821603200751 -20.427379368477553
-46.26269731369025 -31.335806256263567 15.763451476949294,-36.11686813805787 -13.067085619628443 1.376178883220844,-34.58849131927861 -2.5026954644004675 20.641210936794906,87.23746805051692 -53.325104520076934 -60.120479244338284,6.820027175932993 -5.305803521598366 -5.602309398920445,-14.29112634856758 2.7614514126335985 -42.93730750206984,27.06512796937837 62.12528262865309 16.49825227362739,7.945322344989074 6.148207051007716 -5.675496537478286,30.442081188907576 0.023382050231276957 41.41289996438992,28.4764804024566 -69.73089405740997 -20.042904208729666
-46.081021027163004 -31.4535145455943 16.04574458747359,-35.77856341263339 -12.959740725168809 1.485677505916362,-34.41419243185584 -2.503870216200692 20.6163861541196,87.03272054819607 -48.23771986621096 -55.441510995141705,6.846776058521336 -5.348408409349752 -5.600068856298665,-14.677359490511915 3.009127825687161 -43.15782102418796,27.129917983507568 62.4275302066654 16.63575718366171,7.972705684753115 6.101237309035897 -5.6888274901988805,30.436180079962497 0.27946573350123344 41.3662202162589,28.30864154229343 -68.72230940884559 -19.565990651065796
-45.90512190675375 -31.4374164988017 16.20405807639621,-35.39719595380915 -12.79961328983388 1.571060665158193,-34.23779652185881 -2.5184208370226964 20.511226938812477,86.80793223732164 -43.444822039822604 -51.00717113339846,6.89777422140666 -5.392486863647188 -5.600840271505479,-14.940911317367938 3.0427104307598296 -43.315586829645696,27.184867780971107 62.68722341209164 16.754194568619464,8.024181702414634 6.05434987684988 -5.696741838874692,30.402834658380687 0.5293551208093328 41.34083040841513,28.130339217257504 -67.68089208203854 -19.07516851903272
-45.64982975003114 -31.278106471578788 16.234379160540158,-34.95061713097885 -12.602131001757567 1.6402549333764205,-34.052185476564134 -2.5373928881557872 20.31993148628423,86.46617619030715 -38.78470105462953 -46.66011809155816,6.955047760795454 -5.436287520605205 -5.623860862157684,-15.104742598796278 2.9642413259144678 -43.43784102915864,27.235873565958435 62.93164800283883 16.8659649200861,8.085353565727683 6.010132303952763 -5.714534912626917,30.26741583301002 0.7371901065024926 41.35970738790934,27.973025678146108 -66.77507207271297 -18.6489676361772
-45.22997435456379 -30.96617881961858 16.13269505672842,-34.41667831353615 -12.382721549073755 1.7011868830011276,-33.850241183248414 -2.5518319308892705 20.03669799194551,85.91052547956612 -34.09564692434938 -42.24301030207041,7.000622772894202 -5.478059016338328 -5.68836784587207,-15.191814104457556 2.8757626092139366 -43.55181973344233,27.28883154265899 63.18808973681396 16.98346872964705,8.141824442446314 5.971172139847638 -5.757502040576748,29.955294512698345 0.867110584927631 41.44582800179231,27.868153175756497 -66.17327937659303 -18.365917826046008
-44.61694422064833 -30.50903082687126 15.90495544588084,-33.77984486244896 -12.15618966626068 1.7612233832914195,-33.62656713871097 -2.5543987487875714 19.66014144627839,85.10357912805354 -29.299302931511885 -37.67192270235936,7.024468593974227 -5.516282334768258 -5.795722198852522,-15.224118097684897 2.86310899732171 -43.678963443905076,27.348700730607398 63.4798305437586 17.117313651224254,8.183689465517974 5.939798778495372 -5.824493768133208,29.41079363143996 0.8877212178255619 41.614232927446785,27.84050377784968 -66.00804421333572 -18.287801603203725
-44.09044566167517 -30.005657389041538 15.611418276172534,-33.06063691575081 -11.933944187616529 1.8246801999744173,-33.38515183016702 -2.546559168237962 19.212954064517593,84.33242929608551 -24.771695085173416 -33.26314478865204,7.059855454555528 -5.550705054776082 -5.849836345746272,-15.218367234280485 2.9237640929609547 -43.8091191228361,27.415331285285493 63.808326330460574 17.268334063169696,8.225530766674053 5.916934333484781 -5.824715378236649,28.681549082420382 0.7919654026658693 41.83670049078063,27.878498459242792 -66.21619676151279 -18.38510706718167
-44.03472921843755 -29.586112267543946 15.33075631192181,-32.29180004462392 -11.726242467552256 1.8948385323398502,-33.133166002004636 -2.532764624502947 18.72599215347111,83.99419709106537 -21.042921228947243 -29.46867058045804,7.154736027569263 -5.581504231535987 -5.7215799121751525,-15.189483963750074 3.0252534537636886 -43.92142101338277,27.486841051479395 64.16763224835056 17.434050427155018,8.290233515162956 5.903023738582483 -5.636975289594814,27.850228057831067 0.5810393014833549 42.070339644352245,27.958228896191876 -66.66820934189785 -18.597366259571896
-44.64915679847375 -29.33009539824554 15.113782300915389,-31.5029170614455 -11.540977017686512 1.973868062888567,-32.8770540592637 -2.5172524620591052 18.22823738768495,84.30456088475925 -18.478997588570692 -26.622723435414084,7.336833920116809 -5.608753967683167 -5.34510518470268,-15.153337901502718 3.1394992795157357 -43.99942748686987,27.560139874723408 64.54441967596264 17.60847867883523,8.393162136850771 5.8966998164294715 -5.2053867266083875,26.99450400461095 0.2605435754946884 42.27622230277311,28.05656422520795 -67.23738503691222 -18.865347297655894
-44.95181983439681 -28.99557815691512 14.833295058011744,-30.70330979551558 -11.370943986249959 2.056845467986535,-32.61860546459412 -2.502877406528102 17.736657606446816,84.31990639607609 -16.39729174807716 -24.306722700669617,7.504610647824363 -5.6318686779331095 -5.058869057397528,-15.131856663422122 3.2666560001446037 -44.05500542286385,27.62443203887049 64.87824408735185 17.76327132521521,8.501609447525773 5.885025390359332 -4.891267647391729,26.159978770280695 -0.13583576932844366 42.44080420630663,28.155402165642638 -67.81544689294405 -19.13787174274076
-43.496223029681516 -28.21399796915576 14.292081565389442,-29.894331550672167 -11.203002210554908 2.1360577864104378,-32.35777891918585 -2.4919504076690124 17.263495678306967,82.64067636292462 -13.702743949239295 -21.806014334308298,7.505689706106163 -5.650003325622989 -5.360339048197751,-15.14935044134338 3.4179816156205827 -44.11115527070196,27.66589127569116 65.09013054849382 17.861285468361306,8.563961981506807 5.850512871036858 -5.220020177683292,25.37964063096626 -0.5633669261301172 42.56052440452848,28.238618148898883 -68.3013624198569 -19.36692852829564
-39.14710834710641 -26.70115890780413 13.340964551679528,-29.07999461393305 -11.02647631607046 2.2051101359259397,-32.09603146884016 -2.486829554346662 16.822751082903036,78.17296123893377 -9.521215705875907 -18.549566930935555,7.21974027697953 -5.66313771139347 -6.639709379412541,-15.228654476133919 3.6078393685873564 -44.19022925832873,27.672001597671017 65.1100639521497 17.869687630609313,8.539054388984813 5.778004460131578 -6.606845575743505,24.69060949005549 -0.9812825784651765 42.630169399364924,28.289760562643238 -68.59358123408957 -19.504337265455735
-33.11606614163703 -24.809032718516843 12.192944295497503,-28.284432937370678 -10.849324491969723 2.2675612379487586,-31.84611095581714 -2.4902368944755784 16.44170663189022,72.12754716852517 -4.645885902672204 -15.050787642755445,6.768122316348027 -5.6774537525840065 -8.478312539300916,-15.38147905955682 3.8737242340362017 -44.30950898786946,27.640146359998894 64.9356824305536 17.78818149922824,8.464563644035447 5.669929165447785 -8.635995700669188,24.16127521224088 -1.3788013919647641 42.631929699143406,28.28988497694005 -68.58653147877462 -19.500588403986423
-27.681764875044134 -23.17884741002371 11.22569798243393,-27.540929503869997 -10.687977340022437 2.3314955738772953,-31.6258989846385 -2.5050599628994883 16.15368487635836,66.76313217772324 -0.6280385790692358 -12.316162189314193,6.382089088217023 -5.701953379521329 -10.089703254801305,-15.61447612951299 4.263648851943821 -44.4839705210415,27.57221000617661 64.59538506791947 17.631264940980515,8.414015187975435 5.5367124618208425 -10.513901707560148,23.874245662499927 -1.7587762257133344 42.542268595619824,28.21891351365297 -68.17281279114866 -19.3055680431536
-24.875405432714107 -22.38091325568957 10.775566579441692,-26.88203384897626 -10.557410877144406 2.403049048920802,-31.4534160123298 -2.533450310764648 15.986459975198036,64.09315591490655 1.1632794337693677 -11.229867955102252,6.267546164608329 -5.745071346854442 -10.775781245215756,-15.93515100596964 4.82240630026203 -44.72705801930191,27.47145593710246 64.11992307334266 17.41418920558098,8.453092015427167 5.388182103584436 -11.532323131485734,23.895542656328917 -2.1259814932130703 42.338226421582824,28.05911366532508 -67.26116402000326 -18.876949181610602
-24.479879949659225 -22.341973974713742 10.803947320235935,-26.333364142608 -10.45928740181989 2.4708276494302663,-31.347687565410453 -2.5710074471862807 15.918197546608132,63.903251688516406 1.0134556482248398 -11.566413600730156,6.400082009388575 -5.810072720564299 -10.640495043205501,-16.358823882453212 5.565689615192941 -45.0386965590306,27.35320839670378 63.559587531769 17.158243086383376,8.576135509983853 5.228492972452966 -11.758692758707616,24.14306268786728 -2.5016688557716065 42.002230978297135,27.813659531898885 -65.90392164489678 -18.241675840259596
-25.099904823736612 -22.651526678490374 11.075756590772096,-25.916906328102158 -10.388292457216634 2.5142512012395035,-31.328265854509258 -2.6098974307143785 15.901066966505901,64.81162089785005 0.07484676049557992 -12.518810798666703,6.634592575382481 -5.897513507319453 -10.20808886001982,-16.904910161573373 6.4939426092126045 -45.41172684350983,27.239111842990738 62.97490896150962 16.88787921597224,8.740102085247297 5.058827208572806 -11.666917532723662,24.457080501282615 -2.915724506575816 41.519533248960244,27.49668085167407 -64.22867126073008 -17.462991964418343
-25.419780638121537 -22.908493496313092 11.35379057690523,-25.63107384372458 -10.33351877210944 2.513147070874527,-31.396766161003946 -2.6362582833964123 15.87623197824394,65.48824057969343 -0.5662822768646083 -13.302389473547818,6.836584574082381 -6.004052563195481 -9.956847722036649,-17.569883506875577 7.592088460619593 -45.84320956856779,27.15406610824825 62.453690844436785 16.640901195503712,8.903717472499816 4.884404853277474 -11.688364940835845,24.652737322488704 -3.40634577571782 40.89433481064956,27.130136853407123 -62.39600078778435 -16.61886183956403
-25.077855945487848 -22.843234809585084 11.396694569595367,-25.22460180924887 -10.225391058711173 2.4525224275975326,-31.36450998106723 -2.572613230650353 15.670553277516689,65.26118699165504 -0.6055660631843207 -13.4234621453128,6.99536935963083 -6.085267180276216 -9.83837513550905,-18.10650819913275 8.681856826113698 -46.37562512941467,27.156908698600354 62.37204657228572 16.59642187201567,9.047962292801602 4.753550611249918 -11.765281548274322,24.285844552551293 -4.099074668887269 40.33156964019839,26.818006332291944 -60.90950840549396 -15.939990546507671
-24.28710441412695 -22.265276537742977 10.960613767003004,-24.295843563639252 -9.958998158421375 2.3205042468453705,-30.928204460419234 -2.3031701709537207 15.042046591971042,63.85491094790987 -0.2095789563431587 -12.563600768242365,7.1748260850351295 -6.071991137517015 -9.487053209998235,-18.120761840952884 9.48668555819329 -47.07881030253626,27.326917853108128 63.27973920702351 17.01866495106535,9.167221334529943 4.740551217335825 -11.545315351452851,22.756018688977267 -5.1720610751491005 40.157073264577654,26.713668642355756 -60.47938809992507 -15.749079271061543
-23.26610109548546 -21.018877729006714 9.836200024495161,-22.489009134763155 -9.443859854186051 2.107656540734832,-29.820532432612453 -1.726699283604128 13.784341170740475,61.06164009859519 0.4480559039842575 -10.463888431707943,7.432147582259572 -5.901972860516892 -8.568080357553617,-17.2632428689702 9.761831840103872 -48.01280899343227,27.730504454182203 65.64437097987158 18.132732821193695,9.25529125207795 4.911025664099854 -10.710764804675675,19.55101389518938 -6.774043412258173 40.66254341878552,26.954046417589943 -61.73719675842106 -16.332887561330512
-22.20409033109282 -19.378189117309823 8.255443211603636,-20.060635526345642 -8.780087957368218 1.8351340458176275,-28.253971471565723 -0.9347641015657542 12.158196691200192,57.47000032467608 1.1863458237912887 -7.59502032612588,7.726000447920031 -5.605655524056238 -7.196103755922782,-15.780454632078255 9.686374780035694 -49.107735860015055,28.266081116418178 68.85326557957525 19.64892138678545,9.296100291901016 5.2152845488698585 -9.438394524110189,15.312165236632545 -8.66872574109547 41.682262294532954,27.457116777704744 -64.27345106315273 -17.502786921795607
-21.270056729011404 -17.914302458362492 6.755180593681442,-17.69021511416275 -8.199442770198301 1.5452215676197416,-26.772409934849055 -0.1520971799821156 10.747035936979312,54.21871724680105 1.8192077035898422 -4.931659897137795,7.9469958079907075 -5.27750976483194 -5.796220354639817,-14.330512565211134 9.732141914740872 -50.20395894536483,28.716018253644414 71.54756102796273 20.92193194897339,9.266760250558633 5.5239909813880335 -8.246513966675773,11.477625914882745 -10.35385560570567 42.734559383550675,27.989623620450864 -66.95958530296319 -18.74178193079045
-20.628738091935375 -17.175366109390897 5.851402255332963,-16.040963761709055 -7.923828080914658 1.278140867936721,-25.902363986628558 0.403997342325972 10.10919502872785,52.40479637216044 2.170266147754621 -3.408012474451337,7.9923800912456056 -5.009396150032404 -4.782888275702946,-13.546613523711518 10.33330392643575 -51.13851854499421,28.874011982727882 72.43846178661937 21.339709952221455,9.148254573873716 5.713561357536796 -7.631763514531913,9.42575776997373 -11.346736792575042 43.35448153650521,28.32722871163003 -68.7096691374301 -19.552374548956006
-20.38495683362397 -17.2597810809239 5.640574543397026,-15.391187154869618 -7.980669414571754 1.0354007951461628,-25.796755046266313 0.6733158759243245 10.31187500497738,52.304279295420145 2.2160490142583877 -3.1713004797104434,7.883940474529005 -4.8326294950687165 -4.308432662274591,-13.545849490079817 11.24623026943903 -51.724419098780075,28.7462977947898 71.56082188914708 20.918709843274215,8.984032534986506 5.774799458858481 -7.647065387875783,9.355736664635087 -11.552010556522767 43.435668011191005,28.43151512915558 -69.32541768228135 -19.84284493364663
-20.59615179142738 -17.910269514575056 5.887387020197032,-15.714788035050775 -8.243590813712093 0.7878944188822701,-26.313050302564957 0.7198964664259485 11.033866896339887,53.54395527441447 2.054006400399153 -3.746367586465702,7.7419561274291 -4.730642521843407 -4.317873017801049,-14.037155291999989 11.691257054330105 -51.75565649433379,28.507196139739605 69.99629238990245 20.172437074681746,8.866943975977195 5.788971359221233 -7.99443106752413,10.534189247624916 -11.180640699097504 43.15534782464277,28.411100241381256 -69.31053292244992 -19.84237948234763
-21.312295928186998 -18.862722342680144 6.3528445303184915,-16.970402069972344 -8.58280180975342 0.5066827780661904,-27.29836446280437 0.611208024672223 11.950723226593611,55.730963181581366 1.7824439620616397 -4.651827947795904,7.684982626132471 -4.685709974691481 -4.747181871137178,-14.723307275245427 10.915813168075612 -51.04296680539484,28.32826821511989 68.81103491280865 19.607090426693585,8.886918984825128 5.836950615464838 -8.37359461847756,12.220304227660549 -10.448378262891213 42.69632002339578,28.375315516948348 -69.17338138294978 -19.7823856382039
-22.464098605767635 -19.908716863054696 6.901826860726797,-18.982281837295247 -8.883691536128271 0.18222848434404376,-28.55567463864894 0.41545446891348087 12.880378948689408,58.43533273275287 1.4523897571981215 -5.614345125859217,7.7462957414309415 -4.682997435006498 -5.466905682567898,-15.40346021432984 8.973720093818393 -49.73059774155614,28.239058865074977 68.21950954707233 19.325385936096882,9.051399002798544 5.944289420824861 -8.62545610461763,14.021644147561373 -9.501836162756463 42.199367811524,28.3697021373256 -69.14203027913369 -19.76784879988989
-23.874395726792358 -20.890198472646937 7.493168276294329,-21.453130936873702 -9.045379016745773 -0.17745720421586872,-29.848035659669684 0.20150452871820224 13.769553364233811,61.19352855718113 1.0721094418892652 -6.548762557199879,7.882035994668317 -4.710285234961451 -6.288413290006874,-15.963942794493926 6.648178254664544 -48.26445697875676,28.140659699195403 67.66581568476315 19.06509108097983,9.29321481379798 6.086502012168849 -8.718599682054528,15.860874316507948 -8.425092148217281 41.767271228413,28.3821032194677 -69.19101720031064 -19.789406122778896
-25.363733023028743 -21.653970065291407 8.087759924828243,-24.082774294611845 -8.971220070256285 -0.5634612532982025,-30.942037289855264 0.036417558171753774 14.56884316443263,63.54954371793324 0.6509289473601297 -7.376647139694137,8.045887585011371 -4.755674443695365 -7.02531987954807,-16.297198017926828 4.725087725701873 -47.09062504087244,27.933580781079424 66.5879310343183 18.561066381831893,9.543378520780502 6.237760272603448 -8.627582406959966,17.66662234195355 -7.301869301553333 41.49691640872788,28.39860212511387 -69.28586266846702 -19.833540765231962
-26.791684779004143 -22.12121757913071 8.614021178966368,-26.6077240900341 -8.65605053281668 -0.9602824437762497,-31.72584808890256 -0.05756487767326431 15.210199642734729,65.26097629213434 0.2617587225840359 -8.01818054962978,8.199427457110568 -4.812803849162935 -7.59827848800387,-16.36835795492647 3.413911558022755 -46.39370743156189,27.617256547105406 64.95271141269431 17.79855323466996,9.754159184961166 6.383493895854538 -8.36051215716317,19.235730115615162 -6.262301102569195 41.37457931498285,28.413083158988115 -69.39496235022011 -19.885904058516477
-28.058181272047072 -22.29003991444328 8.966795205407198,-28.802427564006003 -8.189297678566977 -1.3456072942173698,-32.21335055303539 -0.1045433464768166 15.60629452713119,66.30629450965877 0.04325637237459176 -8.392112127517358,8.312393749342464 -4.88103830715529 -8.038620576765663,-16.217716046169553 2.3280699892978234 -46.08794133981635,27.293410424492652 63.273878959857605 17.02168987118246,9.899805817970215 6.520773287183064 -7.96018876347504,20.22877151465405 -5.4845099401111295 41.272163661801315,28.427496894652936 -69.48968484630406 -19.931287214683792
-29.06748342370132 -22.161779396424375 9.044643361583262,-30.44843767462413 -7.660346169617683 -1.6969470721013795,-32.42398055110197 -0.13009709184646123 15.672119975216807,66.67601589106233 0.12968112472454393 -8.425365895241649,8.358728999195266 -4.960823913296908 -8.382275200128102,-15.893972281372458 1.0670005022519018 -46.07747838180387,27.06688796856773 62.08275019766515 16.48259192025416,9.95931426890355 6.646508169069058 -7.470025108431397,20.31521784875698 -5.144541313333556 41.059605344449636,28.44287200575922 -69.53583868888568 -19.95182190509722
-29.80221670133571 -21.728081182770516 8.913343193455079,-31.497313200352266 -7.018672712713514 -1.996228105603356,-32.36932398154056 -0.1388653458330059 15.424570804160549,66.41963947999693 0.41936017680305343 -8.30647054146453,8.433890774050745 -5.078543496689026 -8.649003707068587,-15.602599403375109 -0.3406753317483335 -46.34233089911015,26.99181679238861 61.668141778595434 16.30739304278112,10.030173834793903 6.735456332345712 -6.902079577360822,19.64659296057148 -5.282216531020639 40.71190118320408,28.419156026632688 -69.31837242979516 -19.846472122429144
-30.337653338496853 -20.96912592002234 8.836364187344365,-32.101602912291604 -6.048347331121323 -2.230596444286265,-32.05168608703606 -0.1107309365034066 15.001016616955201,65.65639543795068 0.5316892336943663 -8.533237813132919,8.776998222469945 -5.291243682879806 -8.839453118798232,-15.734415306306861 -1.3589315087711262 -46.95219784881587,27.062363039334624 62.032174012286035 16.473284264849664,10.349963117716365 6.736186366976606 -6.231341588487035,18.944329033773187 -5.776305362895071 40.32825665483643,28.26772816686374 -68.40841225855954 -19.415876572066857
-30.74989791165541 -19.870940806833612 9.08466630157672,-32.42132804162335 -4.532168584619409 -2.3865219224978285,-31.47328560557406 -0.024334254620646274 14.548827831142376,64.50937001098416 0.08110712653675992 -9.612802781473285,9.622904548972063 -5.656023868519107 -8.951486053205334,-16.680086434682345 -1.4447717376258036 -47.976917276911166,27.26409919566754 63.13471791515023 16.9382526190304,11.152040987492 6.595458711432341 -5.437205004667126,18.955676137493107 -6.499183939054573 39.99972437589026,27.8976413061501 -66.37103562432003 -18.458354407998733
-30.922344816411083 -18.697183829552824 9.761753160088597,-32.440161153893044 -2.6061418804781082 -2.4087721214054842,-30.65551215178031 0.13369984687614841 14.345206902568906,63.09436756577267 -0.8423023428787166 -11.688146553151434,10.670616654149281 -6.156701045608167 -8.91127749417518,-18.367262645263747 -1.0077525614972198 -49.27133727484382,27.363728387977634 63.83967101180719 17.208006480597884,12.144690723846708 6.247416536791594 -4.778250794074518,20.125330247146714 -7.447215766978321 39.16362829410167,27.238353608580496 -63.04000850359708 -16.915484367903854
-30.47769479970965 -18.087085156006715 10.74459752786124,-31.903214626118363 -0.88408226418235 -2.1857008276925316,-29.64568923623056 0.36594532868690866 14.842989912793438,61.51734171955259 -1.5050144175249527 -14.409631602729547,10.894261582962518 -6.677957550347283 -8.54802513675886,-20.097236209018284 -1.7460208450914259 -50.39947274911885,26.83187259294686 61.52832452599231 16.176422650356116,12.325886110753032 5.609134681481509 -4.890737455011434,22.488699514073996 -8.784491464620412 36.37294410362291,26.24692701099537 -58.61257218198559 -14.922643272199654
-29.024890013504823 -18.685125755351887 11.888982283212364,-30.538885282793263 -0.00200630376304392 -1.602028001450142,-28.4877499537208 0.6739979309568964 16.488212146538885,59.874443549995576 -1.1424434939730896 -17.382453361681858,9.242096364231056 -7.096828876223831 -7.683561551070876,-21.129863915931203 -5.400384935889189 -50.90433532636596,25.131020720611293 53.5524426456032 12.727112255079765,10.66750438287834 4.601549497669076 -6.419386486639401,26.029079816992855 -10.69415562493558 30.15750529450271,24.88696476634748 -53.32408037204939 -12.63354639255
-26.457645124094082 -19.85128145111049 12.744086788151032,-28.088659116627664 0.10695826659077695 -0.5647090518211317,-26.91175058984879 1.0467621631866035 18.570841532860854,57.7156258746746 0.13324668431832198 -19.599836024913706,6.197423580524738 -7.2537521577772885 -6.1108358388936015,-20.906516153138668 -10.7832658027666 -50.30739164181104,22.496680444651517 41.80655331747872 7.733522489934591,7.600821513450095 3.449981795496996 -8.90817958309327,29.34617804394091 -13.788245460730097 21.425031847592468,23.39698526527887 -48.14859947854665 -10.476834527958784
-23.111072195007775 -18.954545091071246 12.383854954407852,-24.314310331066217 0.5991614051449357 0.9848356660216446,-24.16123837595499 1.4534711273771241 18.58894159953059,53.74423420800957 0.8509308862152702 -19.106448370648533,4.622866422726791 -6.932437073177859 -3.578027726094602,-19.149909383360676 -12.168083977762493 -48.09671359400398,20.362538522397095 35.22646831481665 5.153346456092533,5.819181520463878 2.8515482949703532 -10.194951740716554,28.895138147401244 -19.34358174558014 14.76896780448769,22.441625361849997 -45.2052005791369 -9.307283044806983
-19.359073906459475 -13.220501248879351 9.852310013342342,-18.986609817266217 2.7136050739843802 3.09965167488423,-19.448656253980683 1.8616240790837055 13.912683473309759,46.608310779497444 -0.5638556651533286 -13.88870960535022,7.558596563588786 -5.914867702429845 0.16471842937678952,-15.613864434701672 -3.4955921836667336 -43.76690023045376,20.253066528614408 43.26862731435825 9.171433122943919,8.185389288087707 3.537014844938778 -7.991389768148311,20.98600474431338 -28.674415515119815 15.059219374015393,22.715758183632733 -46.68969174872598 -10.007334838108116
-15.649367953909167 -2.379665445935193 5.178917453974374,-12.528339254741335 6.694253417919619 5.601758972728336,-12.952662440753098 2.2349724315626482 4.272482156012659,36.53148044094234 -4.466306144263206 -4.0322326828833,15.605925588693815 -4.266634442559796 4.844337881520177,-10.67284065121584 16.0978603253574 -37.65772880877981,22.588196596926956 67.7401027770324 20.541894802316403,15.303094800854025 5.61354941639269 -1.8629553869799342,5.469577317118876 -41.31870200152841 23.516126400713,24.337089615273516 -52.84152208071571 -12.651173976401905
-12.561020645502728 9.380098873810182 0.14666774928085902,-6.522487527744883 11.014470976346004 7.902083932701874,-6.5712270774896675 2.530598577073799 -6.401359867577391,26.54100617822216 -9.042005917106477 6.642002247479493,25.026385596819523 -2.5579851260154745 9.257265940842741,-5.805679835963887 38.230726767333636 -31.612911592233942,25.82241084016404 96.83645779310721 33.91408992964467,23.755941261218155 8.078671545552817 5.326227989732398,-11.502821135054521 -53.65360335545949 34.865882825952376,26.396297146275437 -60.418937863382965 -15.874744961466856
-10.68400323602235 17.427194997472164 -3.2873677535142307,-2.665203224664713 13.970893812988788 9.371593024332537,-2.3720776755017745 2.7051191219680337 -13.760238239227256,19.941296939387776 -12.259565448011966 13.942220835601997,31.647865365935456 -1.4090270689725197 12.108868571127298,-2.5993419770218056 53.59946443162807 -27.624027601497943,28.21303710663454 117.39316351427716 43.327638639589566,29.725661197786355 9.819156131689008 10.382492321893357,-23.153331251890318 -61.744763198997155 43.183913115923474,27.881426107329624 -65.83292182625894 -18.17061812584648
-10.219111712486093 19.455278972159807 -4.152395913362055,-1.7017604694148147 14.715348946881413 9.738220484494562,-1.3189841880298199 2.747892968134687 -15.617093912001277,18.284857274811426 -13.073424345764973 15.782600674831913,33.323765886328935 -1.120528743387579 12.820756981347996,-1.7952331064616 57.483040975440645 -26.62464087590242,28.822366030676285 122.60000903700787 45.71078597471704,31.237761420557778 10.259573587019453 11.661683691210737,-26.09231519232277 -63.77071290201862 45.30258144644307,28.258611401197864 -67.20613758220568 -18.752690803925933
-10.570152490239401 17.919877279001838 -3.4974164953906284,-2.4301435786475905 14.151003550518388 9.460932585147347,-2.114928861000519 2.7153317575991536 -14.211482823258816,19.536477789067135 -12.456895494671617 14.390085036158572,32.05552180876907 -1.339286620029539 12.281336492183685,-2.403154652873455 54.54491808157393 -27.38161326001961,28.361166449610778 118.65975102420208 43.907373673396265,30.09360243966633 9.925842356422725 10.692888358120404,-23.86885255453485 -62.236953301860616 43.700171403690184,27.97306454425813 -66.1665892090212 -18.312061339127784
-11.044192685888154 15.855848764618221 -2.6171490254701553,-3.4116663430291143 13.394090402636758 9.087534103151572,-3.1879997406278555 2.671977158119978 -12.32155952713661,21.224681111561075 -11.628990607309824 12.516311211895648,30.349391745620935 -1.6325557491825289 11.557299258093016,-3.222355229784925 50.590506720709676 -28.398348108950742,27.740933659981483 113.35894367114979 41.48119639882533,28.554099438688 9.477921740471913 9.391381054334104,-20.876234961827947 -60.17507074317698 41.54239210570664,27.589185455187085 -64.76896364875049 -17.719632253421146
-11.185349501798122 15.254475491703854 -2.3609826422613187,-3.701001558838796 13.176019431921846 8.977827566879455,-3.5050400172548963 2.659938548824117 -11.77038549708074,21.724601121217823 -11.389038512476017 11.967774289493079,29.850533177652025 -1.7168572735330292 11.347910623392462,-3.463846684611567 49.43164870984472 -28.6933641690216,27.55987379450611 111.80889077412958 40.771657346182124,28.103533861059603 9.348427886947846 9.013364806551909,-19.99914196741057 -59.57423527802625 40.90848292544377,27.477309430606738 -64.36151288096086 -17.546888586838644
-11.098077396011059 15.640240368179256 -2.525637778407764,-3.519020424614405 13.318559133991593 9.047217167359289,-3.3063983430551387 2.6683000293493393 -12.12338018108207,21.41258516481973 -11.544324713614301 12.316849138307749,30.168639040691513 -1.6615464312038966 11.48391513099546,-3.311963779736213 50.16780170886778 -28.502806173698783,27.6756423561551 112.79715883979746 41.223952130570595,28.390386006253294 9.432584864974347 9.257133774678639,-20.55620696793466 -59.959560964593905 41.309494013784594,27.549043235582914 -64.62262309749248 -17.657554529667323
-10.967692371200542 16.181678731937676 -2.7559404586961755,-3.2548793971448897 13.512227078813797 9.146980242321538,-3.0161950799208754 2.6784958629763858 -12.620194549483712,20.95376617498552 -11.75899062819772 12.813531134668407,30.619689918211353 -1.5868879437246435 11.670737701564038,-3.091494149749999 51.21843186422519 -28.23851357958015,27.83903599671857 114.19881483589414 41.865649223606624,28.798233685631352 9.548076078611924 9.596186096980615,-21.351486847176343 -60.500609900616816 41.88588496024255,27.649801183031663 -64.98972608224351 -17.813227363994606
-10.924022017310385 16.313979007110543 -2.8110206762155094,-3.1772876553583913 13.54998564830707 9.17490540613713,-2.9282280071474847 2.6786834814226017 -12.743641212947415,20.810400715042007 -11.806529279099804 12.944978154727158,30.73674842233083 -1.5730925628929522 11.710304999589642,-3.0267086208133236 51.5011935673486 -28.178667452255116,27.880318469125513 114.5631172696818 42.0327419813395,28.90572708363118 9.572366368656267 9.67441303822722,-21.56588127366061 -60.633154613989454 42.04700303283157,27.674535536579654 -65.08035967262158 -17.85178689473245
-10.94500844935199 16.202224899619107 -2.762886584704109,-3.225260463684316 13.505213948387604 9.156094111924961,-2.979569844177866 2.6754232870582615 -12.642126180976444,20.889422674868438 -11.759756010806619 12.847520345921692,30.647084232885433 -1.590733443819911 11.668692769926052,-3.066738716372347 51.2974053419238 -28.2355928668762,27.847274587084875 114.28475321878554 41.90545875859672,28.825477595204383 9.546557116650384 9.602113887330916,-21.411801586919626 -60.52165125549807 41.938207411663285,27.653796152228328 -65.0050564076253 -17.819917011073652
-10.982844268211872 16.135214145803758 -2.736577240094055,-3.2819252396438543 13.498815951034766 9.137228458487028,-3.0468219050598644 2.6783938130540412 -12.57687157943159,21.00362639268457 -11.742217652142626 12.767524469384336,30.578685749389077 -1.5918027598753255 11.656745979194676,-3.114075890655276 51.11953310484951 -28.25960616503473,27.82455866764667 114.07121209572342 41.807126895855625,28.760604397778565 9.53948351386139 9.568639846589011,-21.27650531289225 -60.45406479641521 41.829617656747736,27.64111613381665 -64.9579096950322 -17.79969322020657
-11.000875683378792 16.274459261601322 -2.801019071939989,-3.270963285986619 13.590377556955561 9.147394995824548,-3.0466511578675908 2.691073501943514 -12.695689552499365,21.02207340016622 -11.818881934115335 12.851239447031205,30.664804337496268 -1.553186051026962 11.731348143832392,-3.105023726852136 51.276042969842614 -28.17097021900146,27.86065400494491 114.33647479736067 41.92721361607925,28.831283132779124 9.586342376767204 9.676007579006678,-21.39341983059354 -60.59172716710126 41.88932633065396,27.66653018749532 -65.04825052743136 -17.83745433047049
-10.997916565564664 16.3767150529572 -2.846704453728445,-3.245014300350988 13.644497675982509 9.159727713098848,-3.0231304259783807 2.697224960595635 -12.785756780742917,20.992750797085066 -11.868439332520925 12.926546779942331,30.73743451030053 -1.530927945990039 11.777789307481214,-3.0834059102129365 51.42669656699844 -28.112372763021533,27.889022680461373 114.56118656476599 42.02952073934694,28.89393505141717 9.615362945371873 9.748516287424014,-21.506803880298634 -60.69328647110382 41.96098759131473,27.685349829977866 -65.1158716041501 -17.865899056382847
-10.979814938269014 16.11846675227551 -2.7287396261832533,-3.2822927989276534 13.48710665675787 9.13626424674165,-3.045599587940295 2.6767009215651316 -12.562730413889458,20.999130332334794 -11.732638884915582 12.758190572327845,30.568826772425282 -1.596771374773413 11.647330129111662,-3.1143693383677777 51.10260678302724 -28.270611592347343,27.820316286578212 114.04089736668563 41.79343386997076,28.75267466988173 9.533561298206482 9.5553897518289,-21.263906020822763 -60.43753250991258 41.82391390451532,27.638067836083525 -64.94711207579795 -17.795189546968118
-10.955758139985525 15.415118479936988 -2.4100106138825126,-3.4117120554055695 13.078888406539326 9.064777234363097,-3.1432494497856394 2.625726814972019 -11.950928257162367,21.083303619741873 -11.373286362233817 12.278115971127063,30.094989008098814 -1.7665927047065781 11.305020802446254,-3.2220258194000717 50.16427959397252 -28.691463147233627,27.630291037864218 112.57726006140278 41.128440720910696,28.3511990521058 9.31917124818517 9.039278149220555,-20.55947313395689 -59.74025183236163 41.40724997650762,27.509049623825966 -64.48549738817655 -17.60149633182975
-10.947302531065262 15.067044163816842 -2.252626187571826,-3.479570601476917 12.879662048879165 9.028363292483581,-3.1965562589102814 2.601173519001243 -11.647559625912118,21.134087785398947 -11.196884834673481 12.03759075553354,29.85849620024972 -1.8493352237026544 11.137394743054026,-3.278490742842139 49.692312620058686 -28.898352360099715,27.535854551573202 111.84656278831636 40.79634093625448,28.15022734199547 9.214221342999695 8.785213372323492,-20.205000647803907 -59.395081071262865 41.19512806653748,27.445167497680835 -64.25678039729796 -17.505488918231404
-10.978867696003896 16.079473616862032 -2.711108586020592,-3.289894674025523 13.464788260994663 9.132184963379194,-3.051571300101729 2.673950330813973 -12.528745446970898,21.004819444563466 -11.712877447967358 12.731245658935393,30.54233359078648 -1.6060406316482934 11.628551766762016,-3.1206948392850244 51.049734533417876 -28.29378842188995,27.809737009316486 113.95904077343475 41.75623028649975,28.73016075045797 9.521804251866076 9.526928064796747,-21.22419612838662 -60.398864646169216 41.80015088042372,27.630911420686246 -64.92148998251595 -17.784434286077666
-11.083697123515515 18.795850288029044 -3.932499335773608,-2.837775359914133 15.071248336273623 9.401334817039178,-2.7415873626918503 2.8801200115164174 -14.881764179668357,20.76914321531856 -13.087504504570612 14.54598521842099,32.35024885987717 -0.9498312407341098 12.95451356825278,-2.7598352518447085 54.61806426760424 -26.680689673365727,28.53037870538974 119.49496815439927 44.27175956026467,30.258282589399734 10.347535799096045 11.517601251147726,-23.90267061189172 -63.10394566389451 43.307313264654475,28.119926595472958 -66.67543775342571 -18.521064767947667
-11.333153240487599 20.700725137352144 -4.735534717908271,-2.943696794614163 16.474237210036588 9.515006119969373,-3.1087735744860474 3.1052095819620247 -16.4501167153731,21.45242609746868 -14.004382783378999 15.475355679019277,33.41570123779254 -0.45081195433739707 13.960415812417697,-2.9599335469673846 56.5387351755249 -25.591727096314507,28.936894844083756 122.42524404712695 45.602283079305664,31.11722220570582 10.943939180696532 12.934438186897653,-25.337485566146466 -65.07844552112257 43.5223637285138,28.400613724183877 -67.70687399125907 -18.957730252272878
-11.808889598139892 18.50682232522393 -3.5803430593627645,-4.650977822360161 16.054305426155757 9.059008300899144,-5.213674688833173 3.1941053187016175 -14.290549998991121,24.3369754419779 -12.746859177765662 12.920753452357811,31.313225785807436 -0.8564559304098198 13.132089465198499,-4.688254353789604 51.80846750996221 -27.026560008135576,28.0418046312082 114.93640778820912 42.19607306411871,29.207798677554866 10.333224716043466 11.394185069920322,-21.764876800657035 -63.13881798787777 39.63571340401262,27.80877215878273 -65.66205950364602 -18.109899170817577
-12.728216795975555 9.906771417220833 0.6246522957752186,-8.719586056952293 12.666040246896165 7.736865085664866,-9.7850381762643 3.012234943674751 -6.396865316861319,30.42377330516542 -8.354415108548825 4.986593354936296,24.459514058942595 -2.670803490591494 9.410457471063898,-8.604421438680827 37.147188345074724 -32.370301300646155,25.225580311465027 91.95927967326793 31.74050993113673,23.168622503141673 7.8748115568074315 5.324596875248908,-10.607803992037795 -55.027190761408086 29.94062971036803,25.90641916214951 -58.97975390948061 -15.322960841729083
-14.99246074632504 -2.46581371615214 6.7105862739122495,-14.480745125195641 7.554269477259296 5.845651927430379,-15.878590988303714 2.5286043888175667 4.512224020453167,39.295270334526734 -3.6791793542011746 -6.6778718440037945,15.517661331575594 -5.1704328897883185 4.031156505922887,-13.81684183846378 17.96374656424977 -39.909333202379806,21.724021489924716 62.2621585483148 18.170925566308537,15.358467514371087 4.628426674497976 -2.7572220115482304,4.726952433802243 -43.15322583687524 18.291300557582865,23.396230234637944 -50.094732993131274 -11.605864521099654
-19.718051453926407 -14.423514889515273 12.797746752350669,-20.816377778838977 2.715486145143149 3.8691000503771975,-22.023940918656585 1.7447920978750586 14.232149205272965,50.08782787878821 -2.772253923996923 -19.30863487154705,8.4861406114752 -7.245919162103755 -1.0485520987266586,-18.946107389805384 2.3994191189666387 -46.95557196948442,19.35637744081992 38.96485149166506 7.387461568250527,9.305997079974007 2.188497307623229 -9.048178752605478,18.950864219774658 -31.39439698222667 10.29067113154115,21.339586669173546 -42.698410240492926 -8.490703529060234
-27.592487054125684 -22.409283015982812 17.250478152379202,-26.70147262234313 -0.1985222156091136 2.2349472084330446,-26.940627407446293 0.6899050561174854 19.26521670951478,61.83191233841616 -8.846673332151223 -30.51826518721944,6.594362180328561 -7.988298016442466 -4.184678145690676,-22.762240848293946 -2.9405651634821823 -51.21239027395442,19.571030005967824 32.70503219086242 4.18428267857418,7.853806400030351 1.842401896197844 -10.468526898088609,27.570184337274913 -23.04552922349728 10.433246109665953,20.625185464472647 -39.889938771267616 -7.265514525959416
-36.773115218509616 -26.587105990755642 19.8740135538127,-31.66085461490837 -1.5705362647817478 1.0402998388101534,-30.46947156272215 -0.4446663231558782 20.285829952835286,72.93441958071884 -20.170267654532534 -40.14264718458091,8.53320384316179 -7.671681701742299 -5.5823463079812665,-24.917605318306183 -0.5159238138766766 -52.693928836940835,21.627861105941985 39.47226892569094 6.828666752538965,9.795786752997419 3.0655034722177574 -8.207327481045187,30.78255282644903 -17.96203337205898 16.672578580414893,21.12252103937881 -41.272826088486646 -7.777848847260816
-44.4929422143009 -28.480380407836403 20.99998676449821,-35.420220764883695 -2.526626695028202 0.2614746391392971,-32.860933004734065 -1.4082445234011147 19.492587064673828,81.57443607170764 -33.204232428517706 -48.82991025127544,11.335478581063665 -7.002396537269328 -6.122219516290626,-25.38690983929573 3.9019232828853534 -52.25852267329807,23.98722665698218 49.904728738017305 11.203420098328506,12.446713956663103 4.671180379033773 -5.013167562798346,30.49951701226908 -14.742796957009483 24.57261181882868,22.328741915720837 -45.17351336068722 -9.34900445051972
-48.40572321839689 -29.498787188065776 20.989098501118953,-37.77698895492489 -4.0417226789873855 -0.13196255285463612,-34.37760840896333 -1.9888978748879877 18.862371058335537,86.23637280220974 -45.033580574859926 -57.40342411695117,12.411862737949221 -6.604327298566375 -6.589840801965567,-24.238753926541136 5.283726118048969 -50.7402449397829,25.302016131774906 55.75615108962546 13.677770885402726,13.466382869716881 5.6153284223540645 -3.3047017727140955,28.566856812635304 -12.118051999553355 30.211384675979808,23.7610602385099 -49.97594163028701 -11.32124416621373
-49.087325242019574 -30.25091098438952 20.397888498964516,-39.02301777530844 -6.03686947167894 -0.21594498680158009,-35.36192836121785 -2.243521622500149 18.82165040530688,87.52060107981823 -57.08020946472401 -67.89137353473774,11.805763363775071 -6.526234364086206 -7.10537556056002,-22.188407324096016 3.771802522445921 -48.79658802798296,25.566117109156856 56.55759325645273 14.012605147440013,12.918123163524696 5.847195824977721 -3.2006664830039577,26.357559082523558 -9.740112334967023 33.250219789862605,25.07938484993141 -54.475148619139866 -13.187339157437247
-48.34981162977739 -31.006433517487327 19.865745983850893,-39.659338436830524 -7.987267846924725 -0.08565425330860044,-36.1900970989728 -2.342737954168957 19.140992338349523,86.92264699520148 -72.6007308675889 -82.83163898430774,10.674361460395637 -6.5735723419231045 -7.507501879708035,-20.22471293510106 1.696296653765577 -47.010342022789516,25.34072500417706 55.13029862316249 13.40364620483674,11.882077380094925 5.736267503366289 -3.846820069901918,25.044596069675105 -7.651377538658049 34.86634422993201,26.003992279594964 -57.64008606628963 -14.503732978854137
-47.842360383760244 -31.987370722166194 19.948550564729146,-40.13524219991084 -9.417374146427639 0.1661432966849649,-37.1864461901666 -2.441462009006247 19.594975476344395,85.84352570890402 -94.06917917886838 -104.03086489740299,10.065386945782809 -6.5704225822823865 -7.6556176435771555,-19.227963688584165 1.164220280229351 -45.90749269294949,25.143516680233205 54.06659671726908 12.949821913541653,11.335928155025533 5.62151480587209 -4.456650094896828,25.619751296607657 -5.8985781903629375 36.14576930463763,26.29988869391823 -58.601356805727214 -14.89570120860049
-47.84777915966556 -33.03634496094202 20.517740353696624,-40.47135420126758 -10.266929561865666 0.4669684521003937,-38.25067722541623 -2.563009660107636 20.010085813480767,84.88625119034432 -117.5147223108298 -127.30881239626339,10.100170608273661 -6.500093366476729 -7.586556198532619,-19.183939012663597 2.3963982009870586 -45.55228558908363,25.120192730719072 53.99323391364412 12.917647297784338,11.390886327450549 5.5804376588341 -4.825190534321425,27.600878584742173 -4.552429206095971 37.385296501184385,26.09562501256089 -57.804691447273456 -14.548811902464013
-47.98166795537115 -33.81071821108559 21.110536162807488,-40.4789790803346 -10.678461617927764 0.7542483461425453,-39.075142174969166 -2.6664359904533117 20.2381560578857,84.26416816072133 -135.81945733763638 -145.56180797128084,10.44767642721988 -6.423644537133402 -7.423793798157085,-19.64162148941531 4.69261766986484 -45.78349546594067,25.234815281442405 54.57714936140458 13.167164702365467,11.735058839810202 5.562857767581236 -5.031448316926407,29.786102154914985 -3.695357211566117 38.49635094249119,25.697273457488222 -56.338006173176325 -13.922227630849182
-47.89110367166299 -34.00938269858072 21.30927959415092,-40.00235944900637 -10.794235434654983 0.9730615075015165,-39.386246779859036 -2.717321411010693 20.154418778891092,84.15512236774525 -142.67238279561636 -152.4930424644272,10.794305255948869 -6.397648565698161 -7.2858176100091985,-20.171093407797798 7.355041936426999 -46.42649607098269,25.4483811941773 55.486737556078445 13.558785949644037,12.073585195457834 5.5217739715800755 -5.1545537024711,31.081755268309983 -3.384437194223762 39.39694095568905,25.38905666761892 -55.21093107213779 -13.441962347513268
-47.57233981681667 -33.7462806343869 21.15597710229142,-39.21901499034395 -10.74065188507463 1.1420615486892824,-39.254368699138944 -2.74876868157342 19.859442427363927,84.4181790444793 -139.79689309034126 -149.8250545180538,11.025322702685388 -6.4300396163932 -7.237025420536583,-20.575812118328702 9.769375882675623 -47.191467359554345,25.70408111146223 56.467549792603975 13.983203603800352,12.304625496162242 5.449391990252115 -5.256182496769951,31.491171088607032 -3.430040254158055 40.09424901772276,25.231576512763343 -54.63146995968875 -13.194488076114709
-47.21785942965611 -33.368603141214734 20.950956622316756,-38.49375973019884 -10.635196486267374 1.3212496520399208,-38.943190202042125 -2.8318266285601337 19.580429235761674,84.73325582533472 -133.43153540636217 -143.7870788716138,11.137751969545366 -6.501418200531451 -7.311417980316172,-20.79038659448426 11.3682729403233 -47.72385292361147,25.935098974451563 57.30849778068407 14.348127336188528,12.434813150897808 5.359950942401278 -5.388201488566628,31.634172461959345 -3.5038953631970187 40.645571505436635,25.159764936391486 -54.357130415685866 -13.075461785363656
-47.00914050748808 -33.20374921541282 20.97745786863711,-38.167455816312454 -10.58936418145341 1.5684063572904245,-38.70178886264232 -3.0329893358875597 19.530486045665704,84.802030137051 -129.47129784945471 -140.26387264477458,11.130196683772745 -6.592239516460109 -7.537802523446578,-20.756517992691133 11.63301526120948 -47.696192111205754,26.078436945549928 57.81259755642737 14.567378991891488,12.471412608035985 5.267347188822434 -5.599544434814796,32.09684616393799 -3.303114493913696 41.09977815380154,25.109693572629645 -54.15148599972437 -12.983487236617234
-46.97435698143168 -33.31887770086354 21.286671681702387,-38.27830958265537 -10.64616215648479 1.9101514187904416,-38.584470377331606 -3.360895970043899 19.742488335178106,84.6022989327592 -129.2335314538253 -140.55297120831665,11.005183808131614 -6.684803459281028 -7.888541678833632,-20.48139754124179 10.604123904401037 -47.10438218046997,26.116777772687538 57.94122189507824 14.623634298784886,12.414999666810271 5.17864383670011 -5.9063168028543505,32.99339137905129 -2.837812002711662 41.401299774563036,25.04693078746486 -53.90687181226926 -12.87609507833897
-47.04277693345273 -33.61325056889056 21.780079951020433,-38.6692655478621 -10.804411947298641 2.3530008583816597,-38.51988116657846 -3.7868599443376656 20.13303328338211,84.29000079552041 -131.08227301395868 -142.992412030513,10.767771489592642 -6.762600051034578 -8.299582201065261,-20.014468127696986 8.682919223950309 -46.15293839604087,26.062275549295073 57.757909210033205 14.543990844610684,12.26183486894581 5.096495442502503 -6.303444518338885,34.13356368467042 -2.320039267820648 41.427187228998875,24.956075096471835 -53.5986949156371 -12.748833305512655
-47.142377379609854 -33.98163302828922 22.3571207725191,-39.181876913318455 -11.057303472112952 2.898514094637238,-38.4344670905399 -4.280187346536133 20.61691782153496,84.01744457969494 -133.32166777160225 -145.86114836469164,10.425176163136792 -6.8117244162452195 -8.710679556776066,-19.409576538978406 6.2744684815068466 -45.050292476081374,25.92834645670921 57.32555656389907 14.355353070131672,12.01057305169322 5.022536610941136 -6.783027252204202,35.3161621149649 -1.9569762888485982 41.05905194950415,24.825057948188604 -53.208718722278924 -12.598856442941129
-47.20616985375554 -34.29486226880496 22.923590890485247,-39.683943273479365 -11.329063744729822 3.48314278115708,-38.253177325311746 -4.790669300537558 21.11087911906763,83.8439765887371 -134.10554812401986 -147.3006462189609,10.01442567173393 -6.854692638664654 -9.123796312243106,-18.772690601953254 3.7519099463768555 -44.011067580035025,25.739267014446277 56.674037433906335 14.071474210874236,11.69461284038652 4.945068097608602 -7.302321625822692,36.25711392583219 -1.8397611715764333 40.25857488510516,24.684296541768646 -52.7887490649051 -12.437025228143392
-47.1708875102714 -34.406087389572576 23.38998749465846,-40.06266610382647 -11.492940962045013 3.995209554095209,-37.89985466692402 -5.253671062037039 21.533088609925496,83.76022327008688 -131.47663207962364 -145.35073816298328,9.594585072744131 -6.940943934527542 -9.586879818894374,-18.24830710300472 1.4647793109670426 -43.25446370983911,25.527341930456483 55.80881357439256 13.696385857235043,11.37303619296204 4.842533998801475 -7.792827551808686,36.61108582669173 -1.9737514342506277 39.04662604107069,24.595614429100937 -52.44236859375301 -12.284332316869738
-46.984528580040816 -34.183583492579146 23.67770419196275,-40.21556540087179 -11.42444322898747 4.328239442773106,-37.30792680653266 -5.6070490094390335 21.80588536006402,83.76119155094207 -123.67787797087732 -138.252103987886,9.227712032435662 -7.114968671014169 -10.13937198333171,-17.986326219266406 -0.24044252519317044 -42.9869233470148,25.325710964342935 54.75513790477717 13.242538378105642,11.106939200734963 4.696469984462429 -8.18574321664564,36.07543862243897 -2.373801379790836 37.445385096710325,24.608438124412015 -52.24598168249404 -12.153553760220294
-46.788655226138104 -33.76473995586244 23.894917164707902,-40.210968195747625 -11.058908496952647 4.485384756242316,-36.57725003917257 -5.837654101810496 21.923196114491383,83.94564187622376 -112.4648687585936 -127.76470869946148,9.018740244917025 -7.324629313772973 -10.654759716053775,-18.214576073603023 -1.0605920362738468 -43.192111856321354,25.1787151253556 53.89089272470432 12.872114851103099,10.981869753730328 4.545949246425171 -8.417498163910631,35.11172661947386 -3.25404275208521 35.47568247136385,24.544767625082862 -51.78433316534008 -11.911067343318594
-46.88855415659549 -33.51457437253809 24.3077911823075,-40.2616773199189 -10.382281327135445 4.5625251845577335,-35.9484529986591 -5.9737789828007175 21.939499499161958,84.5000937959961 -102.564313596231 -118.62527730122403,9.108869758613256 -7.436056370285102 -10.866158186228528,-19.226799535030153 -0.7291453597204745 -43.66526031284432,25.140169912545513 53.89222914951422 12.873948599703306,11.10405810553058 4.478712641428645 -8.428946839847136,34.82789124744468 -4.997164566893962 33.15720732333078,24.034235979960187 -50.226301483105175 -11.299421017866585
-47.55433298086043 -33.781729431524795 25.16771383334035,-40.56690880154335 -9.389665235526302 4.656167982420989,-35.648036393431795 -6.044044124679445 21.917482226484978,85.57294627735271 -98.49203465485087 -115.3714720585126,9.618814159528503 -7.32435092922202 -10.52445605204784,-21.282285516756133 0.9640921447294912 -44.197977546628586,25.252820703858024 55.35114422284711 13.500921825648907,11.562417439734023 4.572644472216999 -8.180482081221543,36.290284110299375 -7.9616183872476745 30.495509793059924,22.72462700835748 -46.78072311765602 -10.073390807381237
-48.181910201434576 -34.40456333169969 26.297957541074705,-40.932786969989 -8.240110987853106 4.813116383205048,-35.500210180145025 -6.055882651397541 22.05638106232673,86.42652171448663 -98.16504914498027 -116.19456354110218,10.200537754402216 -7.114826158531277 -9.861567258706062,-23.848623987605503 3.0335409290648228 -44.63201352910513,25.31302884200177 56.83218873565406 14.140306614446073,12.056439088154173 4.658788768591985 -8.052919176993813,39.22261903719265 -11.865498826229725 27.190493061131612,20.788423447972864 -41.80633153585039 -8.33730252649383
-47.32177014080787 -34.72793470075656 27.107761665613054,-40.78527452209479 -7.251223840566236 5.032104526100154,-34.94012621674269 -5.996237259479719 22.687491250013082,85.4662118730967 -93.11862550386579 -113.14818411607071,10.05267426120594 -7.174777015216191 -9.57460855002616,-25.627747528838533 3.337180164652057 -44.85761006764273,24.878876007832734 54.939156536777034 13.342237671352644,11.909001883859782 4.3294686679410965 -8.833666804562037,42.050135811828326 -15.807606972682713 22.64646707225029,18.905547898535406 -36.77393333252217 -6.533533949847422
-43.55303594173131 -34.065981455174786 26.98685547983153,-39.546515143550224 -6.721513753074742 5.3044782747894486,-33.40779947152407 -5.8457179473561425 24.09837881339542,81.12795816200838 -74.97312741442641 -98.31189313573624,8.415051901255662 -7.857620325455044 -10.331872645929478,-25.32429331775791 -0.1702665545294527 -44.75521624781911,23.52306641016741 46.4394150984813 9.729050928031675,10.478489813465062 3.1955039656138102 -11.265935911088226,43.15336763092202 -18.912925547537014 16.328521295352463,17.765765710987313 -33.19288422162873 -5.121095842860348
-37.20954450105654 -31.44048857230808 25.253540654664764,-36.964269386624096 -6.239494783023096 5.4710993320144015,-30.91993134597497 -5.4324365927511264 25.212990422895352,73.66850228470743 -44.956150144812625 -71.45314027442329,6.185520712595374 -8.856859312778063 -11.473489548920764,-22.5872438404934 -5.536017801730884 -43.87843314452287,21.494675160020616 34.8663799136791 4.877434843032719,8.536301888825196 1.6521113484928744 -14.404624716035562,41.14624039631918 -21.736206503709138 9.72425674038053,17.755908180377027 -32.37987709477515 -4.636838091961107
-30.56512316804188 -25.550019131173926 21.147149362186735,-33.14629590061373 -4.6087180461215524 5.206455919495367,-28.13080083610315 -4.4159049826402805 23.44767156886217,65.35764088262893 -14.916928820874638 -40.839014414839035,6.095019740987695 -9.136404647195638 -10.871188512374262,-18.10963841501872 -6.387087427001454 -41.41950259747191,19.790564914657388 31.23392790661682 3.6303745468325275,8.416049563379525 0.9617272861270099 -15.43805316377329,34.900716181608075 -26.412937485458862 6.557338886632753,18.927886347797525 -35.43859914105619 -5.703668580918673
-25.953032547707167 -15.142920331201504 13.946406698763788,-28.233254385049445 -0.6321004720697851 4.187752984778312,-25.718892004715 -2.4614207135011408 16.22844884054742,58.535787731211386 2.982943393212772 -15.055374205086462,10.88595138239216 -7.652330648715796 -6.386084629543973,-12.642970857965244 3.689006986113932 -36.587404968992686,19.422444772920414 46.618870557408826 10.855889933014021,12.460881258425955 2.3956824270159593 -11.54064480229291,23.371837641427977 -35.087877411409124 10.554496779936601,21.303825568335043 -43.398508247847175 -8.91934670883181
-24.206566747714238 -1.4030952224912063 4.522213016973428,-22.88839626789676 5.423133194494966 2.506962283587859,-24.04082090195494 0.23434585272362007 4.192814602925922,54.31447174639636 5.272029145580406 1.746025005772301,20.246728339298055 -4.456355418199156 1.7267173464909888,-7.100751634767826 24.174621884082615 -29.888854674643543,20.5286017512749 80.22688893875257 26.14900494762776,20.40273385131787 5.90759196912398 -2.9151806876384088,8.067979459283531 -47.24974207633827 21.317226997611773,24.44981731807386 -54.974520111227335 -13.797639337082286
-24.262348436179636 11.405851545171585 -4.241264140621854,-18.43577760683274 11.438176312814543 0.7805181916669451,-23.04620924309772 2.802816314954815 -7.960917802944363,52.2513265940631 -0.5326165970249672 11.020244488977358,30.004067043994755 -0.9856121779235872 10.184970508239374,-2.6013573535773555 45.789136658296286 -23.47151952409303,22.142901719959386 116.25290619073218 42.43716740609676,28.671730234406198 9.78485172159501 6.406273133865359,-6.273856946418756 -59.02874483908918 33.23076920838253,27.355309237858 -65.95486767963611 -18.481630921418102
-24.941994186210117 18.887478631199983 -9.374294663211067,-16.216604928003957 15.204288594774093 -0.34922619220653756,-22.656445242929696 4.344947059016665 -15.340959401441985,51.80005663732217 -6.286793036325861 14.588480014575207,35.79821075200762 1.2526971499799644 15.556055268266821,-0.25541383454667105 58.8234416674229 -19.557894941558683,23.240579778580834 138.1539998109547 52.321066698495216,33.53912269613608 12.231188607481956 12.201727874390967,-14.779638102564073 -66.39245492854091 40.426040535123136,28.98875439767553 -72.00780398202569 -21.056363493899052
-25.402248543714972 19.89844219264021 -10.097875854159115,-16.30357486411924 15.962517915916038 -0.628212311026372,-22.686167141678922 4.596862727323161 -16.424280316300646,52.20106322210034 -7.755369039271283 14.595975539607386,36.34810140747896 1.6965730423641774 16.609720117045903,-0.1235450141099669 60.28609128800405 -18.840587556501667,23.410975584519818 140.7007123369728 53.47606442314448,33.9369983715778 12.617352942709886 13.05004093668433,-16.097718318362464 -67.96239800604901 41.06991874568216,29.122596676827147 -72.20747430723445 -21.108969761879287
-25.28503229699621 18.005019033361272 -8.804596113891543,-16.93291883613765 15.052820123046345 -0.3645289127186331,-22.795467585845234 4.214242798138766 -14.564918579620928,52.38594161197087 -6.362507489855177 13.657110678177055,34.829818473425476 1.1524178567257817 15.304157229617678,-0.7462511452391 56.91103213582889 -19.79733160050099,23.1324889929232 135.04247706445602 50.92429891198905,32.649626121239905 12.003634772767716 11.584950666130354,-13.97593331660696 -66.20232334269896 39.17228004160557,28.693244981222666 -70.55885080056132 -20.401210541127657
-24.280220669673334 17.102498889396447 -8.109376308726299,-16.21814771546621 13.966696135669885 0.0922482953229001,-22.636923353849745 3.918294946430369 -13.463057405793819,51.28115468646212 -3.971314199009956 14.387094197030557,34.73303903210994 0.5269459920645879 13.83053145293409,-0.5617589661439933 56.12001497687208 -20.747404301973827,22.948106742744812 133.48935843244976 50.20834573246067,32.731221453377636 11.572293180942387 10.731137254567779,-12.51858045427314 -63.85225252716562 39.158696169172416,28.717816470204387 -71.40637158256847 -20.84441513590964
-22.80406818952601 18.205942128401198 -8.743240773339824,-13.801515136277922 13.269739774405203 0.575120689434046,-22.196344041629583 3.961606874168549 -14.231685501184403,49.198339843972 -2.1554466326104023 16.78976387493597,36.98338507819262 0.23315794511837623 13.174377675422088,0.7766704068102858 59.99765264546856 -21.09345082959776,23.037365862670384 139.52848347577287 52.901184230561825,34.94084844876843 11.758893755553919 11.491496017979413,-12.72681153226985 -61.874058025955726 42.427492496758305,29.45749047127154 -75.71510899166348 -22.848955860633016
-22.478834275844953 17.548374873603546 -8.309387348388189,-11.863440728388408 11.990264703420548 1.220221707663548,-22.012804468448888 3.8187182628799103 -13.6882820303804,48.74893465036678 -2.0079922320552486 16.533307827992363,38.24938735931974 -0.1356571664366954 12.31952779231227,1.5984587406822635 61.76732746544408 -22.036828165254768,22.976369161975494 141.99828865387732 53.98508772178319,36.226939700695794 11.759269617006407 11.678189899550386,-10.449637179182822 -58.27735784721143 45.350868347226495,29.918365505436093 -78.83938676680759 -24.333171650796242
-25.028477537406914 10.940380951277358 -4.134007709287474,-12.809948877167265 9.019937541661408 2.1906368465575534,-22.673856169510387 2.8947986653282136 -8.269624218627557,52.74150698237626 -4.568628086141483 8.9089355626399,34.82219712017275 -1.0604858998806028 10.068401649238638,0.05336749397733384 53.86687861556762 -24.940276811839674,22.28815284318843 128.43856907598374 47.857887252034345,33.200635103218396 10.658299034200327 8.818826741487799,-1.0836792627933503 -50.80990823128396 43.85285688065679,28.995403458487832 -75.63690506372096 -22.99482812838019
-30.812353802485667 -2.5770267280945296 4.422814971632939,-17.48979867454334 4.192927888420938 3.4643978018970105,-24.348019524076705 1.0481316011850765 2.826553461104653,61.74541077993776 -9.956414142156992 -7.177923038187006,25.719853746012937 -2.6802789960557765 6.054819359057334,-4.5110491419176455 34.40803256885888 -30.23401096076548,20.930719853750933 95.76384697221316 33.117033505483306,24.97187099744906 8.214964899463762 2.291027540717074,16.181617866339714 -39.09320864586526 36.779927324018814,26.40147220555777 -64.64502503118628 -18.166453188911557
-37.58575205649331 -17.798218424431756 14.119729298965709,-23.780025151694616 -0.8580194265535552 4.666398731123301,-26.404179182317684 -0.998323568584855 15.133791214397773,72.05691564651544 -16.533599788722714 -25.92483364476957,15.1641079823108 -4.481281411101655 1.499159335657251,-10.461493179045583 12.329975616091904 -36.568708016241246,19.692118700413165 58.7784044392266 16.374097032438268,15.419028482055463 5.4746416643157305 -4.997212897508034,34.91897961916093 -26.324416383817173 28.555423706900935,23.410246838244923 -51.42299237070087 -12.300186012112551
-42.816898345543606 -28.837800779791426 21.287182482675377,-29.22846981118652 -4.302519695898045 5.382912314145756,-28.123010069317935 -2.426392890860329 23.604994514773885,79.50175649348643 -22.468484380035225 -40.76786942010549,7.950570437315059 -5.877668429360353 -2.2028901336900346,-15.910434729804159 -2.235141852892474 -42.397303779597884,19.451296896259496 34.25841490631552 5.124156347542685,8.946307543232665 3.624547619700851 -9.748820746684704,47.90370042556551 -16.095064494762934 24.217228389413414,21.46772755762548 -42.30612045537876 -8.193043997342446
-45.122945570436116 -32.490784162727124 23.899600311081844,-32.37579130773917 -5.22867511979951 5.41706857827156,-29.12591131869391 -2.8201053901352093 25.55155767325273,81.8932888892589 -26.647714574136245 -47.94922865461242,6.6229758734393736 -6.548188092147287 -4.273461202812692,-19.529634536352333 -4.054751122505005 -46.64541628877222,20.601272337395926 31.0450033364263 3.3384053685785324,7.886394885959139 3.2916285823552203 -10.24355373584028,51.192167020661856 -10.460460644652404 26.295720193409394,21.384422480178753 -40.929278829116654 -7.461160412415128
-45.64790677881928 -31.447249917220894 23.54704688313983,-33.946172934439446 -4.744636392069466 5.04893669315284,-29.783644323368918 -2.648063961671998 23.4719514678671,81.41628630828201 -29.537814082406403 -49.88268246132051,8.772458887747925 -6.753469134758667 -5.293472134642866,-21.22091354623671 1.3279585897755797 -49.27824403970158,22.466347206384096 40.52756776041826 7.237880974533864,10.016052412319821 3.8706107715011338 -8.229129977826426,48.05694474166958 -8.097258164087355 31.80647015897447,22.57318797836194 -44.98819142090768 -9.123524035155269
-45.8709095834829 -29.17946912635718 22.299413292773302,-34.953736697842885 -4.226345659619614 4.6218433964028405,-30.566255605959704 -2.49615305606424 20.552785901567876,80.83491691915616 -31.81729745830105 -49.80348947387773,11.333350106343604 -6.831319924819673 -6.024102262938602,-21.050367524093325 6.941222010782353 -50.399530554013644,24.229189188139944 51.78097161552645 12.015701973681976,12.507855320556343 4.592795041043045 -5.913217813832691,42.72852920524931 -7.233450962928664 37.03414534273882,24.261217778579507 -51.38942802527001 -11.85399573120724
-46.77264916311618 -28.155635642457078 21.646129659185295,-36.13133924835189 -4.6056199088140515 4.387315310874553,-31.755862608578642 -2.7626245263073828 19.05121949636438,81.90612952933667 -34.88354916942975 -50.98640162923114,12.222963309747467 -7.008978046829212 -6.982567151290679,-19.319121960685127 8.154070181756488 -50.189977655950976,25.32488760170405 57.293167995384024 14.358228240327318,13.443214857208702 4.929514423794093 -4.830310077759873,38.39589343802303 -6.521489083425541 39.549720500128636,25.824046162329008 -57.58465417175738 -14.549491495276447
-48.066493239077936 -28.29095005984292 21.60073071266797,-37.49668452105291 -5.685031775237596 4.363465665624251,-33.156749335023065 -3.3686506323415335 18.86116291665138,83.82589042467143 -41.961771293426516 -56.80658757926692,11.857971181428805 -7.232540894866429 -8.065773644647509,-16.925895129329138 6.287304611325452 -49.0259633804133,25.830345672805656 58.23032180319337 14.748573780173611,13.21437278348566 4.962414103546837 -4.803265797958081,35.599807650181084 -5.693055928670925 40.194770278813316,27.014382020229068 -62.411510187352874 -16.674073178191623
-49.26747137200005 -29.10091074642911 21.94567095194133,-38.955495961291604 -7.090384283214191 4.531847312297359,-34.498444175557935 -4.160709510912779 19.506521300411908,85.38942532647954 -56.56173640333612 -70.65328904844762,11.046264125682782 -7.404107931181166 -9.073532975901202,-14.862749848209456 3.593284225958158 -47.31448216550066,25.92294658019732 57.11702775871102 14.264177050061042,12.575275003187757 4.868672861166304 -5.3869807838814845,34.46622881889194 -4.648894948826864 40.32269253431756,27.64406844207104 -64.92501299384621 -17.780772888614685
-50.02733268329865 -30.18334124100617 22.497610172078684,-40.418464957894194 -8.517777138557628 4.860904513830903,-35.59403745031089 -4.998811874286853 20.574706057108035,85.73765424066575 -80.15716157377517 -93.87131515033171,10.406918087696157 -7.457125433225816 -9.852012682075497,-13.835139703046265 1.8045104647475765 -45.43257489546466,25.754621533501272 55.88838165875817 13.73162462307363,12.100649005725419 4.783236585010367 -6.2087889645893695,34.952919405106805 -3.3699907659826605 40.89774088828555,27.61545902013522 -64.61265112436259 -17.623089462837697
-50.40103436273891 -31.37885530883299 23.17408511210211,-41.81093416745731 -9.870626315451009 5.280422187699019,-36.503057107896446 -5.782878185783142 21.84041884862979,85.03100545656955 -108.21710734108832 -121.77611300240272,10.00216467453175 -7.417486499772417 -10.384092528769937,-13.703261358531648 1.1203410666509348 -43.668944586017005,25.40223977425078 54.740951757738436 13.23770034830423,11.836678228258368 4.716499541774823 -7.109655984407543,36.52160907387065 -2.073972179178399 41.736519760212765,27.097837438230503 -62.23734174873555 -16.545730497277273
-50.517499243025746 -32.57260484971954 23.911137666566667,-43.06093391710188 -11.090378478149137 5.713093470314729,-37.33023832135355 -6.420150067765109 23.112718397215453,83.61692878315297 -135.1091228475026 -148.57708628808507,9.792086372934998 -7.32804293928511 -10.67773116436966,-14.172255128751498 1.4588894989917454 -42.296089301244216,24.928900961557886 53.55238583812631 12.73347654418934,11.732588473128118 4.656007891932904 -7.969736701401275,38.543033813393805 -1.021878673078137 42.44510551281774,26.309453800705786 -58.79597031904141 -15.001856616667004
-50.505650156864164 -33.64974176347586 24.644809730027468,-44.09649453394892 -12.11848029090688 6.081611498091077,-38.18031626372115 -6.817869142596253 24.200663425103368,81.84287402937808 -155.2007572352462 -168.48363869080438,9.736765669651316 -7.231646560228047 -10.740887237259832,-14.9472613277917 2.7382692290934854 -41.586507105232755,24.397704754534644 52.20033168239629 12.17002552916546,11.737605542676185 4.589307795957842 -8.669185973635873,40.38792961188666 -0.47474973234587836 42.62957450881903,25.468558211909937 -55.28542228735633 -13.444628445740427
-50.49440993695913 -34.49541794991198 25.311143197039627,-44.845646345119434 -12.896378417979097 6.308669407441101,-39.15802610803824 -6.883277032640059 24.91331265453187,80.05629100420691 -162.8595596465471 -175.70517389398594,9.796285051426137 -7.171149171065371 -10.581519395825609,-15.733420269738168 4.876593724279686 -41.81269606206914,23.8717508122931 50.562437073022835 11.49841962166908,11.80095523924409 4.503945414322869 -9.088158659176644,41.42703245755963 -0.6936248416456532 41.89600311093518,24.793400776191838 -52.70258310575656 -12.327206609231084
-50.612701416015625 -34.99478530883789 25.846179962158203,-45.236419677734375 -13.365519523620605 6.316960334777832,-40.36810302734375 -6.52361536026001 25.059724807739258,78.60462951660156 -152.4530792236328 -164.4510955810547,9.930727005004883 -7.1894025802612305 -10.207586288452148,-16.235872268676758 7.791976451873779 -43.247154235839844,23.414138793945312 48.51634979248047 10.669731140136719,11.87186336517334 4.387466907501221 -9.106809616088867,41.03107833862305 -1.9395434856414795 39.850467681884766,24.50223159790039 -52.04433822631836 -12.102751731872559
