-0.9 -12.0 -2.5,-1.3 -11.1 4.6,-11.9 4.0 6.6,23.6 2.9 4.2,2.0 -1.7 7.9,73.1 -39.1 -44.2,29.9 84.3 27.2,2.1 5.4 -9.6,53.2 47.9 49.7,26.0 -122.3 -45.5
-0.9031785552180731 -11.820063759793907 -2.515984978988423,-1.0639013009828266 -11.096189946366072 4.755837822308009,-12.339659109049794 3.6941346667051236 6.704123370986125,24.296857984850416 3.088602201746061 4.139393858136725,2.6503270464956734 -1.7696105362786678 7.6084881677795915,72.55145053584532 -35.94680965578413 -41.97482365245628,29.900894090536102 85.26827825997172 27.66613401454032,2.7503267376202816 5.407280967510003 -9.693658116015818,52.36195929668075 46.66348334058023 49.30314212836225,25.95242131794461 -122.67473258230008 -45.72273008395893
-0.9796939607126354 -11.491598290868371 -2.4360991026535226,-0.8994625471853729 -10.940498238739902 4.932179888879967,-12.751333879159828 3.5760778067637267 6.651698834995421,25.06637238570813 3.0257454235884813 4.030015714371648,3.2309133174131865 -1.838867768648952 7.567194192416782,72.50576235114181 -34.17069842959296 -41.172072121698484,29.900736838431765 85.49571028082698 27.76264168093646,3.330913062862612 5.367463171400075 -9.604536978823788,52.11383409471925 45.651818006811446 48.84982812213636,25.997113729966067 -122.54945376840564 -45.694621060214764
-1.0937945019738982 -11.118428335391972 -2.307079412965418,-0.8031662584808804 -10.712203307304016 5.092849761330649,-13.08583318922752 3.5961617803064625 6.508571248956473,25.768400722543394 2.8130714227850477 3.9061141673545148,3.681507211343326 -1.8974716850435707 7.690789735722656,72.78062405849273 -33.50875791257155 -41.370591750331556,29.900040773224195 85.22302775532495 27.612118481434308,3.7815071972576764 5.303507258934937 -9.41126922664011,52.283235312152414 44.92818106486198 48.41994158554713,26.09433120156321 -122.12603012307102 -45.51177637446622
-1.209728464492073 -10.804378635533299 -2.1756629518942305,-0.7714949547425918 -10.490583582240937 5.201671001274839,-13.293965918150297 3.704718947463983 6.340585469797868,26.262800515326475 2.55222195659355 3.8019378157350734,3.9418571268768794 -1.9351222733952427 7.893946459508299,73.19372427050136 -33.698079695865 -42.149228880960436,29.899318424450616 84.69096237622476 27.337159898279747,4.0418573623361596 5.238373877379301 -9.192487497681002,52.69777386701713 44.555749580900184 48.09336612281937,26.2043276982349 -121.60632821105057 -45.270299472412006
-1.2917441337573718 -10.653273933460936 -2.0885867614100815,-0.8009311558437491 -10.354917493733204 5.222467170327314,-13.326540944825586 3.8520816683669405 6.213586354448191,26.409429284027627 2.344838782271775 3.7517352581630714,3.9517114626046332 -1.9415195216366872 8.091336025584797,73.56275159977096 -34.47575537061839 -43.086829856190064,29.89908232164825 84.1402458362856 27.060361413718663,4.051711779628747 5.195023673997881 -9.026824430162671,53.185060677350286 44.59770062109445 47.949985338177925,26.28735718547997 -121.19221459709871 -45.066293799750824
-1.3040897952600061 -10.768938971343466 -2.0925878834830893,-0.8879573816575943 -10.384483471963339 5.119061830102855,-13.1343671481508 3.9885823031459866 6.193418759836027,26.068144548617106 2.2925636570775114 3.7897550932882553,3.6508186171173747 -1.9063634177006221 8.19763009576323,73.70539465890478 -35.5788765279768 -43.762241018625375,29.89984499435429 83.81160982826663 26.904318509996937,3.7508186706661246 5.19641729605539 -8.99291266230132,53.572706661188775 45.117211251613085 48.06968283584757,26.30367362879727 -121.08555584596971 -44.9958628021814
-1.22413325621184 -11.205598024057757 -2.215888057166125,-1.0214214596309024 -10.626701234174089 4.8788821300320535,-12.706352378472532 4.0699210909917225 6.323778441596749,25.184831365108497 2.464281325835663 3.933124289983274,3.0301088720582054 -1.8267986639853626 8.148466217623639,73.48969770525383 -36.733564176138316 -43.84245010908445,29.901748522437096 83.888824749195 26.961534469752728,3.130108268008023 5.256552545166511 -9.143081429995542,53.71624104646355 46.10380800535033 48.48986901399069,26.22699328752938 -121.42372865037022 -45.12635593237473
-1.1007606234135803 -11.747088903103695 -2.385776761243103,-1.148552305194503 -10.955319458001478 4.61802518942686,-12.23909297600291 4.08106012918007 6.527620011327114,24.174335718592793 2.750308603951582 4.105634871394312,2.3595197262018726 -1.7405532502071694 7.993773033450704,73.0582081498257 -37.60613550922053 -43.47492907027388,29.90291555769715 84.24514853233913 27.160471310058867,2.4595187189839374 5.3405681643638 -9.386272531166473,53.62338382639242 47.1455271005889 49.01642056549292,26.104419270379413 -121.99255679677975 -45.36837632775028
-1.0071083877117126 -12.085566932906277 -2.4953194215184658,-1.20246671693981 -11.185198544482343 4.496217467260828,-11.99960817509559 4.016883609059956 6.686957242685966,23.61051859728566 2.9804135956395204 4.199430900750006,2.003594285641588 -1.699116123892519 7.82223294443466,72.64655177568412 -37.84262947832921 -42.970072152767116,29.900784005422835 84.64855072267461 27.373968029653252,2.103594014796554 5.397035795091227 -9.582808033424502,53.353459751683914 47.694267649780436 49.376705867119696,26.00793865688221 -122.45865971366842 -45.57937767496516
-1.0022023187256692 -11.974914665640666 -2.461244456924642,-1.1312043141500205 -11.165457793448104 4.634602973158493,-12.195480650961178 3.8798774238535763 6.704716688877154,23.9452824582886 3.015236037172466 4.132046589956765,2.2513185066282304 -1.7418226301902426 7.711978475195764,72.46021729913677 -37.159970919360234 -42.58173802301383,29.89403323306515 84.90221452250795 27.49467229938238,2.351320567926719 5.385370613192285 -9.617182011422315,52.97246313176284 47.31226492729082 49.34446566309713,25.996411655428343 -122.54696792164701 -45.64066792796439
-1.0548295748550949 -11.563688409243905 -2.3515728217922782,-0.9781772519564145 -10.964303555511544 4.907706405782815,-12.654357575998173 3.721022100910004 6.6175887310256805,24.850861061587718 2.912879597957178 3.9833253198153202,2.908669200574616 -1.8303221044111615 7.673568921968543,72.51175280373783 -35.72787897022626 -42.20189894083425,29.889274335096125 85.03474673661785 27.542020313124944,3.0086729058972965 5.334321951835532 -9.528505969305586,52.58871511322166 46.26708242512172 48.98998767393662,26.044739635235956 -122.3554115909885 -45.58616668904207
-1.0982869995222535 -11.15566733818387 -2.2938279346680472,-0.8243071428244079 -10.736107829610384 5.093058539497399,-13.054459724263804 3.6103708219178623 6.514872276931891,25.6928490548801 2.8091093507493783 3.896945712492726,3.5916585234590124 -1.8957104311733353 7.690987427752999,72.73782395712442 -33.89415410432719 -41.58019937106479,29.896237907567972 85.16341194661413 27.58531344505332,3.6916598231235587 5.299907860417491 -9.416701536725286,52.327183738729524 45.10368507428145 48.500189801528634,26.094803447952216 -122.12861946006238 -45.50981482407243
-1.0752399727143396 -11.018894706860294 -2.39418069751185,-0.7417465262251923 -10.619845410748097 5.003593041232126,-13.117168080675961 3.606791057224806 6.476123591599698,25.91775333248821 2.821981660394799 3.9920913601066075,3.957826659117279 -1.8794248576533361 7.745690002954758,73.06762554950203 -32.01466328226926 -40.527192694652705,29.92256884236583 85.38478917441218 27.682637733865917,4.05781947313787 5.329652882394306 -9.371097375997307,52.292714947181985 44.31959136040757 48.05448163383727,26.096127401947623 -122.08115291815139 -45.4941668749914
-0.9993829182391428 -11.150119385480602 -2.5972990558015736,-0.7360866890261478 -10.63725422949272 4.719988767659008,-12.890836529944329 3.684763005574619 6.506751240779814,25.585532025617592 2.9351013490612794 4.2027535790843356,3.9801521043758545 -1.8011522794907853 7.800622784023558,73.37558399550763 -30.502679406976284 -39.31363324108128,29.96018491082367 85.63844147252537 27.806915703612695,4.080138344317455 5.40677492614791 -9.40033803131615,52.4386670409332 44.05084101848294 47.7737616560337,26.056258977645616 -122.19902329984915 -45.53514652960654
-0.9167061414196772 -11.422736601624706 -2.774417890646746,-0.7826544767905165 -10.756766305486842 4.4446644505640105,-12.572488817195627 3.7803971907370633 6.578449901074218,25.035070692848176 3.070940062144194 4.378719429798069,3.775038606264974 -1.7161585786024338 7.8103157347565695,73.51122331953046 -29.797577035169432 -38.41952207198262,29.99385298945027 85.79253899739203 27.892347256855874,3.875032732035892 5.485252600820271 -9.476382142366752,52.64951907945874 44.269114610489254 47.75232419896746,26.00912795472306 -122.36432352709025 -45.58928767614492
-0.8693623895915605 -11.714902294758105 -2.8116371291767606,-0.8566844193566049 -10.943966317013516 4.3581885294642175,-12.343155161463583 3.8351855961248598 6.663478467355786,24.581349889600013 3.15888341191991 4.3879516459935655,3.4602981342763433 -1.674302185724981 7.737268374856953,73.34805423611625 -30.246909219051854 -38.25787137134494,30.009973689670026 85.73766108232921 27.88355552858192,3.5603231003506455 5.5236563774985825 -9.570923031400776,52.81738001374656 44.92075746019993 48.059502300364485,25.985456047070926 -122.46938798631335 -45.61709752669508
-0.863934673816382 -11.952624624910484 -2.7305272004089858,-0.9339440174061492 -11.141503964799146 4.441382551467424,-12.234994708480368 3.8401905959023495 6.74062125888988,24.314300262914223 3.1925333447503217 4.263804633096497,3.1598489799299285 -1.6757648556368103 7.6152249565191745,72.97399997765405 -31.38055060906083 -38.63664284097824,30.00979529193626 85.56685149507786 27.819583140112723,3.2598999838116676 5.522697277195963 -9.654935859831832,52.90528791463179 45.734177180732004 48.543854089881464,25.986257453004086 -122.50227072917347 -45.61617765556663
-0.8883664832270399 -12.08698763425111 -2.623648809228408,-0.9904800630288106 -11.280010389359084 4.570395188050077,-12.202154059438211 3.812450814895689 6.792082097131049,24.20592010661005 3.199142935533844 4.126302589846471,3.0008093157477003 -1.6946963960775039 7.515263934905786,72.58934184400175 -32.29988984204855 -39.04673505791586,30.002346664399735 85.47925094590762 27.788951125331,3.100834801167259 5.505169130266036 -9.699019453005524,52.91344966619544 46.3235760195632 48.93824556191278,25.996978814087424 -122.50118554944635 -45.60356810500507
-0.9300960425649355 -12.075780574662264 -2.5772419952798655,-1.0044973197725056 -11.29696602270021 4.6297109081715915,-12.201192986639878 3.769170788358151 6.801910112920579,24.226893108814956 3.2041161947389982 4.0863480201232365,3.0943869083125235 -1.7068265304885315 7.5020764262014925,72.38189717862603 -32.18993367634608 -39.02228479989658,29.99622204539736 85.65144930911569 27.870180120223548,3.194300677114821 5.49259282740383 -9.677620927330265,52.845155282185075 46.340638101385586 48.999080255872215,26.003940100106476 -122.50181643912639 -45.59530363330245
-0.9729421219830678 -11.945570020478264 -2.6038826850084926,-0.977062600559505 -11.203618639701697 4.601994844964581,-12.221546635752082 3.7268905114686044 6.77340723497063,24.344965896740927 3.2101048856249035 4.15000743277935,3.382740196997309 -1.7070714934127438 7.569123229123474,72.39680090596835 -31.1625571111007 -38.585616569570696,29.99467973020202 86.01095378849111 28.031105860140414,3.4825516444625344 5.490927185154348 -9.606038688869596,52.73292662031903 45.84525019344315 48.74320519653018,26.004176915272723 -122.50833436276507 -45.59494254754542
-0.9985434864587788 -11.76434727322682 -2.671778753233584,-0.9230125791419288 -11.05564624231933 4.5290465538398115,-12.272451059549152 3.701749725509581 6.721471392987256,24.526116099580896 3.2060570446976877 4.260204394499542,3.706208852833438 -1.7019035957250097 7.666962971094789,72.59325002685415 -29.887889852842214 -38.05309137177596,29.99776416426136 86.33524856705796 28.17289833000936,3.8061014086869664 5.4967579497940235 -9.524175962094223,52.62689193994162 45.1431603804093 48.3443330723025,26.00117891314091 -122.50592992164427 -45.59852856179643
-0.990300762942487 -11.598887835046526 -2.748768143935771,-0.8579079985121548 -10.90837670114617 4.4523839260930735,-12.360588847057604 3.708364709010576 6.661416309669856,24.733918775389917 3.1819902468560555 4.3608478281296374,3.91125175712857 -1.6976433005840523 7.747848632500602,72.92407699693304 -29.015235492166322 -37.730633387007444,30.005076182420364 86.41523385363315 28.202674331585694,4.01154758531035 5.506310573894619 -9.470295079351104,52.574686401597006 44.53434616801088 47.97375353233758,25.998383898303025 -122.48114387014034 -45.60213762848089
-0.9545090654705711 -11.493158738087288 -2.80575288391458,-0.8041432841281976 -10.804862496032149 4.399542312851182,-12.456539506560992 3.7419564100689238 6.611832194997281,24.901561437491946 3.1439940839219935 4.4195242944838675,3.9403930398228098 -1.6966417010083534 7.793215676583718,73.2758832976053 -28.829771593000952 -37.739182155478346,30.011112844171112 86.23957247699362 28.11524054362487,4.041088226035721 5.512852815579875 -9.45737187841579,52.58899872332344 44.2018813262754 47.74425184128065,25.9974338968301 -122.44110100056659 -45.60357713491271
-0.9132775203394369 -11.475372417216274 -2.8157514677061544,-0.788833121739859 -10.77967707084881 4.388398842244809,-12.50594490264941 3.7843487527695903 6.593572441775423,24.94124187346932 3.1092596444102885 4.4201753159755235,3.8025124130508727 -1.6985081090877947 7.8046569145089855,73.48952239089705 -29.365161307603675 -38.071901943015845,30.00684585525127 85.93352873180088 27.965974068878005,3.9029559027608993 5.5076094513558695 -9.480915942691581,52.6583789094086 44.24809018093609 47.728202266564985,25.998730528600973 -122.40714421054122 -45.60185043023058
-0.8879918475159757 -11.570647453565995 -2.7546487786468647,-0.8369098320104503 -10.86375230035991 4.434324959268546,-12.457947622101003 3.818255843471585 6.6256146795879864,24.77231907638283 3.094051024104397 4.34957184732385,3.5101283352108945 -1.7026466975719179 7.784813754764794,73.41712435158146 -30.63498995596314 -38.71439653232887,29.98400991577193 85.62027286370642 27.809527758202922,3.6091212639403376 5.482670580672583 -9.535540580988886,52.77049192031973 44.76106963581736 47.989037778591545,26.002463976254965 -122.39988410434442 -45.59628972411958
-0.8838561258903158 -11.760761938087866 -2.6423546794899186,-0.9378227704771535 -11.033885037377333 4.51662910868641,-12.323994812216219 3.8444234510328648 6.696995030769461,24.432291903750613 3.096738871141069 4.233517295806441,3.1118983378367147 -1.7061143497050655 7.746420874027543,73.1007898008874 -32.417882148747836 -39.574049286593784,29.947326814541743 85.34796237567124 27.670477252298856,3.209341984234766 5.444248699154416 -9.60730553666827,52.90669385737624 45.63218518410636 48.46334836156616,26.005913269654634 -122.4241061267796 -45.59098256690694
-0.8932773209562722 -11.993218503214099 -2.533595814005659,-1.0529598911046865 -11.224059912433182 4.586099617854513,-12.164806652760436 3.8778575314350703 6.773070630973871,24.052089121399533 3.101542952575238 4.1286835522592344,2.6850602314809335 -1.704111614764614 7.710195124386417,72.73285595307041 -34.30664581545128 -40.49638361461539,29.911789069151528 85.10543158026883 27.549611885691377,2.7832592870115818 5.409724879482605 -9.675506038509518,53.04335151422889 46.597218953953465 48.9874113014853,26.004055178216785 -122.47208052969913 -45.593777229674146
-0.9087627887120804 -12.213115733627575 -2.4813537959579524,-1.1440606763222267 -11.367793707876604 4.5954922834690946,-12.04074742060534 3.932430382091714 6.8193020465462055,23.761111673648863 3.0928477188194647 4.089908573518181,2.3071087107309918 -1.692430945872769 7.696494048753809,72.50265892465788 -35.900138645305574 -41.33040735250918,29.89201850090361 84.8820750067994 27.44777920278046,2.410506556484838 5.395812719371911 -9.719348419730991,53.15735049934955 47.392533479675166 49.398072356264976,25.992455502684752 -122.53457451594343 -45.6116155620302
-0.9315127676823179 -12.337184314718268 -2.486517303307114,-1.1944652756691827 -11.412154491144591 4.550631451075165,-11.979302920349664 3.992582886515755 6.815643785830483,23.609934957718128 3.065687249847591 4.120302931595647,2.0454207229320036 -1.6792820967473394 7.714519882297378,72.46226364866682 -37.01217612350518 -42.0251032685342,29.89005392460857 84.70941715860764 27.37950349228782,2.154796291481615 5.400434182879043 -9.719890831669472,53.23823463275808 47.84780743274908 49.596096743730634,25.979277150212123 -122.5799151546706 -45.63193955966121
-0.9705901745366169 -12.256496278245947 -2.5028571579268233,-1.2070515573521081 -11.316467413877763 4.505341760476695,-11.978220507395378 4.016135329799249 6.7551600708527175,23.577836972688207 3.024728173795789 4.1761899818447725,1.9582217527378183 -1.6841062207848716 7.763384928089183,72.53957381110986 -37.6510022184664 -42.61988106489655,29.89655287506524 84.65708893529609 27.371679604523724,2.0654406124501623 5.404514275131921 -9.659866387885637,53.286997037164625 47.87712356465899 49.540064582455585,25.98407706128526 -122.5561325021502 -45.62455367687317
-1.034593704647781 -11.868743789340558 -2.4839565288078775,-1.1854080558230977 -11.044449700645895 4.513636807192742,-12.034521335460683 3.962180822737587 6.632690349540487,23.643233874602153 2.9748126290932557 4.213027802040844,2.0999885491835646 -1.725744361772596 7.841148045150902,72.65916981055389 -37.83427154008967 -43.15549266965637,29.902001191876323 84.7911269471747 27.449417962269536,2.1882368513938357 5.389107744531151 -9.523722078881338,53.30455193526591 47.40588092173206 49.196009341753935,26.025810752144515 -122.41331688239468 -45.560223390111744
-1.113848234789667 -11.256055653379493 -2.4203123536881224,-1.133287626379118 -10.65639178404398 4.591871020382207,-12.153667204922646 3.8443754182416563 6.4749245059041245,23.826271459810876 2.91658900461719 4.206331712444383,2.441616345471902 -1.7984746497685615 7.929002621337874,72.77375109296091 -37.6384408885906 -43.625854678226275,29.90271200219699 85.05613743442541 27.58331071802187,2.4957431441483013 5.35341189069983 -9.336327254490724,53.27980026533155 46.5617754940493 48.66124701089824,26.098695440670596 -122.169801691065 -45.448742499199184
-1.1797832935952717 -10.69127037927232 -2.340590851011016,-1.0546130340463953 -10.312441954882887 4.717458798404384,-12.349847646287085 3.7327939073902514 6.341486157807295,24.190244474466944 2.8463693017857867 4.152356463197638,2.867576082518475 -1.8711768667103301 7.990702944542703,72.86509253738005 -37.20076923596057 -43.976455388951436,29.901023918574264 85.2711661745379 27.687577477319543,2.8847874171432464 5.3153836293564165 -9.16434847010316,53.189221085095596 45.68168074378723 48.16884128323241,26.171368646807153 -121.9144844804062 -45.34026055957402
-1.203984991430701 -10.448599641396392 -2.2746555626386633,-0.9535772428621666 -10.172954116726165 4.8660591402026245,-12.636110548689345 3.6983175269963517 6.291720048847026,24.796254148612338 2.7604645790677775 4.048840836164133,3.2602613819023483 -1.9123475282595206 7.990606922472386,72.91678359615979 -36.660481292822084 -44.153001517282064,29.89950760354446 85.25466893970243 27.676352364449663,3.2504355307069486 5.293401209437415 -9.074507897087239,53.01036384532408 45.104509304682956 47.95205677037425,26.212091875573037 -121.73738438991367 -45.285374252523496
-1.1906875964835641 -10.566499561103106 -2.234469830296348,-0.8427018496666108 -10.258540030853279 5.0146440056698935,-12.976478040523594 3.754787476972372 6.327877483314626,25.572564651062287 2.661507795345279 3.9102558357300956,3.5627132120249105 -1.9155191789331785 7.937778841918227,72.92742866738199 -36.13014293167106 -44.17907005332998,29.89927420112559 84.9902895868834 27.54362901793741,3.5427440266707286 5.291739545037558 -9.074069718853167,52.77295306854301 44.927509594742766 48.05169634449569,26.214658492972248 -121.66076487827785 -45.28976221781542
-1.1827237789608445 -10.804703409170006 -2.210834419710867,-0.7443550073891444 -10.424600808178097 5.141737607504538,-13.277011368202905 3.8486091684329455 6.384710841518052,26.29039305718394 2.559605999003914 3.7708541965447644,3.789673085215796 -1.9038232984168735 7.8941372671520975,72.91338362273052 -35.69080251773691 -44.17030039952391,29.899709334317567 84.65696618044848 27.377815274269373,3.7767823778734915 5.29799983190543 -9.100003698677929,52.56839744353966 44.96222164366303 48.28102429402712,26.20304699949619 -121.62678500684186 -45.305998579061814
-1.224098958187619 -10.911326238364271 -2.193533586827444,-0.6813500953658621 -10.519538528914113 5.225997323357676,-13.441494214721843 3.92312864593252 6.394371273424025,26.714534484830445 2.4654358801837293 3.665781191730239,3.9588591714810013 -1.9016296226937066 7.923325775645123,72.89176600610183 -35.42201121902953 -44.24545570885926,29.900108023020618 84.44207277647033 27.271362099042957,3.9700914271841095 5.299075154521887 -9.086549071710802,52.49019726595226 45.00771498297638 48.443567121342625,26.2024686151731 -121.57446506448606 -45.284690498830656
-1.3137648037741159 -10.825467837968018 -2.181120622191466,-0.6712372804523484 -10.500164130023027 5.247937187270133,-13.419332195595045 3.9573046069034272 6.344320359850962,26.722699444643798 2.3955620187724707 3.619526344495744,4.038343686768811 -1.9132165873594733 8.032375408987413,72.86845646377873 -35.417092093517745 -44.42977066299152,29.900150956667396 84.41176546422717 27.256615899414665,4.085485953224799 5.29272538147031 -9.024626257506432,52.569127256943304 45.03489632935989 48.487966769820225,26.216363112582364 -121.50625714035259 -45.22335355535201
-1.3897253677961978 -10.744587506731088 -2.1840113532145926,-0.7244467835885965 -10.46994141488152 5.19058287291867,-13.221647167760088 3.978271679987317 6.296842288093863,26.345347646100468 2.3745139887970668 3.642164338567823,3.9290390070765815 -1.9156836051866954 8.151733146257834,72.83413464007707 -35.78799847716602 -44.6219569008576,29.900040549059785 84.46821961385069 27.284615096788077,4.011748645080794 5.291410702739057 -8.981832604185783,52.75110850513677 45.24712956686602 48.5591738242408,26.218718379372948 -121.51042232119907 -45.182959891403925
-1.386384296104003 -10.881752423216456 -2.21331088275124,-0.8504555241919096 -10.541354259353648 5.037788747208248,-12.864715708988863 4.0161263723340195 6.318655164270043,25.62527858150939 2.4269382743824024 3.7423791686462944,3.529266530947607 -1.8845531098796506 8.207149869821514,72.778745219013 -36.64480314939641 -44.71322845590487,29.900013264723384 84.503132134243 27.301215047385703,3.6347124433969333 5.308430853658474 -9.030280637391014,52.976134339890784 45.860192423275414 48.81357673310359,26.18187956637492 -121.67969878016282 -45.22805902783899
-1.2816953529846091 -11.286155385655864 -2.270958570356599,-1.0318660151272445 -10.743499725886025 4.8124337556768655,-12.411249603785292 4.073497725963529 6.423844475192576,24.69512341183664 2.550573239902558 3.9068059554426524,2.867921213104217 -1.8164836199859904 8.168780408330985,72.71287598204957 -37.90539957444015 -44.68380174180518,29.900126599595936 84.4778823467947 27.287576025393278,2.9785263376935958 5.344849961565379 -9.186428270544894,53.18992219100307 46.8446635562017 49.25776180933625,26.105062511312198 -122.0099913390216 -45.36758313075911
-1.12111498630235 -11.752983902767639 -2.344686873472063,-1.2096254391034198 -10.976225316128202 4.597884940743729,-11.995935207087955 4.110440211944603 6.544915147752967,23.82675238446684 2.701449664117872 4.087904064986477,2.1762870203462525 -1.7408945855605982 8.075605707184263,72.67911151169251 -39.18980327798286 -44.65184686157837,29.90016064830401 84.4618573122535 27.279580927839522,2.281729193248238 5.3827669614066265 -9.380468768130164,53.347061843952815 47.79106306449964 49.666122055730504,26.029132616594218 -122.34711312494558 -45.524257466402574
-0.9557486995281791 -12.056874203317728 -2.421058316339639,-1.3214419630123497 -11.128888230776582 4.482067119627137,-11.758774704740658 4.0837311695960015 6.607863037739722,23.302342578751688 2.832253080469671 4.235471195884137,1.7018763115703421 -1.6898296017894794 7.97236300792554,72.72253285269998 -40.09316879041389 -44.74530281198176,29.899875305595913 84.53314719356828 27.31750263891084,1.8000918112544793 5.402806132122408 -9.535555820567883,53.403255031254595 48.25976653396385 49.794626135548704,25.998206949139337 -122.52507910421286 -45.61394052631618
-0.8225290802072525 -12.089228656182701 -2.491325886842787,-1.3359757248736288 -11.147306562691282 4.494865185070159,-11.761047572316244 3.984782670220982 6.584415470806983,23.253849024498393 2.9174736102594276 4.324317640218068,1.585975248329357 -1.6778889235756096 7.889022916089458,72.86520740532453 -40.27924750430551 -44.90346016464959,29.899359786527235 84.71698275430757 27.41308105115167,1.6805702926828814 5.399686581637543 -9.609104163251242,53.34555964433065 48.040313921428265 49.53854508573229,26.026632497083565 -122.47797465483914 -45.60184232593945
-0.7331690117587686 -11.949226739828875 -2.5550889220474886,-1.276963711962303 -11.077766579560492 4.562886078375121,-11.923951775596544 3.8666368475393167 6.527675697315923,23.5459172110822 2.970401100780105 4.373761835761528,1.7808479672477064 -1.6886336122495473 7.829279850076959,73.08825141281434 -39.533854089630424 -44.729922926056155,29.899289308409973 84.94453518556894 27.52728361120992,1.876492655296011 5.39320817179927 -9.619493644311511,53.216829647501676 47.33002701663143 49.04102869073139,26.07578249336475 -122.317953393515 -45.540990436199934
-0.696713109967819 -11.757214492085136 -2.6127867863481784,-1.1738204817015496 -10.976775208537179 4.6023372110945635,-12.154349265789682 3.7885159554307033 6.498917856104407,24.01572963345585 3.0082453274041225 4.407655329836781,2.218976860785169 -1.702473694242116 7.794147320002607,73.36857374161646 -37.65849758985808 -43.796584667988796,29.900392460911622 85.13727389150077 27.61586812228899,2.320907360091809 5.405653433708999 -9.591337414816422,53.06561036801831 46.36827463445979 48.470635567762855,26.10171365650389 -122.17522255202235 -45.493305418869205
-0.7120809545833621 -11.596362532729934 -2.6618548748357265,-1.055974432847693 -10.880769042325182 4.565857377842526,-12.374460404500406 3.784107244580425 6.527280105008535,24.51406113004991 3.036450470162944 4.441738488713641,2.7890025375163425 -1.7069935226818151 7.788732435813382,73.6851486837684 -34.91430371641571 -42.102657599060734,29.902358826128815 85.21580246303489 27.638155443432527,2.8996228406611904 5.4441319823013705 -9.541693248648324,52.931547526680546 45.39615779518456 47.974772381673795,26.08177702599808 -122.13535928678763 -45.49715062755019
-0.7574571280356224 -11.473710177826023 -2.6935767728461815,-0.9528823097357423 -10.785082762533536 4.48069297239637,-12.537957944935595 3.8348049939864985 6.576089529436736,24.91952221361373 3.036366020735581 4.47514084223882,3.2897822938317107 -1.7044697090070577 7.8265255646857765,74.02118030332316 -32.5036442507434 -40.52245706403279,29.902750209119343 85.09895139768771 27.560763193224677,3.401704976975923 5.484680913370085 -9.472146310493684,52.83606139647423 44.65832489153856 47.657528847711596,26.036932146713404 -122.19254310493238 -45.54264675809436
-0.8085144910708025 -11.386951116587014 -2.6985076467932894,-0.8939561488364447 -10.680051220446469 4.383212738799662,-12.602477142170992 3.9155823726043653 6.600689908144728,25.114389062185285 2.9864786440905418 4.504969333352717,3.5096359974431506 -1.6989771306908341 7.921952298420411,74.36024702824844 -31.741446321117337 -40.03557810638786,29.898880176553412 84.70588334840481 27.35146270772356,3.6048604679488534 5.49958384436325 -9.382426020954894,52.79828276649105 44.39922050582533 47.61733715163614,25.993454988301178 -122.32967791083487 -45.61398301505803
-0.8485229943532595 -11.327118387768806 -2.6741504454530536,-0.8951286510253292 -10.56520036142045 4.306175928638445,-12.556805404329156 3.996334468861025 6.577370102106822,25.05294008693897 2.88973403910578 4.531495212324638,3.364461798698829 -1.6943913019059915 8.063907112326909,74.64576615296593 -33.188754530396416 -41.09803455672885,29.89150220038575 84.10943207939293 27.050844143815393,3.4228697255733107 5.475439150962722 -9.28311266999321,52.821146754357706 44.68474446646896 47.8536915196858,25.97113786356928 -122.50602335840564 -45.688502933102306
-0.8787105340263235 -11.2695006333829 -2.6344312346377863,-0.9404701624711187 -10.461781971629877 4.273809701677127,-12.46336737062961 4.034952841641241 6.53192880416535,24.859652050122886 2.8068939897847818 4.562469495900705,3.0717264575811063 -1.6941164833173887 8.180934215639072,74.72622237871171 -35.62459149211915 -42.92820281132406,29.88950097547597 83.74567800159471 26.871626253461933,3.0911632077084312 5.432682329468353 -9.210435753047992,52.86930526816958 45.158753821004204 48.132217354374355,25.97444706478973 -122.62494899555887 -45.727368302553145
-0.9028935431776407 -11.187145494824463 -2.595638019952289,-1.00944439495505 -10.394176487534958 4.309092646758479,-12.395193150366635 3.987636347632343 6.497304161898827,24.68353056083806 2.8070176571894927 4.60669436572521,2.892298446250103 -1.7014889885550772 8.192914022539274,74.4365270246132 -37.571356237167706 -44.56612819332111,29.902926492470687 84.10272324216008 27.05117224983659,2.8914632979512276 5.396624349572628 -9.204296988610873,52.901885722864066 45.40442239751928 48.18497765516404,26.00562177406783 -122.5818590164509 -45.6894515616779
-0.9211109567989515 -11.075697210804762 -2.5669727410191823,-1.0788310276772108 -10.380156695444994 4.424117298291076,-12.403777957769027 3.8385405347870094 6.497978137231115,24.634873774523065 2.922283678966955 4.653105913849383,2.977739895281303 -1.7199317345606129 8.056374966468267,73.70650119148965 -38.09219636015898 -45.35786408448876,29.93552891418086 85.36310721334978 27.67756172390912,2.988972415009264 5.384132354518329 -9.282289085925362,52.88187928645988 45.19659362067831 47.893817214634176,26.05796413580251 -122.34549034689181 -45.56626564133191
-0.9230617656643246 -10.99265248159176 -2.538241026697132,-1.1180628804977526 -10.419408613063325 4.601178374048707,-12.481670686496457 3.648345312117844 6.5352860257626295,24.718027996604462 3.083919601553374 4.636261844036651,3.1804145118684493 -1.7531046929046425 7.8281601508411764,72.72575746740645 -37.73042168024164 -45.4870834168818,29.973814220429652 86.87296879280157 28.430248163602375,3.2299490875832753 5.388960651417834 -9.400939492169842,52.782853172368064 44.83475788689761 47.55057054510257,26.100313417374778 -122.08530969080817 -45.43866855316968
-0.8966960098209071 -11.005979934919209 -2.4959619578530448,-1.0953342609459933 -10.508546104870033 4.817515371248568,-12.611423207607055 3.4906990132207927 6.606633670154612,24.919366673389145 3.206043890368099 4.481517538809536,3.301980747778742 -1.804706373380647 7.5821192538164635,71.72794808212855 -37.28023861942816 -45.27947462554079,30.001366740433543 87.83673354770069 28.919450061160195,3.4065973611482443 5.40094488482748 -9.506424442730113,52.580180307119996 44.70730150617146 47.51652425290413,26.097367792466386 -122.00478694416348 -45.402651924333085
-0.8416972154508432 -11.140552008038732 -2.43288976968456,-0.9986099770770103 -10.629456650708644 5.042899661817767,-12.769752181748949 3.4201043308015726 6.696488831010236,25.204043071891533 3.2249927943903827 4.163648728327487,3.2169812069082613 -1.8738962607191585 7.384693387300398,70.91821864187106 -37.32057146867306 -45.03160996665436,30.007962796896425 87.74960547317082 28.896039274912884,3.3807130401904413 5.4108310197923 -9.55305048479129,52.28333830088816 45.03047009155012 47.97363520808961,26.032493025295622 -122.21862865838447 -45.511277132155264
-0.7950605381867228 -11.284198398176072 -2.3616060330402764,-0.8787235855155578 -10.717198902197044 5.22335452437954,-12.914818726394229 3.430182217027009 6.74817711237354,25.469731837894287 3.147753492583942 3.814584240910717,3.0317247769118 -1.9454000712662298 7.278764963288516,70.41106577073631 -37.745763056190604 -44.947474372930536,30.003068799841824 87.03144274047679 28.558155100676636,3.23538864316159 5.412259774064624 -9.520977963606896,52.01025516843073 45.473114404816315 48.53360480908792,25.948416455389218 -122.55928042834687 -45.681090493172256
-0.8011807042982805 -11.297570767674866 -2.298624486658764,-0.7989767209667178 -10.697544791920041 5.300193826214206,-13.001104216198014 3.502479285825515 6.696865129814726,25.600725737607792 2.9953250281832378 3.597419295192123,2.898484609005614 -2.0010810201085993 7.30254380119752,70.30300736740107 -38.31438719256623 -45.21268853641145,30.00005610054738 86.28548233373033 28.192639641458445,3.097604785381372 5.399446015815425 -9.39549496052059,51.900366517606216 45.59552625502206 48.69504209269214,25.899638016652187 -122.8032095371198 -45.80156451638979
-0.8894928962751887 -11.097412481603552 -2.255631959576176,-0.8018613778340079 -10.533227476382486 5.241203862984149,-13.000566772564092 3.6180910275403315 6.509889821676747,25.53082777042279 2.7928664256029307 3.6179969835947277,2.9290640853890437 -2.0270498409699083 7.473191523838546,70.63772557403675 -38.79469101036396 -45.88996419246169,30.007024321843478 85.94735063932568 28.008678081431114,3.066918317734036 5.36983577158004 -9.180997215778103,52.044334666789695 45.13536066447508 48.1600684390869,25.924592062408227 -122.78492365541061 -45.791110902597815
-1.0340212544272123 -10.80823391660006 -2.2264361194684272,-0.8527894019915837 -10.32388668943982 5.112226383596148,-12.94989942896943 3.75644194385528 6.273748920128206,25.377229791662113 2.58094552760352 3.7700951091887505,3.0853641506619307 -2.025150329879001 7.729905978718565,71.26319574019023 -38.99075220356453 -46.58675097200778,30.012546290045368 85.8318343953051 27.92780974682231,3.1413068323908133 5.332843471145253 -8.952656377563772,52.35216276182034 44.48723657332454 47.384627083561114,26.002205077537642 -122.55391551061277 -45.67533384456198
-1.1959631785444025 -10.602640078840333 -2.2007059036346734,-0.8993298587862633 -10.200853775031552 5.001801353879616,-12.900780281201023 3.8965697301949516 6.1025239118096355,25.29957514603968 2.4036970637402963 3.898401865234601,3.2945858124671736 -2.00086822677753 7.9938376878220145,71.9820903272441 -38.71494264896654 -46.80511285264152,30.000674700782646 85.61000622136032 27.804988701495326,3.2952340018701243 5.300654031855962 -8.802027547078888,52.69203433574061 44.19784921145274 46.999158562900405,26.097628458826797 -122.20944331781399 -45.50465082543453
-1.3367896535112744 -10.603533005862012 -2.1735280872557246,-0.9001722015293072 -10.254508800950308 4.978338909992076,-12.894861910501755 4.013722748929735 6.081193829390592,25.41415102696394 2.300558505834916 3.8868290451986622,3.490522041824825 -1.9615129193081051 8.192185304738468,72.60080944376672 -37.889854301369766 -46.22650081039859,29.96243770180286 85.07441882479078 27.549731179834716,3.496759128143166 5.283463797161451 -8.794688325137603,52.943867802028755 44.626325023699216 47.43056280911789,26.178193647558057 -121.8543003873239 -45.330448149496284
-1.4191535416492216 -10.71909975851383 -2.1633943037398304,-0.8620455461109123 -10.398323844497337 5.023289072283839,-12.930487048006773 4.066779584513504 6.169016186340425,25.649947666074056 2.2906753469316814 3.788732937204404,3.635442846471963 -1.9222718853829255 8.278275186737687,72.94185649558415 -36.91422575483985 -45.30731098544443,29.91899713467356 84.54241437504284 27.30725996439553,3.6862748705151476 5.282878545211981 -8.883994476658263,53.03827582137266 45.32150027684402 48.226451908726155,26.22064979618788 -121.60655150938497 -45.208297392285196
-1.4060267815244483 -10.79955992459855 -2.195114890990685,-0.8046484709554002 -10.498010415320122 5.094624885968848,-12.99430588897198 4.010199406067413 6.291306947718955,25.885389974646397 2.387714772269054 3.7032154467900296,3.699306295238465 -1.9004594828943315 8.212487493214422,72.832082360991 -36.31534284268582 -44.71315460674041,29.899650156491873 84.47301458097337 27.2864324904642,3.7967046125670385 5.298184824404492 -8.993004782400142,52.91955718597289 45.613453912116746 48.69705304258421,26.204288594852507 -121.58838437761139 -45.19490004399408
-1.275894302901611 -10.740223270952079 -2.284130110441435,-0.7499473839477087 -10.456858078347132 5.15241566735375,-13.063869617905118 3.822732587193606 6.3852289195387195,26.00505619690941 2.5906004014698976 3.7097007063805414,3.653617813691567 -1.906859739495697 7.980432464596362,72.19062701783555 -36.49605753207307 -44.935223174310124,29.92488788217572 85.1671705281463 27.62252519092264,3.769522874512952 5.32753950024072 -9.061057266219217,52.571955851512044 45.039109971024615 48.34209153643103,26.11823709205996 -121.87595544761263 -45.325333226785965
-1.0854613184563264 -10.663759878146964 -2.398633500970782,-0.7313426237072924 -10.36763793683034 5.167302495708415,-13.070850895748977 3.6056120630349526 6.447682261014419,25.92455517572314 2.82391561032499 3.788389083724106,3.4776843740013184 -1.9193289878490714 7.694936044824432,71.40197438638849 -37.23178557644867 -45.58522463338039,29.970798560251836 86.12879127070275 28.07979601615629,3.5893216941711255 5.363403482606148 -9.109576277208538,52.181128010977794 44.17837348022439 47.616807563278556,26.00121442620776 -122.31332005343221 -45.525638604212006
-0.9160311787244215 -10.76433842191683 -2.491960800493451,-0.7858301870898732 -10.382707851166948 5.113250980374943,-12.932494843613012 3.4985881816370643 6.494352893758781,25.569254027820076 2.9888658028473154 3.8882777886193334,3.1532663211934615 -1.9053687018679406 7.508830034332877,70.9969463190032 -38.10063121478851 -45.99829342520203,29.999506953201788 86.6111379612461 28.30582775965396,3.2542523883951766 5.396446459259723 -9.185800066808183,51.99606849275509 43.93913843679754 47.27692456040229,25.907535090484775 -122.67154407965987 -45.68756917270567
-0.8360965233116724 -11.178121480138055 -2.5264772494468484,-0.9371331888583838 -10.613128191831759 4.97391399568948,-12.59688553976168 3.606600532469754 6.538183878881748,24.90749440773456 3.009372603363512 3.9685793171668218,2.687174893598477 -1.8415137815032414 7.541588282068744,71.38401674263714 -38.73177447750406 -45.65152011155338,29.981483796000287 86.05179698889634 28.035743874062877,2.7848907828092955 5.417903680017005 -9.324049712704237,52.20908521918241 45.000284731476036 47.89804373004527,25.88247179216892 -122.75995988810176 -45.72139450476308
-0.8385440336559873 -11.699018420014413 -2.5178328599953104,-1.130688270878851 -10.926273179393192 4.790069300510902,-12.194015307461424 3.8292043375188483 6.575901427749323,24.161045491314535 2.9433801360919016 4.048819449944227,2.23395729958219 -1.7575973456815692 7.7158652047497025,72.24978009402858 -39.05604692840463 -44.859797221188806,29.936451453621782 84.97597886977883 27.52120259027429,2.3340352874403436 5.422349733837529 -9.482409837737853,52.67803058930062 46.689342611858564 48.99282268708192,25.917938436230617 -122.61373900484075 -45.64666215048013
-0.8886392206158301 -11.995903035596008 -2.501144202294394,-1.2833316303652034 -11.1004910253918 4.623364122427396,-11.920333119517522 3.9909216231583735 6.598307240169245,23.644261284563672 2.8977950464686875 4.170558256348736,2.0021332190980163 -1.7029239840122787 7.882411056475877,73.01710613767676 -39.114482669055015 -44.24409198388377,29.902125418917233 84.30623650236986 27.202568103177963,2.1027892693151866 5.405579172476791 -9.5911135544371,53.138570162857725 47.84015294034233 49.68559322055886,25.986355324012163 -122.350558914897 -45.52284224982536
-0.952350908704323 -11.802097663771631 -2.505508195802683,-1.3234196704552623 -10.957340530305814 4.530870235555597,-11.94008498966921 3.945235646400586 6.598987814721811,23.621234737269184 2.960836093539678 4.358993991853506,2.1565125459381003 -1.7187765483602984 7.911550606457635,73.1835032877883 -38.958440975842855 -44.32543183013993,29.910139276989334 84.80007511094271 27.441481182195837,2.25044634610135 5.3661825141654536 -9.592581994111466,53.35502624718912 47.492437865137994 49.262775459211056,26.06004402834167 -122.08618350359443 -45.40758369121864
-1.0007989052676702 -11.298352280095418 -2.5181513509748505,-1.2593505521845636 -10.6184188094527 4.53777223607632,-12.193910400449333 3.7468827183945344 6.590868171781701,24.007176717513715 3.090853394450242 4.525833844921375,2.558769313623272 -1.790707829832408 7.809849444685833,72.76586655530649 -38.70963186505734 -44.92987569698663,29.949840280585857 86.06838455922453 28.052685385441286,2.6463753381469575 5.322093104197924 -9.513893379035355,53.29134822405682 46.11619320922552 48.13682653814685,26.11084185679157 -121.92228654884755 -45.34551967024847
-1.0072821355136135 -10.854700651342911 -2.5085869458423455,-1.1333840179520516 -10.33225387118519 4.655764883134267,-12.52785232690882 3.535739042843812 6.595054472997685,24.56970389622378 3.191256274192129 4.534772727666845,2.942336249306962 -1.8806940760371589 7.641509696867729,72.00081690380698 -38.51952715939619 -45.589476832362834,29.99268649409579 87.23698029049672 28.6195599818798,3.0372926856981364 5.299427250482382 -9.417940024638906,52.995937498773735 44.78649056705949 47.19657236186421,26.110381249027938 -121.95458102347342 -45.375777107361614
-0.9514614092634193 -10.792065479296086 -2.4519821266261426,-0.9877510263820333 -10.313472091688046 4.885795945103951,-12.799185850793293 3.4361676299716466 6.628568256301309,25.089120978061544 3.179433972856922 4.278718323561427,3.0743762172516695 -1.9533282427488805 7.469055010965934,71.13079356980528 -38.509527674234484 -45.88107153621853,30.01325257768429 87.53834059297748 28.775867474025038,3.200784251385682 5.319538926986951 -9.3619518116622,52.531908079503474 44.44474067165829 47.208636517385884,26.038341889767953 -122.24954811002574 -45.52452262098779
-0.8648914374411601 -11.024754022919149 -2.3701962472575193,-0.8634590070449374 -10.49611998298635 5.1414362979928905,-12.959680031808533 3.443349923902361 6.674833122382145,25.453664255074326 3.088553471459219 3.8905605440448885,3.0012695979527253 -1.9952621631998535 7.339618441565215,70.43933961407518 -38.55457553253125 -45.75582160171343,30.012088631748885 87.09021899604387 28.57360397780032,3.1701268108126106 5.36464925788132 -9.355868069077324,52.08006656650076 44.92308325984792 47.92771060463792,25.940131294351083 -122.63510696158191 -45.71223677642443
-0.8044670653651852 -11.268520536896 -2.307888774848694,-0.8009179321992304 -10.677235057684491 5.293590104601837,-13.007245962733101 3.4893871574706488 6.7008665774371865,25.6042737257491 3.0083167860082414 3.6203742062919892,2.9057405278423625 -2.0039191660677296 7.292817714930197,70.23006936605009 -38.409265451177866 -45.34767443078906,30.002428735583518 86.44265477190928 28.268991842786175,3.103452699877433 5.397870538512336 -9.386535837323164,51.87868962947796 45.511993720124 48.614353155768676,25.893252311595667 -122.8226853177811 -45.80779294172507
-0.8204210895741499 -11.269113927468648 -2.304451034615786,-0.8332750260456919 -10.675697404729187 5.231212498229878,-12.944960911268199 3.5118650747407822 6.678569164378471,25.49778040226478 3.0187211406364747 3.68655473171481,2.9521136512307242 -1.9786153873735586 7.359861137281461,70.74661573796709 -37.87051193739529 -44.79728946491283,29.996552128843167 86.10245393734928 28.09850743418423,3.143296271396074 5.38677808838107 -9.439560635782813,52.12500919003279 45.57101402033364 48.60873214723425,25.963628065612717 -122.56717595221873 -45.699611484167704
-0.8966938829963884 -11.076300005863285 -2.346670957444606,-0.9232612812043982 -10.531279128576083 5.021172245390882,-12.822988356368326 3.5057173308479097 6.628288990083996,25.241711548416237 3.1019050422764427 3.992481161006708,3.117266436991006 -1.9363215163440544 7.490871343428992,71.64941735983602 -37.15367539935166 -44.298434166874024,29.996642147601623 86.12862753813127 28.093659292858877,3.2726764953546326 5.343497786153741 -9.490020728397232,52.61431005575493 45.1652723920285 48.055755725811,26.10273951514237 -122.0527742220186 -45.469126483191964
-0.9799709427038785 -10.910695359859314 -2.3917745300549402,-0.994035325567411 -10.407888760851122 4.830321639487565,-12.717953186290185 3.4981058385652637 6.597600620848947,25.02828238840496 3.1850125631696535 4.26450029622424,3.2727351872353703 -1.9039297106356066 7.590402614250084,72.27117057376628 -36.70927358663356 -44.074721532836264,29.999208453414667 86.32853575035341 28.170768575741818,3.3849682246461845 5.305191939407132 -9.50707829438388,52.91599164616596 44.756420941264714 47.55257821527628,26.19775365314362 -121.70493404121238 -45.306241455520684
-1.0207137887860223 -10.975880273798042 -2.3998736581122215,-0.9749722923360666 -10.456759755702896 4.812401419383591,-12.700385774486177 3.5141728996370536 6.630452030435143,25.034016498194312 3.2009667379171547 4.250323709926582,3.2993084899867715 -1.9060707794706477 7.570681655117437,72.00085308459374 -36.947035229803234 -44.324630216507295,30.000917223889623 86.52038853682366 28.251045908258394,3.381885049215425 5.306056626719742 -9.46394553786986,52.63786126616967 44.77446955536297 47.651956352166515,26.145761935345636 -121.91147548271213 -45.38431702838897
-1.0180968809013176 -11.255298757675718 -2.3684511101306955,-0.8728304883812085 -10.665728229282779 4.955803661508901,-12.76654657194766 3.551416055601141 6.725111953437386,25.242072761374068 3.1569812529088352 3.9689168780656296,3.1989522855885917 -1.9398046127784832 7.439018625300649,70.92408714329082 -37.7721132894447 -44.950593420273286,30.00098768344966 86.68106049810751 28.327434530215058,3.2736684388840027 5.3425685620015235 -9.381681091418393,51.86342254392263 45.230320873206985 48.33205414553067,25.96754283098566 -122.59153296822852 -45.67037875694807
-1.002722381656067 -11.59037141868533 -2.3190998887206202,-0.7442928487475589 -10.917212660324608 5.142243885884586,-12.864779950658882 3.5894975188300107 6.850378647568548,25.510858647099468 3.1081992473015903 3.6142477949111633,3.0518114513651367 -1.9844034106218884 7.264067847873779,69.57594309511163 -38.76412797131733 -45.664047281151745,30.000286183496 86.88979051719485 28.43915678747062,3.1405778504909585 5.386869385182739 -9.312212251099883,50.983079961293065 45.86448576049546 49.20033061894204,25.763672882532013 -123.36186307998753 -45.99833279500496
-1.0033990059683964 -11.826358788409426 -2.273678505932374,-0.6452691098585734 -11.096325563555578 5.25696769218323,-12.944088541725215 3.6090800691358287 6.973932468471414,25.701515281475793 3.1066537513010535 3.3753588308863116,2.9351141764765822 -2.0194160978242417 7.113904791500098,68.48202032715312 -39.51642812733971 -46.187571109473566,29.99967096571401 87.21939469730518 28.62173932106658,3.058969191417947 5.4122688843123115 -9.30391872775509,50.37666218000816 46.418243886018686 49.86945245308418,25.631342631747984 -123.85276320540127 -46.20790367022247
-1.0162904065216585 -11.895964669320186 -2.2521249027538595,-0.6090540588431337 -11.150884607215152 5.259999517087504,-12.97399906675746 3.6091100737596533 7.054624503945582,25.74298665542488 3.149309172237379 3.3308104341166564,2.8666423943501864 -2.032466584524721 7.034046589380009,67.92896281064937 -39.89220477236438 -46.44557378520116,29.9994992805873 87.6281707758329 28.84777783705788,3.033765495526966 5.414247421378353 -9.347954333606104,50.202947103382954 46.707193227875976 50.11249208724864,25.601304570679055 -123.95628987981965 -46.25204071753022
-1.0134283253052077 -11.79653275303211 -2.272957293997303,-0.6522250407618089 -11.075060416499328 5.16664187282948,-12.939210083020763 3.602049509005462 7.044779062899763,25.614338051314785 3.192422043162045 3.477492512080241,2.820234126647227 -2.0171479783814026 7.053334782770453,68.02677369091137 -39.95412187462863 -46.51166081456552,29.999758035456864 87.98976212630447 29.04334818216929,3.017085127110223 5.404674308908798 -9.3931703033851,50.457307304931454 46.60186940803685 49.82109724214909,25.65519879970349 -123.75799745875103 -46.16739141026716
-0.9683521325623416 -11.531275996102748 -2.352501222659077,-0.7880894044836346 -10.867758152115046 4.99523409068386,-12.82731706674381 3.6000148746040512 6.901510803979273,25.30180008957372 3.1937796521475317 3.8058735748865518,2.770959955050171 -1.9681278989118858 7.19640708267375,68.86188489515403 -39.76902612513757 -46.460761932200874,30.000401972564923 88.18186224375941 29.137141632173744,2.963456363242797 5.395447558417366 -9.39049741529527,51.121348799839936 45.991057605517064 48.90983387327651,25.772752043672163 -123.34927592395418 -45.993089099649715
-0.8905051264926386 -11.17880265777449 -2.4696885882203232,-0.9801153857413333 -10.591052249787515 4.794262534932613,-12.669921573158005 3.6036532887823713 6.667537418393073,24.895336516117553 3.154202930079688 4.228379498539964,2.733074041555492 -1.8962577682175668 7.421874104752094,70.18426061834118 -39.39521676554597 -46.330169871769826,30.00097918418281 88.18666622854826 29.122025612658252,2.8905761549639806 5.392308841807579 -9.344050726497978,52.00462181312327 45.05726376741077 47.64200058796933,25.920495369127313 -122.84401644756593 -45.77733614252869
-0.8196996632100483 -10.88149352703902 -2.5718221679411832,-1.1496151944678779 -10.360448384681128 4.637713203002541,-12.535847356788551 3.6039105827227886 6.457983255940151,24.57265293339138 3.1109124795587593 4.591424404625865,2.753973674485495 -1.8260779518085033 7.6324979601602445,71.45926644384518 -38.88376324402596 -46.12534240270431,30.000693800870156 88.07476105022629 29.045150445855587,2.8695721843553508 5.395792539056851 -9.302930802419393,52.77114451930385 44.231435265585745 46.57586879190388,26.053798397772045 -122.37514265841088 -45.57600584355959
-0.7951378874971518 -10.777031101013039 -2.607504216747798,-1.2199799300429257 -10.287667224637431 4.5968190057060045,-12.491832586715855 3.591716935431517 6.38525480466016,24.505299507531443 3.1008671766427427 4.746031789212074,2.878691424053183 -1.7817933503809418 7.733121697706456,72.16356336725568 -38.28824908796237 -45.85277330917043,29.99883027039565 87.91937895799973 28.954894426498385,2.9690247551721396 5.405951947390476 -9.315523421486153,53.09507930600929 43.93344884510492 46.25366789061221,26.129375231759752 -122.07148954785775 -45.443260792402924
-0.8220643070897558 -10.857737327323168 -2.5750929090194976,-1.1884350162653174 -10.365921915991501 4.665738368754311,-12.534004305042798 3.5642863595453425 6.453424121001819,24.671522252755963 3.130503662784423 4.688187361954277,3.0783840424364355 -1.770993125175001 7.711814913879469,72.21290581963261 -37.72167966089798 -45.56314295534795,29.99664852732315 87.79073670307496 28.889190081358027,3.165829356467731 5.415969168261017 -9.38401169423456,52.96979225415958 44.17364390409302 46.66858157960269,26.140697958642438 -121.96028819474462 -45.39095137778568
-0.8728827699583277 -10.975354986013475 -2.5210657043445104,-1.1236115499468398 -10.473816181929596 4.764090463601896,-12.590201056839284 3.5249100055772615 6.561792302119814,24.86262143450736 3.176740320537504 4.554070766753726,3.2527624800444137 -1.785197243762331 7.637136160629036,71.94769845429994 -37.35452758480722 -45.349864844899386,29.997319012816895 87.75613472820906 28.875867764574465,3.348212474763784 5.412381123356543 -9.46589581953816,52.69735348885839 44.56629351092779 47.282807745987355,26.11678756151133 -121.97050784898259 -45.390007573599604
-0.9193184684644727 -10.980936962939925 -2.4925095020909045,-1.0949330133536206 -10.489176299341816 4.810594450299688,-12.588385567327595 3.477683135421082 6.6085914408966815,24.870096580116584 3.2156111292287126 4.48171135118824,3.301778425005793 -1.8152617022909006 7.579440549380273,71.71846272373396 -37.35327576024649 -45.30473000038652,30.003837381485003 87.87570169357765 28.938951602992127,3.404190043260211 5.382226055941065 -9.517575680175483,52.58402511989923 44.721712245010984 47.552600386040986,26.08774376379453 -122.02759838818899 -45.40990048034574
-0.9515460226143163 -10.86599331605649 -2.4987943038382077,-1.1127456497035448 -10.398371292314165 4.783617284762721,-12.537497690078098 3.442119216421775 6.581334307779838,24.7032243475577 3.232116997546904 4.501308743739695,3.2131803152679814 -1.8518581888830767 7.567563831019827,71.67438638224152 -37.708429061197215 -45.42598150735015,30.012179080265586 88.01382708705047 29.008294679280255,3.3166034907828963 5.334000731827742 -9.515642519485926,52.70193267830763 44.590017610688264 47.3720915951465,26.073246300602875 -122.07089124487672 -45.42606922694885
-0.9801375180399798 -10.777321865896848 -2.5075907619511915,-1.1220806162408972 -10.307773742633103 4.727471809642835,-12.53600461922678 3.4547778986983415 6.566241318070728,24.61205317493856 3.2211725635907933 4.523847330493304,3.0717836209382643 -1.8854546229216547 7.584438450070862,71.74206506545265 -38.21593316895712 -45.60843697567215,30.010558098809476 87.81849351842465 28.909635700662996,3.173132175266787 5.299926201643018 -9.459010906546544,52.86434310560534 44.49700914508715 47.11952623614089,26.081454693107712 -122.0550651319332 -45.42055112288271
-1.0166276446125946 -10.866265472121915 -2.4851093254293883,-1.0659077520729205 -10.327612921970104 4.68906975147266,-12.684367250634782 3.551878015315799 6.652538506554198,24.85279566797366 3.1785050686355336 4.456284576441649,2.9661190426816497 -1.906676510581086 7.61067018665176,71.83588610109729 -38.66592085023104 -45.74488245440672,29.987207623579195 86.93980579339296 28.46994440317724,3.065525172132863 5.312656860866576 -9.348256769027195,52.87440332521725 44.78046569815009 47.19067113324384,26.11938942244321 -121.93780355501467 -45.37660658244533
-1.0691467181843595 -11.156325812223388 -2.423111067662979,-0.9354879714410977 -10.481935077553107 4.685521437447937,-12.986396335065377 3.7248549689140207 6.852460091144112,25.451118878425152 3.1108115370288942 4.284033408205409,2.9368196546479437 -1.9123061610178043 7.628653237440909,71.84500155712918 -39.004358525878885 -45.849705209599094,29.945772028028184 85.51567945528627 27.758569660278617,3.0358887410135664 5.375757402762802 -9.20248970465799,52.6552220430902 45.504905329098165 47.70551812836757,26.17419177092661 -121.75773860594346 -45.309780996243134
-1.1415203058130068 -11.509352473832836 -2.3456652100105573,-0.7831450877605973 -10.685810101922394 4.696254044453832,-13.32369084711355 3.9085165950493064 7.080885995244994,26.141170568480465 3.0386600190972275 4.091711790390113,2.9639531380975757 -1.906911012186391 7.623043208699761,71.62665412447839 -39.37426051194806 -46.091054311766186,29.90938275966568 84.30085495359961 27.151342915729316,3.06355699892977 5.456009294121469 -9.064254689715966,52.28159674431854 46.38931442146385 48.43534825314631,26.20786625368504 -121.6558599103426 -45.276443328341394
-1.236745680254948 -11.778262506540116 -2.278660249643297,-0.6645418690880739 -10.848201160841088 4.698795605657576,-13.571150224234303 4.034611252448567 7.247314602932422,26.641154682902492 2.9833678260070475 3.968993966515046,3.023601645925275 -1.895599014351726 7.578888093720107,71.03983370349854 -39.9275839332784 -46.642235597729595,29.902063980724304 84.07745576508997 27.03771230876017,3.1237455228017525 5.51813374251521 -8.977204241051108,51.83813164329641 47.13286223242479 49.13075700603182,26.18145917953496 -121.77730970441009 -45.334583228196706
-1.3300721812532594 -11.888225676083563 -2.235252719728459,-0.6062768159347897 -10.92251157890576 4.696721168819208,-13.66099271089586 4.063697475020077 7.304659910489169,26.80786079808793 2.959186942260686 3.9398257114820914,3.0868137888272953 -1.8855427898450408 7.493664761071786,70.13421191196481 -40.63043432483362 -47.439987066201425,29.929877894803166 85.01512682331304 27.503348570648292,3.18706627675378 5.54190070756778 -8.965095872632206,51.41323254836363 47.552783047598666 49.62701216010247,26.08890195011853 -122.1459239280553 -45.49202464573222
-1.356577515723738 -11.86901447960118 -2.210166653149797,-0.5928710934059384 -10.926482220470863 4.731314936682184,-13.60841895131232 3.9980432738616085 7.268690182720328,26.698713655094387 2.970140637002766 3.932995445361391,3.1173509460898785 -1.886904057450932 7.3828437876807085,69.23551681969337 -41.17985351058737 -48.07855935560241,29.97288256289601 86.39680690103634 28.19413347658265,3.217466417018617 5.52886674257881 -9.02288442146989,51.10080896559777 47.63723793731023 49.881964439942045,25.971734842083194 -122.60991924202177 -45.68396492977577
-1.2492152444370281 -11.75859276427483 -2.196719651393573,-0.605632814167113 -10.88288520785351 4.846157800202344,-13.435518028132165 3.8435859589624104 7.160136861643992,26.387267239833427 3.0191666800388406 3.870696670918059,3.079105734175358 -1.9099040575196946 7.263480778426667,68.68919811082661 -41.25370551669231 -48.128677148958,30.00920835437559 87.4409157935987 28.723913715355717,3.179071607024813 5.4823870710116385 -9.143028755229349,50.99444889258167 47.38848226532223 49.86373475586695,25.87503544030673 -123.00440336756606 -45.84021410356295
-1.0151496056110498 -11.595265604211992 -2.190861650813391,-0.6316987049459143 -10.814196127151648 5.037198796058195,-13.193039812810898 3.6357282191644433 7.002928072456897,25.97812259552885 3.0884678408595163 3.737156128863706,2.9870207538946456 -1.9520723950996444 7.165493592101869,68.7036329655161 -40.66667470027892 -47.39963317606343,30.024808283080286 87.72085813033044 28.880059652718817,3.086952455346666 5.412624681351853 -9.300396819564213,51.13300226884066 46.860931723075105 49.58965654241863,25.830145541325095 -123.21074712255995 -45.91217504496933
-0.7847565527358831 -11.417904611331819 -2.192913043677451,-0.6678827189950512 -10.742398226467362 5.22130396817056,-12.979319579221025 3.458794003625163 6.826299381699404,25.62742808065854 3.125820644069154 3.6195941170931754,2.9407967076225794 -1.9898667997495205 7.140155240440501,69.25961758885272 -39.460607711610734 -46.09681381876977,30.0186232707308 87.39941855697192 28.7380423781179,3.040763275919629 5.341045469354094 -9.440650416904257,51.46443763709932 46.19560360252554 49.15877060740633,25.845601462726663 -123.18713177431216 -45.88710116914234
-0.6992341586906345 -11.265256060840379 -2.203614871317976,-0.7118772131282601 -10.689293531363829 5.308378736326106,-12.896563811559815 3.401166875054629 6.659926285133341,25.495208290326993 3.076169934712601 3.6143348882711304,3.0473095312286316 -1.9979096778439038 7.240252871613179,70.31507757575575 -37.700808089780274 -44.463841674801714,29.990878208328954 86.69516086117522 28.40062067966828,3.1473173973224084 5.29009267937926 -9.506986172615933,51.92785106599375 45.54124177426867 48.67760013475832,25.92757244377897 -122.89981268977796 -45.75595563285424
-0.8094622703061727 -11.155751255621894 -2.2246841013322634,-0.7575105692467988 -10.661363819564569 5.264652622455067,-12.977049874611032 3.4883990970142964 6.526611365547741,25.629677146256284 2.931527973224325 3.7487588946126436,3.3206911289330225 -1.9680306817861533 7.461828453380818,71.66729793751165 -35.68433621176914 -42.845614370261195,29.94855145428458 85.8505529442798 27.98470888606893,3.4207095548248687 5.272171051098924 -9.47538620493157,52.427805446794125 44.996752395134926 48.22751996949181,26.057577481656068 -122.40961732563915 -45.54716343951724
-0.9939667709606379 -11.069054506002123 -2.2597000580885744,-0.791237559073931 -10.635855291969083 5.163838240960919,-13.119609632521135 3.6261421786889514 6.436041649291282,25.86568064259772 2.773725608676083 3.918681368521733,3.5980902849288383 -1.9248959930272875 7.692637318808612,72.8070138062529 -34.150513239731275 -41.78029232330582,29.911508985882868 85.15367884643891 27.634234295949202,3.6980999075681864 5.280528879842843 -9.384397076564118,52.80296412590499 44.5659364823543 47.841914467049236,26.17009560041938 -121.9578447356136 -45.360637907019765
-1.1122140670511576 -10.980561791114878 -2.312423193831478,-0.7987600274388694 -10.586821421525197 5.091521949782935,-13.208300165913919 3.7068167659443705 6.396388161654617,26.014439583973182 2.6944774762025014 4.005474007675825,3.6972745185590266 -1.8967883519578843 7.808589478683363,73.19220808287892 -33.8856973806891 -41.825641481820014,29.901003665309947 84.89696996492685 27.495777588306275,3.797272778197344 5.306261467156467 -9.279568042856521,52.885181780561346 44.241947574473976 47.54872013036497,26.19454259077553 -121.80529025869832 -45.30399399930174
-1.0878274591917645 -10.883807380983582 -2.3809874625753107,-0.7809426162007668 -10.507197144279761 5.090876286774566,-13.173287224054508 3.673073401603054 6.407656373797128,25.960585320657255 2.74239290986612 3.9604309381850547,3.539683262449467 -1.8968624717157934 7.7516206382099355,72.62298896538985 -35.13997632061626 -43.116420644965366,29.925883587533487 85.21732287250713 27.639510817295317,3.6396783007063553 5.34071510565268 -9.199878228780074,52.62600362517837 44.02741335462532 47.36572862929013,26.105395968368686 -122.05395987238353 -45.41773056349251
-0.9855319190742325 -10.812217488442421 -2.4511523368029753,-0.7719978408222505 -10.431443814105524 5.111792140732707,-13.04614436710464 3.57803434762488 6.45189307375833,25.750202633498958 2.871278805303806 3.8886282236753122,3.274763872405622 -1.9050016617725238 7.608878267130313,71.65190835605345 -36.98400617241371 -44.85705966922081,29.9677147696523 85.909562975358 27.967558864876615,3.374761112151129 5.375788098129287 -9.169856926814127,52.24021290984081 43.94579820087614 47.288419878745586,25.976238493383615 -122.45663061264905 -45.59473649219029
-0.8887666965969144 -10.804463563697336 -2.507037789324189,-0.8105192955797087 -10.399495393019249 5.091818834288176,-12.871952471758068 3.489474230826747 6.508760350795544,25.450889726807453 3.022344642263095 3.91545429098617,3.082144469503384 -1.896692675156266 7.486755553499995,70.93108924296814 -38.332479179283496 -46.12901598091623,30.004447741473278 86.72303285428644 28.359700031551125,3.182144832187986 5.403456346608309 -9.212052451230676,51.97742099299554 44.02325145883751 47.30925872611226,25.893763800654327 -122.71985780309181 -45.7083688662723
-0.8536572652833186 -10.872431216557647 -2.535879859574534,-0.9111609253611077 -10.428609228166964 4.99924723824042,-12.700242326897785 3.454004267101222 6.560208514706754,25.140735744586987 3.145208814622095 4.101554967127943,3.072299704319188 -1.860641230334722 7.457819546650588,70.87284110751563 -38.52222141516703 -46.36802982454833,30.020537557717425 87.4256476059215 28.70378481993076,3.172301053069914 5.417421804346834 -9.324857033724895,52.00072827033257 44.24904489927447 47.401684331184136,25.91151234206695 -122.65809531907605 -45.6796379054435
-0.8668803702135671 -10.959899672336356 -2.5328375802052268,-1.0277070909079677 -10.478384507436196 4.880532494831678,-12.59185918554332 3.4644250253600517 6.594005965207896,24.924504370897957 3.2108704431838118 4.342959836649467,3.1798727888277485 -1.8191639360645033 7.5086300631427525,71.2797172817823 -37.96338756940663 -45.91065028530123,30.016977849764345 87.83254529562902 28.908188326687664,3.279873597702466 5.415775128011463 -9.4452430131104,52.25327008117524 44.51868439818931 47.4907606385326,25.998728411847576 -122.36014274042917 -45.550717957448086
-0.9042408454482251 -11.000006285784186 -2.4943167252849436,-1.1044272788773029 -10.499406293165146 4.794350609757262,-12.609389790454292 3.505112812838417 6.598838387086594,24.911086876027387 3.1936912693645296 4.509958629268597,3.31198700819017 -1.7998314815992116 7.61228044755546,71.85884531175827 -37.234110096269866 -45.23440831998822,29.997352741441258 87.76633406350159 28.884536106161576,3.4119869364838284 5.397296736020586 -9.500588366865468,52.643737019188364 44.71303486286471 47.49401415646032,26.11146144504326 -121.95775027432147 -45.38275064824446
-0.9451875984790469 -10.95410671870422 -2.4242691157808256,-1.1061302100278882 -10.460170199438847 4.776169583208827,-12.777996788527773 3.5627379736079297 6.571119228468196,25.1482857196143 3.0861744736205883 4.518796843439334,3.39212090707152 -1.8190828864164053 7.743410454908032,72.38527739057973 -36.7975222420772 -44.72495936032285,29.96617002000595 87.14313004078454 28.589710619834754,3.492120482549191 5.3639153294920945 -9.44708785417983,53.07982203713682 44.764557653344234 47.375473545782185,26.21186244958416 -121.57191676441535 -45.229944656449895
-0.9799164979545073 -10.866776978352595 -2.3489010838371196,-1.0581981240797753 -10.381992950441582 4.793013258479861,-13.012473123043476 3.6307363369146164 6.530052359786254,25.503742591340348 2.934325270429325 4.421250962613826,3.391987332193688 -1.8605280777836246 7.881220454391985,72.8343864673297 -36.77760601369177 -44.497003074326095,29.930661505367503 86.15481952848947 28.114064258464524,3.491987016893628 5.326844403750376 -9.32592157813446,53.4662758836277 44.75788040296876 47.23630982632143,26.280076957387923 -121.291933546777 -45.12606227912976
-1.0005948658594686 -10.797859250517842 -2.2985013928705045,-0.9971250405679477 -10.295880926086207 4.799349886682426,-13.207365202724965 3.7037848119828203 6.499022391819615,25.812049973223726 2.7939634406311904 4.293959662324607,3.292147368802147 -1.9017547202632303 8.005747427325234,73.21829290432744 -37.23612854320246 -44.6155342286467,29.898558721786795 85.0438768974399 27.572433518923415,3.3921473876640325 5.299000683362867 -9.193859596711576,53.707309580910234 44.80554456209242 47.20285180504544,26.299551467392966 -121.2012754414613 -45.101115070554386
-0.9993900241787953 -10.807195720988474 -2.303358806297659,-0.9594049790273872 -10.232840506285582 4.749647718928593,-13.25721943629583 3.7765603080368884 6.501413935347128,25.90780034728265 2.7209087650666266 4.213561618104206,3.073162102142371 -1.9203504784175862 8.097028355025705,73.54911706389221 -38.23485696269813 -45.145547589933386,29.877593193524717 84.05277651845942 27.079654898083945,3.1731624430073 5.293300892897009 -9.107671967893392,53.70713415123364 45.020091581069394 47.40142828892161,26.253732478537714 -121.38341726852326 -45.18511458499409
-0.968469294897351 -10.954628575553023 -2.393762087535266,-0.9815319589930773 -10.22387807095256 4.598375006330427,-13.056582232479645 3.8437397343011668 6.560611601147641,25.625586195535334 2.770981024576082 4.256695505485161,2.7155926174598273 -1.8939030168090554 8.13510021881132,73.83897930834331 -39.8355584042677 -46.152037924834914,29.87549644484216 83.4239927623716 26.750564892818627,2.815593031070321 5.32266175692024 -9.124128749662129,53.36996061684715 45.51406291025387 47.95836808491734,26.126066489760586 -121.92183384801785 -45.40807237671919
-0.9 -11.3 -2.6,-1.1 -10.3 4.3,-12.5 3.9 6.7,24.8 3.0 4.5,2.2 -1.8 8.1,74.1 -42.1 -47.7,29.9 83.4 26.7,2.3 5.4 -9.3,52.6 46.4 49.0,25.9 -122.9 -45.8
