-16.5 -9.4 -5.5,-8.2 -6.1 1.1,-10.9 1.6 1.6,22.8 4.1 12.4,14.2 -1.7 0.9,-1.3 35.2 -43.0,25.5 124.6 46.5,14.5 8.5 -3.8,4.2 -37.4 35.7,25.1 -125.9 -47.1
-17.130782706600368 -9.477088663035548 -5.4155437516571565,-8.943235970353673 -6.498409777517069 1.6838934736150792,-12.83772590029021 1.1737773252099255 0.36039000109100394,25.544352983006895 3.30452179892254 12.364739255111319,15.321356853762145 -1.9426866481091067 -0.017858918927236584,-1.57163074508681 34.33204882710833 -41.74662922784752,25.34941975206666 124.86572659862178 46.637363729395965,15.629459700295074 8.4970920759706 -3.860760058802329,3.5620706996973577 -38.52463626616542 35.018558625351005,24.911349793042827 -126.54103874426508 -47.37654542699047
-17.36354556517476 -9.463530355466482 -5.387434798107331,-9.242146751870097 -6.600189976414361 1.8819401146320387,-13.570996526924425 1.0339257743334398 -0.10899722108396973,26.565385200540927 2.9718362818629918 12.327977826079605,15.725616232637174 -2.028892269523304 -0.3290201891287844,-1.695708763758269 34.183962082949066 -41.32262530975263,25.28997758011107 124.99084303501321 46.69913041466215,16.032293955408026 8.497603519895367 -3.8500736162994067,3.373527847293789 -38.84239272880455 34.665816380025156,24.772677207363646 -127.02977618259939 -47.585685189532285
-17.308545269854896 -9.403515475462552 -5.398676080861549,-9.208618396881242 -6.508058525378546 1.8089345198841318,-13.425177632744486 1.0932006630757605 -0.016089306620860833,26.336686855478465 2.991526740311426 12.30091954414721,15.615751687515889 -2.0034846215885045 -0.21405418940961327,-1.7022770192513863 34.47811159257348 -41.480755620201535,25.298188167539315 125.00200777237114 46.70120911936658,15.916121201748485 8.499867389896648 -3.8027708418775434,3.4886012834968256 -38.62095631946504 34.596727163426195,24.70150714347991 -127.29384773352753 -47.697446062708465
-17.076038514772492 -9.341234421193503 -5.432270541430826,-8.954536957719087 -6.324733353096287 1.5796712862046136,-12.725634970592221 1.2643573071421053 0.4311861043843893,25.33184815069589 3.2531764657579134 12.294768240556474,15.194736769289113 -1.9113314616506218 0.1464687014253061,-1.6213784748031717 34.936869181032876 -41.97378753368044,25.350566197757477 124.92587927389236 46.6595089070773,15.488559875726075 8.502216744096785 -3.7536819049230488,3.7615208490139977 -38.128013969694514 34.76624487495793,24.715364501909065 -127.26088881557408 -47.681854821601995
-16.776281994059257 -9.320877590829094 -5.47122112132619,-8.591788486715608 -6.152932388254254 1.3089450104267384,-11.797734293309471 1.4601510222376923 1.0249013718358397,24.024459289069583 3.6463687496925266 12.320727746549744,14.665545028847657 -1.797300547055569 0.5719781045710035,-1.483056093650636 35.28260667337852 -42.554488424675526,25.423626354171645 124.78911600277368 46.58993884136233,14.957228413750423 8.502984640618118 -3.7376369748222333,4.046516384552835 -37.63125261104064 35.12932341402412,24.831774183168577 -126.85853484726363 -47.50893824129591
-16.51953240184689 -9.386635382539064 -5.498530762058657,-8.232259036202779 -6.0953735595391105 1.1115502893837603,-10.966841353738065 1.5933371240677392 1.5571288556375493,22.888110473475905 4.060686883605335 12.390001893369368,14.231150017082324 -1.706259635149258 0.8819036412225083,-1.3173528390307891 35.23769589466168 -42.975625667673,25.493883320187884 124.61837642221191 46.508407985789695,14.529745252231141 8.500504137582986 -3.7894662209614047,4.1978177308208675 -37.39835917505104 35.64091668002854,25.06826108777588 -126.01442124712077 -47.148723096873184
-16.399961088483593 -9.550757950700653 -5.509487657465064,-7.975660176466501 -6.216151399916768 1.072739357989415,-10.491073619597575 1.5990219240929107 1.8506475994453147,22.29324848972358 4.394282348166955 12.505696529073283,14.062310811628494 -1.6710008155278875 0.9422279287025693,-1.1605839852872706 34.6641122087331 -43.043993911439145,25.547193849014604 124.4159620650813 46.41932654014888,14.378157091613689 8.496857407278245 -3.921369290595383,4.121585823236305 -37.61039932108299 36.245284711571884,25.41696199506828 -124.74919593476885 -46.61071031182049
-16.424053552644995 -9.651379961873937 -5.5663504576994125,-7.855336862241973 -6.368813164418719 1.1167205095299766,-10.2619587465512 1.5341534627988525 1.89562764290772,22.04805558692815 4.592014296305343 12.626773058062495,14.154176098351158 -1.6584882274871502 0.8727074028051868,-1.0832569849814686 34.18485016317202 -42.860906070718926,25.620341012751833 124.0513978069335 46.264421078858526,14.480598832542016 8.514564125407341 -4.022180322998562,4.007072983343507 -37.97624115230889 36.82839222545096,25.731615708063213 -123.59054481949464 -46.11958578598595
-16.56856282466418 -9.46759710277525 -5.75408611687077,-7.8821304942904415 -6.335513857714574 1.1130953498402043,-10.046721326839993 1.4969938043356992 1.7389978686823049,21.77006167727155 4.614579491694749 12.697224412076869,14.442348692095681 -1.6133651066531751 0.8791479802833784,-1.1674731548732926 34.68095025432498 -42.62754014513128,25.76737595052944 123.34918669043405 45.96416344856323,14.749453873691655 8.583073904621875 -3.938902751685737,4.139521997687792 -38.04464029511144 37.25643719414762,25.819033123267392 -123.23807996159562 -45.973000217704914
-16.800170874338367 -8.847158122163687 -6.129286229464891,-8.050102889636905 -5.955337393314055 0.9579617577769567,-9.660948096675426 1.566348196876556 1.4420727024167683,21.160149334990933 4.447274682919143 12.677518937583322,14.850966256207911 -1.4930197732093988 1.1243713615518471,-1.4636510605042405 36.7809977659884 -42.5175605002039,26.023837724366047 122.206927208019 45.47116316162158,15.092626305999845 8.721404770920962 -3.564524284352392,4.730372838968823 -37.46697506945191 37.42719006388951,25.539118202501026 -124.20126293693266 -46.3874987441722
-17.02139744534728 -8.076546770050552 -6.567215242970799,-8.2462745494822 -5.43129389102855 0.7169090889468774,-9.229716004986605 1.6965541753852846 1.157742458249073,20.452489125275065 4.232414768937127 12.633417071783947,15.231255072360884 -1.3363480119319264 1.4962507079853937,-1.8198178558963531 39.50002380999181 -42.5284095703214,26.306954961973084 120.9892504328284 44.943376129106845,15.389753668991272 8.88192106474289 -3.0859120183681803,5.519252691125773 -36.55081609443533 37.44015059047934,25.091078574624785 -125.77433423596983 -47.06129583426511
-17.109527655263474 -7.614798691645502 -6.8718227045939795,-8.315567255168318 -5.109523506865502 0.5221866997536133,-8.999822680833812 1.79299685538357 1.074913708578705,20.090990643165803 4.174068963613469 12.672090011801732,15.405765804706204 -1.2143020139654832 1.7745235378987718,-2.0044013434587855 41.21845813382526 -42.588222740949334,26.487425493192674 120.2444686047428 44.61951979278678,15.50935643379389 8.990772624075385 -2.8055140863593104,6.060227543647665 -35.86181056046529 37.47415748053266,24.80756800484243 -126.77359504464404 -47.48874955401564
-16.97036742163121 -7.843034722979577 -6.868859929483544,-8.140323005245849 -5.2769182322934665 0.4935281092468369,-9.17156396559242 1.7746848360301235 1.3331402342187189,20.431509924673872 4.4243286726253075 12.865906425891659,15.234240218588504 -1.1922654117628568 1.7659956674892991,-1.8315657522196152 40.57516749125516 -42.63119801020392,26.45365056013514 120.44072205500036 44.70351443258165,15.35048261717306 8.983068357847 -2.972276471814805,5.969085530962102 -35.8942995843875 37.66219272830526,24.96378959602582 -126.21991721956776 -47.25163408375858
-16.724468685485107 -8.553856779312106 -6.549169051161909,-7.88479921046899 -5.772632816261305 0.6554299662875783,-9.59365387402979 1.663867547406299 1.7005138417431869,21.16453750008127 4.743637369122656 13.025000057339978,14.85637266595155 -1.2932058391930032 1.4827960879780429,-1.4605492067009582 38.16220690987121 -42.63833125120941,26.227883418949315 121.44047326877657 45.13637818763074,15.041750193142995 8.861702898196667 -3.4310761983607616,5.328703319138063 -36.60222262576332 37.79126534241006,25.40088894113326 -124.67981694841417 -46.592193868543475
-16.590025306678626 -9.27227571297447 -5.978656616561061,-7.841436152430509 -6.232242342885406 0.9890860888095419,-9.9549472364969 1.5297365359963173 1.7762279369855831,21.67803180319962 4.714361861496737 12.840270212216897,14.53914790109229 -1.520804987488889 1.0304112761471191,-1.2074899534513532 35.45971794743864 -42.61189665572051,25.893237905533404 122.83079175253485 45.7395913864532,14.816159283357278 8.660392067687267 -3.843065962928519,4.434335991066682 -37.693806306763726 37.49107540611381,25.762651945354147 -123.42259259774511 -46.05297965442306
-16.75539062130241 -9.568287215067512 -5.236051466318253,-8.258400070038634 -6.329533860539073 1.467128112880348,-9.972658703311435 1.4345543251076187 1.2210598453633053,21.42531018564819 3.9880390592847474 12.061700172319465,14.516973442790999 -1.8696575110647082 0.5153145959593424,-1.345817396490327 33.812347009226826 -42.55839547604355,25.527893132696946 124.22790196237813 46.347192772121225,14.875311627852634 8.415150306627107 -3.907700202359404,3.564916709789256 -38.886975340532764 36.46199036178268,25.73499868618875 -123.56588965185051 -46.111716082287785
-17.139197001483787 -9.4238794415494 -4.510745016574967,-8.9844218085874 -6.0871964369353755 1.987986736871377,-9.623340205849363 1.376868053307638 0.25096951213983854,20.454419386363814 2.839258210105673 10.970003702929336,14.728873672124925 -2.2544155296603243 0.04857884022689411,-1.762159221359406 33.32013908644182 -42.52096566566164,25.163424240914715 125.5196046136335 46.91024266091031,15.136933431639955 8.181053431190495 -3.6732454647940807,2.84473737130228 -39.99688538486894 35.03981511835073,25.387350733816266 -124.84736124666594 -46.656235943343056
-17.518735602094754 -9.03693595238138 -4.05011892233489,-9.658917060708223 -5.710753411887319 2.4112093232005596,-9.019443556778231 1.3218362418879614 -0.6271521266114273,19.125060730956147 1.8691051548883115 10.124011966908089,14.959084066757345 -2.54783907203641 -0.25631297078409676,-2.1404483548287154 33.43093373443284 -42.56194381899575,24.806984604989545 126.73601386472271 47.44112389797411,15.369992297210043 8.023165943740139 -3.370755456182554,2.3170535865436226 -40.889643791760285 33.89334132665973,24.990095007931185 -126.28150650201584 -47.265252445138856
-17.693021450088718 -8.601700259940397 -4.067230611936567,-9.955578197830818 -5.394800822312479 2.609120355922976,-8.294315495913299 1.2390314392494435 -0.9571024158360972,17.818654479104463 1.6159390405980183 10.018178807060682,15.01936383740199 -2.6375504558028053 -0.3032453649218151,-2.1864764045067404 33.59942644614877 -42.7287561950489,24.467156919206804 127.89937524434032 47.94857937404648,15.374789495431534 7.998431778934318 -3.2118767559475425,2.027793398604895 -41.44169284399903 33.6341947270958,24.79492726871133 -126.95185181558368 -47.5470173846676
-17.704670384765663 -8.253659932418053 -4.40567217696547,-9.931181041055932 -5.200973307070178 2.5931912254347824,-7.790237961256501 1.147958731450495 -0.8474455014925426,17.117893427234932 1.9223499082243332 10.438196903871162,15.027843137926205 -2.57271562730672 -0.18053340435255033,-1.8567914423048268 33.41389608452412 -42.908893696919826,24.1699628483457 128.93519573143575 48.39702256062024,15.29784381680352 8.076733417230297 -3.1853593041007424,2.0587922179789357 -41.63433522993488 34.23660565377818,24.836543922523383 -126.74153675071689 -47.451926627540054
-17.74301953139278 -8.092913708198516 -4.686505953024271,-9.873233385762394 -5.110822572950785 2.458701798959656,-7.975335003840755 1.0981976778903506 -0.746905771690772,17.726697247566598 2.2118645904627754 10.742870586436059,15.287179991088498 -2.499798603126865 -0.08757505324975975,-1.2589726904522793 32.54307905957353 -42.89351782361444,23.95192758610293 129.7107164712592 48.72416722595434,15.494201598245052 8.175516040557905 -3.1457019219604874,2.513512538705859 -41.51203128259964 35.29089983568057,25.018942204665997 -126.01530957646632 -47.1364501376025
-17.98764969167237 -8.194001117751286 -4.565469424409835,-10.055117304790308 -5.093507039924431 2.291733552433824,-9.253987289815692 1.1377276193134824 -1.0669583467205992,20.23734733066012 1.950688367668277 10.346897705281192,16.065507411952538 -2.552740531328092 -0.20100921319307907,-0.5092489426143283 30.745436339786053 -42.500091317223024,23.849711818902254 130.09250152662455 48.86849184299539,16.278446089236752 8.219505642209825 -2.9500705682281048,3.4701433910625914 -41.12528996420211 36.39550652588758,25.24920660299742 -125.12603552759357 -46.75188153043909
-18.467719618432533 -8.311100241713563 -4.180426857134637,-10.529212284612552 -4.9738955174159125 2.046121853595316,-11.19401535281615 1.2888006563382484 -1.6834062671887549,23.794411901696925 1.2239233004139087 9.454098792291736,17.15742292582611 -2.688390194864525 -0.3871718224475837,0.19215374716439265 28.911731085482536 -41.8990484608834,23.899863095074238 129.9486948696921 48.78293399259676,17.411538719701614 8.235664396287941 -2.5132834993015396,4.6801517110187465 -40.590814767314015 37.319806847304044,25.496818104306243 -124.19018008540864 -46.34718970154668
-19.108486364666614 -7.977104452475236 -4.002264122295026,-11.195243699068369 -4.477191001783706 1.584355119777241,-12.785398775414459 1.555898197047135 -2.1020453836017037,26.54247374568006 0.5441648119025235 8.813368645958096,18.030436754753083 -2.741272569107111 -0.2980618547613014,0.5869895185661859 28.71484665371296 -41.504633161273205,24.13885081456438 129.14853177052595 48.430418660389485,18.27203522473174 8.321572534886212 -1.7899814030300245,5.669326209668287 -40.071032030831326 37.95126427842817,25.774357110334623 -123.16091926396595 -45.90066433129541
-19.83106284970065 -6.765201593541008 -4.471701325215455,-11.948235077967393 -3.3543742994113916 0.7847345492546858,-13.077076116217885 1.9400114670089452 -1.8547178563394981,26.741629354176457 0.40017101579378256 9.124361138390642,18.181037812284252 -2.556295883773606 0.3897921647716674,0.44300662375577243 31.662665449793323 -41.712645354195374,24.59565595846773 127.58673835724842 47.783236505884226,18.27346181606604 8.567197131895501 -0.749696096307155,5.993198039653654 -39.72291421852919 38.183108550951616,26.09053192893333 -122.00570371247595 -45.397080295517476
-20.52419083186921 -4.945329709229531 -5.455937135941346,-12.657267018257599 -1.7891664185728615 -0.19961430558099572,-12.216275047970095 2.3932385478393567 -0.9940449906326053,24.76278252128758 0.7765240626417604 10.150090084160368,17.658891574032815 -2.17816519734103 1.551011148374747,-0.04885235998686756 36.448428813342446 -42.55575511626162,25.182553779795676 125.55505544284115 46.95657307338116,17.493080076810937 8.921926784046715 0.4182686839243245,5.740925586000548 -39.60423627470216 37.96182775735984,26.380323985635393 -120.96514659616965 -44.94422715896904
-21.05101161180215 -3.3384458218742576 -6.36860566900331,-13.170903368796422 -0.30751728044788773 -0.9982233862841755,-11.218795860299863 2.8290107935642888 0.01549814515838506,22.646151066815907 1.259082825123435 10.91283546429197,16.95113850095575 -1.8095931932069567 2.705246353376773,-0.3629652180393346 39.539443105148685 -43.779454359420875,25.71952379782032 123.65919953150554 46.17862111304606,16.53306107065279 9.2239747935031 1.3508044445258858,5.423681797756589 -39.69432362796195 37.276028912387645,26.520408427339802 -120.49588933579027 -44.74717960823687
-21.279573893318542 -2.742860807869047 -6.640157431228312,-13.344772720479515 0.574303006199838 -1.2553043724367554,-11.074847864783955 3.1622033318073663 0.7129578872306614,22.37587245129218 1.4398252215020673 10.473056213124224,16.533436721879994 -1.647681825834125 3.382422231745907,0.005030273914971132 37.55148262463768 -45.11659219209755,26.031986877631457 122.48750275816678 45.671313436766184,15.981791605906968 9.316944841749196 1.6976284454785997,5.538842236816797 -39.95863615343888 36.13175930245493,26.396274791152972 -121.02028343803676 -44.99548776627089
-21.18626438903048 -3.2285100759901515 -6.26534025218645,-13.181846609626461 0.7076658502502527 -1.0134251447058136,-11.821788578404412 3.355994461336383 0.9227600838205622,23.97151988987515 1.2393756038645964 9.019848339457086,16.42871075740736 -1.697733620954754 3.4982942709518605,0.9720676378448355 31.143874139743616 -46.20725558606418,26.09921437065453 122.12668493725417 45.475984860400736,15.884304642152705 9.207268892886123 1.4480137962399313,6.094472014327753 -40.136098538078464 34.849849360070856,26.094506440602476 -122.18407823762384 -45.527374172923516
-20.845461115520262 -4.206516281789995 -5.7493066762705665,-12.818367688702958 0.27647297112547015 -0.6754652049874041,-12.635124807733602 3.4172525097376703 0.7274552323307957,25.675725944282874 0.8756177344930375 7.76315565857737,16.2503893554617 -1.7915692733958946 3.3176006165560503,1.923753438782536 24.633321764313315 -46.60762852437465,26.0396347896883 122.20975950700927 45.470620020842844,15.794171714229767 9.048656453906753 0.8983605401253697,6.656056858177616 -39.760735279754336 34.03584963856614,25.883575316372685 -122.93058945112415 -45.863286947306534
-20.331844674660225 -5.077064224110873 -5.60029811804373,-12.391638285080191 -0.520554998129385 -0.6444127255787041,-12.683455783579515 3.3557021423335165 0.22124655861154413,25.721817371560103 0.5722643676007192 7.905787111349075,15.614803019341975 -1.7602503919661077 3.112586737192507,2.2463571217746456 22.329112155889355 -45.89496975588472,25.97401205537482 122.3613966282201 45.52948683246108,15.265853152511589 8.995303873981964 0.34987793159723884,6.785303198940917 -38.39221489001955 34.27858359976487,26.027438143179214 -122.22269746058416 -45.532739833182234
-19.641182491539077 -5.553229189390081 -5.952505171253847,-11.947481190212054 -1.4153232649170402 -1.0085519026497098,-11.725630738529013 3.2124124822447158 -0.4441534155673793,23.680749839063242 0.43370005019709745 9.576974294751723,14.56990062312007 -1.5690837384134242 3.031641034357535,1.8103429211511914 25.1378054931904 -44.23563577976897,25.957632887506236 122.40192777021822 45.579871693708334,14.30841348931369 9.083587637830725 -0.04917393688131466,6.341349827984939 -36.397577740809155 35.50718210786045,26.519465608032213 -120.1202627573302 -44.566760013910155
-18.687644817663337 -5.671618990179165 -6.553345383642767,-11.437128255538344 -2.068003321564768 -1.5307592373099745,-10.130824503694804 3.0608631988160147 -1.057566865010209,20.506603389974273 0.4409225283374057 11.7958569243665,13.609929625675738 -1.3221871766799471 3.0950822129702886,0.9868383049260745 30.447501864212477 -42.405117251864446,25.978079792951192 122.35400054784178 45.60388275303182,13.400983467551285 9.228057073758396 -0.30868624529075783,5.49088417382174 -34.97869641487656 36.968645949488284,27.073239181647672 -117.8174364548817 -43.51494559918353
-17.389952212614112 -5.483421430150901 -7.135081516551068,-10.81091624917127 -2.1437681259065795 -1.9626865991214706,-8.298251995378859 2.9748197864769432 -1.408859896874687,17.21385610023779 0.5683683473730299 13.545601779356897,13.237520547521347 -1.1286532193035015 3.3157041106596172,0.16560216342832937 35.52072998575183 -41.19211790125133,26.019179971297863 122.2520987539188 45.587817373559034,13.032550528745274 9.339106994309155 -0.4442406994331967,4.416973275549089 -35.33537092129824 37.895864808361715,27.395214744820414 -116.53596711765039 -42.93929851025652
-15.9307970687457 -5.028766002785063 -7.5154208398595514,-10.129321870514442 -1.571636782815597 -2.176307315813272,-6.686765578530311 2.9896471274069563 -1.40814174898984,14.70836479083982 0.7629216221153046 14.293444295879338,13.567698318267658 -1.052168309546804 3.655015770069038,-0.4055083046394349 38.78748902203634 -40.91254781501413,26.04471924801877 122.21009986354154 45.57065867215985,13.316463135579093 9.373695864975423 -0.4204095678303275,3.372167890907208 -37.37876522946142 38.07293655218935,27.375473558749313 -116.71220775083776 -43.035991689213496
-14.804953427210949 -4.334708474559206 -7.613087701013239,-9.583035148912304 -0.59256145355232 -2.185845191826882,-5.825724206276316 3.0953108418264703 -1.1076795329334608,13.767568413382577 0.9388925072639382 14.078911821007429,14.25723976347091 -1.1027374019471656 4.013894600500073,-0.6463996859180791 40.058024273142635 -41.32335509635685,25.994789461949775 122.43574481823705 45.653677687575986,13.921969216838196 9.34383219743642 -0.14145902829896662,2.6911661539331737 -39.4965487156276 37.93562690689529,27.12118865111356 -117.85397463471398 -43.568695451634404
-14.514971922337597 -3.431021159712676 -7.356978754483004,-9.366979487108178 0.5341038082438754 -2.015466252494874,-6.234519839203744 3.2792442375680113 -0.5689132845893383,15.13896131717242 1.0108932274394815 12.98012480873317,14.939491625831689 -1.2854894907522645 4.291441603107298,-0.4903382503610269 39.24339725146364 -42.150237163115435,25.81016547666391 123.13498945499208 45.93851820504343,14.495807355232296 9.265447852341934 0.4876866558888623,2.705814963411074 -40.01661116372132 37.95214098165767,26.75203605758973 -119.41650364023913 -44.27684635117374
-15.126378159687345 -2.495557638122966 -6.861067591373863,-9.53590562972667 1.5324311906633652 -1.7630296430536372,-7.833715183326985 3.532693239717449 0.10561084868460577,18.609049614036756 0.9866597718087255 11.311718074399408,15.377158813288547 -1.529796957012775 4.460335789855631,-0.027212331642308057 37.155157970457424 -43.16274010960146,25.519122099068376 124.206432521758 46.38929151094535,14.818499869890752 9.186225579699551 1.3854813530803234,3.4239872267458704 -38.46967247492797 38.36918010583575,26.386263079291997 -120.89940337987852 -44.931539142851506
-16.113500908270886 -1.9064922265483006 -6.4896953841753175,-9.954942156536642 2.1040723044515457 -1.6260847701548402,-9.733791284264349 3.852061389311195 0.7577393710565182,22.664337885994907 0.9999036947432719 9.708277312648255,15.507938815524442 -1.6625504767924852 4.5927907173414555,0.4412152156306548 35.82301540048064 -44.189727453873125,25.268301932632465 125.13288756708357 46.78405827009206,14.851548466813648 9.1967999609005 2.2314491610616383,4.415291710341412 -36.01361189698237 39.133800679337455,26.140184259945325 -121.86230883227805 -45.34669502700813
-16.913932127573712 -2.0482476556792 -6.6200355147753065,-10.476113730537778 1.9560320339147579 -1.8068448089191664,-10.996584541427396 4.233644289152824 1.2268368275752983,25.71191895530093 1.1908504456181903 8.820835792715151,15.284859546368576 -1.5060228338590125 4.7679666564626295,0.6018792483834969 37.33253969144392 -45.06408467996598,25.211080437811727 125.3734341210572 46.890111026951246,14.571771518221782 9.389303318986086 2.6928719134311017,5.222162894906133 -33.91177690741016 40.16998438477065,26.128129377668394 -121.87629735700474 -45.3423655457169
-17.278948844671483 -2.82699011172361 -7.332884196522254,-10.972806418445145 1.2120003968317563 -2.3627705273335136,-11.215371617919365 4.645295081154857 1.4401806258284457,26.930856475275725 1.5540321584764059 8.924617872207675,14.83548501431444 -1.0418804830264325 5.05791141510777,0.3659459947259128 41.93286097266137 -45.60738369616956,25.400678789205333 124.73393014387348 46.6210403951439,14.104200351046465 9.762801620588036 2.7200919534752046,5.623134948975163 -32.82557478726315 41.29341068369873,26.35357384317389 -120.94333826509919 -44.924025905945605
-17.44603994140456 -3.407588136941507 -8.24965303152837,-11.351516462732645 0.6415293678635179 -3.1269564623274224,-10.807161585565543 5.010781092848659 1.4613131103382662,26.6967688873937 1.858156328596024 9.712344095710288,14.557910174585167 -0.49885006923082337 5.5236484835011534,-0.007859691897131933 47.02662734152271 -45.623660368367105,25.73507901833504 123.55774016239155 46.117198995478724,13.803596372020287 10.17210797990322 2.7021954144971105,5.762696557214977 -32.48340551305887 42.1518905950662,26.648168797695202 -119.7332833923856 -44.38455799524862
-17.692603801209916 -2.8991377500994853 -8.954518415919626,-11.522021487591497 1.0624519743227985 -3.9133858596627085,-10.258190627475834 5.250479967525025 1.3652501159756179,25.489210268121074 1.8546056387733594 10.826823464224766,14.869916297962773 -0.12543858469954566 6.22359629050345,-0.23291592285743187 49.79032053305975 -44.91912687355572,26.09945991114046 122.2323847468294 45.537599865180376,14.041366899625261 10.460564440364365 3.062371125889304,5.815804785601596 -32.53514854070592 42.381899566645494,26.829957927703465 -118.96881382117445 -44.039551004176545
-18.123837174578405 -1.1296016171527932 -9.236818797922089,-11.433049524121227 2.6382976517556593 -4.553038455232539,-9.907991523620561 5.320972811113492 1.204688518931612,23.87820569025031 1.4836694851948125 11.928516181805762,15.866926988423183 -0.03778631412868304 7.067209197352643,-0.20247275627468173 49.08112892326359 -43.63131069626515,26.42851241754346 120.95826545272924 44.96518914825432,14.90876272251359 10.55583263307265 3.8966361035145645,5.866461405511593 -32.78696995473525 41.89907237391339,26.822465921692018 -118.95693536043514 -44.02334007172765
-18.538516153355616 0.7938851064545942 -9.250964025248553,-11.102638104935146 4.368308749035243 -4.9071380401786255,-9.835048696608567 5.243262237500365 0.9926101828163434,22.5947669826708 1.021783434958108 12.709291523216574,17.070753121118855 -0.1164963233707535 7.6988705149459244,-0.12984969125673243 46.74693979789426 -42.487291539645526,26.745030890661596 119.6028187484795 44.34755731801609,15.998515846875627 10.535614947442852 4.718828199909576,5.836819657610076 -33.323136870780715 41.11578812396947,26.73691347057451 -119.26498899215183 -44.14773153790702
-18.704777091873396 1.636685251215507 -9.188491802849653,-10.55654606973285 5.135614368199901 -4.840974814853961,-10.090101666737715 5.045088719505089 0.7376578532858303,22.382233599177315 0.7786161103460181 12.866250817359527,17.945471204076192 -0.21828886838341197 7.737275025279226,-0.26038022326665206 44.93679758539431 -42.271064576653195,27.080628447405843 118.00067488933874 43.61899702681162,16.853044497108804 10.492838365173085 4.984853000001474,5.632480803555308 -34.25575860451439 40.493841250711704,26.703469783983227 -119.38558483417658 -44.191950141770825
-18.530626627168544 0.8079550939345309 -9.166389521271332,-9.905711336744695 4.40008799112206 -4.359975376890107,-10.600512482317615 4.768536060714283 0.41225986519081115,23.353642711036752 0.8544163584789899 12.39106367245576,18.16124064991083 -0.2585268146491871 7.042722375810838,-0.6946982435754673 44.746248931020055 -43.19689781216809,27.428045151080624 116.21049578999765 42.81055010821935,17.17353886710719 10.484681016991184 4.457898431768901,5.178516773913756 -35.575054062650885 40.23056636738424,26.793265009137578 -119.03523193443702 -44.03352840489811
-18.21051086439502 -0.9647285579848135 -9.1489734532704,-9.435509520881245 2.802714270713593 -3.756550766389575,-11.04097924639005 4.4850616811577435 -0.0853187096688155,24.331239427980055 0.9205635922370513 11.87864421457918,17.810256749317766 -0.27266685713648414 5.970293291288742,-1.2371082383798693 45.11338902684755 -44.31231858364768,27.700413184146633 114.74973638485127 42.151390432709874,16.986337263823813 10.495111187618365 3.5304339918218677,4.439873359074673 -37.021623553621104 39.98171249162446,26.956523570406855 -118.38896054495487 -43.75132273549387
-17.973535251685732 -2.793410544303307 -9.081943159442579,-9.45192589432478 1.1282446543824713 -3.3576588239828924,-11.05595274559086 4.269575579131713 -0.8654089438495098,23.981983986868038 0.5968101311770508 11.996245938947848,17.03650007321048 -0.31078756825118586 4.93515743248132,-1.6559821680282825 44.71442254249033 -44.52423287289553,27.801328156303086 114.19082923232779 41.894425688113024,16.357815456875734 10.49914335844608 2.671282911883216,3.3868390456781152 -38.30589588535545 39.337513569816494,27.128708586227095 -117.67782944686923 -43.448778983728005
-17.933131948176218 -4.085107979311018 -8.932526428079557,-10.051338838446101 -0.07726526354767001 -3.3244278645914194,-10.482892586904915 4.1566872674057445 -1.9027330605977617,21.746381143353958 -0.24937926928167187 12.98465841766783,16.01459443123056 -0.39977689826906665 4.214265736893533,-1.8179575779591435 42.86244851907392 -43.36597544855207,27.69340022408086 114.77080287454199 42.14532787844393,15.417308594586581 10.474674212101336 2.153981439431821,2.1185072942578795 -39.248195327346025 38.111697717294305,27.257277892884165 -117.10082561253412 -43.21214883589461
-17.929305440094748 -4.944091278347856 -8.718839314347338,-10.834659502062205 -0.8319873971708829 -3.425999585422137,-9.615491212538219 4.08574426637321 -2.8514620788685736,18.893434518273473 -1.1649990130022587 14.076598926413181,14.991597896179277 -0.5117049748097805 3.7578487368122446,-1.8219514835812325 40.376052246102624 -41.85162885527073,27.478737697367873 115.9338602976032 42.661734377222366,14.442974743316164 10.406413357371694 1.7904478796044612,1.0384398187874482 -39.92861623583826 36.64628692824668,27.31804235282301 -116.78112490771149 -43.08704053971279
-17.76276520333011 -5.575186066839932 -8.46634556134334,-11.331537175877799 -1.2355738488083654 -3.375051149334677,-8.81319581838178 3.9823780090900267 -3.3197332147315857,16.955380551303403 -1.612816967028939 14.35981248088458,14.224907578623796 -0.6107537227109173 3.4689797352279514,-1.8003652459569575 38.2908970902576 -41.2083917292397,27.279537997175076 117.01001470087917 43.15115026188174,13.734313862086546 10.280073629152465 1.3261332925268936,0.5938796813159126 -40.46464364554439 35.35947988116668,27.290929438746844 -116.83085909532124 -43.11315924425828
-17.37171413513578 -6.070466146093829 -8.198225536349788,-11.282179695445196 -1.370585802756801 -2.992549939813992,-8.333626358095165 3.8026872804354688 -3.099537474219747,16.852860326022196 -1.297928470563168 13.361520392497221,13.887612681418528 -0.6817673428422855 3.277239399279009,-1.8384774617161255 37.37385622180462 -42.13154737005346,27.175942737182076 117.55808324338116 43.41796174339188,13.484934489078618 10.094284335183016 0.652631906667438,1.028437960767759 -40.8827255010779 34.5760224977899,27.170010431447043 -117.29927785995407 -43.308561009895065
-17.07070854740979 -6.213375758317214 -7.9314094437215505,-11.003145579494406 -1.2728023842579987 -2.395880389978592,-8.155676502020084 3.586167523689511 -2.4861190442181145,17.832427552490877 -0.5887389375963588 11.81189901521165,13.922030864792072 -0.7661477830689208 3.1847655912863106,-1.8925800957961214 37.65605773142796 -43.86039557466428,27.132976411007824 117.76317596883635 43.53174259631048,13.598594219645795 9.883030355940447 0.06156785655665492,2.0283347611458575 -40.96011877211018 34.364857449307266,26.988071703806092 -118.0635071244652 -43.632043000235996
-17.2380498469002 -5.73509857107268 -7.681762967723485,-10.908656774135583 -0.9700827066308878 -1.752675843303664,-8.210989173460192 3.386448167395878 -1.8600156356533337,18.85690230361559 0.033929363968357135 10.644981600651304,14.231357914997457 -0.914878268671859 3.205986374534011,-1.897096245923376 39.04377176660328 -45.3874510394783,27.096147725839284 117.916575474597 43.60702477001681,13.929920137752605 9.686286969832894 -0.08766849886985734,3.185296170857998 -40.431912980071736 34.751508965401385,26.784460341720237 -118.97149834855198 -44.03235649091526
-18.06270037219674 -4.559760790634554 -7.452144322964694,-11.24263607734836 -0.5240376835643046 -1.1995048297182695,-8.458245770451448 3.2388328277452514 -1.4984674777658682,19.227044044732317 0.23582847405133442 10.47904959463555,14.739536954775444 -1.155348320122677 3.320966176433846,-1.7919488880108772 41.15400366937514 -45.952778900709276,27.020238276532954 118.25150878314203 43.73963881997291,14.378454641956166 9.531792889415795 0.39295348085680226,4.137001229637414 -39.26659794166818 35.639192356550566,26.588143364717915 -119.9005484874123 -44.463746901635524
-19.131538045515583 -3.2250318129834215 -7.2040489199993125,-11.707467426652082 -0.10360649028830733 -0.7741520395794328,-8.94210806706722 3.1203503752961654 -1.3502363479962791,19.318234841995 0.1488060325970289 10.928316748103875,15.43648612249372 -1.4399211987671157 3.4004955706178555,-1.5345502091539018 42.683917814736645 -45.58363662378396,26.889516763881304 118.81659042648675 43.965946234049454,14.9865675527279 9.408375441012991 1.146553039490117,4.667256008202263 -38.17485937606194 36.54218949782165,26.395079938946985 -120.82127102992894 -44.897930629204694
-19.912035472350972 -2.3902577054162513 -6.8907694113389955,-11.898136454351189 0.10098751411337732 -0.4948108493122303,-9.724288630002098 2.996472773678878 -1.2989389603181096,19.718977069305772 -0.0028531264471468205 11.407867956144687,16.325207585214486 -1.7060807739706254 3.2936948324233786,-1.0857817259212301 42.14826258471307 -44.46340216117898,26.69410025088393 119.62382050200335 44.31051366941612,15.824954023111985 9.297145088222571 1.7081827808233798,4.588849180967916 -38.01457320334418 36.89765068094938,26.1946830672317 -121.72278633253121 -45.31008906775322
-20.04314556515648 -2.466566778030332 -6.497141675230293,-11.539762106226757 0.0033925545166318925 -0.3749481373572394,-10.789131306611939 2.857867785562282 -1.2416090957626695,20.792925519517155 -0.05307602524293519 11.474219214033779,17.381637690374482 -1.9003704303298492 2.9371639677932366,-0.45728385031686614 38.756938312959505 -42.84492717633462,26.44658742092279 120.60304269719542 44.75522591122698,16.911702470000897 9.192803852130915 1.776389194636008,3.8461638838487797 -39.30355623357849 36.35933292130917,25.982605988808672 -122.58956342142594 -45.680348433661955
-19.79899451851537 -2.945673967346369 -6.1248395789241386,-10.839484880861086 -0.09799660348592834 -0.41052355178537026,-11.834401594423792 2.7885299156478025 -1.1249781517858535,22.070886137898807 -0.05140987207927588 11.207755745497472,18.48145937561731 -2.0028905370651526 2.5915331211379167,0.15128903027482024 34.29472961299386 -41.23839810072926,26.242850219826543 121.3797884585307 45.123871545624574,18.070042822708423 9.140397693208254 1.6553098733323641,2.8710169849619036 -41.30002605599432 35.383317454624795,25.777616150683215 -123.38884251832303 -46.00715085978077
-19.600740644697527 -3.1064652084933897 -5.902583053214876,-10.116025300229945 0.1842772713997901 -0.593444106168411,-12.491526839087204 2.894057267062511 -0.9072817027232614,22.890874125496456 -0.09731438490855444 10.810129842977048,19.477148571047216 -2.0015093507612116 2.5924400588721515,0.49676040036269326 31.1424642555599 -40.21357011182531,26.19803697747317 121.50914597786233 45.20364250144098,19.078098490982846 9.196626361888198 1.7892667413349277,2.2080582059053993 -42.970623856836056 34.61141031410132,25.603831556964515 -124.08387566142142 -46.29317831092596
-19.757236917745317 -2.4378370023968485 -5.9321918043909765,-9.644873307853457 1.0985710138138596 -0.9125380721448831,-12.520009293943266 3.239787972943866 -0.580611992576978,22.831380841615125 -0.26118308962990205 10.45028786572443,20.230240631106195 -1.8900605066992218 3.1637896111893777,0.41969204699335994 31.093858081861892 -40.20485661248083,26.38238695222052 120.72450849031421 44.86383983187023,19.743881761031602 9.396931436948911 2.4852576974869094,2.2616781811696347 -43.50671903679713 34.54771479624958,25.491204171184165 -124.59302736372996 -46.516822149346666
-20.09218142578218 -1.3359236865694761 -6.199277568956762,-9.514764355525141 2.292332916246335 -1.343333670661286,-12.232630052064533 3.717138592836425 -0.2833208196043151,22.509745708954096 -0.4878446430787346 10.155887757536078,20.641407286569113 -1.6881478543518906 4.0468044777505305,0.12239211100154049 33.406325224806395 -41.0619995709223,26.67213388306327 119.52954038901584 44.32847295474347,20.004523754174098 9.684919985941217 3.457045955483536,2.830353503412021 -43.070498528173104 35.10146349449512,25.494888444686943 -124.64074969823899 -46.55153923726393
-20.2982930248057 -0.4417902766241185 -6.658078946525626,-9.764015027513203 3.2507815550429298 -1.8577684540396513,-12.091541138740881 4.170571373712645 -0.1932462670891273,22.823770174996895 -0.6882284451535909 9.916443255684422,20.621886074449286 -1.4223325324298355 4.8523957058907765,-0.09516913656215353 36.65254415898936 -42.476894836999165,26.891135052132746 118.6358592955036 43.9173133436337,19.832014327293997 9.979406140979599 4.258236755172315,3.5489796940961167 -42.08624480947402 36.021289346018264,25.676842846662705 -123.89914341008364 -46.24245684435813
-20.139731945022596 -0.26465809111504063 -7.242730876598042,-10.397270746763267 3.5685586288387174 -2.411241745989958,-12.428887046195287 4.466203847910462 -0.4352808395139788,24.385535049301854 -0.7881510699113782 9.726824602625133,20.124439271531354 -1.1282745961856653 5.25853045197217,-0.006390550882349936 39.53579654836726 -44.12195501610982,26.89992502229057 118.6072366096434 43.884721684027326,19.23194459216019 10.206222684126638 4.5272673054428125,4.095769397746903 -40.9795804919996 37.04508214048239,26.069097498146302 -122.1852909083912 -45.4998678480254
-19.740893674852977 -0.648940879400318 -7.786003183432243,-11.249402651430145 3.392056850124279 -2.8757633464777084,-12.921270615993832 4.579348509676543 -0.8673493306443482,26.366425480024393 -0.7884965473096411 9.608913859657752,19.31120624898754 -0.8875125225163577 5.2812994949086685,0.2453761809685664 41.4179513341331 -45.57136585121631,26.743978332099637 119.26195041991838 44.155233872915666,18.37932868590515 10.326594106087466 4.330331037194279,4.367363710657428 -40.182864814893435 37.85657473536832,26.552775909156395 -120.04731185110276 -44.562648341562756
-19.339457830744575 -1.229988608031013 -8.08878913719904,-12.101892514314947 3.0411795222273477 -3.0971193328631177,-13.039144784641218 4.519656679796052 -1.2634224969032624,27.48476726581414 -0.7137555673733795 9.59308756571664,18.410169742918526 -0.7960122961010061 5.043124237485704,0.400439332968083 41.867985128732954 -46.368423425797666,26.526928080139093 120.18384157468924 44.549664939566284,17.50245964954016 10.3128746211619 3.8681390042235355,4.329093498183582 -40.13057550235504 38.122469115417246,26.961545591297256 -118.26321710030834 -43.77300484539538
-19.13646139471952 -1.689701726843796 -8.003994523429192,-12.759343782169742 2.7860408664776872 -2.969690446473059,-12.375334622566353 4.310964917147731 -1.4209891545037214,26.747816795050422 -0.5777391452695321 9.698773863348446,17.62420547175023 -0.9194768661555734 4.674468602187439,0.2790315347520563 40.61262157921718 -46.184014508896155,26.333305877573927 121.02861189964591 44.91978502670551,16.799973485844156 10.152321092511416 3.326543865740808,3.994101008589781 -41.087054816660526 37.611634978391685,27.155756561482914 -117.48357144011678 -43.41793033585813
-19.116592299957606 -1.9849688584622935 -7.6913450389736235,-13.162838220120406 2.6027433547081658 -2.6745079018777815,-11.244816204473095 4.060695353279791 -1.2764199687585396,24.867815392883937 -0.331222564194509 9.880812867047227,17.0079751787246 -1.1450975180767604 4.352999560915959,0.17300122620169128 38.30847440199499 -45.44157679911898,26.13486438089284 121.87627829120204 45.300149767764964,16.29548486500285 9.920056945132032 2.803479220118059,3.6573551563913003 -42.31324207303652 36.69552748000341,27.153224899593148 -117.60681323324627 -43.45856555097151
-19.185499550332203 -2.1731402215528024 -7.422657085081578,-13.303317300167105 2.3599779678849453 -2.4973251049933003,-10.226389469699267 3.906806487728246 -0.8168233951935326,23.179887566097637 0.09804777486973659 10.070448707822935,16.561993505585022 -1.2948497627871762 4.2736288042627,0.5464925373583649 35.951874616824504 -44.83947788286188,25.86215464263199 122.9618729280573 45.792091930420305,15.94866780755284 9.723305948377218 2.3647591418769403,3.716784763113264 -42.703502779142234 35.96574468699988,27.029293857850394 -118.25660604045552 -43.73700743278709
-19.2664270319324 -2.3129915070680402 -7.423321418907276,-13.190218814787306 1.9437264218987145 -2.663025889878424,-9.813609281062984 3.9539962467870797 -0.06192895924029307,22.79918328792787 0.753282975184379 10.214149014522643,16.284948161516702 -1.2248823273225082 4.573061448482539,1.734317277955988 34.437407352761454 -44.95242954048148,25.470066083245758 124.43512415600642 46.45907288398142,15.72446682881369 9.651670959118471 2.062393204103497,4.47596753384698 -41.389476410943104 35.91825043878408,26.855540706183955 -119.07827402649565 -44.1033804979597
-19.405228195488547 -2.4721398059863575 -7.596198335410313,-12.960513278559572 1.3607644321379297 -2.9740497209572268,-9.907219085786473 4.076401652420385 0.7432303998695692,23.31169713132696 1.4764099148116006 10.364008360134395,16.163433063083108 -1.0285770462850825 4.984886911837738,3.174213764098824 33.95184267012429 -45.49631742359172,25.082393355034345 125.85365399273202 47.101703984780265,15.624965210978692 9.672444703167754 1.8531564623303116,5.584276244301299 -39.149095479465885 36.38472380642545,26.676884585565695 -119.86989627011826 -44.46459718471982
-19.699626338896703 -2.7219425542534936 -7.707701957269302,-12.805123789805577 0.6689694882353538 -3.054121417078609,-10.157174086185908 4.05062117888611 1.2583073710287647,23.656516087954515 2.0242023923739865 10.616806685098648,16.17892586061854 -0.89967697053423 5.072156941192943,3.924414315379617 34.382510210007716 -45.82370169472101,24.89438629070719 126.5245944975277 47.40939816804207,15.667957752445451 9.701176734232574 1.6535351097581035,6.414322963942943 -37.456755030030756 36.915818889500976,26.526966943593383 -120.49417465553218 -44.75159400170056
-20.222365969607058 -3.11675735424966 -7.5518556266297745,-12.886616653437757 -0.06642084104325098 -2.5851164573929353,-10.255244530990307 3.692056258325639 1.2051752463788348,22.939363555934975 2.1919517426773627 11.037932471855783,16.302261048115636 -1.00581917389157 4.474791272910407,3.200870148402657 35.570373229259495 -45.384372906982655,25.063109301130186 125.89373652691206 47.1333675686372,15.854772998266023 9.661174372415385 1.3905918184033146,6.435325029529701 -37.56140977597059 37.11820606356113,26.43694400408292 -120.8257167709112 -44.90150445449321
-20.84067568301859 -3.5719949833761735 -7.152150175374849,-13.134393315041786 -0.7215509303488292 -1.7290436152714168,-10.242024901861768 3.1358593234687526 0.8166453025278787,21.64576631639574 2.092007718418587 11.435095756718523,16.417499810432027 -1.2985035757609271 3.465468671416319,1.5187008549006533 36.98646167699168 -44.4328080321347,25.431680611872217 124.54660937594899 46.532784373269166,16.0518009682249 9.540613048679313 1.0789434332193326,5.913553905667771 -38.85051283136869 37.064244017897636,26.41800437488599 -120.8344776871738 -44.90137163723908
-21.321429298326002 -3.9352175673855228 -6.644126925050167,-13.363999280568825 -1.1439415704392857 -0.8823639204037739,-10.328442855549616 2.673319330903059 0.5750232059521142,20.935018248715366 1.9915417902508779 11.490180490147116,16.366331352894303 -1.6236888965969005 2.6258483105797032,0.027418518342958498 37.921164626688785 -43.616417730873174,25.68991645426145 123.62528414121113 46.11486101435131,16.059540309660548 9.359343720632847 0.7759600796386316,5.504487847934331 -39.80253379398572 37.05369011881954,26.47158634519812 -120.53697128033066 -44.76260982555841
-21.455200186177226 -4.071527058492335 -6.156029541625088,-13.408187081957301 -1.2042274799680917 -0.40614716272631785,-10.698453113071373 2.5647170728081647 0.9050992596937837,21.827438541635228 2.1288553582664913 10.933617957910524,16.018066019050174 -1.8402272181075725 2.4739250484693973,-0.24877748162474292 37.77003156015616 -43.50818157410467,25.563618203121653 124.13828003513116 46.32759072958709,15.711248180085343 9.139069304184392 0.5371009128629853,5.788018104295777 -39.06399711655098 37.36047855707082,26.59526388501628 -119.96371206838946 -44.50269242803203
-21.269060744298812 -4.020634373966411 -5.737948290328741,-13.274111422945754 -0.999150118857415 -0.3027364531430607,-11.263160401952874 2.7592702559131874 1.6573243837347915,23.9509095449704 2.4520146081419063 9.975058207774042,15.512748035697609 -1.9389800992824424 2.8897968071301783,0.45699554831877953 36.96063080175818 -43.93322047085448,25.13774551904633 125.76198490940179 47.02819411716686,15.162297664546344 8.917378051710577 0.3964789178332448,6.585208549825147 -36.97141760467564 37.9930993133541,26.749763826821933 -119.27797602868876 -44.19627146945675
-20.922990592904043 -3.920376807551192 -5.396052953720286,-13.066937170510718 -0.7525179347408064 -0.37287844302491047,-11.780333788096023 3.0313860128147856 2.359383467641499,26.150794902070388 2.7459799542853602 9.093461632696496,15.142568084105509 -1.984995505643521 3.3950775391502397,1.205036132291951 36.5005024398568 -44.29637530282141,24.699097075602552 127.42415825419357 47.74189061819905,14.74908387501479 8.740785423341647 0.37621100392431756,7.290678859278967 -34.81104726418464 38.810868593250845,26.875105726773796 -118.71764814237956 -43.95013209230331
-20.575159048312592 -3.890231014322978 -5.141450029075498,-12.892518183742517 -0.6623414522187985 -0.4316141029771189,-12.02346242094412 3.1723267057283113 2.5695277834824,27.344378014052893 2.806035815219876 8.73011319618799,15.177353817081206 -2.037609770446515 3.5496940469208837,1.1350747195892532 37.30727234258816 -44.06062508578871,24.516178132409472 128.1209530307975 48.02481096935295,14.781179986486537 8.653835342977901 0.4983491554215874,7.342574011796245 -33.798689898442255 39.6562494820485,26.91649103589329 -118.50130371700651 -43.86212084495427
-20.3455071081992 -3.823544494368666 -5.048313788595858,-12.852046149745423 -0.6103018869959864 -0.4862202119317335,-11.968606143904582 3.1918979491329513 2.243073125482405,27.386181080534485 2.5685710547140785 8.853501938739077,15.607291711014497 -2.080169963071764 3.4053082992445662,0.40159195003148906 39.17832918840578 -43.41914252594966,24.61873730505094 127.74038624394845 47.835354050584165,15.232949871758953 8.676998429769856 0.7857415715423881,6.740155495761755 -34.20839771266696 40.19507417532474,26.882037970673185 -118.61339692818078 -43.922018638139775
-20.329312338854823 -3.467774970362642 -5.231507391531692,-13.0437049027295 -0.2739970296828138 -0.6679966509671196,-11.722515570684289 3.2409010041297313 1.5915059473221869,26.73539649371166 2.0610096625015 9.127087273085777,16.242154580090368 -2.046997821367115 3.3308307593825552,-0.18625399428548955 41.18832798500022 -43.03619303298793,24.88248666457192 126.74587105544185 47.39144657622662,15.862493337694902 8.815214138513339 1.2617501385569228,5.844695450686593 -35.70664123585415 39.979219455941255,26.820456209200714 -118.88733605994372 -44.049886616362784
-20.604129659234484 -2.6104288699220732 -5.788014559165283,-13.546544826840423 0.6293368173464164 -1.0963378750839772,-11.39310414883513 3.4614262399852795 0.8252134762854004,25.844877472789804 1.3183764979557833 9.229798971014537,16.888569744678165 -1.8778514172465286 3.6678531102674863,0.12493242113066406 42.4424578986749 -43.532446632705344,25.1865970878608 125.58759263650546 46.903888116379484,16.42930758189258 9.0696231845314 1.936149427049773,5.009498775453588 -37.93578216440069 38.61467261825143,26.77880160931584 -119.15871401739557 -44.16718883148846
-21.003630199768605 -1.6374690493627608 -6.553381769741928,-14.170772592814293 1.776121917265028 -1.6937956005565264,-11.073981247304733 3.839740413753509 0.07894875454014404,24.93619620226807 0.46140175896838176 9.130131931096969,17.35121195131753 -1.6005863608231177 4.298613677372257,1.1492515568698898 42.645766531008725 -44.80379464300457,25.495134230083018 124.39427970528303 46.42213515027975,16.76335449823976 9.391496746020257 2.6271767775553383,4.390629313422476 -40.34119866796466 36.49648044734225,26.771300388914188 -119.32936570816733 -44.2315234148753
-21.1812011091306 -1.3772498356535858 -7.169895640163093,-14.527859992709827 2.394560301927947 -2.2374112867770526,-10.848182361878628 4.246922219225034 -0.5684455424495736,24.05995710329414 -0.3258291832742838 9.010633631416468,17.433312563259634 -1.3081817993897817 4.765787206248067,2.0064571955036112 41.94672934672902 -46.210356848373785,25.834919736667878 123.0570336670324 45.876375980195334,16.74668495339783 9.69524139949024 3.0114812163660614,3.998346206989499 -42.22265458588801 34.60297895672014,26.787910411505784 -119.35009350938869 -44.227199562883605
-20.812898524709624 -2.603107802316197 -7.297608216328812,-14.250169764269382 1.7559126940399103 -2.512362863656255,-10.797385307169483 4.551923943795173 -1.041061460618766,23.265126184186006 -0.8617275448358873 9.05367022146906,16.960019935560105 -1.0924741763906336 4.628372550861998,1.8546264584144538 40.49333164771806 -47.12094486170861,26.232545661271907 121.46625285355285 45.19695108204129,16.280426193168918 9.897714337665395 2.784020305975056,3.835692616396489 -42.92063677903619 33.871497737021755,26.818762248846614 -119.17561660875083 -44.140041240515444
-20.040521009025266 -4.956054841736398 -6.982667869932696,-13.412507490728709 0.05903838718485266 -2.503797507793214,-10.984049846054942 4.633637511032087 -1.2911133901391152,22.641704077777568 -1.0336572557738108 9.351570320256577,16.136599958181417 -0.9990742219992672 3.865899818714766,0.7973522998480348 38.24505523164993 -47.27238832841812,26.685151636220116 119.59662861555503 44.36525459816684,15.574900578131551 9.973175195786634 2.0142760439582235,3.8399455425733384 -42.539937514925285 34.292473403005204,26.866829284899023 -118.80860171525356 -43.97125960393562
-19.39981172863017 -7.119334831024377 -6.59779954370067,-12.46391559133078 -1.7126012961437687 -2.366004826140839,-11.454380301984044 4.379362208370911 -1.2946027870947756,22.314400234554512 -0.7873053624122585 9.920505002643221,15.489837978397533 -1.0344930067321043 2.8136022038584594,-0.2620151204950171 35.001937674849806 -46.71280208133015,27.164965192570474 117.49415089749198 43.40586401717157,15.101960749309331 9.944437018163223 1.0885190052645723,3.892754192650268 -41.83183083841663 35.05542051827636,26.945947896336254 -118.29227157547729 -43.735080945149534
-19.41463772262143 -7.798315636494344 -6.511525911382175,-11.853129394373045 -2.583886214720146 -2.254297025045084,-12.242800296328099 3.690358034356181 -1.0350097001535181,22.40142726025517 -0.08311324300835495 10.763260485818938,15.532061498746383 -1.2012923537606723 1.8141272972877387,-0.4335626997746888 30.61026760974673 -45.51443385230945,27.640780553354826 115.22462100699502 42.35292875827995,15.317425421087448 9.836948816572892 0.3942923204451054,3.8778650230745515 -41.543098834136906 35.3535234929807,27.068466946647185 -117.67575046082742 -43.44863309440933
-20.082536778544178 -6.831711238011815 -6.778343184381005,-11.766737936580235 -2.296116011211007 -2.230675196248485,-13.139515220289354 2.7647070598261974 -0.6416536483080503,22.856500049520886 0.838533409727824 11.644533968165272,16.242761359329652 -1.4431377932015297 1.1279723412009175,0.33541673887581425 26.027556220836527 -44.0600347013785,28.023991455066092 113.2345241055536 41.41856350788575,16.15107372442847 9.700139941979286 0.13044735696047485,3.76245387160893 -41.88182004379053 35.00628925678923,27.20708120767318 -117.1083751584946 -43.18304169408647
-20.892030115713137 -5.154302284045976 -7.149050464876271,-12.1378068084365 -1.2834447321264975 -2.2668986233608566,-13.69854536790241 2.0875499832150526 -0.3848964857024233,23.474246651377975 1.4665128689055136 12.098765152532495,17.086118471072737 -1.6467358530182363 0.9361864215329971,1.2879628760089172 23.285985515727063 -43.03264555095486,28.170479236612174 112.33850727668634 40.986994362287405,17.023948362065653 9.606631293072919 0.31335040583221213,3.5943816932532564 -42.535089180227 34.43894547131833,27.296135711834534 -116.83639865542172 -43.061654034761965
-21.32295110573708 -3.728007611657839 -7.369222693099761,-12.884006449237136 -0.006376704280520228 -2.331035840684769,-13.480412779345743 2.1373215064814883 -0.5317781711449572,24.04181957332626 1.2980570446431476 11.673744419310829,17.518183596379266 -1.6999662293115376 1.4042847418460014,1.6520177774478677 24.380440765324554 -43.09839874206856,27.941817003418297 113.32484983806934 41.430157451861206,17.351943754682313 9.627372904855124 0.9443346544635954,3.4215480820294406 -43.17581397970214 34.09181980921136,27.271951648732966 -117.0936540661912 -43.20185548104945
-21.191911190341493 -3.023549833189836 -7.384239124945653,-13.783555487400678 1.1298656980299058 -2.391174994155995,-12.494243065616365 2.880425194893865 -1.0970099070256512,24.319507844194934 0.3696269691386809 10.549225440099647,17.354409396533217 -1.587937208736658 2.356845897799758,1.1557414185460104 29.050535054461424 -44.11320458436924,27.42057609020947 115.83201515802199 42.58348075875761,16.985653673204638 9.760610354357889 1.8146773852005063,3.2013201303200876 -43.67464085377388 34.1366371388217,27.16923765112916 -117.65923286304334 -43.49627110698105
-20.687859600865373 -2.968590914206381 -7.360380268052915,-14.460496304057687 1.7811791632736662 -2.415425912096433,-11.245132557875548 3.7171691384939334 -1.8163312531089093,24.037900553425413 -0.686151084185133 9.603652911374683,16.80759895580073 -1.4032518399496487 3.241513066008961,0.08032868781180719 34.54247962488492 -45.037201640385675,26.93366081983382 118.22724390055386 43.689235299915886,16.2562702694444 9.92420804306344 2.4834205945305423,2.790973283991478 -44.1208337185709 34.44815829400148,27.131478327306247 -117.80946961989548 -43.589033708694814
-20.018992284370604 -3.4574381987176204 -7.470573895036532,-14.541964658273148 1.6206264387367555 -2.374101992434877,-10.256533364200898 4.032755531632114 -2.414181385488593,22.939460890404796 -1.2197376612244286 9.728773434701603,16.110661670765857 -1.2429178406401735 3.500754634686596,-1.2651195834844873 38.03304367747774 -44.81072095010343,26.813217904606052 118.84865045873006 43.976040634012016,15.516236103728499 10.033315877633235 2.511397622928228,2.0495529004355317 -44.61035516060154 34.88650057761969,27.303869802024785 -116.81525171249609 -43.12146720009871
-19.392706124557105 -4.192107670377731 -7.712548032449722,-14.06054153634507 0.8340497361596965 -2.3181678315848275,-9.784184798423803 3.731995181337726 -2.7298524858290474,21.257750858925764 -1.0920043500324246 10.979391856218768,15.47978557727631 -1.1615308816416607 3.1018491667341648,-2.597637376501046 38.881185324061846 -43.34628133153182,27.120345396446048 117.37678683124624 43.29666725388024,14.985410253659762 10.056006973720507 1.9651324784219157,1.0905935589927827 -45.07017820668021 35.338308116612765,27.688147936077264 -114.70073725413621 -42.10293849819059
-19.015387608786178 -4.631467527939723 -7.862494855774156,-13.561483630427198 0.2556885259747833 -2.4005695202135104,-9.745309806348759 3.376731446464336 -2.747865589769124,19.847315062671406 -0.8092251845124303 12.352020368943128,15.110014954039439 -1.1600576240019442 2.6756850265173524,-3.6673055120408558 39.20518789496354 -41.785709587692445,27.57340685700116 115.18968497415443 42.29310944693214,14.716003182367913 10.027274567634919 1.55058281511373,0.34942531896442225 -45.21359266335111 35.723767566819916,28.104646548372514 -112.44257702821622 -41.008196015964934
-19.089336016383836 -4.230113374976515 -7.687757376150504,-13.613868433161084 0.7452249921893447 -2.7778242248538043,-10.036002329141638 3.561642277560689 -2.4639561302673205,19.59017539279923 -0.910733994961134 12.790802996621949,15.190657079841275 -1.2350371995965983 2.885080009919529,-4.228821394674814 41.26031126288232 -41.33283285412903,27.872491811590912 113.75610256334596 41.649419983841284,14.747569714520521 9.986532812221393 2.0014739924900766,0.27486657963822936 -44.74561200211291 35.96555001531421,28.36421624654507 -111.06677260082569 -40.336143992280036
-19.614703568363467 -3.0118208568205995 -7.225184789569331,-14.331047483699018 2.350563070420154 -3.457129858100093,-10.581875135779258 4.413269728793873 -1.9692307559254885,20.747208005949492 -1.5165416019786166 12.020001368787867,15.690870477282223 -1.3333995463163375 3.8580219101410327,-4.16234896089798 45.28965200281641 -42.344081118912186,27.90428547959928 113.63163520033895 41.618886034452046,15.024143861526817 9.979622582703898 3.3854950929530125,0.9561393974745919 -43.64422703207224 36.003042673321644,28.385959278518186 -111.00866379494153 -40.2992727103374
-20.298987267068835 -1.824387056336219 -6.901799624833741,-15.16660225238725 3.944367527447592 -4.229509735311752,-11.351276413106943 5.380419486231888 -1.4928682901368746,22.68003510830546 -2.1395905456747566 10.893280087319146,16.26109677582977 -1.330253673096216 4.948206810708849,-3.5296943419644835 48.62322897889666 -43.949078501336174,27.825614056514897 114.04986248113923 41.831160657094586,15.351470882414672 10.061688940372118 4.80609167273548,1.9618658893580945 -42.28262720186291 35.79983325743359,28.245697498844628 -111.84846920133805 -40.695421161737016
-20.828820223420763 -1.5702961956505006 -7.170336290811966,-15.527626197591495 4.319853295690056 -4.870599004279317,-12.313709609401103 5.864130223346642 -1.2725442739193864,24.681277822883285 -2.2503998482547733 10.345692831989691,16.530472459241285 -1.0967296975776968 5.455546704409603,-2.408698395647202 48.395103200997596 -45.187174723723516,27.812830484374743 114.14874511250629 41.87092734142508,15.526481422649345 10.287673294217546 5.3006512278099285,2.823018458216722 -41.0639633025245 35.32333631948013,28.031436708845764 -113.09979843271095 -41.29014513448557
-21.039318715827097 -2.438614270527633 -8.132452025256672,-15.195842051960451 3.1819484823943975 -5.2674070216342335,-13.27936536233661 5.649319811235777 -1.3778888823559656,26.143857934487333 -1.689739131276878 10.802725289931272,16.39292900598137 -0.6234479303150848 5.17587431393345,-1.0095353930952389 44.070176122582815 -45.515446473036505,27.924723873930812 113.63729255303792 41.60219680463559,15.492252995887652 10.644711278391107 4.591125296648908,3.295755929322897 -40.320904859272495 34.6816077656843,27.825244657787813 -114.29929109683127 -41.86131191141213
-21.01212508046027 -3.433921615095787 -9.306911927834602,-14.574968156636732 1.7492952312632322 -5.491857333992474,-13.793927835125906 5.158259343252152 -1.599527186512094,26.62722604839569 -0.9131037268850156 11.843829281170342,16.182036051928563 -0.09941781040086493 4.728397728862198,0.23790771422761692 38.98323502701363 -45.0845209817807,28.0248925385343 113.17262440717965 41.35274573413668,15.434510224409319 11.007360848051338 3.5360445838429433,3.510113318107338 -40.26910161047411 34.21620982654786,27.69933016891371 -115.02182341772962 -42.207229504992846
-20.85159705465721 -3.455108452825177 -10.160032486519453,-14.125162718051952 1.37615948638812 -5.6330432550589755,-13.381987778193825 4.871081506102596 -1.7031691486990568,25.7115263974702 -0.4316187163805715 12.970163587835504,16.27049660294163 0.2685955242256452 4.806187712031143,0.8853592521365056 36.81544077470466 -44.11074915991981,27.95937545812818 113.49718416411385 41.492052607682204,15.560391157984425 11.240251971659813 3.096377331079445,3.630499199831351 -41.109635026753516 34.28861758093426,27.72437643700166 -114.84942730310564 -42.129818452229145
-20.602092783936442 -2.0815201938695727 -10.44321842730145,-14.05609519426559 2.6105297414834148 -5.749987775963519,-12.005137104353976 5.014447921481152 -1.6125500490272913,23.544319487468897 -0.4917501374955906 13.850404913899776,16.76766018057187 0.38169370057505964 5.674081524724086,0.7494130357781245 39.14626684230759 -42.848361875882446,27.670124275041804 114.89117579253944 42.159605877540876,15.910630061939012 11.286004036861241 3.696313747210205,3.7216752883903763 -42.6418108832116 35.02130856833085,27.903321119694937 -113.76765700104744 -41.62253206912079
-20.19347339690297 -0.19101256582669332 -10.451907390741741,-14.099428217126988 4.4617779751334306 -5.844330793582444,-10.458895557674367 5.331322240173952 -1.5529643438693217,21.35596436703752 -0.8349160756427187 14.47290384359848,17.28031974834828 0.34682012618648944 6.779719894313541,0.15210479236417807 43.54454382320192 -41.62387619394604,27.282120438885737 116.75271315702415 43.056004812908036,16.208413425947086 11.23606337456215 4.735712347457851,3.658247531191964 -43.898227762256695 36.080682137042295,28.10982329663198 -112.53210706878892 -41.044325022124156
-19.543200753391964 1.1946898124740362 -10.54183453042934,-13.933870574715153 5.7687416579852275 -5.91119559057135,-9.630258845915732 5.510908046202974 -1.7826705231418385,20.4947899077555 -1.1462053626988715 14.861958249874887,17.36002004678591 0.2937940309725296 7.480288902732523,-0.5281868262468205 47.13358550423937 -40.7711953029199,26.940590006817768 118.38231277927463 43.83328213649942,16.14219316489444 11.19833421411708 5.500625592425636,3.294255692819474 -43.82856737867064 37.082453633385875,28.20327662838613 -111.98319273292283 -40.79439646834455
-18.66347568703552 1.4824981477903139 -10.893365203437778,-13.397328512852004 5.865635747273474 -5.933074427427142,-9.948196250058405 5.368565322122587 -2.3714654562161455,21.554293841256637 -1.2034178180588302 15.041479145232628,16.810210867669284 0.29830429498271654 7.420007937868393,-1.0118831656260088 48.130769364325865 -40.476551354375545,26.723534627301778 119.39832964853456 44.30033932115592,15.59434370674184 11.225345013956812 5.552644879607692,2.6463345452750864 -42.03926434470934 37.762542510724245,28.097287506996587 -112.60850448118096 -41.10132998421246
-17.774860544006092 1.0220318626119942 -11.301170109283897,-12.677834753914093 5.176169821582335 -5.86467987930245,-10.834329438556754 4.997112597496738 -2.9746582178539165,23.46785714121962 -0.9882545787499448 15.034526711486485,15.9883623324902 0.316989727110127 6.87437506185668,-1.2366985826407537 47.15967126679097 -40.60140033391875,26.56110782554539 120.11814789892273 44.61108273829889,14.873737535324759 11.247835079375403 5.059360461599316,2.088717642979005 -39.58116439087003 38.12123576361013,27.824693579333285 -114.11965757901338 -41.81847054025384
-17.125433148347543 0.28801942114225576 -11.508841470316609,-12.009863790524639 4.268614824434023 -5.6571275314052745,-11.576793124603354 4.526283749438753 -3.1928460628491417,24.94902342086416 -0.5096935575640331 14.864066054699935,15.32526049337956 0.29071947793372205 6.20268141390788,-1.169406522297284 45.1639104370436 -40.96410337338012,26.36391762263268 120.95161115694758 44.965069968548164,14.345629542930439 11.18045122652539 4.2689539838603405,2.0426695663254386 -37.696144250921904 38.19402925362412,27.434241578265205 -116.12496281875951 -42.74922917384967
-16.873020145254166 -0.39474545184659715 -11.366435072505084,-11.56203072931031 3.5262402503221955 -5.303442123904421,-11.707735599670945 4.080615559436415 -2.816172377052986,25.17623225706384 0.16522693528076138 14.560652495390196,15.076064661520418 0.19173269171591728 5.669911214805921,-0.834829115529862 43.001546838445215 -41.43758504460401,26.097749511978783 122.06770877424049 45.450486359457564,14.21586021858424 10.986644742566236 3.403364582391484,2.6942492763586343 -37.12046233490347 38.026198569908914,26.99149483420357 -118.22118957297292 -43.70023066155522
-16.945973151436377 -1.0826970558607174 -10.9947037675595,-11.335494864462513 2.8619260284568497 -4.90320772008169,-11.379740517296769 3.7714305365223937 -2.1167255400306777,24.50997996945577 0.8218426912344027 14.174140433600822,15.049380962915725 0.07203068630852395 5.301261426397778,-0.4053846136401557 41.3130951973232 -42.03350436158752,25.868684683921906 123.02302766855429 45.872339280399366,14.284938783669798 10.753958450271764 2.6178064962736483,3.6314757208190063 -37.30477856296038 37.687885494929695,26.604775002150916 -119.97576169575657 -44.486271117940234
-17.236713399595065 -1.8919085530943627 -10.556760016234097,-11.30518561572163 2.114959691983527 -4.572663153974301,-10.842520144030946 3.7079287918591457 -1.4419835723670493,23.495786142512234 1.2224516763467663 13.757403983246295,14.983964406522947 -0.003916154637460006 5.084369380042925,-0.07654721969429094 40.70473079487635 -42.785201616395355,25.80472332589446 123.27846954184731 45.9913856624868,14.28998008331538 10.589335008563584 2.056996163051309,4.3488575076148255 -37.49864017376981 37.25311718463461,26.389055379721118 -120.95168272682548 -44.92350158051899
-17.641012637797292 -2.867918628137601 -10.180589784732785,-11.43579875579857 1.2052120131489483 -4.3894549883597085,-10.315738919409844 3.933435190331726 -1.0437350356473398,22.588880524016435 1.2267482441600541 13.360475447526985,14.710028363238003 0.002665160194092066 4.9923016593203275,0.025385401986783566 41.44281503207998 -43.67288995053053,25.97237365212017 122.55473154365345 45.68218392390738,14.061877233338514 10.56078696796963 1.8043943496990023,4.508928349896264 -37.19543655831447 36.785544055456405,26.405061979130537 -120.92847063135646 -44.92142524803933
-18.064523825116133 -3.8482483980600777 -9.890585333031344,-11.661849379326762 0.2902067524988306 -4.317414944462357,-9.93044538763776 4.2969978550687475 -0.8915648206485537,21.97821354930989 0.9816644268609943 13.025006170824494,14.327511686104668 0.05476186135823602 4.955153359067439,-0.021871626433438877 42.79154328876963 -44.520101957138486,26.256794115353145 121.33868956180838 45.15491144999039,13.708090617333513 10.621515701187871 1.7628089563720588,4.269755136389314 -36.60768700127501 36.31821384289642,26.55353680567757 -120.32417938765707 -44.66485592141379
-18.414712558273706 -4.632259641534656 -9.692135394918562,-11.912316150908602 -0.4289365845539577 -4.29949622297998,-9.801432139262722 4.612026227237141 -0.9032895684775615,21.80388861397378 0.6868239591225266 12.791110070429689,13.985832443168576 0.10145882238793441 4.8951367611466114,-0.1031784928985927 43.83127073942587 -45.121628300804296,26.509875848675485 120.2577695064163 44.68131253068848,13.38681491064877 10.703661289609162 1.8019084039045834,3.8803067808700975 -36.07983003478765 35.87856043901272,26.705873940200135 -119.67399784919952 -44.38911116696973
-18.599044433992127 -5.019314137234243 -9.59062870418322,-12.116177735146486 -0.7510984925965893 -4.278652024610308,-10.043491764832737 4.691929748003855 -0.9967259202412269,22.2060091135893 0.5418505756175814 12.698901063633425,13.83440870247535 0.09184091681615236 4.734464147420194,-0.10339538535231446 43.642352558529275 -45.272259646113085,26.58350998516932 119.93939728758139 44.53313145595432,13.256244788632674 10.739363814624372 1.7913611131306797,3.5895521971147275 -35.956304190988554 35.494017735863366,26.733467463536122 -119.51311486945599 -44.32950855103449
-18.52498504899352 -4.808773663831726 -9.591453994614104,-12.202412796642822 -0.475159466216215 -4.19783555005107,-10.771416854895833 4.350117858535825 -1.0896905170464186,23.324678443737653 0.7463680110190966 12.788493067726577,14.022658532070619 -0.025006981824148233 4.395347799750537,0.09261750826176346 41.30514392056044 -44.766786657649945,26.32958765791679 121.01099881540793 44.98211251574061,13.474574926633625 10.660763357624365 1.600835504884449,3.646460298899323 -36.581548002013946 35.19201962550644,26.50771145652344 -120.37671930189877 -44.72136563993547
-18.1 -3.8 -9.7,-12.1 0.6 -4.0,-12.1 3.4 -1.1,25.3 1.5 13.1,14.7 -0.3 3.8,0.6 35.9 -43.4,25.6 124.1 46.3,14.2 10.4 1.1,4.3 -38.3 35.0,25.9 -122.8 -45.8
