-45.1 -30.6 22.3,-25.7 -14.4 4.7,-36.4 -1.0 22.0,79.0 -15.3 -21.3,12.6 -6.3 -3.5,-9.1 -0.1 -46.5,18.7 35.9 6.1,13.4 4.8 -4.7,19.4 7.6 44.7,22.1 -44.7 -9.2
-44.45693291443383 -27.852451791844675 21.329131609223072,-24.215102443120674 -12.453806134422377 4.716513652646513,-38.273124283285476 -1.5419772350680574 17.057320020490636,79.61817263010502 -14.05795859888967 -22.23350384900792,12.34070624516843 -6.658589629371187 -4.469858844688725,-13.896327289199155 7.089533879929222 -47.99555471618509,19.092765861504585 36.78133087398883 6.364430449468091,13.262928665153057 4.714459096266955 -4.624802356957169,16.268669142234415 11.412688067408128 44.69551220787284,19.837144468727818 -38.79187878211313 -7.0971243140435885
-44.0008284939324 -26.808934777406286 20.524096779989954,-22.954314853099344 -12.054664779943453 4.835859678649186,-37.50816650443778 -1.4754225894783561 15.165934660544988,77.42973407708213 -11.030051777812789 -19.8828450468398,11.694853565406353 -6.6539746219304154 -4.549502742985627,-15.29789626110401 9.110530244926755 -48.88901198850944,19.585336791939962 37.948948523095375 6.757322497512097,12.602218345333801 4.8043655048800815 -4.357202896413697,14.028479517352947 11.51620563750215 44.62365291382153,18.927621180101255 -36.3766246141713 -6.245390001853093
-43.61959794383144 -26.968609553010317 19.92448249985814,-21.94452284148678 -12.65259666799367 4.992198924412963,-35.145093847265294 -1.0289257448545333 15.53474226667987,73.7086570632026 -7.291097759594105 -15.733858160995164,10.845653312756074 -6.41609212337173 -4.036772260862681,-14.388914094512826 7.456370856705186 -49.29062998570931,20.076696581589278 39.14285729563963 7.179398247797096,11.652198550270999 4.989424784931932 -4.0171781237076924,12.648181311645395 9.163744198423904 44.506793477311476,18.978722982757343 -36.44786928288042 -6.280963465199161
-43.20115246946661 -27.83063671498223 19.569875756385148,-21.21261201983375 -13.697622530003475 5.1196922363427895,-32.22387349557641 -0.4310763828202269 17.3726411854121,69.72891431073775 -3.9159147670583776 -11.272377758973521,9.976316839259914 -6.074879279389179 -3.229507964291859,-12.25358796822387 3.6204374769771093 -49.31066687652102,20.465829020735683 40.103061539941606 7.531379803988161,10.647198789693416 5.1893424955150556 -3.7247045441772633,12.096524711401566 5.608495238315251 44.367305257808084,19.59774272533311 -37.999244574946424 -6.8400111058524455
-42.63340327617362 -28.8941768596475 19.49986353712849,-20.78546799969101 -14.63976309740331 5.1525004608436085,-29.784472633179522 0.08953581500092594 19.888529763258497,66.76447854195887 -1.9793210230303622 -7.9842384082743845,9.27005549696019 -5.76027323567681 -2.425550419245135,-9.976125061035415 -0.903888132544889 -49.05938082968086,20.651717899662312 40.569565604321305 7.713989269750374,9.821548573329817 5.3238241957220005 -3.59975866316052,12.34225990291127 2.103650245318038 44.22755961477676,20.391973256465597 -40.024382277075226 -7.558699325583596
-41.80426156928816 -29.658390583331606 19.75403282964566,-20.689976392609328 -14.929039101623625 5.024784444320363,-28.866858443882997 0.30432116698528877 22.291306346735873,66.08932247913722 -2.5561347503348086 -7.355274676397261,8.910080637899213 -5.60221113792867 -1.9227401916944808,-8.640732551745717 -4.623224210148218 -48.647030013925125,20.533347008652317 40.28237383709872 7.627948748748808,9.409577410908962 5.312575444645318 -3.7623169859955694,13.354137072464303 -0.09759929242588194 44.109927907682895,20.96870742479182 -41.51691417597276 -8.073194526163261
-40.65721217086284 -29.732555915065486 20.330636311372142,-20.91578034843109 -14.176371982447177 4.697938552782633,-30.21220350058796 0.05322936228503002 23.883344428781488,68.55528494606565 -6.287786061116946 -10.37492863157025,9.028597486656407 -5.695231473586472 -1.943577435443029,-9.061909403796797 -6.322140720305815 -48.17796326959471,20.047093553419455 39.07781832376838 7.210117329824933,9.580559579355675 5.102806333019455 -4.283802618358186,15.03444390375639 -0.03468321645217106 44.033333120488614,21.018084335210727 -41.67883074342872 -8.096905559594171
-39.43868772787266 -29.3262327927234 21.002601404957154,-21.24950360894431 -12.86979938161448 4.281814928008476,-32.93286471112982 -0.45016201734815936 24.476577505177477,72.71303104553452 -11.45318138751118 -15.326663554856124,9.47976214512577 -5.940904426853013 -2.2998599720781723,-10.5838972529123 -6.300402712061692 -47.72431598233937,19.333177040041488 37.31734144821281 6.594347238225305,10.14913450470571 4.791662092184612 -4.970960070409747,16.923161795788207 1.657805304413796 43.997900146984,20.681861947398126 -40.84794578213717 -7.764312168562279
-38.4978442621832 -28.852524399878565 21.466452374764668,-21.408930211380735 -11.79477100005274 3.93660468931967,-35.588901100918086 -0.8655858584225679 24.05572038550112,76.33294521355131 -15.530143985920995 -19.576400990646906,10.023449977998705 -6.175368600236497 -2.664124911705258,-12.052403722566359 -5.37154671555443 -47.34730061804997,18.60093570500533 35.54043969341233 5.981287019014892,10.809692230955287 4.527127875047219 -5.54078678580109,18.43742154014159 3.8043860343315448 43.99737983531459,20.254932883537457 -39.74720741902719 -7.352670572099729
-38.16180480396526 -28.662593452025853 21.474064500480097,-21.17054294911326 -11.600574745991807 3.7909447949188273,-36.91213603306092 -0.9075964752170688 22.70808002463705,77.51460757469604 -16.393264076245835 -20.8612576805512,10.451853334120587 -6.257426524579341 -2.7524017137464525,-12.476993016520243 -4.2706523729997 -47.10874013740832,18.049551991427986 34.253821052754226 5.557109777406954,11.29550296423559 4.437521800106401 -5.740775211797584,19.06780599348307 5.327341027638857 44.00935607482139,20.006194772416183 -39.04320591982596 -7.114961173229998
-38.616456057284026 -28.71099022755377 21.131188405055088,-20.686040213780252 -12.06541156025303 3.7717021731964055,-36.73415845323601 -0.6415008242220764 21.17524378174817,76.4639238789894 -14.45508682825766 -19.29360012389897,10.764032731708255 -6.190954006958338 -2.559187825495439,-11.916217319645867 -3.2291102118031376 -47.07441256011772,17.812995199643996 33.753882195536 5.415201431166883,11.588752614641535 4.525302653597865 -5.513627095832405,18.77460938179054 5.776068987506064 43.908200586033246,20.03774689494099 -39.04063411605198 -7.148398415633761
-39.99213730994925 -28.79627966635121 20.682751802328244,-20.254690484667332 -12.624889003416975 3.726388786700264,-35.31908864153633 -0.2705548128589674 20.45612365029177,74.21520535478722 -11.12632016436654 -15.919966577674595,11.040408723120759 -6.036883320621059 -2.1885005158287836,-10.841189619268437 -2.280212793392742 -47.311651407329556,17.99958668453829 34.254305584416066 5.612455243043815,11.769524174426953 4.743429486727133 -4.87881885480473,17.70286064958399 4.9466099061678745 43.52769235061552,20.386087722963794 -39.90185270715794 -7.488934907452503
-42.266383495219365 -28.708182506976968 20.328598538105616,-20.134453186744373 -12.774973217517347 3.51922365049458,-32.97703204950175 0.021244517346069025 21.380697063269288,71.68500489180992 -7.699700572450562 -11.766976867925642,11.34265989000677 -5.860355810700603 -1.7602169547434452,-9.697330302080696 -1.4845199914968816 -47.86686434052813,18.674197531050222 35.871184817379834 6.173942931045075,11.908341701046554 5.0344111076279825 -3.905065816476574,16.04074844660088 2.7519565500705943 42.7592682783086,21.06533408032463 -41.72240986133725 -8.151853014818728
-44.26962601290821 -28.172772862048117 19.927330361181728,-20.27025696914637 -12.471297177262183 3.1413817909576522,-30.35582868361813 0.1970828403444942 23.50501734948456,68.8901978472456 -4.56363360490019 -7.694796058605643,11.590183302726043 -5.757111974655887 -1.511409176641957,-8.729599267068425 -1.1110277137830484 -48.62920367785673,19.575694452850787 37.988862460238565 6.8862997763863545,12.002147546203032 5.263127982776371 -3.0296616131109078,14.297422184879657 -0.020603157397243964 41.92831055129071,21.92261681208465 -44.09841401288649 -8.998229833684412
-44.310724835015016 -26.887185641572657 19.182391161814706,-20.46469990321655 -11.878497734731498 2.6417633012644273,-28.2568815801326 0.28706768746432204 25.80590292599931,65.43858918355814 -1.6953385841909059 -4.487904634725869,11.637682681098525 -5.836805303065615 -1.732436030044675,-8.091809921427124 -1.523504725520527 -49.4163200015068,20.294714679140945 39.658964441178135 7.427747452309341,12.01442752152997 5.259164091612104 -2.8574871146830754,13.127967504693668 -2.1862518981215193 41.557510006748004,22.729140647799845 -46.398885554333496 -9.819027548313418
-40.983652127994695 -24.64290157769978 17.85401437794722,-20.545303387909232 -11.16882919691841 2.080534419899261,-27.390523388054763 0.32082119775131 27.33192293080362,61.0607806640299 0.9025696273785911 -2.834473662776454,11.354960128992941 -6.183300641855721 -2.6593048186009964,-7.911761834652822 -2.982304595438979 -50.049941173856276,20.48188051089304 40.07733379820536 7.527509034952774,11.906880036072698 4.886108701153949 -3.8968236522876967,13.099711077250292 -2.6932535440818115 42.095146081396436,23.27676317323078 -48.045216196056145 -10.422042278591583
-35.441035482669506 -22.071653906839803 16.21436805925446,-20.567583403141636 -10.572933329665084 1.6154617880234676,-27.650385596700588 0.32065548094928376 27.79559243374604,56.59762829771573 2.9832552736797875 -2.5696410135180554,10.748972210023764 -6.6505182833318885 -4.042325045840219,-8.090007347091765 -4.82393509846495 -50.39125036142479,20.327854701737795 39.73712944104125 7.373180791158827,11.62680592915813 4.311517645276985 -5.789456766465815,13.993065952158975 -1.691062517320494 43.318977962638705,23.54439134920981 -48.93466151655718 -10.767900302973425
-30.17630843576594 -20.245491330723205 14.8038880982748,-20.70653137162714 -10.352048536112116 1.4554573471720094,-28.50212578357458 0.3050519900206125 27.25735246794343,53.471791911417924 4.171904120731091 -3.081531657890876,9.898548203991911 -6.971881237599893 -5.37728718466654,-8.408014989237374 -5.900783357078744 -50.32210639728981,20.306296083268347 39.81133954361513 7.392559170133124,11.113961316856887 3.86223361466227 -7.723104327289527,15.176080757972962 0.04140981318223158 44.655393751108164,23.608951163236764 -49.213842873625865 -10.89731511422565
-27.44604800283828 -20.102085513375588 14.111149292270591,-21.103972331392217 -10.713073531226332 1.7819758750176662,-29.42796998201696 0.2950179391751199 25.804707771475925,52.92960911895638 4.146097311416715 -3.785476066123857,8.88441511362901 -6.91381695602867 -6.191772135130256,-8.66573658658468 -5.229690949361373 -49.743911252430934,20.83810104146468 41.33629155243682 7.962392468523171,10.31856502679277 3.828387959664311 -8.939380036524465,16.054539756341292 1.7273237447736014 45.55774527019366,23.546403759402452 -49.03356049464156 -10.85300009050665
-26.86952659060689 -21.112771091190815 14.049635447582684,-21.538808298776104 -11.283708015378068 2.4804798143657147,-30.125815134081314 0.3387070460538876 23.779738884546006,54.2929925521804 3.151081209634142 -4.4270722140705985,7.800720247344771 -6.604053652833429 -6.374292949865209,-8.870277035951181 -3.6169350253158417 -48.76341791736768,21.758140455523726 43.835401703999814 8.895579733180963,9.302510761338814 4.095874704252653 -9.293909428946924,16.472947003690617 2.67055647433522 45.798161705458675,23.413329213084655 -48.56566489451545 -10.691405863112784
-26.47756244602246 -21.86570479863818 14.186451846920104,-21.571351984375998 -11.342798893933058 3.2581547969146087,-30.42345722758927 0.5006234248938807 21.677857892943834,55.72476959448661 1.7740081459465062 -4.950838896738102,6.749693992124045 -6.387931758030624 -6.030752882563402,-9.153509968395038 -2.946573575405694 -47.61106273724945,22.548320798914418 45.92085660403644 9.665412411851204,8.19495423679813 4.307114873305439 -9.012138668708612,16.54004841939113 2.2236011585432576 45.340772523848976,23.254634340866996 -47.99468522098798 -10.477257040042907
-24.442082746050897 -21.057598056150287 14.113530044206504,-20.80663214758511 -10.237163484170807 3.837341617398942,-30.185546829886498 0.8378953955509317 19.954129065091323,55.51564534256753 0.5721319655869282 -5.3166796722469485,5.841104513724767 -6.585232630091623 -5.282282453706419,-9.646029927392172 -4.915349345987874 -46.51956585552929,22.720241837450747 46.28846270827489 9.77801228148285,7.135304019237382 4.131691314606423 -8.320956036999034,16.362184417243537 -0.15164472717960176 44.17383173729048,23.105537320626283 -47.47679257892542 -10.265831767978815
-21.016917158778856 -18.927269802375 13.800834255726146,-19.459407159049007 -8.243348238086961 4.165326222218094,-29.724823922656416 1.310538126374514 18.521159773716192,53.79377461347338 -0.33934956921093745 -5.646143213634095,5.279612464367217 -7.150952423727429 -4.406401819250424,-10.440179621813028 -8.63738576948603 -45.72910992988207,22.226879421748254 44.86246192426125 9.21861442465154,6.382160736518798 3.628991781551704 -7.40073772735531,15.968560429001164 -3.6039377722063826 42.560123759078195,22.879512256360087 -46.80359494065971 -9.990255855247936
-17.89393724400044 -16.778725852948245 13.47944890258883,-18.165596672103 -6.280095603582316 4.344771936303865,-29.663539308476576 1.8114873808440384 16.916863694900503,51.95650215176048 -1.150582086957513 -6.172432052765614,5.335424011166394 -7.788117565614341 -3.7886548529772024,-11.601879898393792 -11.442901998652406 -45.485032234067745,21.326083094946284 42.415618916254154 8.303394017094863,6.276455086597716 3.1276557270066734 -6.3997324293607605,15.335102092587714 -6.3223653857163296 40.95206062406951,22.40594041916325 -45.51488394274697 -9.499280274913906
-16.691801889563916 -15.854640239713216 13.371059257651149,-17.530823241711932 -5.2196109817068 4.477061254658056,-30.56533919759 2.2407175074437564 14.711843638953807,51.318817645363936 -2.043036211785903 -7.102641602577079,6.248193004842258 -8.209902150988706 -3.783568000661629,-13.165619187345637 -10.8233912766775 -46.004545175692066,20.28125003584134 39.728458701796626 7.349154803990144,7.12302551874024 2.9429220580261735 -5.454098846933946,14.438573390302105 -6.6130931439452905 39.77953032684979,21.531063199838222 -43.194096157994565 -8.656679859669662
-17.44187917467457 -16.111247129236723 13.469842691295565,-17.557801907198023 -5.009483088001973 4.595416594964222,-31.984334550653774 2.628727239697918 12.102483990351613,51.51828179304779 -2.968245673699091 -8.20227537472868,7.760991089034167 -8.365817898450151 -4.2286595689759885,-14.684110774469781 -7.337623260492441 -47.06485004932872,19.34768967115763 37.439283356017626 6.579848863555962,8.638565269401283 3.097625530880854 -4.521501386155276,13.285332613400277 -4.90497568167891 39.06249659666438,20.39002227221333 -40.183115826177165 -7.586593452306188
-18.9202417252045 -16.487410647841617 13.59005388171853,-17.77244342032282 -4.866075386105528 4.679156556720514,-32.676253951331134 3.1092394123462856 9.780063176017624,50.86587482581926 -3.695900563095132 -8.887607676703668,9.224172086954258 -8.392282128548542 -4.552576369326633,-15.329060164879918 -3.9700971049371194 -48.095169098329194,18.774315297591542 36.073919148100615 6.1459973218923025,10.074637929276163 3.383355562917644 -3.418443753816727,11.905142460998396 -3.305578245223156 38.49673803947169,19.346433644986295 -37.42363908212416 -6.619066561430224
-19.910121118508712 -15.940398771418167 13.544303298460017,-17.700173859316813 -4.027625310916193 4.709005944279977,-31.444802974532934 3.8055006982219304 8.413312656050296,47.731464734071814 -4.00139096157804 -8.594667838859074,10.00455702042641 -8.425207941638007 -4.203875941791511,-14.31422649561821 -3.636287910990212 -48.54036588063106,18.793169112988863 36.11767194421448 6.184332850981512,10.703062294907296 3.593640832922401 -1.9748112721790603,10.330049508609608 -3.854469781388451 37.78924871360428,18.754544570736435 -35.83374202680637 -6.075355740017736
-19.995499115158893 -14.319969648563305 13.208373693121843,-17.10866098181812 -2.5409185407062287 4.721307308471482,-28.442078642478396 4.583849588476177 7.974121779926654,42.32287402653823 -3.866209399309835 -7.325510218699445,9.994408020834442 -8.492135895847875 -3.2316226020248067,-11.867053072500298 -6.6378307627322215 -48.33117756579744,19.31365790065848 37.33219987716058 6.603894501253284,10.432507637618023 3.6815106120977417 -0.3535602716216324,8.623882687104434 -6.391437415412563 37.0348166898082,18.666999259085614 -35.55855847109447 -5.9982271897573405
-19.484632875301905 -12.283135288069596 12.51518689862159,-15.98467919423509 -1.1840694681450654 4.8027092336366595,-25.039792752072017 5.078252131716297 7.8040889416054045,36.510347863949555 -3.458267262684475 -5.594156590408489,9.561246641984 -8.522584009983774 -2.228036688550287,-9.131856555565893 -10.9121527024053 -47.83781209914514,19.95336597707934 38.82462454360008 7.107773335628538,9.74767198496458 3.744261831805987 0.9810914971878764,6.87921794309985 -8.766574244119246 36.67898820183776,18.863643150414674 -36.04409895652454 -6.178553682046812
-18.707975596333046 -10.498952167584545 11.410069889539553,-14.335647531639763 -0.728818486019378 5.035610985426336,-22.616889428967728 4.932280594483903 7.245659220649503,32.175490983269015 -2.952110718468538 -3.924134500987426,9.080440805662276 -8.4461289516065 -1.7820123302754622,-7.254235707670865 -14.353425105097177 -47.43698436115981,20.32923113261346 39.70136301776245 7.399379301394632,9.140323025112531 3.8798723900171463 1.573444741335109,5.191457565067262 -8.847819844709331 37.154041949104844,19.119350118421142 -36.722886776210636 -6.40292035135177
-17.900649775343805 -9.219892528363399 10.09127953906868,-12.48067832506113 -1.1469359466858522 5.354223150908863,-21.654885078196166 4.229014491030288 6.217132781175854,30.013352818484453 -2.52028390101316 -2.620412688202697,8.700565804249724 -8.280118851123678 -1.9227217894052069,-6.603554601470445 -15.88076750391733 -47.27739510372634,20.29942176295605 39.62812180400714 7.371315718958809,8.767691238390231 4.075896999727852 1.4413929324708081,3.699776741987582 -6.691903005936485 38.25897086073302,19.327738170791115 -37.31351823851798 -6.574962590552822
-17.199204819132706 -8.267675502561403 9.01860527659101,-11.061178521094634 -1.5830135625067094 5.5395274417980245,-21.70734505172173 3.5059891140166233 5.232250868343854,29.49207035413015 -2.3332608190811017 -1.7619674532984235,8.335690624549922 -8.132658586819318 -2.1005781883328756,-6.746541307137139 -15.473108150513694 -47.27197572829994,19.971541610077654 38.848919401889624 7.111814131241692,8.441091610018756 4.205711473033597 1.0925301549006745,2.588612368258364 -4.618786877523238 39.13794276525414,19.505208177437865 -37.83039258909102 -6.7193471670489
-16.735035321326183 -7.4530151139263525 8.65322553615521,-10.711819056660229 -1.1733453097273407 5.375445557838727,-22.286707391396188 3.3058223894541356 4.819728824289351,30.022564245555188 -2.551914702543171 -1.4169279086424376,7.895096597774954 -8.113976734122406 -1.7595412800287638,-7.218310041063771 -13.179006184764628 -47.32479332399007,19.465113621935576 37.63571420458592 6.718244826195161,7.9653577199614976 4.141029911643127 1.042462430749774,2.036737694961367 -4.9855881751878295 38.93175218999766,19.671687994904236 -38.29682980940696 -6.864334106285453
-16.6202829328234 -6.868223033921254 9.117326430963072,-11.381345838311598 -0.0024432358630319673 4.963675522894638,-22.959056908719464 3.6668055510513424 5.111449622621157,30.996564694253305 -3.0353727321372346 -1.6401055609609683,7.479579246386276 -8.268780717666644 -0.9864597953300692,-7.7260696115266985 -9.705082902813658 -47.40386510350126,18.912671111159298 36.300323868893834 6.2915376236475185,7.446258436680661 3.86806161236349 1.343834573260146,1.976834435322353 -8.013739283108023 37.63327947937793,19.779220915855465 -38.58605519768036 -6.974968203398003
-16.944327443731666 -6.938530765922609 10.132319183545233,-12.207567438190559 0.7241463860869052 4.781607563055185,-23.353902501574634 4.0309877864868575 5.770139741857321,31.783113918620074 -3.2860217366380433 -2.470567129807218,7.416352434323416 -8.564315345879477 -0.6282402716184698,-8.180488277078098 -6.535955952087821 -47.55281354318598,18.462128940810125 35.201689809401216 5.936830612791559,7.345344455925569 3.5083782282441063 1.5019538412078302,2.050641696749488 -11.39975210247555 36.242786499997024,19.699593463132864 -38.393844072950515 -6.941557820104021
-17.791208977142666 -8.095810216506498 11.39588847076488,-12.297109688848854 -0.23673912484211637 5.314818998583467,-23.115031697418004 3.8185632504859823 6.438169146694772,31.76547427580878 -2.7969860920635936 -3.9392042569828933,8.038098963184764 -8.961649112126512 -1.554331295425008,-8.505512571970378 -5.174249506471873 -47.81788009088447,18.2589121600167 34.69337629609403 5.757191188862126,8.133608480256257 3.1908903336623475 1.002635242041192,1.8909001139983956 -12.733194640844944 35.79975883393094,19.304845365681263 -37.41756470913657 -6.654012400516808
-19.073267576399594 -10.235112737414333 12.58085880191366,-11.424030350460932 -2.9714107000074157 6.472682071052722,-22.339070186141367 2.986186824141239 7.045242510946296,30.989369137106813 -1.5450411102817716 -5.7669762317441045,9.353053662756171 -9.349205455550333 -3.723502578840673,-8.690310278981364 -5.974254014027356 -48.170784374053284,18.304351303300038 34.78350127432089 5.75699309465161,9.808412445404569 3.024122621923162 -0.15152396153612066,1.4631835520799572 -11.261413433853015 36.535349654353126,18.67551172595815 -35.85964282468118 -6.169321658522403
-20.47057159031704 -12.52529188180856 13.326424455845515,-10.265272872237736 -6.001218342424631 7.38509279686919,-21.73523211706018 2.21622441991929 7.909763918937157,30.396683031893964 -0.16123333352158553 -7.255573390062685,10.930546032612638 -9.517135351656815 -5.86257958764426,-8.812278900621354 -7.736821970009476 -48.48243471286672,18.404849348192172 35.01287129790571 5.807099698783701,11.726402097842742 3.0890222619174987 -1.2588360328601067,1.1833145800244176 -8.474357515834596 37.58721969906295,18.174175120004357 -34.60573357301344 -5.770497435889574
-21.64989268064921 -14.09198731920987 13.275163828715208,-9.55477917415499 -7.753010590340367 7.13893194135261,-22.045286699671244 2.2332087876550863 9.372427759802909,30.97829754173092 0.6848818778122462 -7.685602057591725,12.311777954552749 -9.252146322512338 -6.626707114662122,-8.95336666119189 -9.164345778231313 -48.6184065149705,18.35584900310952 34.895958180451835 5.770830251706413,13.204511820469193 3.462515603594004 -1.5769782151252882,1.492785434205114 -6.00924066307609 38.02563279914518,18.17857754843687 -34.57822237604175 -5.752892749063117
-22.469441054820635 -14.560865311384328 12.415932727531052,-9.601030176656929 -7.648680456688233 5.559936400684246,-23.35530668870804 3.20089643878522 11.455884921341688,32.848187755211434 0.7997460947736986 -6.858284705713216,13.219581883340684 -8.552878831173752 -5.617011597854379,-9.092796758878373 -9.667668630791262 -48.553653459959556,18.125368781659084 34.35741771934032 5.627474505793578,13.905789597537668 4.097731898350166 -0.9029366858436567,2.4556695856093427 -4.787969049171674 37.53419734782994,18.77479282659288 -35.99345241939107 -6.189708085406057
-23.084156666044798 -14.332633338078235 11.27431694612433,-10.053042250913997 -6.652439890166562 3.6190700738806973,-24.735035334020893 4.413840715228878 13.689818864278639,34.76112369683056 0.7275961321776688 -5.381798831688861,13.658317661837241 -7.746469399233151 -3.9008910251384044,-9.050568601386216 -9.755732441629887 -48.432665548950126,17.948919695493277 33.957690886807626 5.536076491404045,14.0297594954026 4.755914894829182 0.13037352928076673,3.551041418876055 -4.623722063542684 36.74720580967257,19.5968090826259 -37.97340142244704 -6.809807512204697
-23.672072370327335 -13.87318007029522 10.417715901381351,-10.504638637014493 -5.8558496876433646 2.3784364658483046,-25.173051892851753 5.096955477767877 15.563165771539191,35.363631956511284 1.0718076753595285 -3.93010899031375,13.65633356293817 -7.1857161739519695 -2.664676460144757,-8.635030142958778 -10.029502574653069 -48.41371031476157,18.083176223126156 34.30754108818608 5.669899044151506,13.820550305092013 5.1837521751573625 0.8220222495434825,4.2105779080617065 -5.233256139172664 36.37717439739549,20.24191633733704 -39.55111448040204 -7.314017638498532
-24.192528047715605 -13.514509819736437 10.021799305620666,-10.687661299266852 -5.871789263466241 2.2370616701664874,-24.220997388010534 4.936476703098261 16.713986787871818,34.08246470729433 2.0466622192018384 -2.850931940135035,13.221389299182583 -6.989990676599783 -2.4475125307232695,-7.838423667069688 -10.870854130459994 -48.582562934287765,18.618773362880685 35.62491708630622 6.09035799179622,13.38348504447747 5.30327449057273 0.8210891464433018,4.128963725678117 -6.239042675227274 36.8169264434776,20.50440551563193 -40.22776142396653 -7.545488606691491
-24.215714854242222 -13.35038912498849 9.56518149467581,-10.57954678582507 -6.461358278192281 2.4140723007435456,-22.43244153549977 4.43953053131153 17.045700408245825,31.732730509907462 3.17407559355929 -1.9114494999460305,12.324608692281453 -6.8632982135150575 -2.636921255080385,-6.9802184440674075 -12.271806540823391 -48.89600355069719,19.350890570581004 37.42878169699208 6.659845301362588,12.576891649521583 5.348523392959929 0.3994717336191083,3.4688871909545873 -7.095779504102897 37.89041435128708,20.529116754736027 -40.33750702897171 -7.6006252472421085
-23.27455174121689 -13.449787801627917 8.457580091129817,-10.184114684171506 -7.298259545106542 2.010732024611811,-20.463832654319674 4.195650156251396 16.49018916889982,29.271902925606483 3.906249623359187 -0.8204366114525233,10.934177284381128 -6.468271090643787 -2.5046360681463704,-6.412298189497612 -14.18331942235258 -49.29707595814315,20.04474660562103 39.16711766857545 7.2205039727505955,11.234975339647647 5.584624722098026 -0.10777736258187041,2.4419767534399304 -7.24322965842573 39.36271849707661,20.496520832044112 -40.29919786883707 -7.6016027744546495
-21.321781748337315 -13.846447786946701 6.545578078046815,-9.662704567033694 -8.116311880967555 0.6843215266158305,-18.91209106771104 4.467557821544836 15.143325077257549,27.546577524315357 3.940130285806975 0.5011854944548887,9.142093401255242 -5.680842985051273 -1.7542631026910502,-6.292016052643331 -16.427496128572624 -49.663955682822,20.53877568205952 40.44644828485124 7.653909741451754,9.389602978061824 6.117381875251095 -0.5202071526523772,1.3628101807920419 -6.4697031008401344 40.96476828633954,20.51250435765803 -40.3565537243324 -7.620994356056168
-19.169903013060722 -14.501968068901272 4.570412249686805,-9.499240189560744 -8.772445286176776 -0.7692147710697264,-18.252230092553734 4.8487016909742495 13.436813142540375,27.176283538142744 3.4738735610308256 1.6980425418073126,7.2939107859000405 -4.8137661038758655 -0.973837860404952,-6.378347265368543 -18.56255608607558 -49.74197493488077,20.821349480918137 41.19797099037852 7.922392393001734,7.477431459257805 6.7263228264083725 -0.9739743622486781,0.7567944986920662 -5.277296849521701 42.357555567349785,20.53021349677452 -40.394653324178734 -7.62979344202143
-17.735097472289684 -15.368766217364414 3.3814126550418737,-10.215433160102014 -9.138944259374918 -1.4161729563673766,-18.942544701096228 4.851571136048638 11.842997575082327,28.74992920179021 2.766874819743644 2.3623551975348858,5.765850743850701 -4.232735808877503 -0.8582798457464365,-6.381953867600573 -20.115089903845117 -49.260990125122774,20.89925045266554 41.3928628283231 7.99827263106075,5.984067225577872 7.151412783677985 -1.6433613231494515,1.1734116013876201 -4.254857189300846 43.194086709207134,20.484213389690176 -40.254981816246236 -7.5866372943936575
-17.489248245399622 -16.301911429860333 3.4217493193601696,-11.854395316438856 -9.166508113590071 -0.7881296245039535,-20.94008853147601 4.265577704571471 10.699501195067864,32.06798172734956 2.041946184764479 2.3076778700007896,4.828162242553487 -4.151626941695903 -1.708286533880584,-6.143814930979052 -20.80254776152067 -48.17190087314418,20.79376167241191 41.06530737689297 7.882708113083178,5.223177375154083 7.241085969078306 -2.523283518789491,2.675355422448488 -3.8094688150617624 43.289067089388965,20.342956881880614 -39.86851361172809 -7.473003499180232
-17.854008162604913 -16.926361534699954 4.174514180002135,-13.327927865742392 -8.99119252549525 0.4835119755859548,-23.01708462922902 3.5347195554552124 10.025493387850277,35.06719721516455 1.435424565613724 1.8707520436898128,4.50059761321869 -4.42544211101309 -2.8926962558885974,-5.8129519717748135 -20.793532293287083 -46.948107115736924,20.560442685538092 40.3984226001329 7.645021076592112,5.102000044202535 7.100174864875175 -3.1846703908433245,4.174654081053544 -3.9185697072768493 42.839425016486,20.15500032800312 -39.37775718670557 -7.324359432806911
-18.09978928229879 -16.834211152125068 4.984377665998285,-13.385465864370023 -8.775743588804577 1.6088130073068379,-23.77565030482864 3.197194305257317 9.794066952071825,35.41706167532089 1.0710541759239056 1.463716128712707,4.766635153647092 -4.857374668919656 -3.6461905781737496,-5.582772793456997 -20.321773572099584 -46.13816672059799,20.259821917976076 39.59684766913778 7.364377299444317,5.469061520087473 6.87051836557775 -3.137618392374421,4.418034824206973 -4.497504525528956 42.09730844215046,19.980455621656525 -38.95571546076113 -7.183962062030825
-17.815494187495066 -15.873301683470615 5.376525620220376,-11.492659609553279 -8.625177435047629 2.0279969925091756,-22.52845126940483 3.5481421285656847 9.927887238953053,32.109534180577555 1.0042023003309333 1.3767639386820756,5.549747799597211 -5.272017903120773 -3.511588369292998,-5.570844604784274 -19.591373198617795 -46.07398979550921,19.964268130006992 38.86990211123303 7.117797857351404,6.172073179989272 6.672569552662639 -2.1726047015860166,2.7744269064052647 -5.442135657164762 41.31871085082952,19.868728105948424 -38.73292471947758 -7.088633561995728
-17.4618126004259 -14.591516564035073 5.370259107350758,-9.075617206962797 -8.486489046961587 1.811298610406497,-20.53309950281114 4.217395017714423 10.211587235397786,27.756508837474524 1.1030716998494494 1.566296842204796,6.609159007271109 -5.552542004578341 -2.8751563129339077,-5.687140196508572 -18.72533233532413 -46.49446808119271,19.778559998099986 38.43971674341619 6.976433247144101,7.056515790872337 6.5682432613408475 -0.8475777128274878,0.31587997724568656 -6.594997704038792 40.77015189894368,19.83991665392804 -38.72367959443289 -7.057582495701716
-17.64716008848529 -13.655331314982632 5.0686556026896445,-7.892610466329543 -8.279862129044403 1.1357743481322218,-19.376773388258428 4.722041252857927 10.406428586987824,25.58319858099796 1.204145444889883 1.932123740418892,7.6762652438593655 -5.592071251562514 -2.2661064938141213,-5.806451207422164 -17.83291854987552 -47.037987450468094,19.812937999124884 38.53051968778997 7.010413949888633,7.967499656711886 6.609517371116348 0.149482773246353,-1.5969155582191863 -7.789566106570446 40.71986322222446,19.909145462580863 -38.92255860314614 -7.10702624690344
-18.723174835766958 -13.439397265160146 4.560029737847318,-9.016855782778546 -7.877987158912783 0.17190104076874785,-20.051533898962838 4.758457112245947 10.364971488728733,27.514458912972618 1.1871510740861912 2.388092803131133,8.545556755757895 -5.343550868416718 -2.0246884834287564,-5.853981275511409 -17.071988785426196 -47.46862350277047,20.08557816575807 39.16112850492493 7.222453003270196,8.771390824377601 6.81752966231823 0.40576205864323966,-1.9842228512339746 -8.812892550293588 41.23652130908893,20.076486677404088 -39.30696526602329 -7.2404996642756645
-20.22496169034444 -13.390386112881279 3.885751379079878,-11.343143337032826 -7.002529619359969 -0.9307672898572616,-21.657012083584323 4.593141621356258 10.230098858665986,31.340103614371024 1.0693303784926282 2.8926960497507848,9.212157401850257 -4.950152321504935 -1.8902648541094675,-5.915240516491918 -16.75491065254208 -47.95013599373954,20.32189831817319 39.697170163191316 7.400880896003587,9.40214705162949 7.115348651001609 0.38345038679380294,-1.0777095552394478 -9.304404568801349 41.75423184556328,20.29414801885197 -39.7996878662998 -7.4212080606716135
-21.525688640433884 -12.770933412736591 3.0778809651106545,-13.334234216913813 -5.3452073187266835 -2.026825935566072,-22.917529104122416 4.605661007877995 10.202271253762639,34.029880542837724 0.8951980597982429 3.413279133929935,9.710980944525941 -4.592772992244278 -1.4830299052438976,-6.1075309016123 -17.22469152425666 -48.725549556722015,20.189257482706186 39.37473333082276 7.291512610208784,9.807131106379515 7.406593411252944 0.7182688100195821,0.6507048607539194 -8.874255032222338 41.58125484640509,20.504844636223822 -40.312683102746504 -7.604358469866511
-22.09947698054551 -11.151288146684365 2.2236569498684906,-13.827567139556393 -2.870259447526611 -2.958740105695411,-22.879605457485287 5.0464999411297615 10.45479133499029,33.418057747930945 0.7404271428271894 3.8962036946933907,10.036888512588781 -4.415230675907512 -0.5669349520622101,-6.495592502591549 -18.602648729752584 -49.895820638023984,19.501328481258373 37.76875739490554 6.753536307188012,9.929130153258354 7.600030258794281 1.791798591971208,2.677031083570066 -7.311751732088836 40.35646401784275,20.658298707120085 -40.754487818869 -7.748333068690037
-21.79438507142003 -9.241117774250007 1.6147004457982206,-13.048409102622681 -0.5513606459451301 -3.524044460766372,-21.783207189419024 5.688017301256689 11.060367297177372,30.54113762029591 0.7961029392271779 4.210105329636464,10.036383891753829 -4.423998169680169 0.5615841314768873,-6.94947298109181 -20.188946456693873 -51.03567664780805,18.613739159010574 35.70930501039322 6.06608116423284,9.693983049505368 7.623491199289363 3.044272065030187,4.284409992385174 -5.069802971592223 38.94334589338612,20.730186859788866 -41.02097151034902 -7.8232749531753125
-20.545031524797746 -8.013846302032487 1.5899437730819668,-11.543286414914395 0.40414682156538184 -3.509872981789141,-20.14456326686959 6.191893749907317 12.068421378704372,27.17688687914039 1.2800267976961885 4.205627342295038,9.521628594623563 -4.593755173508679 1.482830096120766,-7.294151923411317 -21.093665511186586 -51.598031671040076,18.00757099246842 34.31697912608398 5.6054857637240225,9.023605399293313 7.4092216305362575 3.698014841096288,4.711336293348196 -2.754929605446787 38.48886463762181,20.702193748869618 -41.00507139119265 -7.802049677785421
-18.459124639337663 -8.167642717741064 2.349098523520584,-9.843752070333732 -0.8000638908895765 -2.7921812080178596,-18.45447135887043 6.291840447010989 13.41052981833507,24.789215282740336 2.284085657254759 3.7949690906477676,8.434429983434633 -4.8875541980801485 1.8564749911878713,-7.373754665195126 -20.68880164835359 -51.18886911359811,18.02994601336828 34.39614613728853 5.64044510686162,7.940782066392194 6.937018400720172 3.209812174450259,3.478357442860643 -0.992774621146838 39.73694496746731,20.572441961703916 -40.65675465007334 -7.675576924326222
-16.392113726157778 -9.211584560755817 3.490447918176797,-8.416674899086434 -3.184748301531677 -1.6306305081632613,-17.09386687294316 6.032737627161218 14.509178517700542,23.486182186541804 3.356220888291096 3.1562497993701477,7.276660670943695 -5.218218728750384 1.6850632850770868,-7.115115467476793 -19.4778134657454 -50.07542615697665,18.449286432311265 35.385042285114444 5.974637926056867,6.904049365972246 6.392098855858011 2.0493062578515477,1.324478292418531 -0.4915879088846309 41.69039616988087,20.410065343786414 -40.17235584599939 -7.512769533518283
-15.401318770017479 -10.333725529720747 4.449905121736858,-7.711460685374642 -5.291303736316316 -0.38847286985614615,-16.414025256316158 5.54347310200318 14.649412195470225,23.009802514007397 3.897522670026347 2.5393801580035524,6.701396356967992 -5.48501171719972 1.0637061037058066,-6.467397855307938 -18.269625173197127 -48.70346134622717,18.877780522235263 36.35308411251741 6.286200625735128,6.489585199753969 6.015138546861261 0.9595843794418616,-0.6823444220024938 -1.9819210793909148 42.881971537998126,20.303368937965686 -39.8147223361058 -7.403596475500233
-16.238926338391053 -10.8996664529781 4.775491817168666,-8.04941708939178 -5.993750805283756 0.5984943240969302,-16.670421522189184 4.946030250336291 13.326459603516136,23.173802547575256 3.468198855215736 2.15248852959107,7.154858959436721 -5.601169423185084 0.10787912478706962,-5.463715151680332 -17.678342175849302 -47.50316228330609,19.02183637292418 36.6057011107527 6.33737560578584,7.080578786702415 5.9920807170842965 0.5090470994738181,-1.667318649277582 -5.699664900247446 42.22385186237765,20.31840390961323 -39.78535842378061 -7.415838326706824
-18.11854953270978 -11.170269645084463 4.580521137862731,-9.105950974508804 -5.843316101364212 1.1329147068654166,-17.63548372571031 4.327571987450716 11.095359791043599,24.153523678124667 2.4307792197422264 1.993020878376436,8.040250958918028 -5.550386022855844 -0.964266200282524,-4.560474400270061 -17.335721595171993 -46.82618998873652,19.06295381912395 36.638387026293195 6.314498223828592,8.08711378464358 6.232890515939521 0.3852600884949232,-1.7296619943113327 -9.386507035611746 40.541421511565325,20.409010402920114 -39.97645644310754 -7.505394679130826
-19.76996221453834 -11.687932652115709 4.156074904706174,-10.353351083668183 -5.918661589130108 1.060967821612359,-18.929734876112143 3.764311145999715 8.844433135697386,26.238025349688712 1.4001018224418342 1.9921693211673448,8.432773773387465 -5.338512778429921 -1.9022896998156735,-4.347196933135519 -16.56459890713346 -46.999511022680466,19.33203604473651 37.32087823837852 6.537269464038761,8.613258789137765 6.560745536612903 -0.0012094447620885074,-1.2748914373693743 -9.999776547164272 39.26171500947086,20.4937412674562 -40.18293858058703 -7.592981617664004
-20.17393283685893 -12.864576080625053 3.778799526635463,-11.377343562153632 -7.031951976843784 0.29324631551781166,-20.22779381381618 3.3297883447501793 7.353723772284613,29.603928845874997 0.8856281210291803 2.051859621676189,7.633843090994725 -4.9909601061668685 -2.4949103340264545,-5.273123912287175 -14.818392618771691 -48.234611175407764,20.07377160961235 39.29244709174537 7.240408004557896,7.979520688589212 6.816220221247115 -1.0944004528863085,-0.5909399198411793 -5.312353699748477 39.53813691888554,20.505372190350638 -40.232607430551724 -7.612159885973491
-19.7925480277793 -14.34200801348811 3.639823858091211,-12.433105167672887 -8.422510761570448 -0.8798653152170343,-21.523644297979732 3.0818080054895924 6.763983738077182,33.76449043788653 0.774802818663597 1.9015576181397873,6.279711832013705 -4.6484436584543465 -2.761863181698697,-6.959887477235602 -12.321318398175947 -50.061964919829606,21.024064333384647 41.83236557038391 8.157150076271945,6.783541046212359 6.942676237642507 -2.48027456895679,0.7283877053055732 2.0913623041935394 40.909024695902986,20.460636044656674 -40.14739189417069 -7.572319182412069
-19.62906528327368 -15.480690857957386 3.8990345734331755,-14.020383456431166 -8.755054406199365 -2.0292329877088697,-22.92794386733063 3.0724256356133535 6.982412100395838,37.99061885437703 0.7278288600877038 1.207724259562486,5.494289812785194 -4.493803619568464 -2.8072805804069807,-8.72676886106142 -9.579187708045785 -51.763252451010274,21.73294339778352 43.723055901167356 8.837525023282977,6.089537811007816 6.921026573126069 -3.431311518185979,3.3428728208826852 7.869177128844156 42.32268235041271,20.40693783311123 -40.02014115409639 -7.510551843365157
-20.486193489379836 -15.753092223198067 4.6625549415511305,-16.482939332134666 -6.97585294526792 -2.7670487135485455,-24.531556833396873 3.3304908296787303 7.861389090330508,41.61703234480327 0.44425442385162756 -0.26946568028049833,6.191327432513933 -4.673818994166837 -2.737707717159314,-9.988549293929173 -7.096720080360762 -52.700793070078035,21.818065030578076 43.931387811142336 8.900223179955274,6.7647055451517275 6.743671488240385 -3.3506414230478563,7.671401403298857 8.381176164684502 42.85994500015025,20.377384561223412 -39.91406976326141 -7.454197966856465
-21.772798538666144 -15.4099192021829 5.664646162676002,-19.082205015451084 -3.9861241429009855 -2.9930053491645805,-26.28713516861827 3.7242672098195797 8.876193831525862,44.42265184089932 -0.1016798920026186 -2.120452469059073,7.824747364018359 -5.085202058824955 -2.6755305226048858,-10.82420557672053 -5.368198657053119 -52.797678733013925,21.36713819969877 42.706159966145286 8.44111791947194,8.307561670364967 6.482149067088333 -2.5490350645125557,12.46265124520157 4.866991802423091 42.52513365720501,20.30579083368807 -39.68651959030798 -7.362803958436356
-22.308082513574412 -15.03111228171943 6.4822535806084725,-20.621734717803104 -1.514124340902431 -2.728422680543427,-28.08886026097481 4.054082671695738 9.342573221356487,46.37431775121766 -0.8195251507253081 -3.6609547517823,9.230893698237562 -5.518874624221026 -2.7498363373037895,-11.593701746851801 -4.883491476239243 -52.21423567672179,20.66672718965223 40.838489719196055 7.757954396928359,9.63760618585004 6.241476566666944 -1.7212396480271117,15.75872032647913 0.6305436511469651 41.713249068481666,20.083965709629183 -39.10773828165357 -7.167236173467547
-21.100602098408604 -15.122048810402793 6.7425790716648155,-20.081214913856442 -1.073837524630819 -2.009760372867704,-29.79682253128887 4.147040468267033 8.679100342609235,47.41267059806197 -1.614261769425892 -4.281703398216267,9.392516544977468 -5.78609083281234 -3.0648992985773673,-12.57756956459353 -6.052444465350663 -51.1242508928975,19.985376006192897 39.066858422376065 7.1278251310379215,9.809842070918748 6.117195699753523 -1.474725309322992,15.869714431992628 -1.382484533032256 40.79985061680673,19.626642804127616 -37.999034921694786 -6.8136920067456686
-18.722585861821713 -15.569538349196323 6.487861813620566,-17.892170169473165 -2.4051432967763806 -0.993575078241207,-30.994398283924482 4.050901304434281 7.148786632694123,47.25889088336943 -2.356933930802959 -3.99407350479874,8.506091679972961 -5.86724710563965 -3.5221484923272888,-13.399415096420315 -8.63149185496139 -49.804520261923315,19.438652261505045 37.68403840661056 6.653259728671721,9.002827216133191 6.126484120385597 -1.6929617164588804,13.315184830765249 -1.212379724733438 39.99031574923039,19.03700676283941 -36.601279722501765 -6.374414650227419
-16.509813673407777 -15.95833972598198 5.963006437688249,-15.195067172187038 -4.381614381361255 0.10493239991083314,-31.129842493940508 3.9211743751608528 5.426988350649451,45.52699533275533 -2.9020145303222336 -3.112504839936025,7.360765131894569 -5.825333154669501 -3.9239624271242866,-13.362063256993547 -12.058002631728574 -48.58213958435819,19.06742418518975 36.765159346234846 6.351547574780094,7.943758790378851 6.248253795536387 -1.9058843309207545,9.693569603481778 -0.35749811299371176 39.40692095040848,18.510264113376603 -35.360217363778226 -5.983196290491595
-15.664573039195442 -15.894969928731912 5.3957323834486415,-13.04737174319747 -5.938810283840922 1.0767686950963433,-29.72455850219957 3.8990890369279065 4.144803733084949,41.90985038196362 -3.116604829540936 -1.9372319873840365,6.679912576070647 -5.722429561987035 -4.083551502090954,-11.865782407145707 -15.75092007286498 -47.75699718237966,18.906639078869414 36.372171352245374 6.235378286190203,7.297403083796307 6.457348220433059 -1.6838782041943836,6.502076585668259 -0.20586806614400815 39.16019993338355,18.22891760210606 -34.69307083589878 -5.765786255547298
-16.044001463531057 -15.216858716011203 4.833735868368465,-11.654801248790958 -6.670518081832286 1.777010056434666,-27.018431989675218 3.980270067449832 3.4769045313273312,36.872276990513676 -2.9914014668261557 -0.6107811160148846,6.5099499249880175 -5.606372904020228 -3.925711099874396,-9.277202160557747 -18.971396468029187 -47.36173968933032,18.938711820151365 36.45346481819761 6.278417851242955,7.086854543693071 6.691656124396757 -1.0129469193156004,4.185025712689845 -0.9794709503654773 39.252228442707526,18.24618752879339 -34.72692015671555 -5.765868160166367
-16.749291900967137 -13.891203716279923 4.223544040722751,-10.744409262010565 -6.540434190258203 2.096738439968702,-23.65511982155903 4.078515691561324 3.3414609069180115,31.312917486699597 -2.5865589487100937 0.8129502463719408,6.5168566769717025 -5.516994941057378 -3.4379448958985215,-6.506025781662796 -20.891909061792457 -47.27882982010513,19.116535226224354 36.89361208808492 6.432401842169163,6.974602233784373 6.868298475650875 -0.11266248167141713,2.5950372071101957 -2.2449955064992135 39.62413124344327,18.542640317599233 -35.425791410716236 -5.9810065033572775
-16.943402801908594 -11.926468379879125 3.5212649450596705,-10.063636911596486 -5.544771180589286 1.9429747819480248,-20.297086167393942 4.116335735548576 3.638081814533185,26.151327839580446 -1.9791413479758126 2.2690676189375356,6.394215968873829 -5.489431069808285 -2.627417425272246,-4.426612878817137 -20.810025182415057 -47.39398036419081,19.393006154366056 37.57752559026903 6.65058710691841,6.654840712859107 6.914267572442992 0.803385147259545,1.5838040399133722 -3.5721633430149047 40.19897444269477,19.08397480334335 -36.71724413625827 -6.396095341805138
-16.605052355553457 -9.794053686612264 2.807464664437267,-9.658816962948702 -4.009916474248932 1.4033754962183507,-17.773226651621215 4.128091723635071 4.083765194483312,22.494096454360534 -1.4338062576341652 3.553378170704469,6.20568974802285 -5.505256400717633 -1.7217431801299956,-3.4322392251859615 -19.48894915165598 -47.65010346304643,19.724885326435192 38.40232225083527 6.906750700748689,6.236963484400288 6.873994982303311 1.6213452593725564,1.0687405650957371 -4.650675746230979 40.69777258308656,19.67244749306186 -38.12599546823851 -6.854697567159616
-16.23925535677273 -8.264029990129526 2.243004790629637,-9.769115495441257 -2.4752735248881756 0.6821360144293682,-17.019812030874572 4.220307565810297 4.277695429423534,21.568477824079828 -1.336239348262324 4.3718191673801465,6.253700484635187 -5.511491020833269 -1.0907624313323376,-3.6058039260692367 -18.637457545144443 -48.02701406585521,20.071426280149222 39.27299286536815 7.18790852234279,6.098234338790372 6.867679543266962 2.2917150519654017,1.0096620289196379 -5.247640246239251 40.711184359191854,20.004868230704716 -38.91686421674055 -7.109194674273322
-16.328069218240472 -8.044999997384677 1.9754719965010676,-10.596547815561488 -1.4575345326100264 -0.021711989190635363,-18.83974252306115 4.491375792196733 3.8641497032782524,24.411131017500423 -2.0235546038096652 4.462853812838179,6.813049528523337 -5.456873522771678 -1.0684931296008169,-4.976831171103565 -19.839781204669606 -48.49716610864731,20.392647883710488 40.09544691201785 7.479917572713689,6.58248277315488 7.007086978119292 2.7693327367492167,1.3553066436244428 -5.157451006103963 39.88285554221418,19.80512488246578 -38.42077099625582 -6.934336534992601
-16.90655677958623 -8.909489907166144 1.9465841101842658,-11.77447629413223 -1.1034222655200525 -0.6092464391194083,-22.131797298606923 4.908191346088197 3.15033006080141,29.345295435071808 -3.1201762275526286 4.044268459786332,7.713354370775638 -5.322466074141507 -1.4508979440254448,-6.8957810517650024 -22.70354565436187 -48.92064766728008,20.658765588864515 40.786687398233916 7.749199972953735,7.4996241630324905 7.267388187381469 3.055083490804237,1.888404925473528 -4.540738444796645 38.633515358957915,19.203336214525102 -36.960895064782086 -6.441405495462247
-17.679353171653595 -9.938058645069809 1.9458764171654714,-12.515903194813859 -1.286170373269497 -1.0555483626076052,-24.387189546353373 5.340443412706928 2.933486426678035,32.68839408025998 -3.7236932764280177 3.6881751270329945,8.45514331147571 -5.113225103172233 -1.6361978603939467,-8.21113531884038 -25.375228552864858 -49.07448363080353,20.847532374523414 41.27191789963784 7.9478111756765815,8.264893432512983 7.5227803307854355 3.1838913681479353,2.2689710403983927 -3.828862458135862 37.958329329761796,18.629915344750803 -35.59391395942084 -5.9904557239481075
-18.34930644316823 -10.243576604973372 1.7713154825397763,-12.075263842269406 -1.8724876911023154 -1.336327017334305,-23.22356722289868 5.658251979439832 3.960820872328061,30.946976091662005 -2.9813942550509176 3.939979004193571,8.557491717996363 -4.8373398468145545 -1.0556547013153736,-7.832722872625711 -26.065153547979286 -48.75597697423032,20.937605918100157 41.47915888467719 8.029387104431557,8.31621514302919 7.651154085816651 3.188215642527606,2.172490116743098 -3.4483737637036307 38.79686873509654,18.500122301598463 -35.337962852095515 -5.927897520446329
-18.722459690344454 -9.779357905152679 1.428650963769142,-10.59513127920361 -2.727120885203627 -1.408128036479407,-19.019440686330995 5.778659113212447 5.913926665777052,24.71693294271947 -1.1150774932285925 4.738765941349377,7.99424846754673 -4.549281162792649 0.12584048589471886,-5.936492096033826 -24.682423292844028 -48.14730229659446,20.92025039581576 41.38188118551082 7.980764680370633,7.644650960041573 7.635351577976558 3.0440150101363432,1.592172770595778 -3.6326373825571343 40.89279192972529,18.844905998225837 -36.24597409582782 -6.262881168989066
-18.69214273683982 -9.209599444483526 1.0993842291979894,-8.969302922099777 -3.7131569363376076 -1.2112876506479016,-14.488574261005377 5.658395556593477 7.573060165513742,18.05309448124388 0.7445929097103703 5.510771296030155,7.123929069771285 -4.342666857413932 1.1228620862289929,-3.7693286783616227 -22.57303943559542 -47.756174863503766,20.797393092754064 40.991999470567 7.81686362996554,6.709129261735153 7.546987297920543 2.6794575935556777,0.7899752480469967 -4.451613718488943 42.978203631561776,19.370148783156605 -37.554470754326125 -6.719288195006776
-18.166755912256345 -9.197515690972807 0.9624137611175984,-8.08748368850195 -4.693502532456038 -0.6976627235004049,-12.320729581609696 5.2612459915822445 7.747616862552227,14.981038539712138 1.485860658306406 5.6908441171896555,6.3087500708798485 -4.306311240351603 1.1653929177865412,-2.57098324213988 -21.080802239054584 -48.07921454831053,20.576760980677804 40.33803261828864 7.558968873228188,5.970019772217185 7.45926286159799 2.026746343767032,0.034047827108161594 -5.945872196035402 43.8074371605875,19.783048305014326 -38.50605890024352 -7.023963422578332
-17.321722690433297 -9.899710942197075 1.020241901609985,-8.237824621587313 -5.528290052706767 -0.07985573225135575,-13.091198768369637 4.676775324083847 6.493847750746979,16.530970497391362 1.0272277094639966 5.250634831988671,5.728526962297037 -4.398199880463793 0.24099111597997297,-2.6954453465866566 -20.520834025980086 -49.15033161974784,20.384494328228588 39.78210662636278 7.347142104340472,5.599517733384993 7.419171904934446 1.138155075602732,-0.4566920520862593 -7.630565991795332 43.307158519105876,20.041230323660212 -39.0325391995579 -7.162725929755539
-16.59070642854726 -10.982843383821555 1.1047770961161087,-9.126709956336322 -6.0749688234861186 0.17736200480109743,-15.33035621614065 4.116191362682631 5.07384618833496,20.836250836159614 0.2835657230124251 4.680938100120459,5.386673945428695 -4.44979298918411 -0.9301289860502163,-3.640079053875808 -20.21341574688851 -50.55594676785632,20.4612517019241 40.00898118702075 7.436314836699584,5.491122902221147 7.448362149653187 0.1820789459668866,-0.510940358891147 -8.512714686089016 42.537804551569735,20.344511313977968 -39.73223705671225 -7.371850541878908
-16.40539060696609 -12.095657963714505 1.0473829736051647,-10.43696969688418 -6.197889281420539 -0.3821927394663513,-17.513562738546067 3.7897290445930483 4.764989740983518,25.933824618254143 0.18546760265559045 4.4798428535879085,5.276396235170289 -4.29417000118603 -1.6156000505427321,-4.877123642814919 -19.436982679623007 -51.86753890856824,21.041582327848158 41.685863238939795 8.074623338159158,5.52675625819124 7.565228725020561 -0.6699002233584006,0.025121412920101786 -7.621786785587236 42.57487583365967,20.89284199335682 -41.20211032202881 -7.8868306933804675
-16.84931829782529 -12.945978992981575 0.8579837884435132,-11.85819710189383 -5.9559857944748815 -1.6900469292087297,-18.910971233425666 3.7425157617530167 5.899824328054111,30.47356194711253 0.9686467505761684 4.75848345892324,5.3078275685266005 -3.9530003916289944 -1.5775653262987042,-6.15404917226133 -17.438040585410224 -52.749935661918414,22.06045592788317 44.62649111846697 9.191188234409463,5.5833877902485 7.726668451466346 -1.2895929279901917,0.8740648484786192 -5.187216026895503 43.624747627464906,21.614930506883926 -43.24442974537489 -8.637120571446768
-17.62113271908785 -13.306948217179945 0.7439182779220088,-13.087462803007298 -5.623322388147029 -3.0976738653694795,-19.671447181469187 3.837137986985743 7.766301348188476,33.782975490488326 2.100566137583651 5.2001819624018975,5.299258854235634 -3.6564565194657392 -1.1248930275463158,-7.522617545971391 -13.427794335379273 -52.971169854078475,23.121630722018736 47.701018525378046 10.362430288545454,5.532513731697125 7.82158635776579 -1.5967836885199165,1.281680116231514 -2.7651032932426 44.932900686570314,22.139602469334708 -44.78286956255335 -9.213821047043666
-18.402481234560494 -12.96277742341981 0.9173419625342697,-13.827730163132074 -5.47956346754466 -3.9389598121206713,-19.9867862349162 3.928566290611431 9.608103242112971,35.240175733694564 3.0187116809100862 5.471946605004198,5.067952435077209 -3.640197233320543 -0.5905396616695284,-9.045592185249582 -6.652878457873943 -52.312903497333984,23.819562595394327 49.753127837742554 11.154856266063334,5.248281043104547 7.738080834030657 -1.5177745828178935,0.4893484820693382 -1.9494230728333715 45.709427570140086,22.089550337779716 -44.72236122795418 -9.200555496178055
-18.982039870256934 -11.979272383459115 1.3926886059350498,-13.983577989723974 -5.60177526876238 -4.002994230626564,-19.955649844776758 3.938806439422695 11.027373588149109,34.79195410079358 3.5187029167336648 5.454110723837959,4.567550932245224 -3.945670646635623 -0.1534863696988278,-10.61195672877658 2.27578120233012 -50.86030704490451,24.035723060704715 50.445275263231395 11.440311306768873,4.712276342175176 7.4635587699854415 -1.1266210635616611,-1.519481216773427 -3.2069608966353766 45.68947141381585,21.43116451857075 -42.9464659786217 -8.548320522304046
-19.28381981279504 -10.778307667372305 1.9343775815686453,-13.714522954597497 -5.810843532164977 -3.6544600399357177,-19.55893351206931 3.8746285884951557 12.079521422921106,33.104185339801575 3.8490107001071276 5.296752092220765,3.924146537934601 -4.368750084801739 0.20198384244071155,-11.890954473662973 11.022145353153727 -49.082330049472574,24.014507965585675 50.47523675884821 11.476733556525124,4.041941100388658 7.111000256657057 -0.684209160369599,-3.8230336062628725 -5.579199059891404 45.27208913696427,20.565433180996543 -40.57619879601306 -7.672647309734814
-19.24070075522489 -9.7999269618551 2.292135562469679,-13.195245996016027 -5.912813776501778 -3.292042866974509,-18.772438240430922 3.7493908192101255 12.846960962918928,30.886044903133342 4.282336676599296 5.166343859373513,3.274789961101447 -4.691451029138798 0.5041247465576945,-12.542037834973794 17.160151813970053 -47.47219757601575,24.020534620320326 50.59806990160183 11.543408937536903,3.363307007526536 6.800915651196946 -0.458864363063714,-5.4501812801344025 -8.020521330319768 44.893640732264274,19.917769328452664 -38.80217879072375 -7.015246756778758
-18.794936741771032 -9.249316053880493 2.2833397479441366,-12.540603161429582 -5.7938476425819125 -3.1675539090213096,-17.69561264948159 3.6342526283068324 13.307949832582649,28.70450185895215 4.849132842118188 5.1836683115481765,2.7512849386062794 -4.791082435226572 0.78353066759021,-12.441050280284797 19.30131115160067 -46.505819357124615,24.164601993971026 51.1097063874119 11.747713336792925,2.7961191292476255 6.627408040627806 -0.4904494204394758,-5.974724581897705 -9.703270048149262 44.72473103488697,19.739936993201013 -38.323498583112105 -6.835857677707633
-17.90235338586994 -8.991648906488074 1.8233073208145967,-11.778839955206317 -5.456093624627542 -3.3201692219657626,-16.606914246705138 3.684054600897461 13.289954591289625,26.920648223206346 5.229138079128939 5.403359508032678,2.4778389861288637 -4.6829128845731445 1.074184429392096,-11.777112014015227 17.559263530126085 -46.6340371257448,24.33482097563933 51.641385651778066 11.948142596389722,2.4510211701883295 6.646349802712933 -0.4880737476000335,-5.759374418988354 -10.115333642834099 44.55122203792484,20.03230264553508 -39.12765106172231 -7.130771669257342
-16.522749957863976 -8.867248508106762 0.8375992400620984,-10.931791589109272 -4.912275075234526 -3.770849116837867,-15.796762205864601 4.057850146873032 12.61126928532011,25.875219901329487 5.078044860301867 5.873476462351057,2.576039109020662 -4.3933405120337525 1.4093657166241933,-10.763733632906103 12.172914286357095 -48.296129079815266,24.402790693909523 51.77565111017986 11.985018992792174,2.436304052276363 6.909570214859194 -0.13876212476467495,-5.22602268056456 -8.777817979947525 44.13244405752627,20.77332858026175 -41.1405205578132 -7.8734749755447275
-14.827781928403155 -8.844491983181525 -0.5605922135818747,-10.048087166420292 -4.284062024881583 -4.426020655447026,-15.406526895077091 4.744681767205211 11.281492109771397,25.600187515064373 4.2990877803843075 6.5403518157859715,3.020049351732229 -3.9729389837097626 1.7518925142358615,-9.605112063007303 3.9416121884153377 -51.23270660666272,24.30681951107401 51.33704000972301 11.7936137175007,2.740888802458739 7.392421863872837 0.5938387452296155,-4.610095005791412 -5.831896761499411 43.488225167522515,21.779302987063126 -43.85753216285261 -8.878327221929913
-13.340848839595312 -9.104364267983811 -1.946551164845369,-9.220841590125612 -3.874008273295959 -5.001951766475328,-15.330113497736809 5.451323475048441 9.627842835573682,25.614879819394613 3.2064947104602943 7.181422287315875,3.5392679580514277 -3.5124205114605784 1.9475955058731995,-8.48998077711904 -5.4047918244591 -54.02438715338274,24.09597288520174 50.5518710675872 11.4668412970071,3.1555070493592954 7.943283367969946 1.2868077971493819,-3.837427803654362 -2.448240041513652 43.0708969123059,22.597256984368308 -46.059421073082945 -9.695490692946859
-12.615266856579707 -9.846355930627308 -2.868911172101485,-8.547123524304643 -3.999692816065716 -5.199197759096822,-15.43873575819852 5.859898825979103 8.006014455363674,25.39337179392366 2.15157592396469 7.55998769318803,3.8414205249696325 -3.10577107649675 1.8325504877937775,-7.604698458080907 -14.053180404362358 -55.15070742860618,23.829523557770635 49.683179905731535 11.112011048689501,3.4531396689816525 8.399465255071657 1.476851881471057,-2.8063518841823965 0.10880254913103282 43.36964198948967,22.751455631258857 -46.466649693103875 -9.852861413737159
-12.835329508175768 -11.09496351624017 -3.185541038729709,-8.096667266900418 -4.748082816408482 -4.970188377248994,-15.676393241004533 5.87560192710994 6.604266432201095,24.7597651330128 1.2961341405698372 7.6424608286175975,3.7938786812599368 -2.788943717300745 1.3877453347109132,-7.031425667950783 -20.697832408088072 -54.033075558408896,23.54000460218906 48.86166273716889 10.783202048678591,3.5130562817620854 8.700955323098936 1.0336590482088877,-1.6065325526087453 0.9595763711683392 44.42736773602691,22.06397425461092 -44.60780108282173 -9.178731291527265
-13.481125681943366 -12.540743071318692 -3.344422133957097,-7.887045037965314 -5.7660696625049495 -4.748004491705106,-16.125982443701332 5.8293116600348025 5.291345394360122,24.206116319801136 0.4403354599179612 7.782854295475702,3.5686660349358617 -2.48714740520884 0.8707031475798674,-6.653482049441346 -25.001289143397283 -51.89026968998271,23.2089218742722 47.96547293111567 10.432914284852824,3.4173569574815867 8.983680054945674 0.4623442374594521,-0.6927580803336478 -0.041461071130097116 45.43535573661117,20.925198502009323 -41.55359219896819 -8.07463667320468
-13.9547517073272 -13.837263039177586 -3.8584311026823306,-7.929617404702951 -6.651820549686122 -5.018197950701249,-16.885284556177524 6.098668101925995 3.900542880193223,24.297585276726814 -0.6555558619056627 8.377436774213363,3.371612510663123 -2.1134769583797075 0.5693005153379614,-6.332070954740342 -26.73732342652981 -50.14012434770876,22.812253139104428 46.84515567704689 10.002523729631834,3.2707676586283854 9.405064165291034 0.33794798278189253,-0.5592213662549171 -2.9550202331033133 45.4916626087142,19.788606618888366 -38.5459255445402 -7.00573275457227
-13.896730698011877 -14.750600557935229 -4.948954083055864,-8.167023748774705 -7.155559567993625 -5.952028840876407,-17.90595882663764 6.840746461028867 2.3597762198004997,25.19937576311647 -2.0789407063069114 9.557736326287296,3.3183785930741143 -1.6485481152058894 0.6234133162516475,-5.977008617457712 -26.14576990542136 -49.59049908792025,22.367764399629955 45.50864357247936 9.492872970610328,3.1415182041795253 10.01593851421585 0.9309906665321639,-1.3710106932044983 -7.389240723678254 44.20032357578433,18.94521690911377 -36.38211181582982 -6.269025717365266
-13.47196304773246 -15.294275617197007 -6.196295719064659,-8.390763434283302 -7.361932886412415 -7.029528452516367,-18.81829529730453 7.727528769453883 0.8050753320475158,26.197059136172278 -3.5821865350452256 10.873031136532246,3.3263131305516285 -1.2214768616993217 0.8474162045762862,-5.605026652446479 -24.49148328361577 -49.70772207959582,21.985127451075904 44.31001480929406 9.035590832418844,3.0175716405355795 10.632699748704775 1.8422547927589807,-2.569407310443012 -11.95691311736815 42.27818375807542,18.328745947433568 -34.881661152551985 -5.791707911701551
-12.915086325051647 -15.514759471773806 -7.095965349778745,-8.372547870576803 -7.399986775324559 -7.639445743461427,-19.21041427124262 8.366819166855192 -0.5998680033373941,26.460261730678745 -4.873259825409365 11.795660037778331,3.2865511491996138 -0.980949788005904 1.0125866643021377,-5.247089611133558 -23.174537496822637 -49.78024387284851,21.78609598532051 43.64894779268451 8.779539927612385,2.8763030685201634 11.040791289373113 2.5838509007112695,-3.4999176614263514 -15.139774009751875 40.58958096385003,17.82547695568391 -33.73423537768055 -5.451852355024079
-12.43827339635498 -15.466195152504211 -7.364169145710651,-8.02103462760242 -7.353165114782758 -7.46946369229189,-18.92209949699359 8.527137915776315 -1.7065991914046776,25.62992032094047 -5.739360894899624 12.029472332662714,3.165471968406122 -0.9946959812019913 0.9841226101151418,-4.935520141201799 -23.091993480956795 -49.37682122817871,21.82969271223538 43.72899759154733 8.801314752592782,2.7347849964463915 11.129423854115693 2.862387121363765,-3.741568590962329 -16.012937895427513 39.74207049292491,17.372255421670918 -32.75071014884506 -5.169441489014164
-12.196577783575039 -15.222232150363048 -7.278262863750916,-7.593084196364154 -7.188961944038155 -6.967342805643807,-18.433020839329078 8.385646333071273 -2.4054061052336153,24.54533803959901 -6.169152113603402 11.866961952407745,3.1207730328702716 -1.1245998451179704 0.8660265217366485,-4.706094021705639 -23.861938047417212 -48.77892487207309,22.015438891779876 44.255050905492915 8.993758984945842,2.711025608266202 11.051649628633573 2.8790062939382106,-3.467142077418976 -15.160257570418535 39.690305664323965,17.034487784664673 -32.05016261771405 -4.971017763138301
-12.336049159296614 -14.859592067873256 -7.203367049611332,-7.39999081064245 -6.856775225628814 -6.699683519918463,-18.322869264811207 8.18343524513091 -2.5926937016600315,24.233138634831846 -6.182861624902295 11.692694898191123,3.340025406932907 -1.2003595605379542 0.7996468832678164,-4.5951085214 -24.902301457438607 -48.37950915413482,22.217902246855182 44.853974932093934 9.220966340438048,2.9387715740341256 11.001782693541687 2.912199079094285,-2.9423499751706985 -13.401740809172598 40.28666119549178,16.897685563222296 -31.7998778448533 -4.899796544623039
-12.928895078389976 -14.476826911923895 -7.375033494246352,-7.640687929078432 -6.380677474875288 -7.011097979850192,-18.951493541353113 8.088694432067516 -2.2273626130875335,25.311979350213996 -5.824475537113668 11.763997647311319,3.906104654880044 -1.10941837039041 0.866917407833557,-4.615048401638191 -25.774348049700688 -48.424172226743124,22.339528909965093 45.23448569910481 9.375826674123658,3.468985425544179 11.109033761274425 3.1283954486895906,-2.376942339435213 -11.438903109137279 41.331710642162946,17.015098642048198 -32.101735078435674 -4.982739548754744
-13.82955076325378 -14.236870078030854 -7.646694802266965,-8.182738935378385 -6.004968525044082 -7.591519001438454,-20.030392283090222 8.05461671319275 -1.4526233137691065,27.197358310549617 -5.208046034650413 11.962946768811378,4.59312240041884 -0.9095190331257185 0.9745480519922675,-4.708171493136254 -26.462057509273123 -48.72393501498681,22.364982946585393 45.34668465510005 9.436154307106541,4.108485899170763 11.31061319569482 3.363540302726763,-1.815628840500069 -9.623807103448428 42.47325756701817,17.344832136561998 -32.864721261228304 -5.198873845880695
-14.852502655867337 -14.314465268043044 -7.801686540262898,-8.832919737581404 -6.014347339388078 -8.010783149465398,-21.152128894922978 7.994955249527617 -0.44549660325295887,29.084062685767336 -4.460478423609986 12.102781913760785,5.11854972562475 -0.6896445380991095 0.9971052245161058,-4.803852997307824 -27.026953635122585 -49.01009835265011,22.294010715307557 45.1849536816334 9.395342347786157,4.6193052941717445 11.50851026679022 3.3929534130410923,-1.2728436677271318 -8.244410790898195 43.33108096764345,17.827537533188867 -33.9624386190061 -5.518433237784537
-15.81223719821 -14.884356183809357 -7.623344274823892,-9.398006243726607 -6.693512881160141 -7.8387269887132,-21.909266781751874 7.823463202093114 0.6169967189127304,30.166879645795852 -3.708678010089818 11.996742733229034,5.199857712573264 -0.5387778746658036 0.8091553341772354,-4.831468115566544 -27.530560226215755 -49.013963073517246,22.12635857472306 44.743674660258655 9.246783904561964,4.763475909805021 11.604714244547978 2.991954551467881,-0.763021010478243 -7.5886721702786435 43.524959841624835,18.403866318354027 -35.26848937754401 -5.911651526249932
-16.523240832261116 -16.12128652717872 -6.895003572539675,-9.684774361853105 -8.327164113613174 -6.645187083964002,-21.89436934847739 7.45389373191024 1.557835853179789,29.64059636056384 -3.079550100187337 11.458068878285605,4.554517443339849 -0.545902032181026 0.2852647897478083,-4.7203920493260565 -28.034401081519338 -48.466830011372465,21.861772883423384 44.01722947252959 8.983872085833422,4.303030045328473 11.501214398955454 1.935863489842408,-0.3005950581152449 -7.944549240381884 42.67467318654833,19.014469978482676 -36.656475762617006 -6.348762513060539
-16.8 -18.2 -5.4,-9.5 -11.2 -4.0,-20.7 6.8 2.2,26.7 -2.7 10.3,2.9 -0.8 -0.7,-4.4 -28.6 -47.1,21.5 43.0 8.6,3.0 11.1 0.0,0.1 -9.6 40.4,19.6 -38.0 -6.8
