-33.8729709515009 -24.31911325760144 11.241285140453112,-19.06314797017681 -11.895906375771022 0.8170867870993781,-32.186475840440366 1.6874489761775666 12.501221113104629,61.13584591627126 -10.653103813337893 -10.683980631405976,9.28413901873215 -4.395026966775951 -2.911130717441851,-10.010476595211118 -7.466534152893415 -47.88911814804807,19.850201999253102 38.760416946548276 7.082132815716301,9.860456141281393 7.1378298422078545 -2.8509099767501525,10.860522910960041 4.038617231556154 43.62052031138249,20.12857157825275 -39.525347851155225 -7.3415198782203595
-40.091254207480446 -26.61004139268914 17.28984805559761,-21.927053470695725 -12.74735224775554 3.478521117682943,-35.37879611055527 -0.23349530255794937 15.146003026274265,71.20823834478777 -11.476853251561984 -16.945509512137505,10.82985497338024 -5.756889704172603 -3.897470428024514,-12.32922287407336 1.6684684046366556 -48.15051221094043,19.372305111792794 37.47911367184493 6.613503258905766,11.647709302395363 5.642271180215013 -4.159630802884784,13.840719227349656 8.383619077419056 44.16646180180551,20.016038549856944 -39.20371386413775 -7.240437127139558
-44.52494543253245 -28.095094360227215 21.202544435444146,-23.503633466787665 -13.288592801268349 5.344359665568808,-36.64961122610949 -1.3685805282301629 16.75998341611257,76.76489975738278 -10.412672932987567 -19.314255432063767,11.615378671739048 -6.601471655743168 -4.3103389055460415,-13.65193474670589 7.789021839468146 -48.46033605597862,19.34804812862637 37.36454630068064 6.566113478493804,12.529787176559513 4.719256166403662 -4.687015241180365,15.155459125680967 10.369056504758607 44.535403239963806,19.77127579525499 -38.5262545908338 -7.018697192787801
-46.527516148690026 -28.80902691448523 22.626448958079294,-23.647850008850163 -13.636183348813557 6.188925731283111,-35.80407085661267 -1.5974062912121108 17.739094133044077,77.27792900684437 -7.887346746553784 -17.749894976358384,11.508384589234408 -6.819480469978021 -4.102158606924661,-13.671082511469768 9.41782272355811 -48.75533436627269,19.734379993751773 38.30112807452755 6.897476941906518,12.373033254849355 4.456577899527161 -4.508193675813835,14.859459960247534 9.558614480120106 44.609644174546666,19.611329156057085 -38.0640233191996 -6.868197902670125
-46.12258185238987 -28.963491140889317 22.048357550007758,-22.696293473630202 -13.87363161675422 6.100035136255058,-33.47422418953305 -1.1216217632976901 18.652823739148886,74.02668523234496 -5.0462864715355735 -13.77743964151048,10.711306490585812 -6.534626283517357 -3.4471770874979124,-12.590647429060796 6.673794470030632 -48.968516991219495,20.30062320103765 39.69839413735178 7.394922460614626,11.43338002211636 4.69326884662406 -3.9712838037212697,13.658472095060764 6.6156649790147375 44.4273758745559,19.688440264803006 -38.230300887137254 -6.928243853084943
-43.973652062536615 -28.839939839097116 20.522595584698962,-21.317577691764562 -14.001223335967845 5.4190357480010665,-30.89332368800087 -0.36375676638756493 19.90063840970325,69.52193235983532 -3.2709300755085176 -9.795746804895174,9.66821594793036 -6.032127580244762 -2.6681807278884984,-11.038756435484311 1.2140648958737295 -49.02833293372709,20.721057012046387 40.73437627101221 7.765148030577838,10.24039028182322 5.111195230626885 -3.534620659811783,12.5919717585295 3.0099158216269872 44.15606621696949,20.00984618314262 -39.05743326507841 -7.208332155523592
-41.13610316144192 -28.689646955266205 19.18792481417882,-20.221391451087772 -13.956602779447186 4.588900119035435,-29.37047003275154 0.2275898294889891 21.48093593820249,66.40916144721811 -3.557772917620008 -7.985261172684031,8.866404713439216 -5.6203481995072035 -2.094762430090597,-9.780438802131322 -4.489356145606454 -48.87563196971975,20.722659507526508 40.73149251895056 7.769499953064568,9.36061536603815 5.391860329349116 -3.5502497574005583,12.549765009619954 0.3495980404330403 43.98661060954887,20.435559427555134 -40.179588529463075 -7.5822803769266764
-38.69205921589466 -28.671041988154066 18.799545161845174,-19.858529421418087 -13.686407583792924 3.978981867744316,-29.698406768191823 0.372218128413881 23.0011956575798,66.34591399486169 -6.045598230147654 -9.330958667390963,8.629639881252682 -5.494306053904681 -1.9183676439199808,-9.365956209563716 -8.207080820805935 -48.49582386886924,20.21772913964021 39.484746609224594 7.339580896456228,9.154952954323422 5.360036481262182 -4.097956216288539,13.854486478552316 -0.3360591466866616 44.01435462032993,20.75770100364562 -41.03808408045373 -7.859540212380786
-37.40809001346598 -28.829777886834272 19.48044823495753,-20.251367465536397 -13.217005020204379 3.7603906605716024,-31.779215166695963 0.06085402638867787 23.923360172591828,69.35913456671574 -9.915105234968536 -13.22016513118923,9.001029115541817 -5.665855244619666 -2.1141449337014735,-9.885955017086864 -8.851416374537497 -47.94825940187577,19.353450135968643 37.374024165809146 6.613780999533926,9.645366833537494 5.045511673594106 -4.9520559084229285,16.114946244596347 0.9785973625957834 44.1790406742189,20.82004165622006 -41.20257729478263 -7.896276304882355
-37.53560895493844 -29.10973779238953 20.77970769440534,-21.032320401926874 -12.673310655378994 3.8779240987059227,-34.66099504747879 -0.4775411911001428 23.906024818229533,73.9578922161529 -13.712933347642906 -17.792208451059352,9.76477627492173 -5.988975806407176 -2.4690755378717837,-10.953262590068015 -6.807001485051195 -47.37058508039377,18.44934597519067 35.194998975130204 5.873467092166642,10.548588557574671 4.638440985683034 -5.698981969502227,18.423467551773392 3.3752160668771274 44.29930431105523,20.613071012250774 -40.63391037265151 -7.685354719755622
-38.8076847806301 -29.380226951932848 21.975809341290347,-21.666080420228404 -12.22814908074357 4.11840712183896,-36.98177770085903 -0.9183972971128993 23.04880625922248,77.91671226577992 -15.953390313299579 -20.8512455884893,10.584260734976755 -6.25949234720157 -2.7038278607025252,-11.91725674138732 -3.5686156381252676 -46.94632223294534,17.85024313114335 33.78636378198076 5.408959362551597,11.44894420204652 4.368665286311074 -5.949175714691061,19.79987719582705 5.486011459960892 44.18149283433221,20.29163007395526 -39.7416418886856 -7.374336491558413
-40.605824100619806 -29.47180096391709 22.455690690770265,-21.740868156596747 -12.010043545415439 4.23383825339473,-37.6125080577675 -1.0158384339676756 21.89619018500033,79.33305857041555 -15.72333871744884 -20.88924820889626,11.17695992230367 -6.332459600191006 -2.6281580424172066,-12.199029036973098 -0.9034567122744139 -46.84340532616245,17.767085555776738 33.63915104836272 5.3827881708502865,12.014131671929004 4.376094702559129 -5.5396696089188024,19.662907048635454 6.167215441421314 43.74023313049555,20.10315773423932 -39.19802075219964 -7.198949203568006
-42.21108693169788 -29.220319223368485 21.983884249619265,-21.181098194945413 -12.026419937359561 4.059467111178423,-36.18602915959419 -0.719742958211218 21.18984979316037,77.45201556709654 -13.020662931831705 -17.732422741233066,11.434009769624467 -6.195509148927131 -2.251204863872217,-11.575798033104556 0.02248459218142962 -47.148429963816746,18.185924343053777 34.68670206868184 5.760202221525884,12.141712758129534 4.639510865201267 -4.62808510224796,18.099027217556618 5.0224403080135165 43.06281074604315,20.26285214532897 -39.60168928073118 -7.365434921686104
-43.03737139229843 -28.51771557056518 20.75114314673178,-20.276184917810077 -12.153157497542985 3.57758261675368,-33.25233391763703 -0.18196032800124673 21.497077280517317,72.89159846854236 -8.689818117824654 -12.530417525020777,11.428571980263598 -5.963749129519637 -1.7891928018713608,-10.27283696928271 -0.8775323737541552 -47.82588764840561,18.890911627129185 36.38102149970747 6.341984010638667,11.967043885488232 4.9964541379430285 -3.6323576547080574,15.803985424766031 2.5377144315965765 42.38217558953632,20.84119836412091 -41.16683155296539 -7.943390530865036
-42.77113014118203 -27.358664134210375 19.212571568748093,-19.516121328596558 -12.202607876594563 2.9088325060619042,-29.988263678660665 0.3412873664318612 22.9120548851044,67.21514101296466 -4.010769368627757 -7.140876900405779,11.321161492046441 -5.80543554217808 -1.5640563284399027,-8.824573564009114 -2.7326448503626555 -48.7210745052995,19.587472329889764 38.01008169503256 6.8802862269155005,11.740689034388875 5.237134922837894 -3.0460518865218527,13.738128931687475 -0.2090399606458906 41.973788175506655,21.723288206924998 -43.601418777627146 -8.825629686479049
-41.39278606959083 -25.862981352366504 17.826925454051157,-19.324169088441103 -12.033417458799224 2.247225422584268,-27.616109304870477 0.6309832030876432 24.98857541700521,62.11880483925913 -0.15381467758808953 -3.2496615953184986,11.226076928017168 -5.843750512899226 -1.841797440577734,-7.788073458688887 -4.318961174003746 -49.60567968452794,20.058700354459933 39.081933346023355 7.213623616030927,11.652797945409873 5.217512491490195 -3.218533117673168,12.676755334430512 -2.0951267002180334 42.03057208384054,22.661271635719785 -46.2379445902505 -9.775935434372151
-39.10476110637215 -24.254556728554277 16.842303491428424,-19.82856340056196 -11.636646609045982 1.7763115596028016,-26.8314359572868 0.6133730124203427 26.939315950735228,58.669145327932256 2.242424751991309 -1.6679166139462152,11.121014797654475 -6.08987826844348 -2.690734817354613,-7.466753686353092 -4.787206303960167 -50.24701016697083,20.27044634006565 39.56592660735015 7.346910769945756,11.706719842341277 4.930168545265655 -4.20335363232627,12.880061328906041 -2.4778040318835846 42.57752178385822,23.391786937786307 -48.346147483804614 -10.538864647772288
-36.21882866395566 -22.79326626763986 16.229346031124585,-20.79200047812064 -11.142815434981252 1.6047729540017626,-27.528465667783795 0.38155724148347936 27.99630570188964,56.9604497666777 3.19501844081832 -2.1222366777396777,10.853493949628449 -6.442301235483237 -3.9309269330225622,-7.790449872069943 -4.112888579919661 -50.47433089966859,20.36876264723931 39.860075480596116 7.432734416601773,11.712552542105204 4.498079042670022 -5.741533721150043,14.034733525809902 -1.450853127606159 43.46208572348167,23.756177930208693 -49.462398358570205 -10.953481362540753
-33.054767168750274 -21.68075300028121 15.772675773171404,-21.732811530879843 -10.739675104561462 1.7432573380233856,-28.948159845119356 0.12840067481023 27.74625989895381,56.310934498827805 3.188628861771966 -3.5820293753414703,10.24015037629894 -6.7492831372279545 -5.201252850084022,-8.40754955419363 -3.042940777093276 -50.22110718197342,20.572642889393418 40.50519937269486 7.664845447834533,11.40236058403071 4.099845501226824 -7.379302679763187,15.472947523296796 0.26348968357612357 44.415640645688086,23.76104048500642 -49.565568513712584 -11.01237938561064
-29.880524760724676 -20.980255014548725 15.246805666218963,-22.170652225546807 -10.545128476270735 2.1218179407229285,-30.14790524611825 0.036193869615010144 26.27506470503946,55.82312468056236 2.8142012351006582 -4.897704832270039,9.200982866958727 -6.897176342929418 -6.112633577863619,-8.92629849977034 -2.599903150753052 -49.53501920580358,21.023242395179793 41.80850054188915 8.144264992884702,10.600939572207118 3.8711315442429943 -8.657070215396178,16.53381360618569 1.7009621649224878 45.14911429659625,23.54994333011456 -49.01564561375635 -10.838365074345013
-26.89648571585233 -20.59118654966995 14.567679145678214,-21.865848743778393 -10.511043228113119 2.63056946452778,-30.524666636968355 0.18733462426521186 24.06325511879256,54.955685887555674 2.441809687777828 -5.392243619693124,7.849998271363802 -6.874793996484562 -6.414016974098054,-9.16110015356703 -3.4451742438225885 -48.56014851050822,21.675880925286087 43.59299981752686 8.794981856564243,9.355923882056397 3.836957579035037 -9.278664427817718,16.87039784118183 2.1100569683621275 45.438111796341495,23.30556546022237 -48.30077714476244 -10.596246726508447
-24.246922634897228 -20.296695813275605 13.838217835478488,-20.928208114841066 -10.42117536866552 3.161584164469277,-30.105236335128755 0.5421051077650154 21.707190168467726,53.7810541106804 2.090640763422006 -5.112516142830003,6.487031067313272 -6.779208587648306 -6.092799727083715,-9.240117055598807 -5.46835170106017 -47.50159682095277,22.29872868543584 45.22347387416087 9.380230144331135,7.953820470432744 3.909366838060106 -9.188371043295167,16.55071613940796 1.255563191446282 45.16943901034718,23.138519794082164 -47.739841455904994 -10.391489956951322
-22.0366904103441 -19.866272066429406 13.2740914230848,-19.743061461832035 -9.994691618476665 3.63653821815027,-29.455518616237153 0.9873075178394539 19.625755328520896,52.80928668957997 1.5342452643218194 -4.655326565377993,5.489032781998065 -6.7614627734715125 -5.364963626792328,-9.511715076809988 -7.831199088897618 -46.58157757933204,22.583760192400433 45.908475234987314 9.61540898056801,6.810309192168933 3.947459620492639 -8.535054575328571,15.923434280219288 -0.5509157702083054 44.34728394542803,23.024880487814144 -47.306655609594955 -10.212613259960008
-20.33832101241306 -19.164635105544917 13.063407574842486,-18.75977188852171 -9.04420622010991 4.015793838821446,-29.27729582551875 1.418709264009303 17.906181070339542,52.520098968131435 0.5464586870081554 -4.714757197067,5.153017236525659 -6.943096036475439 -4.564462976251399,-10.303478215911738 -9.435005347816244 -45.99232039990651,22.312907389668553 45.12357512428808 9.319661369387855,6.289562858725807 3.843213109557465 -7.558773285948726,15.348305685728196 -2.669779304944109 43.07566626969395,22.826312229200298 -46.670052575583775 -9.948056885939561
-19.186451775649573 -18.21089674252036 13.244877429210074,-18.258395858708013 -7.60030699755055 4.293475183523461,-29.9347593811846 1.804106026699079 16.35372839443605,52.91237537784005 -0.8753909748480807 -5.628325137884184,5.568053247978835 -7.348770944071293 -3.9886264575120363,-11.673608219481054 -9.544897313263021 -45.85040125472155,21.489776881761017 42.928164592570404 8.52472596672277,6.542971415469406 3.584751184342725 -6.4671721535249755,14.957147229713547 -4.46220628988412 41.534574393260485,22.38057902885218 -45.42246629377016 -9.465949626661203
-18.565705972233722 -17.15495127145898 13.67077876655027,-18.216955344154893 -5.9267100112459365 4.486088754789395,-31.188106981096915 2.18999621032112 14.69254612623896,53.361713844422546 -2.4456431668994854 -7.170039517856358,6.577731901087725 -7.889926097423628 -3.773571970671368,-13.302290175720605 -8.221716915424402 -46.16107516325941,20.363164115174225 39.998303692141725 7.480218693435314,7.445066421286649 3.2637627755709833 -5.363032683871046,14.580979913602356 -5.557648904729115 39.95458306376509,21.61143857144502 -43.36562176333684 -8.71027868720683
-18.4013841088349 -16.18114426954157 14.06920414587741,-18.343414562510297 -4.407478887439476 4.620320997472605,-32.28976335559627 2.6519235492374835 12.785904289544773,52.88770903603269 -3.717370812424881 -8.67969884409111,7.847582905408723 -8.406199975393365 -3.8541615696625615,-14.595359168308711 -6.322185177689896 -46.806138817113286,19.324924817464716 37.34568094926342 6.548382258749666,8.652707580313269 3.0257397204662997 -4.2481083106987025,13.874770988451683 -5.946105648173392 38.5821901867909,20.596379969007295 -40.691551711892295 -7.758344629723137
-18.560541531853467 -15.390059549900371 14.166497774118705,-18.246593954332287 -3.3597040404185736 4.722423726915086,-32.39022089033898 3.223470108145363 10.744977124101824,50.68599599228912 -4.320092318875221 -9.427263919723666,9.00024447455508 -8.741326056285054 -4.018934565859578,-14.955686687604238 -5.065963872006998 -47.56821477423696,18.731416013871 35.85880349082978 6.039700402800435,9.752017597985681 2.9922804865896344 -3.084370490533166,12.555001227171925 -5.8867808700117905 37.62806120910433,19.55351601817007 -37.955192363209264 -6.806099824249847
-18.867152459518405 -14.724838270131624 13.804340192935888,-17.64833557444528 -2.871083966023339 4.810122915549531,-31.023339081472415 3.851000313146474 8.870613221176491,46.61885709200118 -4.164661907806296 -8.994597297522356,9.752075195938666 -8.814162051144828 -4.025306798793648,-14.083523637982283 -5.401602658535709 -48.193885741208305,18.7387635870301 35.89764607841535 6.072208139694278,10.418739445803535 3.19760628006474 -1.8662991733503613,10.603117238082012 -5.717630025826166 37.20473733322104,18.75226417923212 -35.84779689379858 -6.087437349933217
-19.13127159672429 -13.988347091180136 12.997058772840099,-16.523112602334137 -2.7542245847031106 4.888614150850268,-28.39501124092712 4.404246009772918 7.474494647612909,41.3749251612884 -3.494778176504682 -7.4699365019233515,9.991741056022931 -8.650779306632787 -3.7162813963704773,-12.147441303386433 -7.5068902943072375 -48.48017109309237,19.235510980611092 37.14596005474215 6.525010385491284,10.519785275735972 3.571128988219105 -0.6595360512724837,8.31288137936438 -5.683871753501512 37.2786618495962,18.392673054677097 -34.88631098470483 -5.7688942759423965
-19.188644128844686 -12.950417011978024 11.911994961984115,-15.096969685151961 -2.6496881109060846 4.952858243461289,-25.309663070785202 4.73788857296287 6.694590165229627,36.1929100701991 -2.755789023943143 -5.372748192243799,9.777244786203934 -8.36559353616527 -3.0865096192103856,-9.733327887309486 -10.681762686943962 -48.352462564326395,19.905444001702566 38.791132239913736 7.107288738801056,10.12166288530687 3.9717848805531304 0.4126460177724588,6.154306052632057 -5.868608542274431 37.66783219795281,18.514160425513204 -35.176524174058045 -5.873688449305369
-18.943331669717345 -11.494357315047186 10.795155212628792,-13.717257454654835 -2.229007043299801 4.996753549642496,-22.772831434272444 4.767957840238366 6.417217513570231,32.290203034714196 -2.3565142457043486 -3.379713725498452,9.270913822949003 -8.105443553532085 -2.275889194510833,-7.594278555095944 -13.681314841653752 -47.89817774478162,20.385970047153577 39.932365722053774 7.504548717469454,9.421438761467407 4.253140526374518 1.2207835586775189,4.534795345682151 -6.234280809302125 38.1014192938609,18.978446890575896 -36.366951211917964 -6.272721111834632
-18.401798386058005 -9.72599803269269 9.884593776808511,-12.672893829702357 -1.3912741781435798 5.025643971630926,-21.48941846597596 4.517896029645353 6.349766779887084,30.303974143642577 -2.4585478102886804 -2.0189801177934172,8.658197294329607 -7.986634751146838 -1.5049032664933542,-6.326722396460965 -15.309113579595447 -47.334893642650385,20.439417904984886 40.00432593205716 7.5257877589309405,8.650025625834198 4.325106923362769 1.6843077817248608,3.5968874552728023 -6.717075392350627 38.326021912153834,19.533153994367424 -37.81092504951008 -6.744992352908701
-17.684699141332867 -7.981906396150514 9.348075177622263,-12.06508469930096 -0.3454406905623646 5.064576576689911,-21.533740124778344 4.107457655747988 6.197396340566509,30.045134961041192 -2.9082769276576927 -1.492552168593229,8.093476362135501 -8.054179950270353 -0.9889713716694936,-6.133163281878707 -14.966753045174519 -46.920413942332424,20.051107250651242 39.00426200225039 7.178268145534911,7.999615119705213 4.183893134342074 1.7987949937221455,3.1688224856681644 -7.29503664924502 38.21266664915728,19.922725170040994 -38.85092666730639 -7.075220370528459
-17.005484206921366 -6.721000390797011 9.258707283002343,-11.792308119214976 0.47207819057490763 5.154386204585083,-22.368055521423816 3.6917164795621207 5.837834784159538,30.689067819527185 -3.3432241529530584 -1.6921152062680331,7.689753291438123 -8.277396005597673 -0.869970268177026,-6.782321287449256 -12.893651597536362 -46.8416411190707,19.409728860094347 37.42230095834743 6.637774601365642,7.600465930144117 3.9012519429891706 1.624985060085566,2.893919107786291 -7.981898609184318 37.80973737132421,19.99251396104078 -39.085346661532846 -7.140370974749654
-16.61448987067621 -6.342082317408192 9.599638611834227,-11.644536345421216 0.6081288579389028 5.3329266316669734,-23.188355853943172 3.3865811773662884 5.3936900737739375,31.28244256216282 -3.405788086890579 -2.355922108860997,7.53745512751673 -8.576422881510073 -1.1856784838533951,-7.772082197710225 -10.002055983636714 -47.13317784327346,18.78890190507073 35.93406320456511 6.138326852370108,7.536410921670294 3.5851034103536366 1.2535995164597562,2.460502436237135 -8.758321893952278 37.30943654469283,19.739393992833694 -38.49779131962167 -6.946330559376771
-16.721217112438456 -7.00910367859105 10.280013987095222,-11.44095360967177 -0.1740938659437572 5.6077238157172875,-23.39285895325112 3.2239809802979607 5.164938244084007,31.272079057932373 -2.9402561919625314 -3.2443444805323542,7.72046090476409 -8.86090378152749 -1.8752712231112325,-8.5974867471457 -7.41911649254494 -47.66571238362899,18.399194108762828 35.03512475012454 5.845771259166419,7.8660675060293865 3.3349718440958718 0.7722135681405544,1.7961984739876953 -9.500756680126452 36.94016873328424,19.292039822646494 -37.406508220775265 -6.6040734483077115
-17.419936280182498 -8.565802894061303 11.150979417680471,-11.126921204290749 -1.760064718580197 5.93389980778818,-22.903946064435207 3.1605847642610465 5.465505662618304,30.757600954046577 -2.0639985468167534 -4.224635035592116,8.30420789759701 -9.060797522904362 -2.8046841064442303,-8.979780753793928 -5.981921626851433 -48.21176228912429,18.290920147274026 34.815304380074735 5.783519962520038,8.620144839329695 3.2129370741269483 0.25386571242194156,1.1118067435116714 -9.974814214309472 36.84012380022823,18.839004690097074 -36.28161531684384 -6.2651014869451345
-18.647401645812348 -10.581301997411362 12.023414345031593,-10.7777924259414 -3.7183541054144706 6.212028671178818,-22.16398917294683 3.1306214469470603 6.458712084340421,30.33542956172156 -1.0799346867482162 -5.233732208759461,9.295319526343379 -9.13843031311874 -3.7957062531425767,-8.945116670479662 -5.930102469078436 -48.55786544078539,18.355407464639377 34.98186683949696 5.845623492447101,9.769741785522049 3.2380264409738233 -0.23236108047466364,0.7678980424221344 -9.920578789425917 36.98229913713536,18.544646382827324 -35.53326292571218 -6.0526463899165615
-20.192260122509403 -12.508082071114213 12.695914602725368,-10.517901704913552 -5.488738121588527 6.312625130070412,-21.817042855671396 3.106465197238357 8.07914562957538,30.641196314819595 -0.28924927719471016 -6.175999806239802,10.597657403090604 -9.083376102682433 -4.652960787499462,-8.731001540183868 -6.91712484932874 -48.60794943015772,18.41572545910444 35.09761288217149 5.882134122965662,11.188355072413144 3.398154162272721 -0.6068296282751161,1.0409711779282027 -9.195762109995801 37.19644556700236,18.492231459643467 -35.37042992861418 -6.021017663701502
-21.755960309918024 -13.883086540184447 12.996173752885184,-10.415092989336944 -6.629601578504381 6.120503103821439,-22.2710899710796 3.126510902370382 10.071692132818868,31.872824590130964 0.1819935631281231 -6.853834698787164,11.998997787106282 -8.899989322630084 -5.193172275623554,-8.593202384977127 -8.290876238148616 -48.42606875117708,18.349076441370883 34.88306542711048 5.802644093833146,12.64230464449447 3.6668416123665146 -0.7831658386318876,1.9259147500998433 -7.896756901639866 37.28000899278838,18.673511866934444 -35.77740815497124 -6.155411156582592
-23.0430653739435 -14.485699975894864 12.82558343049441,-10.423447743386351 -7.001496779691404 5.580513197145265,-23.40429235277329 3.270992030717638 12.109434846933995,33.586582185960594 0.44125958698071965 -7.0000061037305965,13.209098755638903 -8.59776003757536 -5.282341448345104,-8.633503301852434 -9.468588056181918 -48.19720532362987,18.16854941020896 34.404462150678306 5.636911902374438,13.831923142188502 4.014414367149859 -0.6994399843982388,3.0932739898957196 -6.376886831141578 37.137281822386285,19.017847879750253 -36.5879031155228 -6.401439526157949
-23.845607554230718 -14.389740056640447 12.186880517807834,-10.413074335734454 -6.799338860460356 4.723320288727111,-24.59410717964535 3.5999064398600913 13.913339781283813,34.897572252016516 0.7424295400515475 -6.4042888325882945,13.941533187106396 -8.188916385993268 -4.877266581435028,-8.745985918737187 -10.209179033151663 -48.126884718230876,18.0182732186174 34.042287013383586 5.518954909908595,14.47641617048576 4.411355606103065 -0.3635098154911054,4.033479095351849 -5.129411419693776 36.86491155850909,19.43627666142059 -37.593078512788985 -6.70063677332891
-24.088814551515853 -13.897058040912105 11.17773936910087,-10.267620937313858 -6.425554282068419 3.6584943000757773,-25.05907589546634 4.092597717794445 15.309113818208907,34.97700953586744 1.3088855144273088 -5.055578152165859,14.005492915828487 -7.691042706792446 -4.055398265679969,-8.703285598567119 -10.665825749277893 -48.33176673619101,18.086939748880706 34.26392328157351 5.606057158733327,14.407100709372802 4.828343173126955 0.11697071701842376,4.314294449105474 -4.5758717416079016 36.727354284374236,19.85484566201275 -38.61956785567393 -7.010952479126811
-23.823676481143345 -13.392271822398884 9.949874105148444,-9.983976918955761 -6.277272033364863 2.538215382239271,-24.318679227317286 4.62997661497992 16.20811551933036,33.559293431165514 2.17439839596808 -3.201595146249722,13.365816067447646 -7.129581899621286 -3.0120141006514527,-8.32064316657966 -11.228472235690717 -48.777302275875506,18.49097614703437 35.33483598747387 5.980922321546707,13.624667680842855 5.238514552865372 0.5476778862759739,3.81179339097683 -4.858621365364568 37.02609977752128,20.224720656235597 -39.549010974842986 -7.305712941878335
-23.176729527364092 -13.187240953751076 8.653563544388549,-9.703562081839422 -6.559790872680235 1.5095576834344953,-22.503581995004986 5.036335660384528 16.553282295137873,31.156901190698225 3.1377024063474743 -1.274280059118369,12.144824129479161 -6.537065954287142 -2.012904042372448,-7.592618954180141 -12.268405632650408 -49.29296977257716,19.19474696953989 37.13448518105589 6.5934900809837425,12.292546183549032 5.622964791379075 0.7107662607015535,2.7862325529680225 -5.746426597805683 37.92863180894465,20.51392570244093 -40.29492306126323 -7.560230153904815
-22.286510997895725 -13.419043771534646 7.397455529134733,-9.64489955725303 -7.217165506845026 0.678083672568154,-20.329864547331027 5.162074282272634 16.291226373467556,28.841450917033434 3.8593163785659286 0.28910866434154237,10.569307358674358 -5.950072170513334 -1.311657643383624,-6.717873926051058 -13.926450633107338 -49.65455956284699,20.013161644099924 39.18113030227679 7.275238792142551,10.671206955933618 5.974967357199569 0.4557829754087954,1.756491051497016 -6.714763655027203 39.35114626056188,20.69598612567539 -40.77716443101591 -7.742225938718112
-21.259555707729945 -14.032808766800876 6.244592607055855,-9.969312989892604 -8.003064978700088 0.09730499224256683,-18.740881394655773 4.962573952677076 15.405109791021456,27.695398649846023 4.04598508530214 1.2333035368571013,8.89279806184953 -5.407171322569654 -1.062043124616296,-5.996985023084074 -16.04002908106817 -49.68887109635059,20.69546153481018 40.851664063576415 7.817602982335749,9.028181368923871 6.297120012322815 -0.22416757926913838,1.2351818877166574 -7.178764352493486 40.964906228804026,20.748858744532512 -40.92638757242515 -7.817043999569337
-20.16493505738545 -14.839597107116958 5.241686617932645,-10.657996450386058 -8.639576072083813 -0.2178899439895865,-18.410908161610667 4.5278789343019685 13.988729206388943,28.231072529596485 3.617187747126647 1.576884882125018,7.33178256863626 -4.949371733120777 -1.2643646217829545,-5.6647078057964775 -18.21977175138793 -49.34729376659161,21.044397027130973 41.67603630493742 8.071071846514382,7.568180774477458 6.590337374602876 -1.1717746836090943,1.462055017659785 -6.777532006076156 42.330975954145764,20.666340270328053 -40.72007084671378 -7.7658662439881825
-19.062860180465094 -15.610041307330683 4.454627389141432,-11.479967921841617 -8.96929574249944 -0.270481396239183,-19.386554725692257 4.043896023752105 12.299009573121428,30.10145805262639 2.7583065704401677 1.560251438470512,6.040620105580868 -4.620272127758875 -1.7727455903938165,-5.7566827528470865 -20.014343065787788 -48.714977627063774,21.006965165594504 41.54904544829698 8.0117960366813,6.411740483073123 6.841151808164605 -2.1163661619366176,2.2753135761039065 -5.574288865335651 43.097311897074036,20.47232041462493 -40.22165463607537 -7.604033372453741
-18.042696208134895 -16.15824373380356 3.975862209095919,-12.083110272505493 -9.017854485305348 -0.07343643564974223,-21.067451060788027 3.7039681747577107 10.724501036263316,32.271804369099186 1.8296888602065298 1.4860112751351344,5.123111843104003 -4.460386139068379 -2.362172713843859,-6.089733083777556 -21.076583102319404 -47.95919092019393,20.69022354950716 40.75254085457952 7.742343065509477,5.619484720436311 7.018092755412807 -2.7767095734254834,3.1885847255212543 -4.067297981003926 43.15581896773678,20.224167214061303 -39.5863159620401 -7.384734327652911
-17.239996057205687 -16.385857801932953 3.886055308187255,-12.170034394744215 -8.940349836455894 0.3356829037001914,-22.538366854814406 3.6179724880130095 9.655993411193984,33.567579869312915 1.1824199166612501 1.5498916767814332,4.655973513425608 -4.492360925648858 -2.824129442618096,-6.367983573027478 -21.266450913934435 -47.252479956544335,20.2974159581343 39.78678973422808 7.430200022825756,5.231833536987022 7.0844718528800446 -2.969076653582607,3.634658286254658 -2.9903778691978955 42.676702221395,19.997890025009717 -39.01652309735367 -7.182003288394994
-16.81407205609404 -16.281381113094113 4.185162028012376,-11.667094141924155 -8.892545792515127 0.8667988836385453,-23.06774257789767 3.767993790209877 9.313611763868561,33.303700202886574 0.9835712082892957 1.761262771634496,4.69505924134866 -4.700932592644165 -3.0444873668746233,-6.353727520922838 -20.67145835297519 -46.71534683957692,20.02184196530471 39.11029919984115 7.220432043895319,5.287526593788103 7.024408735483912 -2.6702558812896497,3.252314228023392 -2.981313926103148 42.00351420978339,19.86004920777232 -38.684237929951664 -7.060371238137105
-16.890686207469976 -15.890244773377463 4.736531064101534,-10.79060019384421 -8.908264266702858 1.3604002631965804,-22.494397325570723 4.03368086248441 9.628014541550922,31.650656201351207 1.147017568867546 1.9926274839936635,5.251531234951652 -5.0190706903141455 -3.0264730106200557,-6.004801557322546 -19.562232045828885 -46.405236345531584,19.9556314187408 38.928242336894634 7.169765636745765,5.802538020282599 6.867615534620961 -2.007661957189342,2.0729476302479632 -4.264783837339586 41.46824222818409,19.841208469124116 -38.66143398530311 -7.047772578713794
-17.49601798295538 -15.278597565478762 5.271580009971691,-9.964212186610574 -8.857082351550831 1.6065258832823606,-21.287892287297026 4.271234131249833 10.258747428699227,29.534267562822745 1.4053310976752815 2.114790073364907,6.251457511344499 -5.333788363806915 -2.8511293520144676,-5.500022139838457 -18.31285557213997 -46.345766846254776,20.05850337114242 39.132414827931214 7.233770527763149,6.722172371314448 6.694446003921554 -1.1855015902623964,0.516984295559582 -6.4996932113014525 41.22874864834295,19.92624660510813 -38.89918384909217 -7.127199852875308
-18.516319683240084 -14.508038956425658 5.474916251209754,-9.620045735115495 -8.507795734362562 1.4076054452108169,-20.252629379891758 4.399945861500864 10.761924615791436,28.120438515692907 1.478811751314151 2.120893690617791,7.511045576453335 -5.517970930405849 -2.601989738592135,-5.138661506595862 -17.307676541380253 -46.56330454781773,20.196388795995624 39.40625476588933 7.307326309012579,7.883240748203724 6.61059728815085 -0.38746890476487467,-0.7940295062623284 -8.87431673035928 41.21621286187265,20.06736646419079 -39.26781399160242 -7.251612184915933
-19.707972628710404 -13.626965566729524 5.122968856021409,-9.980655363981176 -7.662247401166912 0.6663670255178622,-20.046711787286565 4.446499241170317 10.830213581313611,28.16428423490248 1.2443914767044402 2.1518479913974216,8.757549166553678 -5.480406053937583 -2.300485227457305,-5.171346324561141 -16.846080629822808 -47.09429762847692,20.22231727245756 39.41996048373996 7.289943018804703,9.02389550642882 6.697920846784709 0.29403021555746456,-1.3156963339094392 -10.423759474315542 41.2160335001184,20.212048570840473 -39.63378529958905 -7.3726047961370424
-20.759981132064052 -12.674756497766294 4.209788350686253,-10.933772460516856 -6.285400800747247 -0.5415833984716395,-20.790244158782425 4.52193725555266 10.474298607355012,29.578623524102348 0.8093127656202834 2.402094694990196,9.702209430557186 -5.212502263446475 -1.892172048942684,-5.657358373002247 -17.058194963629205 -47.94901846646597,20.052832880375032 39.00184193522692 7.137544616827369,9.853694538102225 6.964691475730067 0.8691422940892083,-0.818267640413588 -10.440961193643812 41.0286627110851,20.329184550299356 -39.92664948449862 -7.465219685005785
-21.38693286775635 -11.691818818621432 2.9873291016315515,-12.067258233675604 -4.561121758231955 -1.9533591039328027,-21.985818838299643 4.745156653332473 10.033834725121448,31.458522837520636 0.44972905642398675 2.9661934624269604,10.13950879669395 -4.805926381079537 -1.2939803370846006,-6.426593045656159 -17.85580112821079 -49.051836999361086,19.701294967885474 38.199855882409864 6.874988836552072,10.159546336240266 7.324502810725382 1.4029660807761326,0.5198582278125292 -8.802168312867206 40.61153757043251,20.418087341320895 -40.15640389089508 -7.534245683924316
-21.417017120434963 -10.73017749551886 1.8830937436095698,-12.851081428504108 -2.8445887677965653 -3.1840544192351965,-22.796365837257625 5.157682092706262 9.993748775963903,32.55156988544361 0.4506547033149906 3.731030178560348,10.025927374482805 -4.425408098215675 -0.47567885966917456,-7.164356998853088 -18.94830892635038 -50.20263992112805,19.257684165033492 37.21974960268899 6.569511962022787,9.896434547657947 7.6220527317768765 1.9412968693878299,2.1925451550304818 -6.055903983072048 40.11610608599673,20.496266223107373 -40.373984380277534 -7.599609572438706
-20.842725075939413 -9.86155407116466 1.3202298273789697,-12.87886408040714 -1.5365354965713014 -3.856396619819245,-22.523234874325947 5.679751203557063 10.692912531163238,31.923316740695853 0.9380172162966116 4.395620313299947,9.49545397292332 -4.242158922642354 0.4743006842034565,-7.56906421947503 -19.937847492939365 -51.10112269920026,18.835122377359752 36.297527025006964 6.288060066413316,9.212591381532949 7.700337678159764 2.454463543808316,3.5714364386613253 -3.2221215526444937 39.79765074347847,20.575744943498723 -40.605121935842355 -7.672218089501253
-19.818597902214766 -9.179756111042167 1.5212726125742926,-12.05268628683316 -0.941362019583303 -3.7453652471507324,-21.014739695186446 6.134545663207618 12.083159361279913,29.464461675698338 1.796315302546898 4.622308391626547,8.79834774122904 -4.35535327188102 1.343656578556385,-7.495451752672937 -20.470022842483043 -51.44390045597586,18.518575382190118 35.59265889342675 6.067785172843381,8.389032897341945 7.4794510175515745 2.831559323178923,4.1414783360208975 -1.374866545620319 39.852948243466685,20.645351681000736 -40.806104955107344 -7.737994446954802
-18.611621982299898 -8.792571607695463 2.3941313982519237,-10.62569679837519 -1.1723734955650862 -2.875230102637822,-18.775526385001093 6.32911233909741 13.68246579927676,25.97492282517074 2.7164327827543917 4.23697435428976,8.189169537390926 -4.739468152484187 1.8651460091729284,-7.009059982813783 -20.37732359312276 -51.06008414407959,18.343878922058977 35.16162924007747 5.916364556788968,7.717716632937894 7.006469819120327 2.92785830784962,3.6739553981869744 -1.1818890095599075 40.28594968928121,20.672652775858413 -40.87649021068337 -7.762536036355777
-17.525420884577816 -8.799013034820472 3.5642040450009196,-9.089883968214831 -2.1362721370539193 -1.5230561411554018,-16.716392076250102 6.148910012984789 14.768419933828241,22.788930954275408 3.3460197149779747 3.356039329243962,7.8180731872494045 -5.246559923395117 1.831624337173766,-6.331640712015521 -19.739391011691097 -50.01978531540502,18.311959567236194 35.01041254333814 5.836511954336201,7.37658035951264 6.446659825476802 2.638551357392555,2.2858869678975844 -2.6019791240544907 40.88708089086629,20.626060691402213 -40.72593958978747 -7.714906549381478
-16.82356923498928 -9.253691507452276 4.544682584226235,-7.971676964891797 -3.5865477374196755 -0.12267688523956116,-15.686110652537003 5.615645302961675 14.726872433120247,21.148021348766793 3.459930401234881 2.3524626836326252,7.6793873772534615 -5.667313444195107 1.2004236979440543,-5.719075144269607 -18.816241574852278 -48.65221172556961,18.41958621367703 35.17014868934762 5.851908048934935,7.363659163437181 6.014648264733765 1.9583186390280614,0.3874199248804093 -4.879583693029971 41.34484013079895,20.50328642283691 -40.35367003231526 -7.595337343439272
-16.671245432993558 -10.130015042835748 4.965032780569214,-7.636708676931043 -5.206630609333633 0.8923824074745129,-16.04717170001776 4.878690375225766 13.37825101716413,21.65381519574885 3.0600104996626456 1.6646079707029489,7.642355150279253 -5.8250100744807405 0.13103189830151757,-5.347220416712469 -17.87782162249889 -47.4481907411275,18.678925288621986 35.727080877993174 6.010806735185713,7.522888249444203 5.8760379635230695 0.995253357753271,-1.4439236463462901 -6.849930629464618 41.427862149351604,20.346074464746312 -39.88479652124786 -7.447089703248918
-17.104052549071245 -11.301732403887863 4.744468943573298,-8.18936635605818 -6.682581070294648 1.2413671178357797,-17.528836839476174 4.146657890551261 11.104653521063833,24.075377424219667 2.354783452707375 1.5478129367293836,7.5456149910406625 -5.658068488922218 -1.0687627815362704,-5.268569145039273 -17.020165621362622 -46.878335453395174,19.108477773850897 36.77287080510426 6.3592492235534035,7.646325503381463 6.067771798789541 -0.06692741657740359,-2.613866172629529 -7.430522150345115 41.129463811252634,20.227706084619303 -39.529206094488515 -7.3409903475969465
-18.024599850324535 -12.560786821580942 4.122627829804987,-9.495090392093061 -7.747232435263656 0.8820255008671624,-19.43099147709099 3.596946720600266 8.698836940638511,27.583267114097143 1.6358300150381708 1.9106237507484714,7.302994541464658 -5.250222901678048 -2.0670963721473363,-5.453354944311224 -16.081683529519516 -47.203388379894015,19.700138198071866 38.300923452037914 6.897943385783071,7.597181235862772 6.478600321706828 -1.03742022427948,-2.6508361284225197 -6.0881692189809575 40.68385138344718,20.215887649846845 -39.474683783177554 -7.337795502300409
-19.224138113183763 -13.675435625814735 3.531848326418405,-11.288030607352322 -8.204537295603442 -0.0002983280116980458,-21.052585925666712 3.3101319912355502 7.001468012437487,31.249260831649895 1.1218309374731692 2.337782686045693,6.96220588048753 -4.7921883036452515 -2.6448186658749284,-5.873918201601762 -14.729608354292484 -48.36259695370641,20.38630327526257 40.11911223816012 7.551024366615215,7.387328988779368 6.901592123837255 -1.7827332169083248,-1.3155639971898734 -3.0761628901340043 40.435893485967604,20.329922091265363 -39.769708344376156 -7.448590328173159
-20.426245126313002 -14.470960284906457 3.3768334229912056,-13.289752008156826 -7.95468014398157 -1.0857686019209125,-22.092550978209815 3.259030390659625 6.507255390020729,34.51576497858878 0.8546067669465833 2.2999564993276778,6.68368027892774 -4.4926928397308155 -2.7794002912838507,-6.5644815854749154 -12.6920127410693 -49.99265305440609,21.034434465078924 41.84930097859932 8.171478340315831,7.167937763499857 7.133650149859102 -2.257680274075919,1.3294964058448235 0.665363447212076 40.633574192548366,20.517355585843767 -40.265243711737284 -7.617305433979757
-21.348009014534615 -14.897584638003018 3.8345736455396797,-15.273962202393808 -7.029547999470699 -2.0466100534069485,-22.789981848612424 3.3501711076780594 7.140548548711718,37.37332080328999 0.6989133465741166 1.4432727439767028,6.650342162931608 -4.482406474480135 -2.636315980197738,-7.606158994904575 -10.01555738474437 -51.56964411650679,21.48152266332785 43.03727498587705 8.588199600917603,7.139047830138212 7.072172122860591 -2.4940400098177813,4.903744462274904 3.903445995007033 41.26268860848133,20.666939520206782 -40.65810703466633 -7.738889390386189
-21.768813961019383 -15.048579617051484 4.774914589788086,-17.05809747054059 -5.623594423291244 -2.650251803865038,-23.722758447623143 3.4873247303324 8.314035728088205,40.16428511974044 0.4392845842332044 -0.19794632749225238,6.957032787428309 -4.757865392230089 -2.474273115252297,-9.038188027507418 -7.19189644894215 -52.60988260780497,21.596447739833895 43.33047567993803 8.674935060121257,7.427738451918901 6.760057977726679 -2.5604472771195583,8.761389970525613 5.625470210605753 42.02546022912568,20.655656257738663 -40.624190433938516 -7.707104968665054
-21.589577202467424 -15.110872709911835 5.8370296618689945,-18.454920755709065 -4.086950983775822 -2.8021475301359104,-25.38272470198994 3.6184443708536445 9.236299591787457,43.15187254117106 -0.08424053665372955 -2.184065238156684,7.540072873667163 -5.191804916903602 -2.5129903156400357,-10.7496972972301 -5.04775455809909 -52.84092132308823,21.33932615563266 42.635454159752435 8.406622540208442,8.001415152000694 6.357155947328848 -2.5192049727353574,12.12193986565309 5.442358845867649 42.48592744177275,20.408227179437684 -39.978197396962315 -7.468440641495063
-20.861734621583977 -15.263843533644499 6.614931564042587,-19.24371225523607 -2.853039640372806 -2.5265076630385,-27.778040978481208 3.742257860650689 9.305016928556007,46.13153854446623 -0.8769738328311377 -3.862098700793088,8.18686437890919 -5.602152369819535 -2.8291291871109974,-12.428562458294927 -4.416269900511266 -52.27304075287553,20.78552339874435 41.17077874288485 7.873136732560558,8.66392923695526 6.054762201228763 -2.4020461484668716,14.261677200059351 3.704441235418336 42.30859329948831,19.939071494266457 -38.77767521815127 -7.053631672652208
-19.77091122350832 -15.57261835751712 6.850597393948838,-19.205587022041005 -2.3041064090029493 -1.9136151199680023,-30.303891676012487 3.8783897409635006 8.382158713372853,48.33968618227948 -1.778580454324324 -4.666484450872936,8.623709182840429 -5.842364221555431 -3.3293028806026914,-13.619643821133817 -5.736640273768872 -51.15261570429128,20.09955715664819 39.38372582693049 7.242227475487628,9.1383469355338 5.979215708175234 -2.2116558724919475,14.717548880633794 1.2875561217895093 41.458383520319,19.354347176617715 -37.31508178537699 -6.569181727731129
-18.57584455922536 -15.932023327544849 6.535085467622504,-18.220856572720333 -2.619126758769439 -1.0723159419638437,-31.97570559803146 4.027772736496666 6.8165217313142445,48.74588036474133 -2.5421462108079247 -4.370592763733556,8.639499531458672 -5.8664025162597 -3.808367212794537,-13.885670149384175 -8.79021896303228 -49.83438009936434,19.470707011181304 37.77086659501485 6.690235676839268,9.195009057215906 6.135074516925346 -1.9394589482971583,13.434195950200529 -0.8384891854323149 40.24501530394139,18.81165310598427 -35.999015447939115 -6.152288840447084
-17.52284504816322 -16.09764386432846 5.873363915456282,-16.37728675523952 -3.6739587901652437 -0.11252434976134928,-31.91580818716702 4.154382149234914 5.217959511956993,46.59308872298668 -2.957884558364296 -3.1612540475752997,8.184779438083433 -5.73704109548259 -4.058214060267981,-13.002771516287801 -12.730831754857345 -48.64120496585999,19.042375760988165 36.69245589472291 6.33569303417448,8.760843886987761 6.415620783141686 -1.582727356606005,10.792370314569258 -2.0471385834392013 39.17788243857731,18.45639410541198 -35.18299377555792 -5.911946915105718
-16.769585360433346 -15.798144181198658 5.1450478348919795,-14.017587015062873 -5.053794163943229 0.844237507332874,-29.83773307827315 4.203072390175498 4.11946943753077,41.89841329050614 -2.955665060205539 -1.5086029948263628,7.398620820611167 -5.577534929164325 -3.969210864324448,-11.094154256385455 -16.422753489164684 -47.773658108113985,18.869449655009802 36.269971597310054 6.2077913876257345,7.956715033372193 6.671274251293883 -1.1488706383018588,7.49591854616525 -2.289973570174944 38.70358664318892,18.36507228511782 -35.02565801895171 -5.8857893887344845
-16.350410988760693 -14.878832623787376 4.547575863866131,-11.677093829449124 -6.192107913209245 1.6505124441656345,-26.263776107750125 4.142394261994442 3.715922776329093,35.62855005906344 -2.635527490593848 0.08490174958839458,6.55195384149535 -5.496652758873663 -3.574166775078224,-8.627300867811746 -18.934937642707627 -47.29481908044244,18.92107973487083 36.4064222940455 6.261040672929782,7.046795929892136 6.795512564269785 -0.6471584866960551,4.3502737143578525 -2.027428636553533 38.96756326434588,18.5210396980974 -35.44656086196372 -6.032782963586032
-16.197051678089238 -13.40456753694236 4.111047577131661,-9.917886301396544 -6.589098096235892 2.142715331097422,-22.346368862308744 4.002497892744489 3.8151652264659504,29.420970163453756 -2.2149266601898248 1.3128755926296956,5.935958687888627 -5.529484962951081 -3.017596732760158,-6.262657411617007 -19.946046448769792 -47.172103134681684,19.12062710245361 36.89994805403603 6.421487636275008,6.327068671614535 6.780057149637515 -0.07886338122149106,2.011969333407903 -1.908981017962659 39.73311524679678,18.830723307032244 -36.18912152444119 -6.261889471225885
-16.20150621430295 -11.664714675079175 3.7257365957593738,-9.123629073744176 -6.0179978799652325 2.185888437352189,-19.36987173073393 3.8788267337915356 4.011397352075467,24.952225430911884 -1.9232150986732235 2.151804060236252,5.74767859815016 -5.625165447974559 -2.472601250724051,-4.613219974478784 -19.8493545934911 -47.33251245397575,19.39515150211362 37.573307343189335 6.633779713069162,6.006845058768386 6.710224879821209 0.56163195426035,0.8024435039616122 -2.3824701190221003 40.50766325962944,19.168170365550772 -36.94750307910891 -6.478002593497194
-16.2860455642538 -10.069321906815349 3.2540915490312843,-9.347773871647199 -4.625385903680181 1.7371865058558695,-18.1761490814955 3.892423665506528 3.964989355382125,23.23926758360114 -1.8967004817317425 2.777785812207534,6.021872522577546 -5.684806977107349 -2.0529223755404247,-4.018143258338767 -19.498389504007626 -47.693189408511216,19.704839475158703 38.3421769506768 6.881179286644781,6.13565129059044 6.70615246206725 1.27080175271479,0.6523051094520349 -3.44385236915149 40.812044164872084,19.424017485898442 -37.48771115763095 -6.619542816898367
-16.441395737788085 -8.98137584432105 2.6500141533954724,-10.289398126793506 -2.8762371999633323 0.8922790587804847,-18.797014018229262 4.125178482041251 3.618102630071066,24.203484074814472 -2.1224529413275355 3.3856159162389625,6.632470587554053 -5.62465302474881 -1.7664418452459563,-4.427636071335857 -19.724941913566244 -48.15829650073388,20.038577835432626 39.191561220713425 7.170030099790608,6.601525503867886 6.846133411773624 2.0136839466774465,1.1867364504700235 -4.659027683425244 40.447560514889794,19.537204181932193 -37.70783005591848 -6.670399317528932
-16.71185524887796 -8.565597895572544 2.0076387948295364,-11.413919262005356 -1.3655124493539526 -0.11985960772283355,-20.470586135421712 4.566211008256007 3.220595750125971,26.70852096295809 -2.4519164952579438 4.033652142852699,7.353904891182559 -5.4265609389689065 -1.5310117252626794,-5.444958285943415 -20.886383914900456 -48.60467832324383,20.38516257224632 40.09220829074326 7.493944507860782,7.191644392550327 7.117378467159276 2.7116279475813094,1.9053204362714495 -5.439559494417638 39.61350304080424,19.501022893378494 -37.62583159261351 -6.646518880307493
-17.13690749687232 -8.729387936457739 1.5087545613801923,-12.168795639861335 -0.5802887396382678 -1.0048603290424643,-22.025132942188083 5.102261698946767 3.1570063318404005,29.0619791056931 -2.6721460005103004 4.610881679204365,7.948973090957748 -5.147140533677731 -1.2390087977287756,-6.500949960206773 -22.686537311495346 -48.890471260675724,20.705734236765238 40.928658103581206 7.806429336861699,7.6806609417389025 7.422407578176992 3.2531110449406233,2.3768127545666102 -5.413401345347388 38.807808560600336,19.350284993223006 -37.326980392679424 -6.572932571536207
-17.686023885494503 -9.186680776718184 1.3031478901977838,-12.200844013304406 -0.7182659222962688 -1.5111232364400602,-22.434982256628114 5.56155944450377 3.6841116139520285,29.756654919199697 -2.5992797826312244 4.937356634875329,8.245414329587277 -4.882129939709817 -0.8321298880989982,-7.081643988690603 -24.36577550254692 -48.90418573032857,20.93191659198766 41.50274124152405 8.02547668844219,7.907081060821863 7.636303054107319 3.5277026623968286,2.37405361722729 -4.676434442835893 38.56222847677885,19.144049266438106 -36.919291804822855 -6.47060369693321
-18.23074595415876 -9.612790311214775 1.3996053652441467,-11.483022610343804 -1.639079553246193 -1.5309596089699582,-21.27876250636765 5.7904734113686445 4.740850599908159,28.121020659463795 -2.154123585696881 4.920692076883766,8.176396068201575 -4.708863925245951 -0.34505972349509684,-6.91437871562216 -25.150492577876243 -48.637257645494905,20.996519469450725 41.62575239420911 8.07288116115932,7.811976427049821 7.680437799008333 3.468462064110681,1.9098207566209615 -3.7730233776880278 39.15529281004521,18.954688686850066 -36.52623119355444 -6.36221995630633
-18.579823220960375 -9.810572832020172 1.6404524487223031,-10.30235356880199 -2.959813993756568 -1.1461253118655312,-18.89245499994959 5.72303310313563 5.94890672798833,24.596734411444267 -1.3918359673131508 4.655493774021415,7.780396042609113 -4.6417817006824516 0.10435872190285334,-6.045230574702818 -24.703537058246507 -48.23409180988193,20.88058522494655 41.25046626307609 7.9273628920106525,7.436233422521851 7.569077979991357 3.080960231903643,1.1802687561998346 -3.403216620486702 40.45994835486201,18.863080759971137 -36.3062556838246 -6.289135639509462
-18.567614517403918 -9.801441709103736 1.7819013124124552,-9.123996070144015 -4.238979882196914 -0.593564070266124,-16.168907691687203 5.406646563007471 6.8094367109304255,20.53403520624165 -0.47825118520824167 4.391554415258218,7.171836453585675 -4.627216011073578 0.3715157765696367,-4.792777061523863 -23.311502200948475 -47.97211111285029,20.64665681213675 40.55965700752676 7.658661023059127,6.889450212444792 7.401504269219535 2.442841621291939,0.4561516819250432 -4.011180377875968 42.00963608739128,18.9503737614332 -36.458176892813434 -6.319984280777458
-18.152269059358076 -9.793682409510474 1.6365457030884731,-8.398190841166592 -5.157436487131141 -0.16525457181885106,-14.125559585434948 4.971461096141288 6.98547670807047,17.60894487517079 0.3750295326877384 4.38513665871961,6.499018787211459 -4.579807985581403 0.35746169853628706,-3.6132656198389146 -21.689835406768157 -48.1563639678973,20.432723590630165 39.94384383248085 7.417499557972131,6.308484367947759 7.3042857687667375 1.6735911222999849,-0.02906066569630472 -5.487008153767295 43.24665005406175,19.276887191273612 -37.17360776258271 -6.533975659606779
-17.468039232839285 -10.04539615984415 1.1932275588240238,-8.39389690258838 -5.616080709320394 -0.08795564064444772,-13.458477136632348 4.561907600515837 6.507730379924231,17.122208058245157 0.9919593171210165 4.728627870519421,5.9020578820193785 -4.4381301206649315 0.060617570022421303,-2.9387729106863185 -20.505419759430353 -48.963745141197016,20.402514489943503 39.860391173242796 7.379961169171132,5.818379887815765 7.357351399381199 0.8906870842870522,-0.15813774881015408 -7.164999298883502 43.81619636089962,19.849326706737326 -38.535065990255404 -6.9784624722485145
-16.79439774429016 -10.696002134140743 0.6390203954423115,-9.12131159096435 -5.719227176273085 -0.43760021168394514,-14.283383799324229 4.269051079638802 5.783309873353878,19.47499800245325 1.30086479156498 5.274225911690898,5.477305459306534 -4.206016130177776 -0.41626716478171877,-3.0465778830242964 -19.887113004800312 -50.31194279735441,20.673552856509307 40.63513483926996 7.670978360805904,5.500664798852693 7.546730881495547 0.17549788843393838,0.03805690870886291 -8.146171594829253 43.74450999345265,20.591772496440125 -40.407907407168864 -7.6212224307725975
-16.445831318983664 -11.658068767624812 0.26389897175797516,-10.359893691684977 -5.671308947105336 -1.1246216891635155,-16.154113554801157 4.099978350441143 5.397866607787002,24.02523936688722 1.3656793732871584 5.7117092509578535,5.252154724179389 -3.9549499580541445 -0.9046250796796043,-3.993666895277248 -19.219044702551795 -51.83143210066195,21.259383335057535 42.30583114995063 8.305154562031996,5.370875335385472 7.771129756428225 -0.4344881244757073,0.3930853307264581 -7.791241374994643 43.40385754649994,21.34311101306592 -42.40166555886708 -8.329124324426743
-16.6292494680583 -12.630217249463968 0.29836270225852113,-11.763109954520859 -5.652034621122832 -1.950777914077666,-18.310715726132642 3.997435078831341 5.817383817521048,29.360134053444867 1.36532531602363 5.761821446833155,5.175907943563887 -3.7860985071643767 -1.2336340899309355,-5.621224120542424 -17.36965975869496 -52.977428719062715,22.057260349061167 44.59045654104543 9.175792724427106,5.369819686812901 7.898248748223094 -0.927244348821989,0.6528122514644505 -6.121601678187222 43.28564124749244,21.896177291284626 -43.95719002854587 -8.897014956754225
-17.337386641277778 -13.22803064147117 0.7762470265575261,-12.986196137529825 -5.734628393793637 -2.704130697302285,-20.013913981773296 3.8932514473068363 7.150708754969764,33.851412452706114 1.523664318659987 5.367395899940099,5.134026058173063 -3.7742544460276375 -1.2895699546552095,-7.613357598713605 -13.274247380360551 -53.249998329387715,22.889570265117527 47.00036995282656 10.098532351149734,5.3764240146593885 7.8382879460473385 -1.288116477109493,0.5496312743923268 -3.894724986946612 43.70942651877297,22.073132854079518 -44.55324096562097 -9.125419068740989
-18.333348685099402 -13.16720975926179 1.5032052647551386,-13.785894068340635 -5.878314294304192 -3.2441230661284046,-20.809338534530944 3.760451873594856 9.097647476659526,36.25814931037259 2.0118815370928047 4.756683052697559,4.988866109869118 -3.9261169921146215 -1.0476126657852647,-9.586299559944129 -6.586811232999227 -52.42924745186065,23.579020093377597 49.04322189726667 10.887857254253436,5.247118554978553 7.592889600968889 -1.484220201661743,-0.10827126800709763 -2.2801584368066727 44.63130082128084,21.808079406677628 -43.95185363932945 -8.915906675452886
-19.23872782253175 -12.40515786962977 2.1514547311777443,-14.06419869464642 -5.981995077255473 -3.5394810797176444,-20.626445035524384 3.6321103860761426 11.1026561704574,36.141227912804894 2.8608006624147793 4.326731719185592,4.638472932715649 -4.176230380892416 -0.5681971663676424,-11.184803252281693 1.9396767129583654 -50.71278756870805,24.019994240456846 50.414956587455485 11.428453239706318,4.875154095022838 7.252908429594616 -1.4745453664169923,-1.3528585048034483 -2.2743398039293803 45.65972892077883,21.195951852299835 -42.36009956234345 -8.33621939990816
-19.686846605502375 -11.168731500127908 2.4279074217222485,-13.85651461846402 -5.956576812937306 -3.6502163167401815,-19.70979107649869 3.577448410254273 12.621924732939009,33.94426730445485 3.9237790217042763 4.407096533872018,4.071418505253698 -4.421302335180954 0.034137859442060936,-12.165055150035288 10.562688068916007 -48.678956400058844,24.21127624943263 51.08911727002073 11.707660124415145,4.248195269383837 6.94858663796975 -1.2408195425063373,-3.008226762293482 -4.145251824661415 46.27162914903868,20.475950864119447 -40.40751975819634 -7.615350054929812
-19.47018336017786 -9.855353721282128 2.219275839474233,-13.284534288521966 -5.772699519039357 -3.6744871138488464,-18.45326197784231 3.6531629767700236 13.355620881923914,30.735152624168776 4.915443395890722 5.046154881944426,3.389619441203233 -4.571274478879278 0.6325973651012218,-12.445467442057272 17.127009629554685 -47.07727523677091,24.23672914330894 51.26885499460656 11.797123683705298,3.4745029780730303 6.7829578717158885 -0.8183098515331519,-4.710125657712543 -7.205351190735742 46.109745705591614,19.9464598040559 -38.92041331157389 -7.060375112469663
-18.614225282463174 -8.860013004418832 1.6308128484710522,-12.499774499769414 -5.4646020077229505 -3.6954139927241103,-17.230241696827548 3.8633765926774126 13.326757327994565,27.733918502068196 5.519708793318743 5.959411855081875,2.7799465611277347 -4.586803965094575 1.1242976233014073,-12.110882890980884 19.855157466374067 -46.530224808343014,24.208240951125415 51.23963004854652 11.798570477190516,2.7558227091181293 6.787589550396512 -0.3027750818733683,-6.006001004478279 -10.060323585634654 45.196314259599845,19.843142982051816 -38.57769697320374 -6.926859447978151
-17.347438551613013 -8.416947683344112 0.8983814644923749,-11.63782687736757 -5.1013830639844935 -3.7558180077138763,-16.28650518001163 4.1553842029940755 12.782797713503363,25.828123360302925 5.524753238153581 6.687034950015789,2.438474305279328 -4.482726354590884 1.451163435901843,-11.366373807586992 17.99510558693786 -47.276319773394675,24.203767845863744 51.20823804924315 11.78554400152154,2.308857606144052 6.92454224504022 0.17739706563936652,-6.513138628420689 -11.24286045556814 43.94289242290355,20.234223063267677 -39.60309127908658 -7.301790394948846
-15.98895928491437 -8.533210141072974 0.2297189471546428,-10.793113285940288 -4.754206676902209 -3.8667277321849527,-15.714234047571315 4.454540412354993 11.99817409777272,25.27082991641171 4.921593621683431 6.878231265107605,2.477872924160483 -4.299200481065345 1.6039025488237248,-10.45426248798282 12.046555725877209 -49.06953332828291,24.232892695516732 51.21193758173456 11.771393142948767,2.2661559710198524 7.129249051794449 0.513344559748209,-6.076284745639084 -9.935644861829457 42.947201267377515,20.983341183718764 -41.64354881476109 -8.0563946835131
-14.814467139408018 -9.039151197252052 -0.3257234749178366,-10.015204781350874 -4.482829209288603 -4.033130890359917,-15.485861852574264 4.715335615435016 11.105657725878043,25.673744204770742 3.911809005614275 6.531999596381276,2.86335138528017 -4.062700162307742 1.6125962914673213,-9.565529652560244 3.4980767981954037 -51.28031732872838,24.24436126140584 51.13469500156566 11.716106392947296,2.6046622541633613 7.363823114649625 0.6646929491349002,-4.851581340814283 -6.424983709643979 42.68386140037192,21.800635692837318 -43.90095468407446 -8.894717657508185
-13.966238273652051 -9.71737017795759 -0.8955628504762903,-9.322297825783554 -4.343543923186537 -4.271673298530996,-15.512173325978473 4.953921627574071 10.055295969044069,26.281545467925422 2.810185032634443 6.0360784091982485,3.414484592460573 -3.7649331620133903 1.5291733193240478,-8.783482663623957 -5.762885705344691 -53.1521739610056,24.165851623963576 50.80557396683615 11.562014467454237,3.1431759843709814 7.644566013899473 0.6766655414935466,-3.265780644456883 -2.045004703941456 43.253668336034636,22.360753056602896 -45.4625231037476 -9.477584588437166
-13.44374116186296 -10.431683348308441 -1.6776689158140528,-8.723814869723828 -4.400005779407478 -4.604432506497803,-15.69694211625481 5.23819310706811 8.712571346084081,26.392727714807588 1.8830033375461481 5.9591193403880425,3.8799219394300213 -3.3752326803114414 1.4070468975764199,-8.085605086441143 -14.076044702764095 -54.09896282007628,23.949939285954542 50.11331334710863 11.274128751543195,3.6183518601484637 8.024792420184012 0.6533583251804592,-1.8542671913106687 1.3820423854701103 44.32465942705048,22.433832687876667 -45.6773132027899 -9.564275790446521
-13.163925382051335 -11.182492862924292 -2.7739913651433703,-8.241065442178556 -4.7140011884679724 -5.033340572723246,-15.97513564778027 5.638888542426924 7.017789820184202,25.727439560975277 1.2037959287700264 6.702945912021801,4.0535050933444925 -2.878662737333511 1.2833640862381877,-7.401171950561531 -20.40879101144101 -53.914260544513915,23.60043571603733 49.072383429143265 10.862211545095946,3.8073261570629686 8.54390578383979 0.7006513969932292,-1.0435272457915183 2.353014084001355 45.29570220001897,21.96943891122921 -44.40391539686579 -9.105668930582437
-13.04271883093438 -12.060865114777306 -4.0743227403567825,-7.913852458751235 -5.308931678785451 -5.517056227564974,-16.330249841339768 6.1720174193468775 5.091847330319178,24.564825519452878 0.6097293503897141 8.220858486471807,3.874648697593367 -2.3128023590689426 1.1696699834615891,-6.691108683675263 -24.425820351944296 -52.8099231540853,23.16824452607829 47.81390195833129 10.37602198698908,3.6362742592068007 9.177353960362268 0.8711827322734429,-0.9793387626843804 0.354342105307071 45.595954221541085,21.097564458842704 -42.0204838862985 -8.247565147305266
-13.042566550130513 -13.134266502437608 -5.275853993639472,-7.785083180835726 -6.12399630147026 -5.973845104913666,-16.7871554501058 6.771632455844914 3.2114178686844466,23.57773119571591 -0.20396393917683575 9.987918118418616,3.4590923915720837 -1.7738321609692553 1.055528935518608,-6.001133612381087 -26.306321304776155 -51.282152197779055,22.72514169592418 46.522716997485524 9.882369552330394,3.2163106101441725 9.82428256661709 1.1439128857302443,-1.4871198585972363 -3.925815918779136 44.96444378143232,20.05270015371887 -39.20860865971527 -7.248408749470104
-13.158437301226908 -14.33804294347507 -6.044239973831795,-7.866422959081353 -6.99355308918285 -6.3179789828454265,-17.37844174544081 7.31549140142562 1.6646964599007248,23.43974915235113 -1.4881323154639623 11.271201964844888,3.039582985003073 -1.379977787596805 0.9250737662634625,-5.451513783814637 -26.492791060426512 -49.879528859810144,22.335187764856933 45.36905246550528 9.441613618504531,2.7833305494972995 10.3478098148289 1.450589554076723,-2.1875048461588973 -8.940974693521587 43.5687642706761,19.064446764388414 -36.63348675460139 -6.357623901536766
-13.359705683284668 -15.445294075679566 -6.230083426327872,-8.1023459458522 -7.680134665671917 -6.51277274799344,-18.092867776437334 7.693098678815877 0.5812099694054966,24.40203273479636 -3.243182274921116 11.565730769723157,2.843751773588515 -1.2079975486817025 0.7792953783414864,-5.16342336468214 -25.53195820003473 -48.98317363582451,22.040514243084072 44.47449379561478 9.097203718292379,2.5698846416408867 10.649212233929903 1.7320334183546777,-2.7085476081482183 -13.009005061196625 41.90995008258919,18.27151025713373 -34.68610692239227 -5.717313964987268
-13.53999607165218 -16.144467747105722 -6.006764946399468,-8.35913816826367 -7.961436400934492 -6.606473090600445,-18.832031980315993 7.875859275367035 -0.14708034425720218,26.07185825789526 -5.138501541354532 10.942361467726174,2.9728073990259074 -1.2394375603220795 0.6509295233380079,-5.16365149317291 -24.046600450591306 -48.69101517302762,21.86438787765602 43.917433614659785 8.878874070339851,2.6771108457630013 10.732339237750287 1.9864305315724464,-2.8802371823631825 -15.05385566300272 40.57255934283231,17.698677922706377 -33.40749252641419 -5.333078884291154
-13.528861568826619 -16.192637868703272 -5.824949317626283,-8.460609430781677 -7.7367107648748865 -6.720328480353933,-19.41199657150898 7.942087271499878 -0.7883512175990077,27.543494281478562 -6.615808719568799 10.076484687571543,3.3482663167456175 -1.3536875538525326 0.5989675549708497,-5.330771658475024 -22.74773766582331 -48.83987684022442,21.820278982225435 43.74928166880993 8.808228593685755,3.0193508577602532 10.7146898509764 2.2736745933410307,-2.8012588048704323 -15.005011236199564 39.954559349441155,17.29885724215327 -32.607965948346695 -5.119472718173287
-13.184117334319183 -15.566773794280815 -6.176102027176523,-8.270851941214527 -7.098122133666564 -6.982355150211844,-19.63473423556346 8.032272840832965 -1.5703346297869718,27.8615419531737 -7.149689153755507 9.892038635876585,3.7602102549654597 -1.381867959713325 0.6786016387062839,-5.430269405229671 -22.351323405831973 -49.13264711347653,21.91162335116362 43.98531834486565 8.893722225148952,3.3777749669859425 10.769017614212215 2.6653381134390957,-2.735043712758217 -13.674846396559323 40.112695550101165,17.02584762690596 -32.086629776786516 -4.984872491738661
-12.529808743030351 -14.530507253373194 -7.271466655274208,-7.794264142998299 -6.322411122009232 -7.433465387884805,-19.416608936019294 8.251349926185423 -2.474128442479323,26.61428339258256 -6.544992261960732 10.980137755487485,3.9956729741019275 -1.2006838947660246 0.8970704791000075,-5.237527085264084 -23.336322726639725 -49.295779196588484,22.116306579428738 44.55952555798914 9.112208388899118,3.5395058752832664 11.019893609880777 3.1654705588805574,-2.8891478205137235 -12.203717168973933 40.78930418043022,16.88860236177589 -31.807668969066118 -4.901707384476307
-11.863119506382752 -13.572982788129062 -8.809383716247831,-7.240707644420078 -5.775475799024921 -7.955670957423756,-18.914455852708784 8.571155125595867 -3.1565654074766867,24.35360582524701 -5.111202522675049 13.10870755030175,3.9790032397693675 -0.8182568015598704 1.1786920546295416,-4.6910148476658335 -25.625751202378332 -49.1916560205585,22.366128205355874 45.27326120980878 9.389218617817633,3.447534298683014 11.45018286887137 3.6518504832108496,-3.2057234482910832 -11.38119757985207 41.587449676063585,16.952233795800414 -31.926117546706955 -4.920771899467601
-11.750891982205964 -13.238958883355513 -9.979649966320753,-7.005645054155129 -5.7681345139568405 -8.269763756486931,-18.564785228998726 8.794938999261536 -3.0693785501842643,22.582829951413714 -3.5976689439036162 15.129909078747579,3.84417134796088 -0.4014662797276767 1.3645353408875176,-3.987114127457586 -28.38946672438241 -48.84534124286042,22.542431648590547 45.792309592457414 9.598532241521958,3.273874492299229 11.873859124950174 3.8838653582447167,-3.2967859726307163 -11.207244897628625 42.18760252786186,17.285890147386255 -32.653382928209574 -5.1243708048883665
-12.88000997853802 -13.92294278722073 -9.743623366956575,-7.547361408578191 -6.429813246311529 -8.020080428702787,-18.973953368948703 8.618292690892648 -1.7298758074787388,23.240415409665488 -2.8871345401746193 15.404268999589108,3.8909661542133485 -0.22049277138060086 1.2593238919048386,-3.5455217355851714 -30.166530028173412 -48.39325410227387,22.504974945472345 45.732436286252586 9.595295746894502,3.3641210779325137 12.00053342787767 3.590308671315227,-2.5866067153660155 -10.922509917190084 42.48839609369384,17.89211373114233 -34.054038347840816 -5.550918798723185
-15.797583763219176 -15.717697787632563 -7.285899016574731,-9.194846690426436 -7.6609498296557 -6.920019230381111,-20.667760200623107 7.7694645747479285 0.9976592130990873,27.857188588264936 -3.574605515814698 12.583738728369358,4.4379716286667374 -0.5289097209911202 0.7142510310628024,-3.8370527135424233 -29.363415309615355 -47.996380638941744,22.151802306277236 44.82195494694995 9.277311888212045,4.069432385187629 11.568551639945149 2.6040845947818037,-0.6087719232864062 -9.484498291023426 42.60719853827715,18.665815581418236 -35.91051901404498 -6.141224568056335
-20.64134018153144 -18.381224713131427 -2.4322715434640485,-11.965488010496237 -9.186192327184783 -4.8963889713194115,-23.796618361948987 6.16413775644174 4.769856762374967,36.7557588876107 -5.635708012143402 6.377625563138144,5.643281467166079 -1.4344137055400368 -0.28891879625160655,-5.1434746195434995 -24.968952920894587 -47.76739075754255,21.484077984624264 43.06987574727935 8.647218112282157,5.546465357342319 10.483532970740962 0.9768884721487456,2.6912310301065 -6.228523940336431 42.75927557865486,19.41514771969974 -37.75448976172668 -6.743863956903222
-26.983102098034053 -21.431079903688648 4.173876106960687,-15.48435545471693 -10.67939295932749 -2.1632558923031473,-27.946667841093575 3.9930394636157587 8.868562359003906,48.68777773376324 -8.366098853358775 -2.108230704490873,7.387097775733616 -2.825423432611742 -1.5960263729208246,-7.368724345112964 -17.160399918206558 -47.74133642794687,20.637321659046727 40.83995781045879 7.83875126917599,7.630993828589895 8.890588238067313 -0.9932436089032047,6.819152092711437 -1.3533009660205622 43.09920998104414,19.940085521989317 -39.06433657068508 -7.181382688049205
