-3.9 -35.1 10.3,6.7 -25.9 13.6,-35.2 1.5 -14.6,65.0 -13.8 -22.6,7.5 -7.5 -6.4,35.8 -10.4 -16.0,29.9 83.6 26.8,8.4 5.2 -1.6,-2.1 -17.4 25.6,30.0 -89.5 -29.8
-3.5 -33.7 10.6,6.6 -22.3 14.0,-36.5 1.2 -16.4,65.0 -11.6 -22.2,7.8 -8.0 -8.3,34.2 -14.4 -17.7,30.0 88.9 29.5
8.8 5.4 -0.2,-0.1 -13.1 26.9,30.0 -90.8 -30.4
-3.9 -36.8 10.4,8.1 -27.1 16.7,-36.6 0.2 -11.5,66.4 -11.5 -25.4,7.6 -8.1 -9.6,23.6 -16.2 -20.8,29.9 83.1 26.6
8.9 5.3 -1.5,4.5 -12.4 29.2,29.9 -83.6 -26.8
-3.5 -33.7 10.6,6.6 -22.3 14.0,-36.5 1.2 -16.4,65.0 -11.6 -22.2,7.8 -8.0 -8.3,34.2 -14.4 -17.7,30.0 88.9 29.5
8.8 5.4 -0.2,-0.1 -13.1 26.9,30.0 -90.8 -30.4
-3.4 -38.1 10.6,7.7 -28.2 16.7,-37.3 0.1 -11.8,66.4 -11.3 -25.6,6.7 -8.2 -10.3,23.6 -14.8 -19.9,29.9 83.3 26.7,8.1 5.5 -1.2,3.9 -11.3 28.1,30.0 -87.8 -28.9
-3.5 -33.7 10.6,6.6 -22.3 14.0,-36.5 1.2 -16.4,65.0 -11.6 -22.2,7.8 -8.0 -8.3,34.2 -14.4 -17.7,30.0 88.9 29.5
8.8 5.4 -0.2,-0.1 -13.1 26.9,30.0 -90.8 -30.4
8.6 -21.0 7.8,6.9 -12.4 13.6,-41.2 -3.7 -16.0,57.2 -2.8 -15.6,5.9 -12.0 -21.2,16.5 -31.0 -23.6,30.0 94.2 32.2
9.5 3.0 -5.1,6.4 4.0 36.9,30.0 -88.0 -29.0
9.9 -23.1 8.8,7.1 -14.5 13.0,-39.3 -1.6 -17.2,55.4 -6.8 -16.0,6.0 -12.0 -18.5,24.4 -28.8 -24.1,29.4 103.1 36.5,9.0 2.4 -5.6,2.8 -8.1 32.8,30.0 -86.9 -28.5
10.3 -23.4 8.6,7.1 -14.6 13.2,-38.3 -0.2 -17.1,56.1 -9.0 -16.1,6.6 -11.5 -15.7,27.4 -27.8 -25.4,29.4 103.2 36.6,9.2 2.2 -5.9,1.3 -12.6 32.4,30.0 -93.4 -31.7
9.9 -23.1 8.8,7.1 -14.5 13.0,-39.3 -1.6 -17.2,55.4 -6.8 -16.0,6.0 -12.0 -18.5,24.4 -28.8 -24.1,29.4 103.1 36.5,9.0 2.4 -5.6,2.8 -8.1 32.8,30.0 -86.9 -28.5
7.9 -19.0 7.6,7.5 -11.0 13.3,-42.2 -4.1 -16.8,59.7 -2.5 -15.1,7.7 -12.2 -20.9,19.5 -32.8 -24.5,29.4 102.5 36.3,11.0 2.9 -4.5,5.7 -0.8 35.9,30.0 -87.9 -29.0
-1.7 -38.0 11.8,11.2 -27.5 17.9,-28.1 -0.7 -15.3,48.5 -8.7 -19.5,8.0 -9.0 -12.4,24.4 -14.7 -18.4,29.9 94.8 32.4,9.6 5.2 -0.6,9.6 1.6 44.4,28.4 -110.8 -40.3
-1.5 -36.9 12.3,9.9 -25.3 18.0,-28.5 0.2 -18.5,50.3 -10.1 -21.3,8.5 -8.7 -10.1,31.8 -14.1 -16.6,29.8 98.2 34.1,9.9 5.0 -1.0,10.8 9.7 46.4,23.3 -132.0 -49.6
-1.5 -39.1 11.8,10.4 -29.0 17.4,-28.7 -0.5 -14.6,49.0 -8.7 -19.8,7.9 -8.9 -11.8,26.2 -12.8 -18.2,30.0 93.1 31.6,9.5 5.2 -0.8,10.0 4.0 44.6,28.3 -111.1 -40.4
-3.6 -36.2 10.5,7.4 -26.2 17.0,-38.1 -0.1 -11.8,67.7 -10.4 -25.7,6.6 -8.2 -10.0,20.7 -13.8 -19.8,29.7 81.2 25.6,8.0 5.4 -1.5,5.4 -11.9 25.5,29.9 -84.4 -27.2
-4.6 -33.5 9.2,7.8 -23.7 16.1,-39.1 -0.6 -11.2,70.7 -9.5 -26.3,7.4 -8.3 -11.0,14.9 -18.0 -23.2,29.9 84.3 27.2,8.8 5.5 -1.2,6.5 -9.7 29.4,30.0 -86.5 -28.3
-3.9 -35.1 10.3,6.7 -25.9 13.6,-35.2 1.5 -14.6,65.0 -13.8 -22.6,7.5 -7.5 -6.4,35.8 -10.4 -16.0,29.9 83.6 26.8,8.4 5.2 -1.6,-2.1 -17.4 25.6,30.0 -89.5 -29.8
-3.6 -36.2 10.5,7.4 -26.2 17.0,-38.1 -0.1 -11.8,67.7 -10.4 -25.7,6.6 -8.2 -10.0,20.7 -13.8 -19.8,29.7 81.2 25.6,8.0 5.4 -1.5,5.4 -11.9 25.5,29.9 -84.4 -27.2
-3.5 -33.7 10.6,6.6 -22.3 14.0,-36.5 1.2 -16.4,65.0 -11.6 -22.2,7.8 -8.0 -8.3,34.2 -14.4 -17.7,30.0 88.9 29.5
8.8 5.4 -0.2,-0.1 -13.1 26.9,30.0 -90.8 -30.4
-3.9 -36.8 10.4,8.1 -27.1 16.7,-36.6 0.2 -11.5,66.4 -11.5 -25.4,7.6 -8.1 -9.6,23.6 -16.2 -20.8,29.9 83.1 26.6
8.9 5.3 -1.5,4.5 -12.4 29.2,29.9 -83.6 -26.8
-3.6 -36.2 10.5,7.4 -26.2 17.0,-38.1 -0.1 -11.8,67.7 -10.4 -25.7,6.6 -8.2 -10.0,20.7 -13.8 -19.8,29.7 81.2 25.6,8.0 5.4 -1.5,5.4 -11.9 25.5,29.9 -84.4 -27.2
-3.4 -38.1 10.6,7.7 -28.2 16.7,-37.3 0.1 -11.8,66.4 -11.3 -25.6,6.7 -8.2 -10.3,23.6 -14.8 -19.9,29.9 83.3 26.7,8.1 5.5 -1.2,3.9 -11.3 28.1,30.0 -87.8 -28.9
-3.8 -35.7 10.3,6.7 -25.6 14.3,-33.9 2.0 -15.0,63.8 -14.0 -23.2,7.3 -7.3 -5.5,37.5 -12.2 -16.8,29.9 83.6 26.8,8.1 5.1 -1.8,-0.8 -15.8 26.7,30.0 -93.3 -31.7
-1.7 -38.0 11.8,11.2 -27.5 17.9,-28.1 -0.7 -15.3,48.5 -8.7 -19.5,8.0 -9.0 -12.4,24.4 -14.7 -18.4,29.9 94.8 32.4,9.6 5.2 -0.6,9.6 1.6 44.4,28.4 -110.8 -40.3
-1.5 -36.9 12.3,9.9 -25.3 18.0,-28.5 0.2 -18.5,50.3 -10.1 -21.3,8.5 -8.7 -10.1,31.8 -14.1 -16.6,29.8 98.2 34.1,9.9 5.0 -1.0,10.8 9.7 46.4,23.3 -132.0 -49.6
-1.7 -38.0 11.8,11.2 -27.5 17.9,-28.1 -0.7 -15.3,48.5 -8.7 -19.5,8.0 -9.0 -12.4,24.4 -14.7 -18.4,29.9 94.8 32.4,9.6 5.2 -0.6,9.6 1.6 44.4,28.4 -110.8 -40.3
-1.5 -39.1 11.8,10.4 -29.0 17.4,-28.7 -0.5 -14.6,49.0 -8.7 -19.8,7.9 -8.9 -11.8,26.2 -12.8 -18.2,30.0 93.1 31.6,9.5 5.2 -0.8,10.0 4.0 44.6,28.3 -111.1 -40.4
-3.9 -35.1 10.3,6.7 -25.9 13.6,-35.2 1.5 -14.6,65.0 -13.8 -22.6,7.5 -7.5 -6.4,35.8 -10.4 -16.0,29.9 83.6 26.8,8.4 5.2 -1.6,-2.1 -17.4 25.6,30.0 -89.5 -29.8
-3.5 -33.7 10.6,6.6 -22.3 14.0,-36.5 1.2 -16.4,65.0 -11.6 -22.2,7.8 -8.0 -8.3,34.2 -14.4 -17.7,30.0 88.9 29.5
8.8 5.4 -0.2,-0.1 -13.1 26.9,30.0 -90.8 -30.4
-3.9 -35.1 10.3,6.7 -25.9 13.6,-35.2 1.5 -14.6,65.0 -13.8 -22.6,7.5 -7.5 -6.4,35.8 -10.4 -16.0,29.9 83.6 26.8,8.4 5.2 -1.6,-2.1 -17.4 25.6,30.0 -89.5 -29.8
-3.8 -35.7 10.3,6.7 -25.6 14.3,-33.9 2.0 -15.0,63.8 -14.0 -23.2,7.3 -7.3 -5.5,37.5 -12.2 -16.8,29.9 83.6 26.8,8.1 5.1 -1.8,-0.8 -15.8 26.7,30.0 -93.3 -31.7
-1.7 -38.0 11.8,11.2 -27.5 17.9,-28.1 -0.7 -15.3,48.5 -8.7 -19.5,8.0 -9.0 -12.4,24.4 -14.7 -18.4,29.9 94.8 32.4,9.6 5.2 -0.6,9.6 1.6 44.4,28.4 -110.8 -40.3
-1.5 -36.9 12.3,9.9 -25.3 18.0,-28.5 0.2 -18.5,50.3 -10.1 -21.3,8.5 -8.7 -10.1,31.8 -14.1 -16.6,29.8 98.2 34.1,9.9 5.0 -1.0,10.8 9.7 46.4,23.3 -132.0 -49.6
-1.5 -39.1 11.8,10.4 -29.0 17.4,-28.7 -0.5 -14.6,49.0 -8.7 -19.8,7.9 -8.9 -11.8,26.2 -12.8 -18.2,30.0 93.1 31.6,9.5 5.2 -0.8,10.0 4.0 44.6,28.3 -111.1 -40.4
-3.6 -36.2 10.5,7.4 -26.2 17.0,-38.1 -0.1 -11.8,67.7 -10.4 -25.7,6.6 -8.2 -10.0,20.7 -13.8 -19.8,29.7 81.2 25.6,8.0 5.4 -1.5,5.4 -11.9 25.5,29.9 -84.4 -27.2
-3.4 -38.1 10.6,7.7 -28.2 16.7,-37.3 0.1 -11.8,66.4 -11.3 -25.6,6.7 -8.2 -10.3,23.6 -14.8 -19.9,29.9 83.3 26.7,8.1 5.5 -1.2,3.9 -11.3 28.1,30.0 -87.8 -28.9
-3.9 -36.8 10.4,8.1 -27.1 16.7,-36.6 0.2 -11.5,66.4 -11.5 -25.4,7.6 -8.1 -9.6,23.6 -16.2 -20.8,29.9 83.1 26.6
8.9 5.3 -1.5,4.5 -12.4 29.2,29.9 -83.6 -26.8
-4.3 -34.7 9.3,7.4 -24.7 15.5,-38.0 0.3 -12.0,69.4 -12.7 -25.5,7.3 -8.0 -9.2,25.6 -17.1 -20.2,29.9 84.5 27.3,8.5 5.5 -1.1,2.3 -12.7 27.4,30.0 -87.2 -28.7
-4.6 -33.5 9.2,7.8 -23.7 16.1,-39.1 -0.6 -11.2,70.7 -9.5 -26.3,7.4 -8.3 -11.0,14.9 -18.0 -23.2,29.9 84.3 27.2,8.8 5.5 -1.2,6.5 -9.7 29.4,30.0 -86.5 -28.3
-3.6 -36.2 10.5,7.4 -26.2 17.0,-38.1 -0.1 -11.8,67.7 -10.4 -25.7,6.6 -8.2 -10.0,20.7 -13.8 -19.8,29.7 81.2 25.6,8.0 5.4 -1.5,5.4 -11.9 25.5,29.9 -84.4 -27.2
