-3.5051165160045326 -34.14233123604951 10.524449276873717,6.809035882728924 -23.712700338167704 14.301762689643295,-36.215994133923104 0.9086216755322409 -15.243224441124575,64.71225380877175 -11.356692716287155 -22.367302463556143,7.449305526292468 -7.952062553779859 -8.304703438336189,31.108731149274874 -12.383312088176716 -17.45630087692947,29.920460289119045 85.87303213990992 27.957578843374577,8.532062099088213 5.331577306708671 -0.8339765090448976,0.695887077660541 -13.60256374004277 26.56472112262638,30.142748175408403 -89.72715391028322 -29.922730638316736
-3.3317911653163956 -33.938163433935735 10.613323530899274,6.385583596961643 -23.224431023084506 13.706907144626268,-36.07875370298052 1.3388115756717283 -16.262588336893653,64.51133301619494 -12.24408982788114 -21.898975152132454,7.455807673371685 -7.849034623128331 -7.59413654818826,35.53624757688095 -12.038452974642743 -16.302982962400577,29.943831101632636 86.69694050598386 28.369192548000836,8.446681954631249 5.307954247603721 -0.7266259356215032,-1.1474688474853618 -14.519482512217667 25.61230398268215,29.95173855384271 -91.02596548723007 -30.516099605686556
-3.3803355011257743 -34.007509740081346 10.59281663363052,6.24993889232685 -23.141907060018738 13.637365813717581,-36.293770776492586 1.4920603565484216 -16.40450353740865,65.1120849442868 -12.721900481030541 -22.202319271039016,7.486332194695765 -7.8070873862017205 -7.37429426381347,36.83777704626706 -12.576026288681266 -16.2662608976303,29.949493479395432 87.08092354199056 28.564982417308926,8.440026712393063 5.312515627473046 -0.6879092061370389,-1.6675463354990088 -14.867388658605622 25.258428227845577,29.786040935699535 -91.12572976289016 -30.51696217672166
-3.611588379324286 -34.391854048819276 10.526799624665871,6.481061747091955 -23.526770460802858 14.086626106152293,-36.58396703972644 1.3582929449335566 -15.730683351789178,65.9293373912572 -12.663504910986097 -22.977074094649883,7.5853520091843 -7.834480289532958 -7.6574969998313405,35.089386576139106 -13.709760108476818 -17.226322823731003,29.94462034564367 87.0448098082984 28.55535731873955,8.557584675245481 5.340989367591956 -0.6877854796208258,-0.8116912486284037 -14.595512911021649 25.76090517645886,29.74296116693576 -89.9914249189439 -29.93566892124245
-3.89622961636541 -34.94943758173353 10.472184469755174,6.983080835204067 -24.199802351800493 14.82791926717619,-36.70894176771501 1.0379104315025471 -14.627838371353201,66.39976127261937 -12.178412738863866 -23.77142736815502,7.747385180535791 -7.913713867967881 -8.26285044772466,31.566839706913502 -14.964317978385655 -18.661351335806156,29.941004277130038 86.72714564328149 28.40811152295111,8.777799785920752 5.3762890307680244 -0.701846442336516,0.89747233542644 -13.860886180060573 26.97819221421715,29.84118962161315 -88.15672935101016 -29.045351398086463
-4.069115221899513 -35.427890517507805 10.454159397024407,7.528308289519941 -24.836901416783576 15.528787371397767,-36.59757518351501 0.6865802823332294 -13.615209592520388,66.2646563965707 -11.538440555828963 -24.21114326480226,7.909299050102759 -8.013716737176944 -8.91961811490152,28.066703114226335 -15.8955909129294 -19.90878035099744,29.947078054508896 86.30918822669216 28.210558851200517,9.014832065690731 5.39550086333547 -0.7293378463270683,2.635859901018396 -12.94664565144388 28.418357727364487,30.01278007828236 -86.45118999011396 -28.242124350136578
-4.0115140935460305 -35.61043488904839 10.464349239008063,7.871616307749193 -25.149780481438334 15.9132590606824,-36.368984321801925 0.44081295303330825 -13.097973974645788,65.66508024413712 -11.035728559176098 -24.170600099899417,7.980722145525057 -8.105096834037035 -9.398738656615198,26.042333063580173 -16.27047836935336 -20.47871136839453,29.96223612476894 85.9481806687784 28.03739951709253,9.158552771336504 5.382685074323696 -0.7861764867879282,3.6785145911393666 -12.146967335842977 29.471685912879316,30.147452183756137 -85.58710011327247 -27.850323674918894
-3.722581842721368 -35.45585253438057 10.479864686776528,7.875001894073192 -25.053741678887462 15.88813415364732,-36.23521929271544 0.3640952125012512 -13.19113242228844,65.0169574685996 -10.851846147661876 -23.80535208987635,7.897016131725716 -8.168713717877871 -9.599072200512175,25.99774868299433 -16.117109687415482 -20.259179073178927,29.97699115713262 85.73886155422396 27.933280432226653,9.130916823976618 5.341058251199836 -0.8785883535706188,3.719470647901151 -11.674485418627846 29.704778523432207,30.16111619335302 -85.8309714370903 -27.977763269802338
-3.339243726614412 -35.1475605039224 10.488632995388802,7.5748039767646445 -24.725979915337447 15.570340949921523,-36.34887881509557 0.4381327957803849 -13.698781898988365,64.75116799571381 -11.001996172729765 -23.4396981227967,7.663978736681573 -8.194221147133732 -9.54933415729887,27.41968524715021 -15.636039183596171 -19.516504260865993,29.979103492536122 85.7021629572115 27.908615926545146,8.928038340718201 5.296630324816607 -0.9783356700115828,2.956262998601189 -11.621082717405363 29.06241299859544,30.046973954798126 -86.92713327665761 -28.492896570479274
-3.0829567599897314 -35.00943194283252 10.50277270424702,7.155321639355281 -24.51174704138185 15.205580217699284,-36.691531922748965 0.5953482771246407 -14.250789005164918,65.06714274520316 -11.368116404060675 -23.37505744034653,7.365826527334179 -8.173965925708721 -9.343168836024937,29.223213445993252 -15.045800471653424 -18.707475922537057,29.96219443773898 85.79244323906984 27.943519780722877,8.624816882367131 5.288466144310706 -1.0220853938316274,1.9176394455288492 -11.964323174418755 27.87680134140805,29.878887540235514 -88.29334125224781 -29.124658996303005
-3.1464314792209747 -35.316729244571036 10.549462438623852,6.844177978007742 -24.716761328386504 15.025512594480992,-37.07488058867255 0.7649703969562025 -14.51760690985359,65.82817649741801 -11.782127368315775 -23.719500691080107,7.127666305970924 -8.1021467474384 -9.066523226905403,30.413750885621308 -14.471518909450138 -18.21968727290709,29.931611958102327 85.91984486243237 27.997873454988,8.33960310031934 5.347513542522245 -0.9432688860809739,1.1503345775244926 -12.58670194694815 26.690550787009954,29.76565632082973 -89.35803257154157 -29.61873751424855
-3.567767744916966 -36.09386640091106 10.643516188519506,6.787791771241293 -25.390873390758582 15.121104592079224,-37.258933849468285 0.900501576670067 -14.387169440620957,66.63995340046549 -12.098206012411334 -24.32117625274571,7.0499590011549715 -7.985438559505377 -8.775788970689696,30.578813285050128 -13.950344294845891 -18.187181797554132,29.903569020579187 85.99125525826938 28.029731259621734,8.178332531040045 5.473093119852038 -0.722806802983977,0.9460941541696081 -13.280646808752849 25.998108589007884,29.784081304784998 -89.8413345054277 -29.858854558293963
-4.155386975921981 -37.0115615140102 10.759064792827557,6.975665049795268 -26.22365746832462 15.398045423469142,-37.118850544031034 0.9734152695891597 -14.013380538635865,67.0530017417774 -12.212846982272822 -24.831763106572108,7.150303542735484 -7.861048155642932 -8.542003838087439,29.95772792107242 -13.542839048435102 -18.475780414167694,29.897247220190227 85.96945722554877 28.022832413151633,8.18824315731276 5.619600557438451 -0.42888171272768216,1.2506991825420206 -13.743846475746 26.04559672152935,29.931100213130673 -89.8310653219375 -29.890265667204417
-4.513079905366914 -37.45859243044218 10.821154310995325,7.2542103350361415 -26.625235404987965 15.6340638358272,-36.7573766931417 0.9450153588657526 -13.717768770701376,66.77091320748579 -12.03789789385854 -24.862053359774794,7.346316467706386 -7.808217654851093 -8.519388418446056,29.1075884529766 -13.458193588731241 -18.82896774368851,29.9236613694418 85.93326915925493 28.01560834512187,8.344766329369898 5.703119116165919 -0.21655399407504217,1.7805398131580565 -13.601736782310692 26.783727570461508,30.12381566143752 -89.63594277837262 -29.845313325400674
-4.172770343925004 -36.78146646137753 10.72876858131318,7.420455349428432 -25.97536212029212 15.603385537674056,-36.48518012481918 0.7470523999914769 -13.80428679687463,65.75742681217531 -11.471559775317088 -24.152383277571268,7.492300508768049 -7.93739751383412 -8.965627815682762,28.424489480595817 -14.077368357357019 -19.072056479764157,29.977292724287906 86.10369856091289 28.114681715190542,8.575541725331735 5.6290176164070385 -0.27701010379099167,2.2502239711837637 -12.497643218261386 27.973222211523186,30.247844234119437 -89.53050765140858 -29.829015768029116
-2.790309954730587 -34.597041949917894 10.403106942847213,7.3415879909089305 -23.934241098764367 15.19988486183917,-36.66495578560438 0.2983676569747751 -14.390141113882125,64.20367226374456 -10.416592790549577 -22.681996523259883,7.452909933892463 -8.35120950128728 -10.16210157260798,27.84889852478651 -15.813261550649841 -19.243125038195448,30.03547212979608 86.80066706428799 28.474875678534097,8.804460841665728 5.331002697124184 -0.7541707343834159,2.5581524585306172 -10.25404760667999 29.35536729426665,30.225766157472606 -89.56230710224362 -29.842240306380624
-0.32176208141611706 -31.033327535973402 9.83846906844009,7.032715782620967 -20.665703118907324 14.494576239488671,-37.49653966260952 -0.4400710209582472 -15.34186513211284,62.39795282921743 -8.858405901447266 -20.67737381173793,7.175555401709294 -9.088963968715428 -12.247512142149825,26.947178348495413 -18.8533984331116 -19.569239424008078,30.06664726560596 88.3220857617814 29.240779518579377,8.988552204607025 4.804837680008382 -1.6677240389072605,2.816066846197954 -7.04757297113155 30.77329401102259,30.065248823458024 -89.54213419470184 -29.791206900809232
2.9048201538566176 -26.771272196453197 9.12748667877005,6.64961984392696 -16.852285758020322 13.700752430899856,-38.86266344119228 -1.4008276696770383 -16.34570558205786,60.587089158914516 -6.961473756719945 -18.52780778838905,6.7223202799055635 -10.08181096798856 -15.049655205874897,25.30720777890869 -22.92548058255595 -20.304411750662698,30.04399990128129 90.78343125428604 30.467989582409643,9.12706237374439 4.120208399791225 -2.883458167224158,3.2155072539798004 -3.494877351616605 32.17551962863737,29.85776848518208 -89.2165508838131 -29.574185575798822
6.268515215330872 -22.8425314605549 8.44201236434615,6.401473280180736 -13.472694034404316 13.06937463458027,-40.33172630224143 -2.3823955074031438 -17.069145643996528,58.90746680636994 -5.108482090617115 -16.65246533457549,6.242947275117425 -11.147954774614625 -18.029566017236714,22.973998720453586 -27.246786387343295 -21.532550536887054,29.957899137202993 93.99523489421756 32.06216928289352,9.240886185293975 3.4026976413329937 -4.151347838978346,3.8311755217793295 -0.5554268308770567 33.520198029105394,29.72729851080851 -88.50389380076618 -29.185320429206865
9.066619700655334 -20.24969616334228 7.971945952824912,6.4331396865419 -11.423930758036828 12.771481083710675,-41.334350557228746 -3.0928907535071035 -17.32497853579993,57.40828644868436 -3.8211635754895426 -15.373035694403045,5.902009345261484 -12.04227553642579 -20.4125365747626,20.61359577141931 -30.741095601667602 -23.06240198609509,29.821030878248116 97.45866164586015 33.77610600828367,9.339779595197557 2.7910652995703655 -5.198796651675782,4.502121852194021 0.7684938056515147 34.66934139814809,29.757594972475967 -87.63173563803173 -28.76251146965164
10.775857046324418 -19.564208922830463 7.846358128137464,6.742907987717972 -11.149572238592974 12.826586760937902,-41.43589191002769 -3.262437403540731 -17.153161164677734,56.1274201202307 -3.5640388739663136 -14.831855451048028,5.798385320307654 -12.547681244214491 -21.48443244303474,19.255892661514064 -32.46478431323117 -24.48788159463513,29.66360187699012 100.51308016690871 35.28233159508168,9.402492946750826 2.3868800332962907 -5.837820065992827,4.881677417087607 -0.15660415164460062 35.370678404904915,29.939997669253497 -87.07084300339805 -28.53897995351091
11.252085050667263 -20.679054160726132 8.072874438242138,7.180884708156347 -12.442387750813312 13.10783555772831,-40.56895347693318 -2.7782792618423646 -16.783558077834925,55.1507637263103 -4.509380011746396 -14.970506202735917,5.919629699027613 -12.570206673949055 -20.929342142531013,19.73212613289429 -32.05286862569555 -25.387900473848443,29.52093011431037 102.59094506860411 36.29969059340668,9.386128525361515 2.2181357721173915 -6.036162094732383,4.637545762248269 -3.2512166719352065 35.3644228968156,30.17316559625738 -87.28395767073116 -28.717031295767363
10.777261063770649 -22.83413531035147 8.525653989483995,7.52807918029676 -14.517553813606359 13.413658986873292,-39.101692960634715 -1.7729614274605645 -16.506457920774096,54.604988805090684 -6.386406032119144 -15.562906440519296,6.155041203259635 -12.191085566651253 -19.036589937811506,22.128841002839053 -29.95371777994957 -25.55371219062528,29.419434289186512 103.46561455715482 36.717050849441094,9.26095503859023 2.2331786748311373 -5.918631909018064,3.6827247487077237 -7.632252867946487 34.561259580783364,30.317434429280382 -88.42468286111766 -29.332792134079728
9.926778421070718 -24.915989372698466 8.991269884395626,7.612182806381467 -16.33350245094637 13.56462090323448,-37.69581567295557 -0.609018957262116 -16.522872911848467,54.58549813657257 -8.516519821548098 -16.28696009282681,6.359429120540588 -11.644171676478638 -16.647569832556094,25.597835562068394 -27.302290790661196 -25.11045403831526,29.367622942864173 103.3608731492192 36.64837841082533,9.048141414993037 2.3281391087890992 -5.698422577496906,2.289463276635513 -11.867743846851798 33.175922408136806,30.275335492893415 -90.1639817552104 -30.192694622004815
9.31065161645459 -25.91199764186601 9.255137950437078,7.397462479199859 -17.025665130622528 13.477920595621638,-37.01331343754282 0.2492308643741426 -16.851121878631727,55.07030595918694 -10.051830571706454 -16.81731052963059,6.432303808415773 -11.221042109191675 -14.833128968954021,28.673032931722055 -25.453795854881676 -24.45668736177844,29.35593319375055 102.8465430331232 36.38081943060176,8.83264402546916 2.3960441039838147 -5.571862352864642,1.0020624057236738 -14.507267161778426 31.711544442853913,30.05356744860071 -91.76396955718077 -30.928663156660622
9.301115403948335 -25.3283415228597 9.19173623716123,7.0023858797456 -16.266163684673025 13.190438426030878,-37.40876742247042 0.42777519044799317 -17.331290215557694,55.883869385946745 -10.327069838705778 -16.92133678917452,6.369534278032951 -11.142726642010903 -14.431786572505143,29.95640157455159 -25.37680165582746 -24.049076382207048,29.36471438473548 102.55184843152297 36.23110309736788,8.736142203601826 2.375885673289779 -5.626899642353488,0.38342191025638606 -14.669014217098432 30.772638299501022,29.76967152144061 -92.39174544332678 -31.157621585774443
9.868205633719 -23.394003867984576 8.819243585152346,6.639208218316053 -14.394525480649992 12.830691096177397,-38.7537601687586 -0.18847423074927155 -17.716613911738126,56.74396765400299 -9.163790129451906 -16.536760486815723,6.260516382577632 -11.457040960388131 -15.663007507262519,28.814617276346812 -27.191933601625298 -24.149219833659558,29.375716545154287 102.83245556041653 36.37814437089318,8.85886222959948 2.279840843314574 -5.807471944284443,0.733274256944549 -12.409943593219063 30.791843869771647,29.595073212068897 -91.53830660434019 -30.675230176894345
10.5979193306001 -20.965054872850047 8.294782013474226,6.51128573329975 -12.266138413161404 12.563052475654462,-40.476508503896 -1.3934523263951548 -17.799381721985316,57.37009655755216 -6.973951762065287 -15.805076106729766,6.234418685399277 -12.012014574605804 -18.007966758994936,25.707890616087212 -30.0870113812925 -24.673718567114456,29.381115861510345 103.56783451479204 36.76064605716051,9.220291939738356 2.186686710862716 -5.947567618242552,1.9395053753894507 -8.68708282704188 31.820868795787863,29.660247739823692 -89.34614905411605 -29.59289506742349
10.885323555256736 -19.17290251208997 7.852752662518856,6.723469927492062 -10.889468202185554 12.533111593604403,-41.79612567035274 -2.7392364323185 -17.50830579605182,57.58979362086509 -4.599945001041543 -15.038830366274759,6.386906571996158 -12.52131351585596 -20.427213888459953,21.96840618422776 -32.66319749521649 -25.232311003685215,29.38590238469569 104.21157338214616 37.10179330765311,9.733813027074119 2.204675982678602 -5.855157099494095,3.55109804058061 -4.9068644435687085 33.51404848783311,29.96965018773434 -86.68391768691599 -28.35078597036653
10.215492800992973 -18.968768814072654 7.713360620707647,7.249173942215233 -11.013112507007252 12.832198755832877,-42.0400553013925 -3.7238183308082924 -16.935763607761615,57.378413034176965 -2.956709124028724 -14.619007945202423,6.72838348959032 -12.693266338964346 -21.820093906913755,19.147628052497318 -33.55625217658435 -25.334185936268852,29.403209753227326 104.08845395615421 37.05852645210105,10.234665515117252 2.4207103687246843 -5.404122808802239,5.033261216332157 -2.2653124092597836 35.329336370552426,30.372105306589194 -84.91694113110995 -27.59422917226962
8.40562262952295 -20.756261329450815 8.00005067883007,7.9632941667106625 -12.839494379015122 13.482663640277117,-40.9002432007579 -4.000720857095546 -16.29140744984064,56.810312498087086 -2.6421110620726056 -14.848699183403708,7.181195371061897 -12.363439387674937 -21.509497553778246,18.286083724539107 -32.04020922705085 -24.649185219051926,29.44577147931834 102.79362167580686 36.42300670897526,10.551992282656101 2.8584194741814173 -4.591903047606383,6.057737564368889 -1.1975906041645386 36.84294522344985,30.607152290994915 -85.45247159741078 -27.958553952541102
5.700544781091546 -24.25875670399275 8.698527071646355,8.714025832900045 -15.978593095049632 14.435593374870452,-38.522195797124006 -3.5131156822201395 -15.811794086111238,55.95887249368162 -3.6997192881573184 -15.817361978050798,7.6246201316580375 -11.56826358581055 -19.522026788481913,19.491657034018857 -28.329443762433467 -23.181664616849716,29.51827868518985 100.47841827525355 35.26778683027793,10.589849385452766 3.463306205827555 -3.5402509971523832,6.6591167644786315 -1.213607558974338 37.99670470388295,30.411658536404076 -89.22800981115398 -29.841969525440934
2.6818619006658535 -28.66146601000085 9.670135569084582,9.389215778879791 -19.644356133473423 15.57456890018675,-35.407560577725164 -2.4932732027711024 -15.668734692489188,54.820459613653085 -5.642098298161215 -17.338493128749658,7.959443785054266 -10.52582084891494 -16.536573821237944,22.026321202725487 -23.445831741758102 -21.266094661535192,29.61436236715327 97.85070050274528 33.94745931828987,10.374252708884892 4.120789775451504 -2.4448034273522907,7.166346574249412 -1.2094229255658 39.122527281317424,29.641425352922862 -96.32652103584758 -33.245620823942936
0.03555884060381809 -32.94963883756926 10.708666338614151,9.942540333050786 -22.99071635203614 16.7281600024101,-32.19839558868052 -1.3353774045708362 -15.910311208051603,53.32663026822555 -7.711764485327271 -19.00128617066214,8.153974290654398 -9.53528022926605 -13.540500252112595,24.807742180052273 -18.732912020272465 -19.39465776572408,29.71908118360914 95.8607106175666 32.94143156874204,10.039238076879549 4.698587093871902 -1.501350565900351,7.952583374623918 -0.10270956473480641 40.70933878897225,28.353605725371594 -105.84807511612273 -37.73078987737897
-1.7155332605117155 -36.28753431449807 11.613087663454781,10.373480953712825 -25.431226661892875 17.699783320575243,-29.455703547012988 -0.41078780086964206 -16.447998480695713,51.452650080734884 -9.239993326930136 -20.328570316697455,8.245874549838458 -8.845531717796433 -11.375175289519936,27.004314925331293 -15.267646831684681 -17.979499944599137,29.814898209306026 95.21526702876136 32.609125581704916,9.756871654196912 5.094897902822742 -0.8427780619456413,9.156745782670113 2.5310749117907045 43.02993179148421,26.81151280395119 -116.07621692355426 -42.5025021928462
-2.397441708623597 -38.27915533912407 12.246004364659031,10.684150397706064 -26.807251937633943 18.318366523819915,-27.52781459731361 0.08175580098884173 -17.08458766805609,49.36146485043598 -9.92223868506435 -20.98010717829003,8.301507443699906 -8.556495936488956 -10.397716061716547,28.37227923629858 -13.457012738870095 -17.183280796249782,29.887747842542545 95.97002864389317 32.983320858871394,9.64694389797646 5.272433076743259 -0.5099760094714239,10.549824326547512 6.153882396214072 45.84087790871536,25.406258689264966 -124.88804295802481 -46.59347645434422
-2.215027251395407 -39.017915761531484 12.558309593478333,10.847875165667983 -27.350100619382008 18.498050237669407,-26.541456701067546 0.16351472693776414 -17.56878098321719,47.484076934800896 -9.883242989189092 -20.910117010864962,8.360303366228479 -8.597345115715601 -10.412418615197526,29.16459508316244 -12.996307559191127 -16.905037826617406,29.93046282392976 97.42779620923066 33.71700288599762,9.714394374911352 5.265513273287877 -0.4605429859239542,11.634263109561118 9.45946686791381 48.34744987667784,24.524653126134737 -130.29509088433457 -49.10073636877487
-1.6263280527676607 -38.93348987439055 12.57796745538968,10.812989328014224 -27.481242610481466 18.280217019336117,-26.47859315376398 0.011318631602947077 -17.66249085414993,46.4576705587502 -9.522990406669301 -20.400263599295926,8.400641515220181 -8.785273284045868 -10.876413892966301,29.71938527408329 -13.171269671139893 -16.9133491763184,29.942847959669233 98.42314736521598 34.22506135748549,9.848770782015213 5.15951971722716 -0.6020877640718398,11.924166670234694 10.979056829396624 49.491124589610095,24.414748490989446 -130.9742704786515 -49.418379679557475
-1.1300072754450734 -38.53168629016082 12.376221811787573,10.539146496526882 -27.564600025018404 17.82935310445388,-27.264321168429337 -0.169581190385921 -17.209150292542727,46.91574654218011 -9.25042240747044 -19.943027878527523,8.350452857313396 -8.92822684066399 -11.241908107810245,30.038808755647686 -13.31205804739357 -17.032310836919752,29.929648776252872 97.87268247744794 33.960821458967395,9.887008013192595 5.053323085642709 -0.8303558674635767,11.24114208321462 9.795558224831787 48.43894701849642,25.100672260578282 -126.64955985792287 -47.40969933467823
-1.066301932299352 -38.158689770612185 12.031107453458967,10.040010507060275 -27.73517382577034 17.371746307506452,-28.802913703457474 -0.258835146356723 -16.18992211630563,49.211519277798864 -9.26227119092141 -20.02165102542218,8.137937072190601 -8.916015163055931 -11.238080683327873,29.670902624441123 -13.1444462671292 -17.258910693349613,29.898382887830625 95.3218553935388 32.69216257432603,9.706273653259572 5.021183861019583 -1.0571765807453317,9.844355011741186 6.003484736099996 45.030292035049335,26.377942482281927 -118.21230799639538 -43.46912304753326
-1.5146849298382419 -37.892871971125366 11.604418386860203,9.400560969510256 -27.87852852932866 17.09635780425098,-30.94822438410233 -0.26060460477944103 -14.750292973796324,53.20703649072327 -9.484588356114427 -20.88613639468602,7.751915006748657 -8.755334168883534 -10.94742098035768,28.004312630924044 -12.860082998033246 -17.737966304465655,29.858225356782356 91.20670717220918 30.634936730302275,9.296608184388555 5.089078257567371 -1.223776261115666,8.30675052243046 0.680338981652171 39.94013380106052,27.888686099176873 -107.5226370308315 -38.44331974027846
-2.317834572963038 -37.59451876483105 11.137878365081612,8.752911042816905 -27.75407687093035 17.063505080224555,-33.44799034522302 -0.25820678731663915 -13.17911182910641,58.24337772783725 -9.691047018256258 -22.43139774609419,7.273066504385636 -8.53789942097253 -10.659723892714576,24.803172443053985 -12.895340149197242 -18.613285297623705,29.819634686217825 86.68495018068626 28.369525135992745,8.773309523156541 5.232909536737201 -1.303650288708275,7.199731186599147 -4.613670316027251 34.45346082991835,29.24620002977335 -96.91733741565874 -33.415308800923526
-3.2004198710166296 -37.0645203655051 10.663374678363645,8.221324013168203 -27.183326108714105 17.17151803677239,-35.92532996621979 -0.32363820811324095 -11.832980863680872,63.32642084034426 -9.70669184027675 -24.237554888351056,6.852247884571846 -8.367731647358502 -10.61628156260448,20.624536078744082 -13.57167884347562 -19.85467722006502,29.793393529896562 83.10891320447308 26.57623223752541,8.321280016596535 5.396428570535418 -1.30115679791767,6.7673249638289725 -8.548755198607287 29.944210233903718,30.16146381756996 -88.54774064031683 -29.401557489472182
-3.912658337662192 -36.21540968993995 10.21611320462731,7.8677908209450935 -26.19657743854598 17.20718973658053,-37.94047008683679 -0.44573882340502624 -11.021388600737797,67.45857892315267 -9.559637944920159 -25.754962876377764,6.642314648251295 -8.293451094556525 -10.813371533383194,16.797114520543595 -14.820317147938685 -21.180288960513867,29.788042252477872 81.39940839210364 25.719650576193,8.100435716422206 5.519149098927239 -1.248023509895236,6.785391347129744 -10.587735733437352 27.307966481848556,30.526001314005548 -83.75148231789677 -27.054073608923762
-4.3286488446678755 -35.162017029752995 9.84043596279091,7.670673223338045 -25.058874699308546 16.962409749569208,-39.12416024018124 -0.524799254260564 -10.89245277012527,69.97435331298377 -9.481530437586656 -26.546345919824596,6.7182224503181125 -8.284300706821588 -10.988297352458593,14.888579642064329 -16.1557729031058 -22.139322172812026,29.80615565814196 81.63468089979342 25.840529646855217,8.162626057427333 5.561902328685015 -1.195022301788138,6.698935418808259 -11.120434524730493 26.625344464793262,30.424089878340542 -82.6819345341882 -26.47471106663796
-4.4633986550600495 -34.18810526841151 9.584062667033434,7.5494158690610425 -24.161766270728783 16.35980101958594,-39.32310445053694 -0.4366879601831661 -11.370195020934085,70.7351974930885 -9.75561135395549 -26.47120797334946,7.029971656818983 -8.260047087906347 -10.793294159017668,15.90795263039703 -16.913984929381524 -22.322989270172656,29.84150189301815 83.06034995364067 26.559611764289976,8.424588930552273 5.5203173790662365 -1.1953795297473495,5.967807169990824 -11.124435928665072 27.215598495833582,30.07497003445825 -84.34932913266303 -27.220459588332186
-4.41900170865042 -33.61214628195825 9.483727021626253,7.42017642703846 -23.83727618743385 15.518279495651603,-38.67885125192239 -0.12396905797271879 -12.180328417684365,70.10812818466889 -10.509235964337304 -25.72758385862138,7.417670629855338 -8.15223244895475 -10.044199970484875,19.68624571107082 -16.61748811287094 -21.589350512716557,29.87955740553846 84.50957197718556 27.28876617678699,8.711453244481893 5.4226148945009385 -1.2815560332250786,4.4227178697188165 -11.556531407799488 28.039523312249212,29.73185315765848 -87.07752325748339 -28.508657698348035
-4.304244274155171 -33.62598496125913 9.549809027372255,7.248090361652418 -24.189706297428078 14.715570368173605,-37.588033911495195 0.3470826101107636 -12.963970859134278,68.75580475860303 -11.586226613459036 -24.737773255006342,7.685247023792709 -7.956453899837003 -8.88264315707925,24.822423411440703 -15.258379012643111 -20.170479393854535,29.902517126495283 85.01120596516091 27.537805242929753,8.847555367665594 5.314732037483591 -1.444414228999793,2.4174947919056757 -12.814102062242625 28.234473291353677,29.579543683427552 -89.20519570091172 -29.545799102756618
-4.177130784926648 -34.190944777830985 9.757849628006191,7.064063665082747 -25.0313820347872 14.25805979503389,-36.550433127830395 0.8048015420883826 -13.433982938537131,67.34925329349679 -12.589598289913235 -23.94105189227341,7.696917587941802 -7.74222215237234 -7.741146023121828,29.287827776676334 -13.337340852178725 -18.590688127720856,29.89737439006586 84.26940715135737 27.157209227345955,8.74635770108307 5.240292314141589 -1.6274413180554752,0.6741007805067056 -14.554495214347114 27.50612688815238,29.67097100844925 -89.74164664862191 -29.843158850989262
-4.037468928474002 -35.044278922819174 10.051431939014059,6.936517440371513 -25.95658456725527 14.321188232067511,-35.97010048412862 1.0606107476677316 -13.500998510511707,66.3366783519071 -13.08278531309235 -23.598570290162996,7.446538878208554 -7.613734097807542 -7.119848749080003,31.408989847188053 -11.634036216927145 -17.429215965041863,29.863326085464788 82.77059473406013 26.393063293867193,8.452411811678967 5.223897093292407 -1.744291059722181,-0.10586887131616596 -15.954079164159745 26.190199359968773,29.92555839314772 -88.69282161873647 -29.381166404942654
-3.862518019972072 -35.812745138884964 10.356011417665204,6.917505533407853 -26.52031573247295 14.845782842416135,-36.0012347737899 1.017611218627422 -13.30408746807342,65.85640793438313 -12.838295935646412 -23.703329081100453,7.062663472985314 -7.64532373018205 -7.300473135219501,30.711216571325433 -10.832080795736854 -17.049931131160005,29.814246061305095 81.47370517507053 25.731234718003854,8.114573267303305 5.263825736674287 -1.7162889266518082,0.35261603518397244 -16.24246441546547 24.9810308875416,30.185914099930503 -86.91542352268029 -28.550116962300766
-3.6533979087233757 -36.17803999913139 10.599160157380618,6.999714347737477 -26.438356716154022 15.552033234246558,-36.509832148118306 0.7334928044770208 -13.12493040476453,65.79911550041756 -11.986775101794644 -24.029751585484302,6.745172209674372 -7.83130147162857 -8.167417609328718,28.15065027005227 -11.198352576126123 -17.442193270058368,29.77392011146348 81.25960216867614 25.619082318418954,7.906405698740839 5.335878788062617 -1.5138943325367977,1.7119423954701585 -15.197412440986135 24.50035980716438,30.304475275391955 -85.57797879230165 -27.900376580959396
-3.4571131848188057 -36.0156260397957 10.730681504757847,7.114656749019391 -25.71577781086321 16.07283551921981,-37.16522516176385 0.3959491631798273 -13.224294404394342,65.9519096092514 -10.970499328527097 -24.285086466416985,6.665142771754589 -8.081918073718983 -9.249412808306602,25.58038619500617 -12.481593423147118 -18.25738398829515,29.765378624111868 82.43813790504308 26.215438355462513,7.936898203042554 5.405655638788023 -1.1804643012735259,3.1774871031835783 -13.313989708850695 24.9528524393795,30.21906932350251 -85.5009722407874 -27.829346800003847
-3.3482578448579927 -35.44356687241264 10.736301323699813,7.175957285143318 -24.645705072127534 16.142797366244096,-37.612646891749556 0.21939802635791505 -13.683931661428147,66.13218791871222 -10.316019337046608 -24.276650777708845,6.878919180258956 -8.26998671394208 -9.969013751473167,24.717991983424763 -14.07218330446713 -19.017799613952228,29.79910655205384 84.57284354169559 27.30070902023091,8.197951688366507 5.443638469170968 -0.8228277775102925,3.923954644026309 -11.5501794181232 26.049143624440553,29.981933007672325 -86.71158784078557 -28.3652511366438
-3.3825254729325773 -34.762083537173375 10.640601488539158,7.141133166743712 -23.680928942117216 15.74435563152108,-37.64147671253293 0.3196513706070503 -14.339791003895147,66.24895337184017 -10.34760416000331 -24.008236622001593,7.299841910996527 -8.302282694038425 -9.964093585576293,26.171398841919345 -15.324614013490127 -19.379699327097015,29.866152746041145 86.70728046175824 28.390343135301233,8.57363592094678 5.436920842621295 -0.5692409859392316,3.5610130841531915 -10.793893237390972 27.214880244533013,29.72887013765357 -88.44115854098422 -29.158624388219824
-3.553459970624297 -34.315364202386604 10.497872560826282,7.05028222539803 -23.23854989384532 15.129464098962895,-37.27125221809396 0.6395515483564974 -14.848650966331522,66.2880101611869 -11.003295784499517 -23.66299533211113,7.74096261486681 -8.174195131565938 -9.297901845542842,29.06771955466743 -15.864191997343385 -19.304323604194394,29.940253016992685 87.86102828994274 28.985596684199713,8.902542343107909 5.393222081705564 -0.5130397822001436,2.372657114818548 -11.356790902964757 27.94096234408975,29.60442418062331 -89.56317950262118 -29.683563716681142
-3.782884379502643 -34.34074507471538 10.373087098710196,7.0114021258350885 -23.525825274519086 14.697841943551348,-36.72254879806284 0.9725028487087836 -14.860616026257329,66.2651553055803 -11.863001037415248 -23.4924964938805,8.005573092934752 -7.974684165001029 -8.432058008294085,31.51099631704861 -15.720654316133928 -19.04540874482239,29.988767415907837 87.5241784637779 28.824683735804914,9.05737144981611 5.336132748793959 -0.669632548962811,1.1815431834407892 -12.788224242447686 28.058758021519566,29.68148808303104 -89.23430828789193 -29.538402612396823
-3.955107282133004 -34.8723891678526 10.318602939500055,7.134415658771061 -24.462253375882444 14.788998713685347,-36.29711294439623 1.0759384519050963 -14.210952645272835,66.19939050751684 -12.380531650259181 -23.67818526037175,7.9788968523476065 -7.836777511251248 -7.969296235601884,31.639531497737355 -15.236502040447448 -18.96750628280325,29.987657867412622 85.88988912017592 28.00215495716729,8.99954641746104 5.294049169286345 -0.9693170918634851,0.8963708683001348 -14.124012628575091 27.782031346106642,29.91802748255052 -87.38725624886143 -28.680351400452526
-3.977833753581807 -35.73820472145627 10.354499774030911,7.450365729240762 -25.726748547562792 15.494270014837232,-36.231544919885806 0.8140257504793488 -13.029473124181084,66.12607176144161 -12.19472158449953 -24.238906285861034,7.675764342580625 -7.860513012782032 -8.305220853407619,28.71282710517701 -14.824011859230621 -19.305497492317798,29.933337639883856 83.71486237168656 26.899907555039682,8.783384167502538 5.287657517505734 -1.2906339352211005,1.9828251094653613 -14.438817680647752 27.50639292543308,30.176071911898344 -84.79958756156005 -27.462913947748042
-3.835133386911664 -36.644944500205185 10.460387523184117,7.866943466260475 -26.902233105418823 16.589160052648243,-36.59336209482958 0.24900581124456764 -11.704780747518107,66.12477491682455 -11.345792196073567 -25.026194397000484,7.223786353599535 -8.052052856326974 -9.384634947188816,23.625675547353065 -14.720837143248414 -20.007194501711368,29.845409525956217 81.9016678836654 25.976453591968635,8.513605337042582 5.321221703049138 -1.5178251208597209,4.152475745011611 -13.395027849317783 27.506734000205384,30.296210040643643 -82.69195629034634 -26.452510105571314
-3.6005209160738247 -37.308053448837796 10.583273994953792,8.195389810093713 -27.649158294595615 17.626557183525463,-37.25947554353897 -0.3738981625791161 -10.715358773406951,66.31383586464628 -10.271706871853352 -25.798720557523804,6.795419908774136 -8.314662435130934 -10.704288968361249,18.547557752212064 -14.880768598347757 -20.750436515265843,29.758618051851762 81.04186181124261 25.53492828724761,8.284794412129804 5.381174031353427 -1.5930790564452857,6.45479560053199 -11.474656398619498 27.73401593570925,30.190097935832398 -82.07172785304311 -26.124206016339766
-3.3999537551616523 -37.566646467627855 10.660084572516483,8.24392754880028 -27.831655220724606 18.14825410760603,-37.97385408429434 -0.7452282199994605 -10.410492776978074,66.78252492484845 -9.579941274382243 -26.32780085442776,6.52708373717075 -8.498546712016246 -11.568561054916557,15.85851440903981 -15.047103983692695 -21.123529548001656,29.707634843792317 81.16768610841187 25.595531243486782,8.138317263270409 5.442320676632343 -1.5370112758741552,7.741370507270437 -9.749756592696809 27.849118512759677,29.900408378085437 -83.1880333802983 -26.607187027801583
-3.3430007950225398 -37.43544118405665 10.646774339144569,7.931449879120494 -27.54643718075083 17.90949990884468,-38.447110673131945 -0.6527068110432601 -10.852656662482548,67.48227539001374 -9.715956364563409 -26.477559260159353,6.466621866487001 -8.483254232933733 -11.462882663487866,16.938920226636473 -14.946895770440975 -20.862921858419682,29.711860134651516 81.83282867719223 25.934291699200667,8.058515134520247 5.478696906862916 -1.4280268379069152,7.2658330349168825 -9.300010029412537 27.48164742961905,29.59085383099707 -85.41345704396518 -27.62700739856617
-3.459289610362557 -37.07717547078256 10.541782404564286,7.357159583413522 -27.050966766806738 17.002784576865306,-38.451081630499324 -0.09859978927339375 -11.802548775630639,68.14561585861618 -10.709762687443183 -26.226929379791024,6.571725073775229 -8.247367989538287 -10.341473873502798,21.456198562869844 -14.479023161335238 -20.00944686164321,29.767406520330322 82.45443922665628 26.254925515246818,8.004913144583176 5.474172011631775 -1.353429334009352,5.101973261040142 -10.584873542871035 26.55572170483743,29.46377543660827 -87.63615415694531 -28.68368367062389
-3.675679496727575 -36.7152398839285 10.392493487059589,6.780089558833155 -26.63160372445808 15.817903201011658,-37.87582728313457 0.6918163596005689 -12.853619447721728,68.30861802977304 -12.141606647304197 -25.638612838611813,6.7529648760101395 -7.886424009882416 -8.670298223016248,27.527466738895285 -13.7825370292236 -18.892561420753967,29.849842040479952 82.70590268877343 26.387936171139312,7.955928539354094 5.4281929668412 -1.3600211938336375,2.1527018531552655 -13.112147239302697 25.471534322904887,29.642547028265493 -88.95715413870603 -29.370359343397254
-3.8480917028213866 -36.53055880897344 10.279905617558217,6.509262818367889 -26.47501184816133 14.859059665759236,-36.741680176054764 1.3774505781670308 -13.644199536555458,67.4659751798366 -13.3485473698704 -24.80832631133915,6.932246199237459 -7.568154946830019 -7.199162365077905,32.66745659186166 -13.151299195651335 -17.9521856998888,29.92597543222351 82.73064870589364 26.400613097948035,7.934354102985016 5.354448861717696 -1.4311936244966976,-0.2630040459717331 -15.594300868776164 25.005862561880043,30.079665291283966 -89.30168800908913 -29.65173275512153
-3.8323766539517763 -36.58948412989637 10.286462417746487,6.755669007343789 -26.598831735504433 14.512222041171842,-35.1787135495168 1.6685540880666485 -14.034778189671,65.30854243137394 -13.761588116330627 -23.830480404823277,7.0826593583393125 -7.448582435052901 -6.584798316994891,35.01325542781109 -12.85584115419466 -17.501498097130067,29.96869309569915 83.05806893813579 26.556908185190856,7.997981160462367 5.2736077657654565 -1.5017140384766343,-1.0350385224338423 -16.52819537493965 25.95649884833349,30.544553945127475 -89.58032626514289 -29.935254462188762
-3.557319792969008 -36.831341468793866 10.460478980801414,7.5225179513556775 -26.866335319805422 14.879121368395355,-33.39111105117573 1.4657696236314675 -14.157786203574506,61.92778643391434 -13.191637312472325 -22.79539232386935,7.230063289773911 -7.593961945903594 -7.067372887450092,34.17929218947195 -12.986352522664365 -17.567049260404886,29.96773900207283 84.27694383770984 27.154067634663576,8.20148837278898 5.203992107704186 -1.499748143178048,0.22193825452500937 -14.90989979461457 28.711759767470937,30.708553595889093 -91.27026148655811 -30.87767038918425
-3.061567374517922 -37.11514518265851 10.793292073313175,8.594392966067401 -27.070468506528044 15.756721033037719,-31.616727697703123 0.8986258608460411 -14.316793738984751,57.864722294707484 -11.911585136523495 -21.80484646689185,7.420683807579782 -7.9501798235080114 -8.371706128271107,31.30962229782677 -13.412055445226395 -17.896214119181963,29.931796141870866 86.6594250940222 28.332811802783688,8.554101492443758 5.154782563573777 -1.390579120979338,3.021783997181971 -10.723797561882838 32.98442614947596,30.295082425421423 -95.60712948498961 -33.01704358318561
-2.4755237717200624 -37.298687143089225 11.220224378017036,9.635586438219356 -27.043456359672682 16.763695076271823,-30.082958506134947 0.24589768036429271 -14.79347562398961,53.94668729581411 -10.494700736599892 -20.97751559554149,7.6782979461349425 -8.37494234228358 -9.879633796362368,28.33756051987061 -13.876284024264883 -18.123918624424192,29.88183390183063 89.95289665449415 29.970847777069242,9.00050548701596 5.124735645189804 -1.196564951944801,6.291487135505711 -4.9619803215516285 37.87179321707888,29.225671906599633 -102.80819480683654 -36.42452729203247
-1.9584961355013444 -37.311043727712246 11.645584056962925,10.349544013148728 -26.74088500765551 17.540226250282057,-28.958654666668906 -0.21606439335137861 -15.66969633561278,50.964968097425064 -9.503102298303684 -20.424007132592894,7.97858704980022 -8.713755315280519 -10.971567642165535,26.88819627561188 -14.16167810618853 -17.998229651200734,29.83994153862112 93.4574253109333 31.71987676128844,9.438527262365806 5.106336444595459 -0.9827692147839335,8.922647337836004 0.8275071261032574 42.22971580381232,27.688161930616392 -111.7563309451904 -40.570772124890375
-1.6246330093519625 -37.185649873776086 11.980389117273404,10.617087615595636 -26.264870444746418 17.91396357054369,-28.31003623010427 -0.35349429611752187 -16.762224332850593,49.341043354249315 -9.19987094509761 -20.19721463786616,8.25581998540597 -8.877404545441866 -11.345921315733818,27.434517694630124 -14.21826190826621 -17.53147422363839,29.819610512618027 96.34288489647545 33.16391864971333,9.764849923120256 5.092433502996635 -0.8183970043959212,10.292551752088423 5.226285942374835 45.17468823676577,26.086561951118668 -120.34711539617683 -44.49454761936191
-1.4961214221500634 -37.0412062561176 12.175207001188692,10.540714651980325 -25.820340197911804 17.949502896925505,-28.078814135337048 -0.22926579357813093 -17.704943931310794,48.95235139814527 -9.440809973102587 -20.248806706279442,8.436552524579891 -8.879143530620038 -11.143272501367566,29.153035260667888 -14.173408330583063 -16.988754368969417,29.821955720291975 98.02675150114726 34.00934494662189,9.922960898348244 5.081269584260395 -0.7383039362834369,10.487610900210687 7.518186460860736 46.452519959842846,24.888208653694754 -126.35472104134938 -47.20152209982614
-1.506454706388817 -37.021818304883254 12.232919715596228,10.37169796969711 -25.627363517298853 17.865850764148163,-28.101846609387408 -0.045764125253512145 -18.132928377290092,49.21923906655334 -9.798147965833516 -20.4282380995893,8.479017607906698 -8.813352999085307 -10.815785990762304,30.520457191328717 -14.219442541994278 -16.722095195848716,29.838730213004506 98.40569895534037 34.20234502543745,9.925908892538239 5.077029117561209 -0.7280427412221825,10.133672657066583 7.875198004705774 46.47977664069407,24.435226567894002 -128.39193266278343 -48.09547083972159
-1.549288245194115 -37.225059155820276 12.196395992420571,10.359631151067363 -25.82856121734868 17.878149414843676,-28.17747509268442 -0.013395318652251742 -17.868623250880187,49.423440478023885 -9.83793101655465 -20.540049167536534,8.394491539880413 -8.79047549733043 -10.826281657985252,30.28006452715878 -14.453797514407949 -16.949396942620723,29.85932173882284 97.82425319477579 33.91442884790286,9.84117006048315 5.085859846641968 -0.7407774000729895,9.95347924533851 7.0954238562658425 46.03972317212364,24.807297275401925 -126.48004692529675 -47.22227591581589
-1.5444117564837951 -37.65019715248331 12.118836703097509,10.606150650035762 -26.428742813591963 18.05745397829584,-28.158919832697446 -0.2213328865148934 -17.01164154582067,49.10313249789355 -9.388907892068927 -20.439245908294467,8.238788419171764 -8.866916179909827 -11.354399148697608,28.214662097312523 -14.778874074270188 -17.60975585185394,29.877203172731523 96.8169472521754 33.41357388485573,9.747160477776566 5.110144883925672 -0.734207238246349,10.31247770458776 6.065931888188931 45.801902538841354,25.799889728884413 -121.94265166099073 -45.20309245625412
-1.484412284650039 -38.18830604721189 12.033251633396546,11.002470348695741 -27.287359879601517 18.286693426017397,-28.033864223871014 -0.5832619396196971 -15.888184992897266,48.319937273266206 -8.649570425016531 -20.115492585279867,8.080341033598815 -9.01018635502904 -12.178520851887532,25.292490283722522 -14.93355772074317 -18.381910090830015,29.892293383852426 95.78697555013119 32.902626722518505,9.687415329203553 5.144937633951173 -0.7028307507359086,11.006334449563225 5.255473492276184 45.93002905544155,27.026786138606326 -116.68993388009089 -42.89647872741486
-1.4374004478395659 -38.65714049716629 11.937442761886079,11.284862100891988 -28.162188149711042 18.33306274640921,-27.946799717628373 -0.8866717716994151 -14.892453374037931,47.651095322450466 -8.075001221806982 -19.714769092635386,7.964826244216794 -9.118457086329576 -12.79849081888974,23.120960550531134 -14.646471545193918 -18.8570188574246,29.908557435417347 94.81208352281215 32.42102992249826,9.649408796349318 5.17921043651799 -0.6835246970066553,11.397031170033603 4.506307211621053 45.99330645094103,28.09552585578364 -112.27785688435114 -40.971779233620076
-1.5057331965260765 -38.865245251790135 11.801979320395933,11.178033453071123 -28.784713064500078 17.99070047236576,-28.142917277852842 -0.9153354243697793 -14.307969824342614,47.89957614282635 -8.111315960119626 -19.476829312551214,7.897139520020058 -9.082238504200745 -12.725865823828478,23.036524844521228 -13.822139451749344 -18.76662548117276,29.929120801111477 93.68386190872835 31.863784121544924,9.579906488812162 5.201593575957596 -0.7292490013068975,10.805442164054092 3.2170496875615466 45.228641978629945,28.770015633945317 -109.23694189844588 -39.61976795014578
-1.7644174008872358 -38.67938961059758 11.59572099982167,10.548615621347073 -28.940118391921036 17.209693374710387,-28.850813492910206 -0.5742497836393708 -14.201801441105662,49.664112906572 -8.931171319210431 -19.613471474241507,7.849794904282219 -8.85202405332225 -11.773981023604438,25.35539304788482 -12.644003406178914 -18.134148666306153,29.952472137423385 92.1417255480005 31.098724032358028,9.426645732037839 5.207332434591334 -0.8666280616198068,8.928734412530707 0.790399903101739 43.00786259052511,29.043759706049833 -107.00836601136405 -38.54738526023247
-2.2131767766418395 -38.07041285269147 11.313541981345525,9.48577922896691 -28.52797728726673 16.138048771982163,-30.156192981107303 0.05343881216023194 -14.438657152534617,52.989813378322616 -10.321427501549014 -20.189626525818444,7.790164849944581 -8.472746316402963 -10.181917330644708,29.204361340720794 -11.521074930763723 -17.26233178482967,29.972340473788282 90.14400690509942 30.103127307608784,9.18019674370209 5.202075077526306 -1.0651977536634598,6.045658419973102 -2.9205592944675756 39.251243901730234,29.095058114849124 -104.48698438827287 -37.244857829534155
-2.7680121048146593 -37.12307015450129 10.989542347270257,8.265966510420698 -27.589566174955603 15.054480576867219,-31.92965928064461 0.7483258434986984 -14.792918846505613,57.28361711427995 -11.786399885088406 -21.07351130681943,7.7077196964542924 -8.065094231986143 -8.501840594696986,33.01206893974209 -10.894527654801818 -16.563858299906535,29.981300005506938 87.99597437929032 29.028876209278724,8.889579074418485 5.19962699348024 -1.241163245085565,2.899408283939845 -7.423667035001103 34.55783751107321,29.156850592274907 -100.83795764335864 -35.3631776276793
-3.2964796974624373 -36.009932798860646 10.68708072288665,7.221638265680582 -26.298612025990998 14.231574650352563,-33.84975636932273 1.2703768995947409 -15.084779149296493,61.54417487943327 -12.807968742643595 -21.988359597334156,7.623295907927138 -7.763956699248307 -7.312936761255486,35.366791037505294 -11.00491983220058 -16.332591196736537,29.97570127398036 86.24150548105374 28.148798753973665,8.640823908383544 5.214243508280731 -1.2985718193793778,0.33072291774608975 -11.763484903467937 29.977232654375282,29.376264480475665 -96.10966625639082 -32.98118347848835
-3.6777706219690875 -34.941540217399734 10.470084306638018,6.585145559264783 -24.920447610470006 13.806329138322061,-35.51671904958592 1.4827807893154203 -15.260476200291258,64.7929774466505 -13.116423703889321 -22.643474299638147,7.57454802374847 -7.648334679995827 -6.921602375681205,35.74983644458165 -11.749950972179686 -16.586352841843464,29.958652616560396 85.37052693972882 27.70990836401933,8.51000289456229 5.25144877380948 -1.1871824079296356,-1.1305553968326858 -14.965338962508007 26.54132311039433,29.740141558067272 -91.28985012913726 -30.607022606703318
-3.8562138776831123 -34.110663613628816 10.371047878404589,6.390565087206122 -23.749329853353156 13.728280615549856,-36.606081046749736 1.4156796156349705 -15.377342263015708,66.48917516791181 -12.821764435841265 -22.876901012097125,7.5873800088201495 -7.701623886897603 -7.213378259118469,34.739743950848485 -12.717933904817112 -17.06985965761018,29.938973962163324 85.51246653579291 27.77893086065785,8.518099473707588 5.302720855979859 -0.9432684652597927,-1.4923897872667204 -16.505449171933726 24.802646472103646,30.10284880027271 -87.77465004184788 -28.912032823238402
-3.8611262532183286 -33.647091421048025 10.373746847339936,6.482920346338694 -23.036635100772905 13.80994037471233,-36.98935489746051 1.2366844995305126 -15.515859773667112,66.72027458159593 -12.335055678571868 -22.732533021039806,7.65253435194895 -7.824009165003031 -7.735817479390704,33.594302310600526 -13.38731839447965 -17.413444866430858,29.92654286921115 86.30618620685128 28.176059827456527,8.615030279033327 5.3476888320849705 -0.6858958861341663,-1.2317416290986656 -16.552814042048478 24.619821279397012,30.293829263813944 -86.56053668899014 -28.350217496073707
-3.7840422702190337 -33.593180706633 10.421298448693419,6.624898926319968 -22.925268374182906 13.846956317072177,-36.764214231087095 1.1476357120370908 -15.685593075679122,66.07941298901551 -12.127019299895428 -22.428045113480543,7.72381466591872 -7.889773825953026 -7.962960494787281,33.47139628744526 -13.390635945422456 -17.353749545724405,29.926708597143516 87.04457206362443 28.546750920238246,8.703963848307483 5.363492809599859 -0.5646179350266489,-0.982657639241553 -15.852596365991905 25.296397324012155,30.237225946511387 -87.63509354789404 -28.88589280791195
-3.7263220551534406 -33.90308858728461 10.446653200297204,6.639037042748703 -23.407398075331223 13.73863529717589,-36.181887350734165 1.2671162421406956 -15.793145634929845,65.30352547353748 -12.459951968878825 -22.22934468303596,7.741244955525565 -7.817863370623096 -7.593535454743326,34.7440910400011 -12.704015922102432 -16.888259908451598,29.93709444030331 87.03743722580838 28.543695040011876,8.694049466671197 5.336801105271145 -0.6824825224789346,-1.163577119796652 -15.311373618064662 25.99189764012624,30.00961501627047 -89.9384508540839 -29.995400805880188
-3.7445425964726966 -34.462789871123285 10.410190588471874,6.506677347946705 -24.320937264517447 13.54269449030514,-35.51120191336098 1.563955324854229 -15.698150382332317,64.8681367337391 -13.240539138688861 -22.29946241695361,7.666839000336047 -7.6174101960626555 -6.720048393985404,36.795459413557126 -11.662061439609676 -16.275552987970183,29.948757958003004 86.00660482043484 28.025624722562274,8.55300320599985 5.272044359527666 -1.0347556686419697,-1.749092077631201 -15.499719040893146 26.184273909260348,29.798118782623987 -91.94751806373633 -30.955888261243352
-3.8210304243838036 -35.12448495365628 10.32461726934663,6.3717974364657985 -25.392265237087592 13.437628316257994,-34.909523788938806 1.876444035765477 -15.324024970284212,64.7502446350111 -14.070926710444379 -22.60520834372621,7.512086679851014 -7.384268460184364 -5.780375218981337,38.39311609142582 -10.790865707526988 -15.883311202138415,29.95114559749556 84.29645412859092 27.163890469754875,8.330297492854177 5.190983050170889 -1.4985292683741365,-2.300726939711334 -16.327800280307574 25.94362185844303,29.77994327655893 -92.57627636245411 -31.269276314256395
-3.8732432916460424 -35.74707907145092 10.253374403110941,6.451838524637937 -26.318378606691233 13.618092835643335,-34.364622682044555 2.003559926552547 -14.7505853767447,64.47513546774117 -14.464844524388235 -22.93392008624471,7.340041733715288 -7.251450037417949 -5.3235846646823335,38.411672673442496 -10.54771920347066 -15.973789773123192,29.938067774881397 82.77169222698075 26.391965139194433,8.137406795282093 5.123134144750894 -1.8830314137762103,-2.223783860610758 -17.05858906449439 25.88316775853963,29.992760442588526 -91.88832165791776 -30.984974630746905
-3.796084860183895 -36.233173044198665 10.282161862576395,6.908237499222711 -26.865147141951923 14.183704806542885,-33.73232236392785 1.815709095161673 -14.22080935280238,63.41009230277389 -14.10707285529167 -23.011867834644224,7.2389138949751395 -7.320685497181176 -5.720219849625745,36.483024294609564 -11.102385298220518 -16.550954511597602,29.911327948999798 82.43551431003078 26.214123599152067,8.094787189762421 5.091554878151991 -2.018148311817513,-1.0978663274702352 -16.652492312738765 26.823819042103764,30.27550941943864 -91.19706173247546 -30.729829224419717
-3.515691807013446 -36.55259568272585 10.476930113169704,7.748832020036478 -26.94716167927687 15.081272006095311,-32.84440708503338 1.3243262263543354 -14.042455277612207,61.14100280696226 -13.01603976549875 -22.659240541583895,7.280144201672699 -7.611132742526009 -6.971434426173103,33.21067561570545 -12.26805961598402 -17.355961997282144,29.879989829089137 83.94901639133423 26.96395754066839,8.272985274269475 5.101283846351997 -1.8370529940587823,1.0988012331604546 -14.275920728690954 29.350980932206948,30.323977689992116 -92.44794568681324 -31.406655836041367
-3.029017109291901 -36.74426383250504 10.848594996945135,8.813363035849942 -26.656135888264807 16.127261999000602,-31.626806903212675 0.6751073136737201 -14.429021400255694,57.73314347066401 -11.528048326498155 -21.896162890076,7.482727963087699 -8.050541081410797 -8.711595077862798,29.843439804005587 -13.607565773390098 -18.011071240489294,29.855744454417778 87.28743546066515 28.631154330139903,8.657798599620001 5.136709018074476 -1.4102550962499156,3.9785609012176364 -9.733424990298742 33.48516492011172,29.842900220506483 -97.16669524255387 -33.70228016505019
-2.41174402738312 -36.893459043365866 11.341337809580608,9.84548479356396 -26.22160654380445 17.092089097663912,-30.16700427974211 0.07284772164937374 -15.365763018483094,53.7488658504363 -10.121642830041587 -20.941702322084385,7.802073270682442 -8.510760493362252 -10.392011236594675,27.61040709826751 -14.649124790329788 -18.2274213448668,29.846990793690615 91.70179119664402 30.841509342063485,9.155820277931351 5.169651829709649 -0.9127721429924518,6.930182598988452 -3.6281896353401724 38.616632461563306,28.720035672665393 -105.50728162538726 -37.65536193246985
-1.7926920382266132 -37.09021279769401 11.849686656614502,10.607890485907912 -25.91492075253741 17.796705533023708,-28.700319209332594 -0.31802392699213683 -16.57953078027471,50.028516748532304 -9.184807439297868 -20.107883136918275,8.148197595343927 -8.866660734959483 -11.539884336852044,27.09741559266689 -15.09567996796456 -17.9581435666498,29.85484754377689 96.00243855941028 32.99877752315674,9.635099444750693 5.174322765477208 -0.5407377284941062,9.382574291051851 2.8115343940208524 43.71518263567881,27.129117090403017 -115.90590809584349 -42.51343634433559
-1.3078705681791458 -37.38356895345331 12.255889797933618,10.977299015137412 -25.933805291861262 18.17124061081719,-27.528387576154326 -0.44352889598168116 -17.638092038548724,47.36125190431332 -8.850652887469838 -19.64920355771887,8.422557940387762 -9.047416364259892 -11.955964715593208,28.00082337085246 -14.9264613182284 -17.413240664239165,29.873086308056056 99.02475252884932 34.5183332878522,9.978266675626466 5.141524711124564 -0.4200293988032029,11.0026035228946 8.15198417049153 47.69664495057766,25.499505473867163 -125.55278337803101 -46.96703153438545
-1.0548394432537496 -37.751383816360416 12.470377116484567,10.972536416521901 -26.31710352570319 18.252648724482693,-26.91508747104419 -0.3675055470654761 -18.134433206730165,46.21559288771757 -8.980181865770174 -19.651684575927025,8.554142372148013 -9.056105901486468 -11.758639018731799,29.36439775623783 -14.356038629819867 -16.93432252325438,29.891706580537083 100.05707853009437 35.04219810882479,10.121555496852412 5.0846438422613796 -0.5532054003252398,11.741379999407709 11.234287856352772 49.77210580308902,24.356123242355476 -131.48453670324835 -49.66011185910833
-1.0655192941308318 -38.10194042508454 12.458338971181892,10.71010175974991 -26.92948535693625 18.135147973417816,-27.009238426060094 -0.21969242485025295 -17.863971444487714,46.64818801823664 -9.284438168020856 -20.020695349874416,8.518106917249447 -8.952439371024425 -11.271271179079587,30.13105868066005 -13.693695658930775 -16.806834411338627,29.901919777307793 99.0443092940326 34.541563006842765,10.063828465279284 5.034078339834244 -0.8302131101770751,11.741678424151143 11.524627059225432 49.6425136139754,24.100063601168813 -131.78941061087713 -49.738574054288506
-1.305508724693973 -38.31131808603991 12.243670719670948,10.322340764845546 -27.526128333582324 17.911198667917827,-27.820683131085328 -0.11936826188208316 -16.905018849822415,48.39958618519321 -9.503674862612147 -20.56820822442232,8.331843965559074 -8.812922030747973 -10.831307257235402,29.6819881397725 -13.190999983991937 -17.11871414911166,29.899777276777442 96.50300218045341 33.27447645995695,9.847767163600473 5.022693275230042 -1.0943666762935087,11.195315905237749 9.218667668513682 47.497196901760084,24.83310692740117 -126.36413171549387 -47.18220766533616
-1.69589433238641 -38.2834112205252 11.892713740466803,9.890260762570879 -27.870048917776373 17.638952951761052,-29.243371862872575 -0.11837141138363827 -15.56440725551255,51.08459708310018 -9.539014480636048 -21.141939618826665,8.036387936601573 -8.692311410336112 -10.630146206524323,28.07457824360454 -12.95663104482356 -17.741045090630852,29.886772167565006 93.22673469733624 31.638149375397543,9.529866743114647 5.069534361373146 -1.2264551175703615,10.249982298408469 5.096498590263326 43.87019600659015,26.310510855563702 -116.88813487918675 -42.77602048893709
-2.1451425685031635 -38.005733697101256 11.488339148247785,9.427915119685718 -27.847737969206143 17.34828254284637,-31.096818768744644 -0.19092446295907783 -14.222093066169405,54.34928153783925 -9.47066484728726 -21.715205090507244,7.677595860654158 -8.605751558018024 -10.660675131404858,25.890823986597873 -12.966285425186589 -18.430470579080982,29.867691551600036 89.94871845995712 29.99975639751824,9.158734265791695 5.169939985985142 -1.2018771087186022,9.011075920643565 0.21817925840091057 39.45314562321927,28.045003707491265 -106.0646322356238 -37.75391000961777
-2.5770383262324454 -37.57171571291102 11.106322096427041,8.919291621043742 -27.526474713666303 17.0688452347518,-33.15812358943259 -0.2677590764402411 -13.160467651866062,57.911947156666685 -9.468988511884522 -22.381442626055513,7.2981613105224845 -8.536596101172702 -10.779429490906807,23.839818269579762 -13.136632458335715 -18.98162473718384,29.847553347734344 87.12251321286487 28.586518538440544,8.771877859681233 5.296908452896526 -1.0922145531445886,7.606952060691439 -4.409714028355754 34.944627806817444,29.5121265044049 -96.51915498431202 -33.29906138572068
-2.9453168828518943 -37.152596656053106 10.801166327007783,8.374801224586044 -27.122389773361377 16.84937074469253,-35.177013794073964 -0.28723030056080545 -12.467243907988014,61.497758126595464 -9.66602325028478 -23.256837415141007,6.941245900571829 -8.459902878444955 -10.826293648924615,22.382010602482865 -13.401554272975456 -19.333318606541155,29.829699320137223 84.8945218804401 27.472028862335733,8.406582590798731 5.4128750277898465 -1.0139972354177997,6.239219021662708 -8.083945166183677 30.959752309434204,30.35983588881336 -89.87546642062264 -30.136466044084077
-3.233401713266473 -36.92530573801707 10.601501768233572,7.863515735573582 -26.89124448694669 16.746376973325983,-36.889449886571 -0.2304389758707639 -12.054490780346882,64.75478989632366 -10.070446679972491 -24.35328286846894,6.656690261747492 -8.3645033814724 -10.722365182620166,21.592623427584254 -13.741323564333673 -19.567784541396477,29.81598325580257 83.22932570985996 26.639174259469804,8.110368867797145 5.485942940396981 -1.0560151702496743,5.1540995226683295 -10.51253087776213 27.974636200546563,30.52688822558431 -86.39459491532348 -28.384750505926586
-3.4444624056646505 -36.98635666341048 10.510551333455552,7.495235686017729 -26.993511003032115 16.786072799472798,-38.05300366599379 -0.12222967865169689 -11.76827771381486,67.25332539865425 -10.573094807567836 -25.50653950852498,6.498258163418693 -8.260485190998779 -10.493865317586616,21.301222930399252 -14.157750432785678 -19.814018267237362,29.80832068208809 82.07461220804608 26.062708842569204,7.937390941804744 5.502710562312592 -1.226807450437975,4.535033039926109 -11.782039488656618 26.27072850136908,30.222785838027146 -85.25224136120372 -27.690985367455436
-3.589925900319662 -37.2933040764003 10.507393613851512,7.361256118269587 -27.401282012371627 16.927308918313095,-38.51205639950027 -0.0041335941970520595 -11.513261651131687,68.61088707668186 -11.028651033053578 -26.415818755600302,6.507067284775059 -8.17014124575557 -10.224399521034718,21.356579922528795 -14.629523187217728 -20.12840458353101,29.809815643931007 81.45270275540628 25.75476788065646,7.928141233132552 5.471977017012911 -1.4508612163297732,4.385152964776314 -12.227299149274636 25.873879214169257,29.791040002835764 -85.21506818851967 -27.53304411731103
-3.6829322055808156 -37.666877784157684 10.548703696556496,7.471976800969509 -27.897089313441192 17.058714268513747,-38.271905353834946 0.0971704978737107 -11.313159991429853,68.69055029767881 -11.351608219907646 -26.78591039601577,6.6878812250310276 -8.111260680609808 -9.98291080428324,21.79272044663598 -15.093919253903135 -20.439105114443137,29.82398520771747 81.43146083953378 25.74977983672481,8.083497469533086 5.418459662404177 -1.61365345286586,4.491579506223232 -12.262605582081843 26.52347355231705,29.531636976796015 -85.31848413615708 -27.51042032861495
-3.7385377088694636 -37.86025753158499 10.57460528062749,7.734445878011545 -28.17066782046204 17.04427476347981,-37.53847770750713 0.18219227079113087 -11.272395118603978,67.75088221386315 -11.559879568263018 -26.49835962817747,6.99334265251769 -8.085421313883923 -9.783051999202145,22.758101801052696 -15.476967992260798 -20.59667434022754,29.852085226918355 82.01332082285124 26.048473873903898,8.351132039151585 5.370534344998844 -1.6282832357009447,4.521150741717385 -12.229319928568763 27.721069315364403,29.571476690507783 -85.21308276072737 -27.48131265846678
-3.7774831984871544 -37.66875107065395 10.522539696269021,7.989860039807139 -27.970033415621895 16.7993111959785,-36.68322400878919 0.26425937586324644 -11.468987296705286,66.43006320369147 -11.738363605669122 -25.71243370328822,7.33014464193753 -8.079049348013623 -9.599636592868652,24.255099800765446 -15.752321644893916 -20.499856372010854,29.89020762514075 83.03450558587981 26.56739554110259,8.637368369667366 5.348391897101895 -1.4853078454481923,4.212532869155076 -12.29981867277794 28.877986608445156,29.83925659954743 -85.0759683953278 -27.510462275875796
-3.82770820828589 -37.02997573805304 10.348644184025723,8.09381213298468 -27.23314073395748 16.35371147518198,-36.12499056928047 0.34172145128933973 -11.854538707757118,65.52850313731214 -11.95078172218164 -24.827217742088173,7.590061811774076 -8.075405030826056 -9.422437468353548,25.89551736172446 -15.980307670008429 -20.2096596664676,29.92848917222309 84.15782200562435 27.135792132727158,8.843075532268536 5.357892250942036 -1.2581611149721394,3.556389752497341 -12.458407896465442 29.521911413150235,30.14333910256334 -85.23606426409262 -27.703049133643383
-3.918901161037035 -36.06467788720559 10.049570284397317,7.99369431772523 -26.13243490107366 15.85908448396744,-36.167204618437665 0.3809752250857141 -12.235574006144514,65.66991158394654 -12.164508552231705 -24.30893473856979,7.69378064360119 -8.068015930000826 -9.2987798070182,26.89844234405133 -16.285250029384034 -19.963977762692544,29.95385011719547 84.98103592861385 27.55068255070181,8.906832780368362 5.391757282740334 -1.0623769730726178,2.8442322274781953 -12.557839473736554 29.472560216620035,30.29918288726829 -85.79859930679102 -28.053198351014007
-4.069766403655527 -35.03385082795287 9.673570595804652,7.7562893020259525 -25.005630563779043 15.524448895114455,-36.862734006849145 0.3279825029143201 -12.361404237782066,67.00317488464917 -12.246244893777668 -24.463496825419277,7.625791610398396 -8.065390613311505 -9.323736429021775,26.41543531226436 -16.769538381729966 -20.063056188383637,29.955590839153146 85.20858991022197 27.663536095948604,8.83213432442213 5.435827917575308 -0.9927082230173896,2.532264968620131 -12.426791852113858 28.893427298706776,30.233366192483444 -86.51022086349369 -28.407423278647077
-4.2731937755254235 -34.227900956165044 9.31174426711381,7.5262458341137295 -24.202682636457386 15.506750604819178,-37.97728548813697 0.14585539868289826 -12.075616933031196,69.10488470840427 -12.0403050050122 -25.27081499330491,7.440921994852758 -8.083273250996328 -9.57510984649228,24.046529850677675 -17.41149859443648 -20.67963128761137,29.931155344098933 84.79249914324137 27.451015372140684,8.682580050211854 5.476091647051693 -1.0735899791655903,2.9754076307782573 -11.984374935613614 28.181166852702503,30.01168718705436 -86.92598510378993 -28.55807641885317
-4.488115446697327 -33.83865455377558 9.068732852996831,7.437089633596163 -23.92269914659554 15.813563032269997,-39.08066621547765 -0.1442917316703909 -11.442198618409693,71.14988118267483 -11.48513368360019 -26.37225203512582,7.237164700903032 -8.12969878277863 -10.03353381102013,20.248929040556614 -18.017269026675823 -21.705170855668804,29.888743731352832 83.96243572785161 27.029609661074424,8.546344492657298 5.502917072284632 -1.2494481080608328,4.174712989600744 -11.311509273921518 27.7401124059612,29.785181167026526 -86.74028697497327 -28.39493581170973
-4.646018301805324 -33.8763736977611 9.022961665920922,7.526238201485143 -24.12229670010594 16.275716864842472,-39.73238059001293 -0.4486769776738295 -10.762497866201105,72.28108997912274 -10.69342264594625 -27.226850594197725,7.1078056924484265 -8.193534947304189 -10.545956140439824,16.3507877909436 -18.275070683253166 -22.736822748415587,29.844791523039984 83.1251525624679 26.60446753614637,8.488837698349355 5.511558099238726 -1.4180086517287165,5.692045924234391 -10.643329381160164 27.757554320046605,29.69322168016728 -86.04499987611933 -28.00677138071004
-4.674222917608996 -34.17404533101557 9.193665079306445,7.705608476720775 -24.54306475923645 16.61407885936391,-39.676973775519585 -0.6291082242433346 -10.455752852185086,72.0033658048672 -9.937254590832577 -27.364744910470087,7.097859353575843 -8.245364050508408 -10.869483667067858,14.077103716541362 -17.902108018102346 -23.23714728823444,29.817031436519592 82.68336423680834 26.37800816360508,8.519819960064575 5.500600995642307 -1.4858597435615077,6.80529249679209 -10.280129791107017 28.10263060444147,29.78274626654218 -85.33229346614861 -27.658291478567534
-4.529156562833392 -34.47837604044249 9.530733087316444,7.808507295379778 -24.846236640307993 16.573903479428534,-38.95460728802208 -0.5654990785318228 -10.85343443922667,70.40829381926117 -9.533964413712795 -26.61383243963843,7.188032314214325 -8.251612040149983 -10.783651233498171,14.771758806083927 -16.813312654788717 -22.79917169595553,29.816421550829144 82.86430441379517 26.46391736264991,8.593486053422838 5.4709159367577005 -1.4146083336809012,6.8457121383219235 -10.453683921366515 28.4085149979094,29.988224405154423 -85.22608383801469 -27.647885505974198
-4.225156642509752 -34.58225802583346 9.933541506462248,7.68880481627059 -24.78731577019196 16.06009271479145,-37.87188685156635 -0.2211722218442025 -12.012193500458327,68.11987536844035 -9.688837702706062 -25.186802964972735,7.31423814308727 -8.193969388808219 -10.212961999969462,18.69922066112547 -15.215958329093274 -21.380220744970387,29.84212590472438 83.63814880603175 26.846781705530802,8.641219396521839 5.426418537066979 -1.233568927201316,5.549713843285128 -11.21119592754261 28.296204050294115,30.17884839653522 -86.09954535069335 -28.12788793945887
-3.8425127398352124 -34.43045371090222 10.291008519846383,7.315966881022117 -24.34126549324127 15.200929600721352,-36.84810870006459 0.326161441298391 -13.649038417148747,65.99191489920935 -10.380685211317346 -23.58499205770831,7.410466822094044 -8.082199764794549 -9.288156756078475,24.8066200187584 -13.564560005928232 -19.37224591939128,29.88231230710936 84.75557862328287 27.40170254436215,8.617594675601767 5.375638328119837 -1.0156243432729806,3.235233706124517 -12.37511471251156 27.615598866916496,30.240553146703377 -87.8113730468739 -28.995398479845143
