-18.1 -3.8 -9.7,-12.1 0.6 -4.0,-12.1 3.4 -1.1,25.3 1.5 13.1,14.7 -0.3 3.8,0.6 35.9 -43.4,25.6 124.1 46.3,14.2 10.4 1.1,4.3 -38.3 35.0,25.9 -122.8 -45.8
-19.081701692828048 -1.6249868210815355 -9.134419390905634,-12.420654703622882 1.8046824015868257 -2.8172896067158355,-10.32599243357474 3.8269231930505367 -2.8631157521768626,22.446670055343933 -0.791403033094333 11.717303773177267,16.66674876839593 -0.5233749797011613 4.965189406558148,1.5973017304860557 40.593730046801866 -43.335155771431346,25.015603593883046 126.17661714343431 47.169825177099455,15.970505476279643 10.271348599055543 2.3890820965051836,4.853471051392076 -39.19964860005525 36.29078793920692,26.203249035952975 -121.60573805042814 -45.27801555705168
-19.488394318968133 -1.1921460963553168 -8.413547055635783,-12.663704251897366 2.033498872150049 -2.2333478535234192,-9.858029832697033 4.11858751111441 -3.108409420635611,22.022862999132013 -1.6188309564453913 10.408855538210075,17.508313620470755 -0.7582743341585748 5.291303860077262,1.930814949008065 42.104073554557935 -43.88165582669199,24.81985833015383 126.8380707507527 47.44425860344604,16.758446423251687 10.099076688378334 2.8431294305196007,5.2880917132932375 -39.446707482530485 36.75338693792596,26.353664507160243 -121.00299412863576 -45.005283476119054
-19.50614456892707 -1.9401555667746337 -7.6392683300075435,-12.887925653501028 1.6312809565309443 -2.0976503726333737,-10.263624107253506 4.293806540995834 -2.3559020690138364,23.21071509353936 -1.4289293191262487 9.253654124017647,17.516651646226855 -0.988607682955949 5.025072560463286,1.8141779540610061 41.19751288185661 -44.751942075137755,24.891366387095342 126.53339134819149 47.314067404166906,16.81243359905597 9.909685390324396 2.717373856779532,5.588495816521978 -39.31218901999417 36.618747017221736,26.399572157128777 -120.8028895494452 -44.902182221609934
-19.32101913321167 -3.307692973292771 -6.913468549838009,-13.152095917111456 0.9428601995707881 -2.25967279625632,-11.110287167130785 4.371393869499025 -1.1256147609491345,25.192362600741102 -0.6683436702099826 8.330698359519214,16.98371993566663 -1.1982846456769924 4.413224707622162,1.4610290441398583 38.64053038728638 -45.65845642612448,25.108729942990593 125.7116094619869 46.9700187043892,16.38107776183235 9.72967582724976 2.2670472300212587,5.739317191896786 -39.06710558501479 36.11781819815891,26.389297729365584 -120.81654562767886 -44.88909025793215
-19.11908470232876 -4.733436056863017 -6.338033050944276,-13.51499205140623 0.3130681461108561 -2.5688907566028805,-11.965530922215507 4.370163083428199 0.062431439920902554,27.14994178291237 0.21628044123032994 7.718987073634004,16.201475578792458 -1.3712148419054142 3.702489501459834,1.0850065177396013 35.1996084294357 -46.313640789008026,25.350551176122575 124.82175561837528 46.60287962924008,15.712989669720686 9.585549121510452 1.7473814049810623,5.725189670236154 -38.98246955016082 35.48155050180212,26.371166967377643 -120.85508367815918 -44.88638604949355
-19.086407966785146 -5.656062558438659 -6.014847169143434,-14.035391065062928 0.08673634099242389 -2.8747798858836755,-12.396867282394286 4.308927769587572 0.6882154699586804,28.265588902228274 0.7782974661216132 7.497519095281246,15.461875665606726 -1.4913078912249222 3.1395961418822402,0.8997486733552127 31.641229366892986 -46.42993707314421,25.495432264774287 124.31286034359282 46.403417303846666,15.056780080860818 9.503806395462489 1.4136082363952231,5.530747082358572 -39.32929328800073 34.940893949216004,26.393505614671938 -120.72962501570848 -44.81444806070192
-19.36616276941394 -5.647729708744866 -6.015407442715258,-14.744852332841996 0.507024260780085 -3.0541962176162736,-12.108850260848227 4.210713191589967 0.3760521144541619,27.961472168177117 0.6801727309352308 7.708548091982449,15.008687806414478 -1.5464705195424648 2.920154694285931,1.058616833242543 28.707080323338815 -45.820771074861426,25.458834744327035 124.49258821428577 46.50084297096752,14.621302004633492 9.50451545717113 1.4662391067113207,5.1568182664814675 -40.2666658807591 34.6819958711403,26.4926086299853 -120.30130481652422 -44.61558437980964
-19.86770166022752 -5.008229963403438 -6.24555230345292,-15.526564051203012 1.2628475922798506 -3.13325425564045,-11.553089930242896 4.121503678947109 -0.46292746918038186,26.96824321540915 0.17916643737866583 8.194019250733872,14.822984848773674 -1.5463988330167153 2.9611100673543604,1.3863851244501122 27.003682440328696 -44.85006090532823,25.35715114441158 124.89797721346785 46.68880899171166,14.398677486665008 9.57267426165684 1.807488309975665,4.692515720514589 -41.343550250605894 34.64677120196506,26.639187691830138 -119.703898250647 -44.35164780418709
-20.42109319924437 -4.284081913171143 -6.554948927321482,-16.21340480248156 1.8551893556389496 -3.1886789803901934,-11.434507703843057 4.095068508080561 -1.1507988789062609,26.46023348863915 -0.2657785073531945 8.727957273728743,14.796765250609761 -1.5081772683771484 3.0849175481032534,1.596410516150588 27.091724855647062 -44.068385294406184,25.374905561058664 124.80476170034035 46.647186613868186,14.307539561575073 9.681389298264094 2.2384237344187787,4.256887115111085 -41.902028090952044 34.69432069506718,26.781716537638545 -119.16362710101158 -44.125026282675364
-20.874328811875507 -3.9370185654280454 -6.816199688780804,-16.663356418300552 1.880514871670432 -3.2864745608800066,-12.288793287091261 4.173195214801285 -1.1350705728591834,27.351174487716982 -0.2777446017915996 9.117960908896418,14.834242426550508 -1.4461578305047478 3.144595561931603,1.4505078023083482 29.34628889027386 -43.92888180852074,25.658400231645725 123.6404095705635 46.1235187278961,14.276070249246327 9.806133548548567 2.5835522933129296,3.9594906477242784 -41.44387341984983 34.70167061658231,26.881263576197924 -118.8414679856046 -44.00726771199422
-21.190267378294337 -3.8860448639219296 -7.0486648598763875,-16.894973951583644 1.5460254308376185 -3.4239191699751745,-13.569586563425597 4.321113684175019 -0.665663219142142,28.888272492435366 -0.004683129254262897 9.386388944045379,14.918096028891641 -1.357204630829227 3.188831413442771,1.0205265686352047 32.95736808176234 -44.26144896265089,26.109494514665883 121.80273336116836 45.29809802635941,14.293812067612366 9.937554156340147 2.81758826939679,3.8491286892050867 -40.491750448725305 34.660749799944504,26.9794436878801 -118.48125366045556 -43.87276094519616
-21.37694447294142 -3.8367139974920206 -7.3294237304924135,-16.98996495864368 1.2991211879027544 -3.5712614505260616,-14.304963586288743 4.473944127568536 -0.3080814879664403,29.663299216628108 0.19902682134802527 9.640064027374205,15.06186601963759 -1.2313038951558763 3.3432678264377946,0.5002512607031646 36.648867913548635 -44.65086901895376,26.533909822246333 120.07117644872741 44.52141515340298,14.374440257546107 10.072266174231384 2.9743216202474088,3.950708701188916 -39.969833496821934 34.60867758240881,27.149550206528247 -117.66275665447365 -43.518353343218514
-21.440949716400205 -3.5363935324405653 -7.715964220505388,-17.013456738504086 1.5233959995702733 -3.701202585958203,-13.684527272487571 4.571738343179942 -0.5367520201330388,28.49827955339887 0.03733558085872701 9.972513837558331,15.271907622551387 -1.0647283588433398 3.7065458165250713,0.06719528534184119 39.254629591650854 -44.73501050527574,26.765967565185615 119.10864499028305 44.091493816777415,14.525684591770519 10.203490093166108 3.083069570460612,4.270481970498478 -40.646175936533176 34.58066832704029,27.445632035595068 -116.07825451828027 -42.79425170975319
-21.3771961974272 -3.0504631551069057 -8.117535813268582,-16.904864586598883 2.11871340883122 -3.805357032873435,-12.119171584207997 4.592143208500255 -1.1361083272912351,25.957040823790162 -0.3438341901563302 10.375855019104346,15.500038332327792 -0.9011083925258858 4.173044180634532,-0.22557355507006635 40.442881682942385 -44.555015240877324,26.85660510818065 118.69557571327677 43.909084849232244,14.710169389200159 10.2988339093926 3.1384810648695285,4.674955426082687 -42.10859018306926 34.5968107471433,27.776574607024248 -114.26828613624939 -41.95297561280978
-21.175287854210268 -2.588898074966859 -8.375986113629786,-16.546444363931016 2.764991763631246 -3.8839388403319903,-10.575093902851153 4.529899541204538 -1.5768539995432533,23.395382784482575 -0.5976013889795028 10.79609408230214,15.67327812505007 -0.8056072003863486 4.54426663167924,-0.38157107916652805 40.26123664987665 -44.33538759274901,26.955251965126973 118.2111592265738 43.69430483856427,14.870010169622773 10.314259987323156 3.119441881645767,4.967096253405916 -43.40825011531338 34.67031614128824,27.98525961648461 -113.15908258365668 -41.429970430314256
-20.83505138022384 -2.3379192712319457 -8.357231660567992,-15.849206484041584 3.1726322089300996 -3.9377130199932977,-9.922393012734378 4.387504722107986 -1.4046273231304442,22.039706766903635 -0.43042887326604673 11.181567001026727,15.736847730024907 -0.8319509547756737 4.648957025381611,-0.41804197664708026 38.84568926839082 -44.26728333275221,27.195503025621626 117.09407486360955 43.193657020267096,14.961804394960451 10.21666969854471 3.0154839110774465,4.969153973825919 -43.71297060473501 34.81308465902795,27.941446278718132 -113.51553711185416 -41.585364357418676
-20.447455490623625 -2.2660478656770833 -8.144234064550586,-14.982414487636667 3.3329394080482273 -3.971959244733097,-10.151782027367528 4.2356656621086275 -0.8454482643358577,21.93032669308718 -0.032123560808876364 11.503386931787558,15.798925013806189 -0.9312002459989941 4.562243389301104,-0.47178186976476233 37.10119080820199 -44.23710749922324,27.565739813706603 115.32994737845652 42.396365103958615,15.071845766653164 10.07075907455447 2.911513369736028,4.677686207782067 -43.2517877936189 35.02566488874278,27.75685130932627 -114.65061352896494 -42.101354203980875
-20.151229831337098 -2.227724256079092 -7.933692534163647,-14.250663670200087 3.3844192081999864 -3.9943229943055867,-10.793151737358885 4.1808329453757755 -0.4818755376445547,22.48601400000561 0.1542220245819007 11.74460290241786,16.053081873135582 -1.0006160704279294 4.488365846134987,-0.7422343636465747 36.335646930299674 -43.971567348750376,27.97824804853093 113.19101599663641 41.418845015840226,15.35439238941725 9.99247124336629 2.942415249197012,4.180592822677556 -42.80984701202014 35.3026568879674,27.669983821479487 -115.11642460706618 -42.30488205362201
-20.067480236358037 -2.0783949007133447 -7.904269828372392,-13.928434439895225 3.4693387821264383 -4.012672542019702,-11.407814324974987 4.318056079874868 -0.8429323858283428,23.162716426892157 -0.2735524415747841 11.886681746180814,16.66614386916678 -0.9490677369569587 4.61611503179985,-1.4042513966162982 37.71005211364951 -43.23843154495721,28.349111743235703 110.95372753323014 40.38034870208409,15.939871727848432 10.084806663281821 3.2341317199348234,3.56581201975193 -43.095449936919294 35.64289135677035,27.89445308963409 -113.62005015418859 -41.59500428205986
-20.125931630641976 -1.6948234481161764 -8.032713951469878,-13.95816951757299 3.7561215145466917 -4.037018389412237,-11.933353306047989 4.618125441180326 -1.8565542096511085,23.868690645797734 -1.259829770866346 11.893195133241363,17.513287225368803 -0.8135667710274801 4.958370130170973,-2.366011432707002 40.789609517034954 -42.2558825835777,28.64180244699871 108.91240746394924 39.41833758313966,16.699613301442405 10.308709182241614 3.8130903427363574,2.913164051864466 -43.949971664634134 36.09062564902681,28.36794005998399 -110.58320494093593 -40.16879800415174
-20.141039811701226 -0.966612935733042 -8.174159222737766,-14.082324620745693 4.428944732133013 -4.078661306625414,-12.533981218708968 4.976989865866975 -3.08863992769478,24.784619958381672 -2.4732724078929063 11.716936439073775,18.29402715051883 -0.7083050269038367 5.422058484441233,-3.3750749367572617 44.17837380233204 -41.51338816677862,28.84833332246425 107.37214961972495 38.6812406844369,17.348891387800062 10.539561650455841 4.645780817897723,2.297579714346404 -44.69263557315003 36.717477688552236,28.861933461351423 -107.46033201270548 -38.703989918584924
-19.94580789197297 0.19046493950077342 -8.199991784942421,-14.058356431914913 5.6339343414326155 -4.1507348273115685,-13.347204055319466 5.294039924977023 -4.114220066191541,26.057025151636868 -3.581768979666596 11.33002999740777,18.725405986458103 -0.7351853224529402 5.916966993166706,-4.178477987786664 46.555744133075514 -41.460795724247745,28.959239273250954 106.63052666531033 38.314170654873585,17.62177277964566 10.662019719560046 5.683702123893656,1.7949213524214604 -44.68041955796066 37.580804933876536,29.157962703590528 -105.64050332972215 -37.847831938543045
-19.63046261408321 1.5285303871345364 -8.210605488094807,-13.870508745628712 7.028258735350212 -4.289563536786325,-14.129497780244458 5.525783708552311 -4.688573152801402,27.3480886688509 -4.2917357543643435 10.953488576277993,18.779259081611556 -0.825538391020206 6.408024231832968,-4.544760050409944 47.73258467088779 -41.99407981872064,28.9411554285589 106.88712084075418 38.417940237096296,17.51984267772983 10.694243636161568 6.69733828445103,1.4938124855038286 -43.84438591202961 38.55095144307251,29.195031523303175 -105.4961893626105 -37.773793818835976
-19.462903958154048 2.5703050963318583 -8.464577708065576,-13.659675040564517 7.931346479453766 -4.547490880012565,-14.37414776914725 5.668182347986118 -4.69148122966464,27.98544374604583 -4.336201371405215 10.980240773792008,18.603416106301555 -0.7928749411689437 6.898247034977981,-4.257313719698828 48.30130149551194 -42.6266359110035,28.744208518677638 108.27382901836496 39.06276269982826,17.229470478597936 10.74660987751431 7.332140047692722,1.4916912163762979 -42.51213683182612 39.369084665166696,29.020916608609088 -106.69765885283009 -38.32808762848331
-19.689731121253043 2.8684951935113023 -9.197625347056894,-13.55848091563541 7.708595543171879 -4.967790780469242,-13.61633171347177 5.718520314826728 -4.03167450529824,27.339898108247347 -3.488394044404083 11.773720801750807,18.347415026747452 -0.4651457960955339 7.3860543169950015,-3.132509487459223 48.84226685972757 -42.88781884654097,28.328481217396117 110.86823581858428 40.29260188435742,16.93607555297129 10.92294834899402 7.261502512128106,1.871259171685479 -41.02721486524946 39.79002878918874,28.689244651595253 -108.878703848666 -39.33997875117184
-20.170395218785966 2.5143602308811412 -10.240049916331975,-13.522082658579372 6.546736967844272 -5.44739218716569,-12.125883034195562 5.682472987037995 -3.0305110508168895,25.559035579457642 -2.1399210730416613 13.184278174006574,18.132833530862197 0.06805975373322332 7.786378225296246,-1.4961723865530756 49.50585296811606 -42.67442647047071,27.814370621513913 113.92229730310929 41.751735061103496,16.75295248605127 11.196437250734817 6.633201543918673,2.482770737414259 -39.85864444133283 39.821557721813754,28.31109377636846 -111.3223217887901 -40.476074172366125
-20.45817459426922 2.0250701628832526 -11.101533608888055,-13.365286459842025 5.282046078207391 -5.767488369127725,-10.753631395723774 5.572351619648932 -2.3356721775487626,23.404746763503802 -1.1714296046107118 14.65649372925572,18.05913715795884 0.5102378584054281 7.948126106775882,-0.07702524625452561 50.10237013962502 -42.173845803122525,27.449057127534182 116.0350282009647 42.76835077091175,16.73635658904938 11.436929991555333 5.970173009863403,2.9926513737077474 -39.574686268942635 39.67148850532449,28.042977084047372 -113.03408717456284 -41.27434386494106
-20.123751712776176 1.9000942407120367 -11.309248530764549,-12.913316500440125 4.726420476922362 -5.720430574888668,-10.327286957371559 5.401855868662238 -2.5692023178320356,21.63745851641147 -1.4274457018284126 15.646589280384111,18.214982580840537 0.5749463240737336 7.726655233804172,0.4170144499394767 50.44345961962518 -41.57928896105994,27.468917048202034 115.87043420459003 42.70145901222326,16.932771139832884 11.518693650713436 5.78014270659358,3.0735923345225427 -40.696270914028695 39.54314599465996,28.03346484198575 -113.07106778362596 -41.296613654284
-19.235685482428856 2.0721092717018186 -10.897524405579862,-12.26677227174071 4.877930659437539 -5.375255715397136,-10.921218542322867 5.208012595843972 -3.6855495196082573,20.66514606843507 -2.796441519637891 16.049854519554422,18.491828569781987 0.27935834218475475 7.136799725437492,-0.10732906131731208 50.54592998133893 -41.043187471719506,27.83464980344275 113.69293536622101 41.672450267690905,17.229947754528038 11.455807370799125 6.078952764309118,2.6163683001545963 -42.777372968817296 39.44748794690964,28.253667236221972 -111.63176239458049 -40.633571810527485
-18.31286210104098 1.9611305211016548 -10.359413032599083,-11.775329153093628 4.998543695169205 -5.051261797887173,-11.928400690402185 5.048948029066314 -5.035323519947252,20.5769935368993 -4.3021422037629895 16.158714313380862,18.602769165779364 -0.084733970824352 6.337639882971711,-1.1873905185818334 50.61216284120996 -40.68108697964454,28.257606145038174 111.21452024850066 40.492285177307714,17.372065883881337 11.388809757238253 6.437538466460379,1.7090095545366228 -44.49735914043032 39.2214768337666,28.51418250537663 -109.94708964884461 -39.854260610479926
-17.87568581869833 0.9994890219919663 -10.189838497444317,-11.784630018111281 4.355681842335849 -5.064872675643245,-12.730885086292393 4.980482872719504 -5.963576148727925,21.43349742857909 -4.966896983560288 16.271032100132814,18.268213763825734 -0.22464494982197805 5.49481619206895,-2.343017109570685 50.83450830268271 -40.6017958844378,28.448534829135706 110.14867483651823 39.972898135275905,17.110422959460262 11.457075593191995 6.424695027734192,0.4558152208919421 -44.55906016535764 38.701904455611526,28.625417434913263 -109.24822163472771 -39.52796369432939
-18.08502552181247 -0.6278617999069762 -10.52545509174096,-12.322353875728217 2.9984815656679924 -5.44182162957957,-13.043870323390001 4.983492497646437 -6.211347469838228,22.874642722465236 -4.541083794814136 16.467828807973753,17.544506546215118 -0.06772800163045323 4.807288987819245,-3.156222973235078 50.99663306374736 -40.78191191376864,28.32309312067445 110.97048070454453 40.342658354504394,16.496781085985255 11.660143894630291 5.948772833871439,-0.8149471102905846 -43.009261415302454 37.87464447564509,28.534476585556305 -109.86317634861518 -39.808533454754055
-18.729986207994703 -1.9577479159650923 -11.132461832576858,-13.087401275862886 1.7843812181261431 -5.90726439375225,-12.927032904189213 4.961357898720251 -5.929134142172304,24.10560042193077 -3.5278710089808962 16.60590760247947,16.83535230431768 0.23114042095648346 4.508471730231895,-3.2733036235477284 50.45962026747707 -41.06132537093361,28.00881614633756 112.87449437649575 41.22652163413122,15.893586452760056 11.852961812975689 5.269226400018423,-1.543423760554634 -41.284413513397155 36.879722995663045,28.329811661192966 -111.186099597052 -40.420261379699035
-19.582417437878316 -2.021461313349899 -11.762083458504222,-13.76813549593234 1.58257124843399 -6.178552926006231,-12.45944644353348 4.817362968517652 -5.2888553618687615,24.33545403476529 -2.4594354007592405 16.536339904240048,16.549848753374803 0.5088789276372234 4.822168766741777,-2.3627296865811505 48.59565853661002 -41.27653098555267,27.642019941600548 115.00380727448194 42.22504292533111,15.668046176362243 11.887900683985485 4.657867152366386,-1.18081644523336 -40.846831980178116 35.86462387273201,28.105451091695695 -112.57550654327461 -41.07088474886385
-20.41094273250023 -0.8145352758144785 -12.232817595416643,-14.199999011228382 2.451333459261264 -6.1655856674886484,-11.831366272825909 4.565220941422498 -4.542730297898876,23.534395068351568 -1.6861612630018679 16.256670644032845,16.759487530284392 0.6752092298318381 5.6166754756920625,-0.7027666115159658 45.74847186425267 -41.35647613585305,27.327418428152413 116.74342446309532 43.0480334523367,15.883421336021396 11.747356781592886 4.264489949623707,0.13149616181797408 -41.94437005575839 34.9877799128758,27.925415553361145 -113.62672485629774 -41.57183508292417
-20.980371615980633 0.5275191716392913 -12.442695482246597,-14.392319207771823 3.490249989654995 -6.005899831817286,-11.36449270779114 4.349200538382729 -4.037913050953052,22.572437700284734 -1.3435080729944104 15.937613586916997,17.136624271459166 0.7259247678424525 6.3399854779571925,0.7073880294254407 43.41038542972673 -41.33941067642868,27.13236381498583 117.7643542809125 43.53447306119656,16.243631715023426 11.56744883058721 4.094635124700506,1.4361711949758758 -43.38907858081925 34.42056835640611,27.81824894788361 -114.21505464190359 -41.857136791936355
-21.05960492454203 0.824609228147475 -12.298533369132434,-14.364743119915326 3.7599442599868906 -5.849176339557248,-11.380799852118276 4.318266870706971 -4.118327455161164,22.355199337366003 -1.5487963305140404 15.758378118728332,17.335201711694264 0.6627205438001297 6.426896267887943,0.847292163735376 43.11044885568257 -41.2699624994565,27.120661776099706 117.76171310213358 43.534491713758825,16.43588484725058 11.491141404162846 4.144633246427166,1.7459257019192058 -43.92948371738951 34.33216688210179,27.809891884138004 -114.2346513137761 -41.86928272675636
-20.601457432367926 -0.19695777360412356 -11.88596766535575,-14.14878608936627 3.020758925470304 -5.802360839261983,-11.890155169812276 4.500120016742061 -4.756256109232508,23.090476706199155 -2.1750295552085634 15.834000107538673,17.206924179146842 0.52701011533582 5.784630803090648,-0.4338465384851029 45.11490732546734 -41.19557884834857,27.296869217167146 116.75446452876852 43.05566068255878,16.31966752081506 11.57475468649849 4.3733019684651655,0.8062977992527588 -43.1411812241426 34.766042951392144,27.902628017178838 -113.6943127792082 -41.61001536721235
-19.80753821868919 -1.5847184312945484 -11.532538345070636,-13.79201861554942 1.9795998147831386 -5.914587742234336,-12.480215848801166 4.758415665721268 -5.421234381739679,24.042071678499568 -2.76470519439395 16.19270304639505,16.87102307866575 0.41393733655847953 4.959497725054325,-2.1103793731069356 47.9817148707598 -41.16752091634023,27.585392750175092 115.19966482115214 42.31853401844855,15.987521711518555 11.757398438297516 4.688712384627245,-0.6458318663805874 -41.71860650727578 35.59560629919811,28.06673844994005 -112.75792252433762 -41.161228651079966
-18.8972777846253 -2.309630093870702 -11.578133205952236,-13.343353108725802 1.403130887368487 -6.2290893614834575,-12.712857021859806 4.946579269047914 -5.553151677900956,24.414404809126356 -2.842601475240926 16.85344807392406,16.465313216454412 0.42109588333077275 4.537331018716551,-3.084531663189223 50.15972901998009 -41.23649804556418,27.90470924971212 113.58549746697163 41.55871591759166,15.548555377371644 11.969930198671904 4.995822064030465,-1.8090219688302729 -40.43039495881139 36.68084956723004,28.26975272678887 -111.60294543334948 -40.611686353643705
-18.0997827596604 -1.9700654981762178 -12.073247774853234,-12.863838084331627 1.6121133082320234 -6.681188833364228,-12.401214303101618 5.002883263502193 -4.9543284149015205,23.869469872557122 -2.2779611261781265 17.649186958820366,16.1032218543189 0.5642326480363574 4.753634144793582,-2.941405489289393 50.8275895695305 -41.4038649879991,28.15886959158239 112.40195310624107 41.00773057309684,15.113258760390803 12.14727069109979 5.22890551752958,-2.230295294719975 -39.73206896556318 37.801011724477384,28.45040500662669 -110.56122438360842 -40.12097929703642
-17.65915777224393 -1.1368912322945963 -12.619819558851537,-12.43333302082466 2.2361589110014766 -7.0389500704174175,-11.747877052714742 4.997112913198442 -3.9888530784752207,22.7784991336781 -1.4739468525839179 18.124556946384107,15.860375560249407 0.7322320086664373 5.300898251458662,-2.3245619060872196 50.29509883118569 -41.594476880884926,28.229564353474174 112.14182346508132 40.89077817333788,14.794264642801686 12.230638574826878 5.3676785156727735,-1.9967940054733817 -39.59382575627168 38.61016354721207,28.502796600882856 -110.20388814190731 -39.958480226006
-17.817916609566833 -0.4605432963207024 -12.784284703419317,-12.132636675545939 2.847803863708216 -7.0579590669178955,-10.988229200373992 5.009956326132991 -3.067651225437979,21.572447349826962 -0.8774744245405292 17.80370874776007,15.809016678068666 0.8039503126838852 5.82694489868558,-1.963605118800505 48.9708357745179 -41.72723281488705,27.998007000883035 113.29175683572656 41.4295654318868,14.703926252871936 12.162510204275543 5.396271232583126,-1.2428007810893071 -39.94318995968831 38.75468968277925,28.318413185975256 -111.11614405055438 -40.39991304987145
-18.55953056179517 -0.2240700797401257 -12.41039989161988,-11.981507788234627 3.2334042850750913 -6.665535704178864,-10.294100693229927 5.085228859106615 -2.4679400332384858,20.56652521809008 -0.739847754748419 16.598747884426157,16.009469262323265 0.7378067723973416 6.163124175027103,-2.137930647251291 47.39576524801902 -41.777189276851274,27.475459007287252 115.76435345474215 42.58059898896044,14.912889284003304 11.949734967428352 5.344263569137327,-0.1636174948654416 -40.624587425610144 38.158003358105866,27.898773098850377 -113.29829249602244 -41.44294679445407
-19.40652306861596 -0.05677963465002295 -11.835394140841865,-11.891088693098268 3.5597938131229396 -6.094588201310971,-9.724231649658343 5.201133409188426 -2.229012050091919,19.869985044975756 -0.9642932542474474 15.112118096337591,16.500849612514518 0.6337971057074642 6.467362239455592,-2.3258194135272845 46.34642343315776 -41.81933087875788,26.90459310272417 118.45073553724478 43.828480661575085,15.417583813372403 11.713709524584923 5.322110008925542,0.9368746297471268 -41.334575588511136 37.23647061576147,27.441190034111045 -115.70983319648099 -42.59047143451009
-19.835617731130938 0.47760456662588896 -11.44597188857682,-11.761620651800582 4.032143029298016 -5.60874991841145,-9.325560755411914 5.329149223561384 -2.3649407532152322,19.570359379333343 -1.4180328416775374 14.015360206637752,17.31921534092983 0.6060201377921818 6.930359115479445,-1.9257951311743327 46.619742569447354 -41.93832358970625,26.551053858195452 120.14071254860959 44.61102254188681,16.20611101585493 11.587085661001971 5.448110946136994,1.7444632447450643 -41.75537039632343 36.45633327175784,27.162412696495988 -117.20690123569285 -43.29625802173998
-19.576992023954478 1.5487816617600754 -11.423072246963995,-11.536978350468145 4.725089550548785 -5.357071020447926,-9.123784660582263 5.446644037386338 -2.787421540586142,19.68295545717734 -1.950019686854488 13.67501857964146,18.371747820767492 0.6960526361853487 7.611282494979441,-0.7534873293605636 48.43848671268522 -42.12732873209245,26.55011046761064 120.21255673599796 44.64010844809261,17.166348018596842 11.620874914934642 5.768063647099763,2.072188661309628 -41.70229916591515 36.1451115301005,27.168688854480152 -117.22522458924915 -43.29239456141672
-18.879870007703424 2.780528635927199 -11.52624881857586,-11.250393089467277 5.445953360660842 -5.2539474711283445,-9.101098584658239 5.543044583144946 -3.1984903886309928,20.075170752756392 -2.3717945043166218 13.833037258887922,19.301703589558592 0.7969539048352644 8.299935839043268,0.5212860986066591 50.849584523381026 -42.192115840542755,26.77003721396868 119.24964955892015 44.18889195430141,17.98092375470981 11.698898278684736 6.179286680739212,1.9936911072621828 -41.263287145473434 36.34623848214326,27.339972107414532 -116.38747585349395 -42.880932589361784
-18.056720712135693 3.7303708852499162 -11.46398344660791,-10.946002340630889 5.969701739143684 -5.185278298901727,-9.234213448668614 5.609325502544211 -3.2751410349899057,20.596180371869654 -2.4907848287307695 14.15525428345232,19.720742822028157 0.7838464245646514 8.753557799686096,1.1253732712597 52.757655549232595 -41.916127718562585,27.04662619657042 117.98196295805505 43.598798284458745,18.30797923168094 11.684770754204312 6.561101235740161,1.6144979342381878 -40.55978760956288 37.067951976141266,27.528684391838866 -115.46073633210268 -42.43326289619778
-17.33351641306256 4.121824414025372 -11.091462679115276,-10.658149040040648 6.1772627716950534 -5.1027271112389165,-9.45568831799883 5.656425747540874 -2.870430557045444,21.063905859141926 -2.245284588200913 14.411737996178537,19.441866835119107 0.6013066895457162 8.846116161667894,0.6370901546935492 53.53310985453136 -41.25578453046023,27.27434921632677 116.868674304419 43.08466579889468,17.985687425587198 11.516384550770228 6.844011919569784,1.0340463732158107 -39.75523464566735 38.20364478240244,27.6366834659143 -114.95314727512158 -42.19505800356127
-16.73176899314272 4.0707726098162516 -10.610652570485195,-10.39802387194139 6.200033921226412 -5.113411345596301,-9.593716425198295 5.7424757603665855 -2.2535932645156085,21.222391820312268 -1.8829287326818542 14.61893556818543,18.754005662371927 0.3580860817646864 8.727502178369202,-0.5344501623960027 53.64738971349725 -40.576389058475286,27.486384722824518 115.7288587495749 42.562107757321584,17.277779560629444 11.307207796049058 7.079510329953817,0.3373778725904092 -39.11229627922447 39.375239717538776,27.682683120697412 -114.76076933127588 -42.114818510091276
-16.24347053853621 3.7497346719909657 -10.273503054626895,-10.173488279000651 6.205482912300831 -5.34679871734512,-9.461573122645769 5.932349257019745 -1.7538143117472444,20.80527991572051 -1.6958372853756871 14.828881234083447,18.0146818976123 0.18658927456015004 8.587366145843575,-1.860304350470034 53.73063587991038 -40.30199628886777,27.73589747877097 114.28943052537188 41.903654003070166,16.50932900241725 11.19599429852683 7.33649397881332,-0.3925355544661246 -38.90775787393352 40.165706869842126,27.702266958958997 -114.69130576039169 -42.09814488792975
-15.871117058551695 3.3017119703050812 -10.257366505600993,-10.00271085097119 6.285700851800116 -5.860689833359394,-8.97975959109635 6.240944748532918 -1.5864726589560365,19.72841029312358 -1.8401303207495616 15.091197420071511,17.474605013518996 0.17683017253227884 8.547984963463938,-2.9351378341343612 54.175200733249014 -40.6446906915303,28.041813592063857 112.4839112161478 41.077431728117816,15.916102539889803 11.269253260775038 7.635592744305625,-1.0658755058563953 -39.271062689977136 40.33580573621011,27.723829098270645 -114.59354138582006 -42.069476270924284
-15.645956391530078 2.788908292655871 -10.535403372541772,-9.932073382006884 6.326454448193853 -6.516714743893657,-8.362280556761922 6.546366280794287 -1.6554316364181916,18.406345309689378 -2.0996625016615083 15.448904837719988,17.092110618818072 0.3027886882127039 8.547217922507652,-3.6919636930358823 54.72255120885137 -41.23634113878713,28.32933952552609 110.81135770115128 40.31324165206985,15.489412829224785 11.47048750995073 7.86531608309088,-1.5740833239527636 -39.92834230012051 40.13294928650115,27.75608426152872 -114.42871140532287 -42.00481785761038
-15.604100023176809 2.259826404551083 -11.046142851808076,-10.012729484104048 6.178550862576231 -7.143252981374745,-7.872886800783134 6.703541197182017 -1.8117497156856894,17.338167759819328 -2.195206342109059 15.943889782562868,16.775970311727388 0.5187677691250852 8.491662824545198,-4.121171912695159 55.00382662158887 -41.61049703252617,28.507803446454712 109.86662902371998 39.88521221746566,15.179127031183516 11.718955894732304 7.891792735199985,-1.8054522167852165 -40.53737976116545 39.887028068497976,27.804410415132605 -114.17711604657441 -41.8889184794206
-15.750174805460604 1.7601022074615422 -11.704477813859814,-10.26297610189132 5.760364490145915 -7.601595549028861,-7.72003202819331 6.6168873103186 -1.9489358232215463,16.90645955037521 -1.9540906982024957 16.57684440129161,16.4642131493035 0.7726856282684882 8.310436592927749,-4.232158926617613 54.74885248848951 -41.469058419235694,28.52142934999552 109.99916978432974 39.95392635417591,14.945962932132286 11.945077265923585 7.640118529461184,-1.7289657353363699 -40.85652933019586 39.821039274662965,27.87436798112587 -113.81365928372047 -41.706884450997954
-15.988688753215904 1.3262551844807902 -12.350139338077538,-10.596628376064983 5.205128598638898 -7.857689524927066,-7.936329278287395 6.348198512580454 -2.0954882335325427,17.123338269557134 -1.5424858161354305 17.217466454150617,16.18790477212914 0.9921574888927956 8.004265314537543,-4.09476028556852 54.0012692460667 -41.04926810686496,28.425407416712584 110.77802456861873 40.318900549778405,14.785142515844736 12.114758466488553 7.222900332911177,-1.570196831372114 -40.963954340229385 39.818067029974486,27.972097577182655 -113.29608539857303 -41.44495885750071
-16.204294507517176 0.992996483807574 -12.807953003716737,-10.906780630179234 4.688687395605749 -7.898238206742349,-8.5195173371716 5.9904800764809965 -2.3066764182652286,17.927448516488592 -1.1937613685218753 17.709475038675603,15.996561978827712 1.100772486886737 7.588077147326701,-3.7907980342357743 52.866955145107475 -40.69453902741593,28.296934886694288 111.61746786701302 40.70804406142415,14.69873072220694 12.200944723014317 6.7899324746895005,-1.6056045913464154 -41.00124337770784 39.6937836114366,28.103854725560684 -112.57873642237938 -41.08961064432308
-16.32188732627051 0.7740971097376872 -12.961153835562811,-11.116475494783748 4.335374367746389 -7.733772144270222,-9.418141599408496 5.62857944753926 -2.6072684372240493,19.200062676288056 -1.072835156665482 17.942212749769908,15.922982219534632 1.0534611904433075 7.091568247666183,-3.3986195184911705 51.49508577650522 -40.66013861579227,28.198087583278703 112.07416256214141 40.91546982567495,14.684558073503117 12.192637593381093 6.4563654924648,-1.9971191597200793 -41.06701649927049 39.33987508817901,28.265506243592515 -111.67573575580164 -40.65360921979986
-16.41542351974234 0.6057645249162407 -12.909328927524804,-11.259685915318864 4.0787242202111536 -7.463079449956711,-10.39853220394368 5.317126993646184 -2.9090533019899403,20.609943032367273 -1.0910751688383449 17.974014337057586,15.938033480632296 0.9212447018602209 6.599136318667272,-2.983701592599807 50.19521266067227 -40.874838129641454,28.134930700489935 112.23218663178969 40.98051315527118,14.72477055672723 12.138312243997323 6.209027254532326,-2.4824486505962158 -41.10073576500905 38.9295871479705,28.4144385661028 -110.82264055650158 -40.24714247526079
-16.593364568378238 0.40625151394216485 -12.802147301993493,-11.396063371843583 3.80810489343824 -7.205378403421822,-11.18483946940926 5.103758328601248 -3.09766724161681,21.77665929161941 -1.1011568018608644 17.90233344114896,15.998248101115232 0.8020171635220661 6.2078415674920855,-2.608541804722691 49.31401169526814 -41.19183035738191,28.100563897319855 112.29770593200082 40.999274290395995,14.79788344816242 12.100210998761204 6.005041051938878,-2.7011007889122296 -41.00502078912285 38.701341877128485,28.499130555307687 -110.30626623738385 -40.002949070872226
-16.92765245493563 0.1156569066360384 -12.759522649721532,-11.578551662980272 3.4450062783979765 -7.058416690346426,-11.55790662090306 5.017611736048667 -3.109078180750955,22.388053180738154 -1.0040371786708682 17.82243768237683,16.053469857062485 0.7690647944336921 5.983209541541434,-2.3236890055517967 49.083918644944546 -41.47894437547606,28.088016719599242 112.43431361985536 41.04874732291577,14.872605849989707 12.122816699632503 5.8082317544293485,-2.4106270782457764 -40.712935418150835 38.80005722733833,28.487275077678106 -110.31008340471168 -40.005629927482275
-17.3324662898601 -0.23154636400388062 -12.772826735011602,-11.831117652919357 3.0496838981478867 -7.027189828815786,-11.543488131758098 5.0079177210451045 -3.0966850977946416,22.426899013777092 -0.9092486840429299 17.820151154745712,16.024648181421743 0.7893684994588408 5.854537230424871,-2.128074116934755 49.24385614691386 -41.667237480596626,28.090015826909465 112.6216903756595 41.12338849428604,14.875284556837245 12.173891886848835 5.611374802576889,-1.878523757335972 -40.289061450500505 38.966716764918466,28.429568783738137 -110.57111694215118 -40.13183272172115
-17.679393301142582 -0.5754068056047039 -12.798728336973298,-12.169905185344993 2.7198563962122897 -7.091652658067484,-11.2334581582455 5.002333761591223 -3.2725877145371194,21.955595251515888 -0.9826336120789848 17.978748445158484,15.824931784142784 0.8012095066750955 5.714343447522066,-2.006692559129528 49.39951109790199 -41.70483694845224,28.099206107402765 112.78986528249663 41.19537096774971,14.720829639360296 12.200486609648156 5.415061539971901,-1.509958913184477 -39.833487119424184 38.83325225199005,28.399117192219443 -110.70586297105176 -40.202063149510934
-17.887820148004256 -0.887319923283906 -12.799908599417845,-12.609269014102528 2.517539707449775 -7.229270199753547,-10.753775284017998 4.944771129376712 -3.7719261838568503,21.12026547431189 -1.3227966052603604 18.336296833874723,15.405175391007273 0.7594144986560718 5.474109809856069,-1.9461815986011806 49.19514858728946 -41.56819643929773,28.10565190605524 112.8960089246608 41.24804629523819,14.360589644456788 12.16512250546155 5.2140418146710825,-1.6053087428594444 -39.45714321831788 38.12253543454938,28.44724399799874 -110.44491136819289 -40.090006894741165
-18.118153306308017 -1.296742482585626 -12.769367218486597,-13.154543479456136 2.3247249975199025 -7.404955177287428,-10.402254929324485 4.861098411809662 -4.341787003554109,20.489189585509223 -1.6893091318115825 18.70291746940042,14.906357326179132 0.7022386605564367 5.140935941082719,-1.9414581912296938 48.46956491541133 -41.37659684978123,28.086405842402694 113.03414990731858 41.32113196297919,13.929645758262053 12.108334387596354 4.973610605105173,-1.936552174393426 -39.32562859171284 37.015988363461354,28.515441829866838 -110.09415021692031 -39.937500612853725
-18.606593386841407 -1.982837188864535 -12.709638245122298,-13.808226248513524 1.9667905699675337 -7.579672959879237,-10.530756785304897 4.802957528682926 -4.607224419057516,20.763404096392364 -1.7351260069715633 18.81704868134972,14.529244581280961 0.6941731579132837 4.751990710602588,-1.990043028577006 47.12273112356627 -41.294234332802134,28.014428704498485 113.34135493700141 41.472071000638046,13.620858052658079 12.095190077726832 4.649800139472481,-2.1095016584681683 -39.6217336897997 35.83923460862442,28.510664452724306 -110.14038313896977 -39.97070709977638
-19.501103022365044 -3.0791169223027905 -12.614981467346812,-14.553326122528134 1.305753026986127 -7.710166787212513,-11.370687116614226 4.801469130517035 -4.297578411183937,22.39693370357645 -1.214190188545803 18.473043494171193,14.41999758320192 0.777917079981036 4.328797145844024,-2.078489020725519 45.06943950066642 -41.44236135839831,27.87609034311153 113.89607207182218 41.73199717989095,13.576651055501605 12.170010635374506 4.2018616248659075,-1.8002281200458066 -40.45125545545684 34.879064287724695,28.35983922805842 -110.96528564420097 -40.36672436122042
-20.42908552227686 -4.449761156994308 -12.43083749408305,-15.25791961559596 0.4198304681024905 -7.728287778460259,-12.442944433002596 4.766671251958955 -3.7574917681915077,24.386729606937273 -0.47626623232442633 17.795174189012606,14.402597989047235 0.8675911369785334 3.8005399463228065,-2.128659402713723 42.311761103737496 -41.68886716608382,27.73685129471665 114.43094481314817 41.97684348184025,13.641874046046887 12.25470729715696 3.608050597333906,-1.0995196146278665 -41.4658735310458 34.192931258858124,28.107765021845793 -112.33013565654245 -41.0131022313083
-20.82776794246578 -5.860553630340001 -12.084811793927466,-15.74809495959832 -0.5337739829324444 -7.556793199303415,-13.008857014944324 4.564366742118754 -3.5563962263815316,25.19742946155197 -0.08879056006762898 17.028242649285364,14.183325690440634 0.8303424218828899 3.0626697941822787,-2.03878429133895 38.88365259512584 -41.8090796526103,27.691066343994343 114.55228367377694 42.02584328858326,13.552662957390694 12.226471244805058 2.8535654559551578,-0.2496730586896967 -42.15136460994623 33.754505825230474,27.842302768329283 -113.76956087336193 -41.691609734921656
-20.260704796780285 -7.090740985119436 -11.525920778824126,-15.88501130214175 -1.405469075533165 -7.138139568660398,-12.48357106417476 4.094009530986928 -4.14130026842003,23.628250633674913 -0.5009534554234195 16.386874472780875,13.538422557739882 0.5612761041080659 2.051426252966374,-1.7385954467538187 34.91184164625788 -41.62183542158803,27.81161300638785 113.95907146075248 41.74110788167372,13.105996098222016 11.987721347819553 1.9461391688727634,0.523799446968244 -42.09658881444004 33.53508400342281,27.642803884761026 -114.86296300059286 -42.20523103749886
-19.16790541003927 -8.013773293990702 -10.851582006521328,-15.77303794872534 -2.099164425053107 -6.551245924193501,-11.349701524592524 3.4884577499572367 -5.109431039591281,20.800003582613524 -1.3411529922143681 15.875565998033483,12.729650345294907 0.14951927536839915 0.9857577571099226,-1.3761386669126756 31.16494455838286 -41.24810926061759,28.022395500757867 112.99311296674465 41.28215346971086,12.521148661238312 11.615974045017047 1.0494310476869568,1.113128133994235 -41.605704468420114 33.490381749406026,27.529271983714043 -115.5020112300013 -42.504894641059856
-18.360162391593633 -8.542953291388958 -10.22199398317551,-15.619434005949357 -2.541403131823854 -5.932761628371307,-10.54145486700715 2.9793109319613675 -5.698516585551632,18.81564628014763 -1.8905519645109556 15.409918601796948,12.22416948293656 -0.23372020277340905 0.20421243107539083,-1.1918172734919976 28.683127941437405 -40.93669519776716,28.18429504977276 112.26815814829965 40.93431310239697,12.196048091073369 11.262820617467103 0.39306487934623474,1.4603540037503366 -41.28547604648252 33.56952389092171,27.4966036515082 -115.71047918429525 -42.604116743372195
-18.538080365085793 -8.629517963540335 -9.76785986691352,-15.60953024408558 -2.6825532939347125 -5.403935280222323,-10.85918231046835 2.7703949730398594 -5.253607047743721,19.477311224785144 -1.5341573927147523 14.907549298036677,12.418010410488034 -0.4398643166615024 -0.007580951707595311,-1.3956496391717081 28.34877195689348 -40.90582066255775,28.179627095283852 112.29818386805607 40.936756842792136,12.467007009457497 11.059076530993668 0.16569764074021998,1.5191705572081333 -41.66918083443686 33.70767572626633,27.538109927982656 -115.52112065487475 -42.51998158795001
-19.491535155952466 -8.533349993710468 -9.377161672537328,-15.746565258848516 -2.666901073074972 -4.9585522403294,-11.996856844048134 2.8358261207342608 -4.006746246664744,22.10161944899285 -0.5152082238023218 14.305131738834598,13.120289155470658 -0.5075490367205047 0.20032281289351078,-1.946804253670902 29.747688028221198 -41.12034450821956,28.067600048782744 112.77438179111523 41.14796892804743,13.161914749259353 10.963718852772752 0.21948480484257918,1.3369832356120557 -42.68109288413238 33.726187478098836,27.634885592992685 -115.0361742160807 -42.29688665318227
-20.565687706901727 -8.665045796007876 -8.819359078669248,-15.94486083535707 -2.7334241011967886 -4.528156728719361,-13.10819966532205 3.0375518852022574 -2.6231028702136916,24.79150033266333 0.5039762814035897 13.548645058433678,13.853527564401737 -0.5668281573634054 0.465121766729273,-2.681957953317214 31.832564507119884 -41.42140404001573,27.99380032628238 112.9861721404607 41.24054219409878,13.860394195939678 10.851814825833465 0.2422659394455247,1.006957639115343 -43.948105949018206 33.39083271649559,27.762060146019476 -114.39180832034518 -41.99256665030752
-21.159074874598605 -9.373242529494533 -7.895899720208448,-16.121517337280334 -3.090148294843677 -4.047552916462526,-13.426518099579436 3.2405114553556227 -1.712142740747157,25.81924049454941 0.9251617540704921 12.602088530816452,14.176530555238493 -0.736891508715268 0.45667735309725155,-3.432350529537845 33.59434433681638 -41.662332857222914,28.083547970758172 112.33066757506131 40.93697474020792,14.174316135419865 10.610265880215142 -0.04499780098409213,0.6272675110559002 -45.092527286942584 32.51644365229956,27.892303917170256 -113.73557398747855 -41.67091719943741
-21.217238117977384 -10.395615803944358 -6.726328779568121,-16.22642985880378 -3.638619704301384 -3.487257455545729,-12.992662452158612 3.3460331712124063 -1.3145146776448051,25.179763985731164 0.7993219272974323 11.603662526843813,14.018905925824324 -1.0255340988317179 0.17568954773809892,-3.9845223881001663 34.436658387859204 -41.82290588571454,28.259887022044992 111.27608613590219 40.456101595664244,14.044691985314671 10.246287225713873 -0.5892427888555702,0.34166483074018583 -45.71170229749249 31.397417532879402,27.974822775801158 -113.32321536332199 -41.4547245505129
-20.9931233841561 -11.126494351280941 -5.608955225390005,-16.227923407330575 -4.108149473540833 -2.8378566223655177,-12.301304322475756 3.2758952708808295 -1.15120492533728,23.83607899408383 0.5422711287070219 10.789464580955892,13.518644491322082 -1.377949509523465 -0.191217735645688,-4.099893868662599 33.99505901838881 -41.9539552803645,28.332186880021585 110.89258339865047 40.295688166775626,13.597502918532397 9.834707755327228 -1.150771151908782,0.3195155380192587 -45.38894836800207 30.59765654942411,27.945636083297853 -113.47127873760088 -41.49987018493441
-20.720625843802175 -11.03231751715111 -4.814728682269774,-16.096129212356562 -4.261793142425434 -2.0937445311655494,-11.815595838765626 2.96361436997074 -0.9628631633902246,22.698006495381943 0.5395610445930731 10.375199665198593,12.8165584439007 -1.7417145227366229 -0.47456917404072135,-3.5837440402832885 31.988465626642547 -42.087641802520494,28.13307098902608 112.11291324082458 40.88879496526297,12.96253109757999 9.445944883594574 -1.5143054478001492,0.6912661981743428 -43.79549880909015 30.620335601106586,27.752465673807762 -114.43799905548653 -41.93472680506058
-20.372431155072018 -10.462201749042027 -4.273434082686857,-15.819793037120608 -4.277153053677075 -1.2909866152986142,-11.573600854542029 2.4765217612117008 -0.7600555855348128,21.931902810128886 0.7777700221580995 10.326852118169269,12.059316704127928 -2.1002043420613035 -0.7282798626966842,-2.7544574672840336 29.074954390756705 -42.029884295455176,27.78018802115334 114.19471047134617 41.88022527649627,12.289830503543751 9.090390834674105 -1.7725856188142521,1.1316140256532146 -41.62642321715525 31.22783060213468,27.480779507087828 -115.7958807903272 -42.56359868410308
-19.752702709985936 -10.334732592402375 -3.6947501061424712,-15.399670021470014 -4.599281100248934 -0.4925330301233943,-11.339132723498833 1.9682807870879362 -0.7274880720606224,21.224469642524102 0.9860742543521646 10.449296192369431,11.397366727022394 -2.459889926986978 -1.1503877473555648,-2.2614545173825573 26.518509088802407 -41.4406390746509,27.57507389221224 115.3148879193972 42.40622933658702,11.74253371014186 8.739711903445876 -2.2170725005441647,1.0212243956562608 -40.23733072780864 31.704582637706565,27.304914011030206 -116.67502165945652 -42.98171368937239
-18.692235866348067 -11.49935554787542 -2.8112494774599934,-14.8434946272949 -5.637073106780218 0.24032917113369648,-10.89467888507436 1.5841286180039431 -1.031411432299263,20.288012298198463 0.913354576928641 10.55259538115928,10.97114962723338 -2.824349803478203 -1.9212202063723138,-2.7008229953646348 25.48862815300385 -40.01896558349917,27.796878738805134 113.79056494403711 41.66986651780235,11.47190492489914 8.369261874549464 -3.1151919522122338,-0.19543705693502972 -40.87688091170241 31.384854851189704,27.387080435886155 -116.26513787062594 -42.811373820490424
-17.436582923940982 -13.697768420970885 -1.7297142748894343,-14.254505462325751 -7.227265495216565 0.8760550199020611,-10.350198773618796 1.3303248258113989 -1.5371957734879809,19.308158848893047 0.6465262348544862 10.557746990067844,10.77925109772931 -3.1509913689768703 -2.937760299274713,-3.839580789492923 25.68144479768248 -38.04907558991899,28.36620789890406 110.16782671292903 39.93480332423795,11.458937280802296 8.015436262638033 -4.349108411258042,-2.1060554771450133 -43.131946086252675 30.417016318769356,27.697805701175234 -114.69972070366457 -42.105389250826335
-16.53789316225446 -15.852798823041878 -0.8335499334630517,-13.806539790278155 -8.78364252679909 1.405085516748106,-10.057725950318542 1.1103938436563283 -1.887793914139912,18.82042742442448 0.522386556824208 10.467752911686995,10.7153943459105 -3.363091359995622 -3.8875370570329255,-4.831880018599723 25.703949946592964 -36.24773766127205,28.938622919229555 106.6404563961583 38.24872916681183,11.55875598217622 7.759753901986565 -5.516193038960732,-3.582861685647364 -45.36097078095741 29.551240197288443,28.06591967228393 -112.80991965056248 -41.23481077241281
-16.517584854346744 -16.922802875716595 -0.4896583455768943,-13.663974905856454 -9.737144284057715 1.8178353772254114,-10.347619458623026 0.8324437910701068 -1.745510182639863,19.32398795694413 0.8588891367732815 10.290191383321954,10.674392407160784 -3.389462781973228 -4.468110085192808,-4.868456012313333 24.230800012776985 -35.30466230122512,29.181537090618612 105.32186947762315 37.620794604834835,11.628755676000804 7.678992897887407 -6.226059235952801,-3.554231113525809 -45.983154930948736 29.507149596976703,28.323870924578582 -111.41158368450893 -40.56470507754669
-17.24044726749283 -16.8138071475257 -0.6668543529054831,-13.798711499209894 -9.987497394639858 2.095338647371151,-11.076632410208306 0.5256641468383859 -1.198047882970027,20.546534343171558 1.546231918979244 10.078597307584085,10.612500947800537 -3.2686447509840026 -4.635766834610422,-4.022348308249639 21.55055119843395 -35.26539945195154,29.075195735806147 106.26486743665262 38.0744970747729,11.61672820007326 7.749518813030019 -6.415932119441401,-2.2112309130425274 -44.968482718342585 30.231028995667675,28.42429622533166 -110.77238249401303 -40.22731953019214
-18.015865136929605 -16.233417875964527 -0.9972339647703337,-14.019845423144773 -9.830947935415635 2.210694806949829,-11.70092202684869 0.3216601147343732 -0.6929307304715758,21.563213481957334 2.112799061955587 9.925377674616074,10.537946405136422 -3.131987359457483 -4.5656376896463975,-3.1128865887434785 19.31686427662262 -35.63064086010995,28.864450716002516 107.77929744072107 38.79962699341408,11.54692715221247 7.862764042753781 -6.3001446263185015,-0.8129661975196433 -43.5986571061834 31.01504041018566,28.42149258815602 -110.69631258775306 -40.157973078171054
-18.162859785488298 -15.891902087503391 -1.1156486481384376,-14.13661311724554 -9.570125666244804 2.140008016837815,-11.689091569472279 0.34850400148059885 -0.6693268198499771,21.47327427532592 2.097473468605522 9.920176614741559,10.46240261626783 -3.108486720158408 -4.435443491578637,-2.950246778489588 19.155904989872365 -35.89903531463263,28.793309659615133 108.18581486715425 38.991304873550604,11.447765187086356 7.911010662669888 -6.0977580295743055,-0.6009861317169789 -43.15106933038308 31.15887435954229,28.371843557826306 -110.97406130286417 -40.28523979635046
-17.58847407966422 -16.00995524130005 -0.9465446005114425,-14.072444477781296 -9.375306712056734 1.9299179296827622,-11.052965713039628 0.5877827891365941 -1.1396692711076988,20.343806089119497 1.513680471786191 10.066222610976027,10.4367763954728 -3.2127607077083367 -4.329642707682582,-3.6367300217254375 21.166001717293803 -35.89692969467866,28.906837196030793 107.22922684742376 38.5293375431216,11.385591275304582 7.862939078114206 -5.941126801027933,-1.707212937473071 -43.91415690351217 30.571950264339637,28.30754947404932 -111.42442357307002 -40.52595906467069
-16.76843048587783 -16.33480483256793 -0.6944370360373643,-13.861206662990893 -9.288767104974935 1.695279547847353,-10.329722224981023 0.8794165145251931 -1.7036929327246975,19.177903327916795 0.833778588217582 10.28317099111985,10.549917033808034 -3.3488112313645324 -4.242499134464802,-4.590046989286555 23.967901021580293 -35.767589912144054,29.057698838804605 106.03164727753541 37.955696582305926,11.463442854429854 7.761115034255662 -5.878750680419283,-3.1904411378782025 -45.21993352375206 29.753360477328858,28.237422935842655 -111.89337737828534 -40.785621560481005
-16.190431495436194 -16.598715039900586 -0.5721113949597737,-13.54169781727423 -9.344990511472668 1.5500817984894624,-10.064563033707387 1.061297166463907 -1.9553350784823194,18.99003385753914 0.5366484942064504 10.48947217429255,10.88777242826998 -3.417997983786127 -4.164453126774511,-5.212215323833425 26.148034939375247 -35.66360101167782,29.094411844847794 105.74233533190896 37.825212113623635,11.781009418346644 7.651290927289865 -5.952850629184866,-4.085986992443451 -46.370549333056886 29.217537212352315,28.16946442079312 -112.23118664333306 -40.97127481182156
-16.029036955819713 -16.656195100385546 -0.7039170653786069,-13.164190113312019 -9.507509798372746 1.5068285049755106,-10.428944134672712 1.0758689380445834 -1.7961756464850547,20.047649267986877 0.7611465146948847 10.665018599295754,11.412685806730511 -3.3739334697074552 -4.082228307201992,-5.246940348528997 27.01800394827805 -35.636386762597944,28.96879825216686 106.70024804995565 38.29781725737981,12.30340569808889 7.583778607554209 -6.126585941311491,-3.995899354842919 -46.925167231541906 29.235186512298426,28.115687277484085 -112.37620814991408 -41.04606077909745
-16.1125999683398 -16.49690691961701 -1.1164295982615449,-12.791641271649068 -9.661415480524145 1.4658227787570404,-11.181112508545636 0.981167683731909 -1.4679206097220483,21.792308926384464 1.2702021354515463 10.857632263972404,11.950344559370464 -3.228000275336461 -3.9784391237900323,-4.815693182427772 26.691146044929766 -35.62552824316413,28.7468926240559 108.34848216235666 39.09685175094684,12.84696218312697 7.613930803126161 -6.275706280784858,-3.1487998283940417 -46.72710033801985 29.80755369260227,28.09254143647813 -112.36419308429718 -41.0351387534418
-16.255750453111492 -16.116698816258552 -1.8274411858622759,-12.486966141015584 -9.688081526590521 1.3248199077185232,-12.058865520091917 0.8408947702800639 -1.225347589009009,23.62672477687194 1.8098366743201935 11.115931269546323,12.324385834212814 -2.995629640306129 -3.8351501061333226,-4.061320034528858 25.33456694191417 -35.56950406498029,28.499258587479915 110.09350042642284 39.92789876720717,13.225257186048465 7.794851660721314 -6.273224746831713,-1.8086137592540614 -45.647271338722106 30.915190449472743,28.115413177223203 -112.23972047774559 -40.96852560244229
-16.42666393209192 -15.481839905424419 -2.71839180566874,-12.287470114473212 -9.481436963569182 1.1009007908772803,-12.834203057800345 0.7071663113656372 -1.1573533213824645,25.096152364611495 2.219306921099214 11.388957360086966,12.542336553116105 -2.7310337899716726 -3.6220754001880744,-3.193520512484793 23.564967385116667 -35.57836736441178,28.245872530971813 111.6979551436614 40.67367473277901,13.433038448890086 8.087752127155001 -6.0575886269503165,-0.3446742987925176 -44.02916065101282 32.291508062136295,28.152331577992644 -112.18606965216986 -40.936592368819994
-16.78767063548982 -14.521197113129816 -3.498307349973933,-12.19807604638397 -8.951286386748595 0.9620306830283564,-13.322373276051012 0.6174491477175412 -1.1430821692860955,25.926090178474325 2.4557636699666547 11.499840378963778,12.84424781942745 -2.537462570292745 -3.293312389832302,-2.506528733276112 22.567550190653513 -35.97912312404309,27.942744500810406 113.3748916988465 41.44087679914757,13.694138085346301 8.33764641548464 -5.649985160686564,0.7403997755730046 -42.8137865397714 33.35741471640115,28.1114436789724 -112.5619030999655 -41.106026493318474
-17.50990820385581 -13.164261144851817 -3.870768213951651,-12.221029261338042 -8.011993536787099 1.0822622563887458,-13.345720303487694 0.607508550293354 -1.0492840420640992,25.86136862128674 2.4861189434954487 11.268086729927191,13.480728136403464 -2.5190534559282254 -2.803086231840019,-2.294039401644534 23.542242824054334 -37.10576163537689,27.54308025947572 115.36059652149 42.34788542420002,14.243109977592175 8.384996603409448 -5.077695116901476,0.946084009794449 -42.96403361599833 33.525892264056765,27.89947545402364 -113.72630544118964 -41.64336938900829
-18.581185725137864 -11.492454591255449 -3.821546733455248,-12.328414928384676 -6.7558617664794705 1.4551274610265645,-12.943768628497573 0.6748254324870654 -0.7960553120539455,25.037254501373873 2.387753048680207 10.737041432211724,14.48330194378152 -2.6664562696343195 -2.162391351001397,-2.550102037418072 26.59613292556989 -38.9438767781438,27.06538058467914 117.60729153494684 43.37812381110516,15.114774209198742 8.216109934108577 -4.407481251299027,0.306814085075826 -44.61524547307956 32.8190817233033,27.544794455146906 -115.49414533623721 -42.46178195798863
-19.723901263753987 -9.80715703596794 -3.744954180277885,-12.448654326588157 -5.532803698498015 1.8128122157795845,-12.47046218342126 0.76145513223327 -0.38072385287179145,24.15426278145736 2.3979750107633095 10.274108333847309,15.56631818019861 -2.8060208742216277 -1.4644089854279323,-2.8349595651359696 30.25416649704363 -40.974677016219445,26.622676083653662 119.65594874946643 44.31963292388192,16.054789403787463 8.02843869116757 -3.7632657439621346,-0.368494210329039 -46.70470623477671 32.14102469768066,27.251872912525503 -116.89241136449728 -43.10759745982996
-20.641665943835296 -8.425123088412727 -4.063008356120688,-12.50722511500758 -4.709880065428007 1.8699023978363707,-12.301686521538597 0.8057319451785282 0.19225504886951147,23.951419050170244 2.763280788497459 10.267518550030022,16.421807237158266 -2.7530959631700354 -0.8085105253731538,-2.679513256074802 32.928915269223644 -42.643794148493875,26.334243832853556 121.02005383614997 44.94732246738906,16.788467381807763 8.034015542240036 -3.2723521946315106,-0.21909339738815967 -48.08541085887162 32.45473579517422,27.23638805018036 -116.89898357240337 -43.104291954247465
-21.182550335437938 -7.52923631978277 -4.887200615570738,-12.464074337575486 -4.43487224591182 1.548658817634487,-12.619319483775142 0.7908721614861604 0.8396250967039244,24.750937853785256 3.4878730107899254 10.775513005988786,16.924075560107365 -2.458203565755705 -0.2764477374820901,-1.950108149438481 33.866186746906415 -43.680552174587575,26.235546354382528 121.5550801148607 45.19329023608031,17.207332594606388 8.303363156876399 -2.982575170132192,0.9767027556114576 -48.29989099367252 33.992056118376745,27.526447876536203 -115.40526773599281 -42.40118868859362
-21.434470496247908 -7.080114708056923 -5.8134563932910925,-12.336378431361933 -4.4914929124104415 1.1161442147249805,-13.283128618609867 0.7746094820138403 1.347296966854897,26.183003895429238 4.173675580680412 11.308451126238214,17.250061857557014 -2.096293504335529 0.07928140798005202,-1.070025340607542 33.695206730989554 -44.28528821330664,26.222889173513924 121.68430174295949 45.25061283238621,17.478871714294062 8.672055674385737 -2.809827093741005,2.3795494380226723 -48.0355135228644 35.77086208366759,27.8387399200972 -113.81939304579619 -41.65464343219039
-21.50759758080342 -7.0167200007373856 -6.390989715640196,-12.1468999403933 -4.6294736800674166 0.8704308418560706,-14.12212395565262 0.8214433326914323 1.4905527666943361,27.812776414846994 4.3871402859371 11.327976433952175,17.603995297921127 -1.8626686498874185 0.20967836733511788,-0.5124917499579779 33.172006593880674 -44.70176854289538,26.17987017035906 121.88288808760285 45.33621483744287,17.795361967018682 8.954170508778498 -2.6577845646468434,3.0552396860784046 -48.08310281262274 36.70012343013533,27.862232930554942 -113.68428844119575 -41.58385627223994
-21.47137384028139 -7.198430886306552 -6.384714687562914,-11.94003104447075 -4.637711144361937 0.9391608082656865,-14.9212385750913 0.9663201936420387 1.2386537292420445,29.23059135625074 3.9738556138511916 10.62989262643443,18.048865685231817 -1.8609411592738063 0.14998991386136332,-0.4593321165941534 32.64030556008658 -45.062428353367295,26.03697461476646 122.4397333895522 45.580873072712386,18.209504921310625 9.038230145056026 -2.45559776755595,2.6577642253445584 -48.724155329206 36.31957988837708,27.47262472864521 -115.61070661473362 -42.47420850461506
-21.31751869815783 -7.332757972507166 -5.971165140033466,-11.801439683747844 -4.3798402994856565 1.124744960233531,-15.381293664507302 1.1877907590620254 0.9310307929619219,30.074829283322057 3.312085665628285 9.64768012427357,18.378136225049897 -2.0197501115956844 0.09622787253341553,-0.5362893886194594 31.657008985200687 -45.287250097878065,25.81416282288199 123.28826369968549 45.950968882995646,18.50765039318631 8.954820343886198 -2.181028043741352,1.9635694305505669 -49.268218840490675 35.37266741753942,26.90194758601655 -118.43053149891274 -43.78322650179853
-21.029248053625608 -7.111231522927592 -5.373032834830199,-11.821057286897934 -3.7288476116795772 1.1936352367388292,-15.194749670429976 1.4579881197242073 0.9475732499623968,29.990547576560697 2.8390222116530675 8.885558609449513,18.355578290899018 -2.2480963054632266 0.2618350472319313,-0.3077833853558409 29.693422914797722 -45.27256805056301,25.541500362987044 124.32173756807786 46.394336466917395,18.44684882542021 8.750557755482788 -1.8176236403535388,1.8729520001453497 -48.91762624510629 34.736114999373584,26.42174019896828 -120.77844196364923 -44.87665286569505
-20.63686292762397 -6.443666815910126 -4.786937053737075,-12.013633579748877 -2.7459025664106917 1.0345901773767772,-14.272355142977505 1.734025431736917 1.435710324042812,28.87603109577297 2.7980707937417435 8.654675365089554,17.86781718156975 -2.4626307448966487 0.7314432258213914,0.4209278627221767 26.793855266293818 -44.963099098404726,25.25764988971367 125.39505266642206 46.84690431511905,17.914047023934206 8.482997199100621 -1.4126000890795842,2.813807611202186 -47.28947540387869 34.875218407621496,26.191129561638046 -121.85351919302381 -45.381317705681866
-20.274219686817627 -5.719958172415202 -4.352155298807948,-12.228569512514468 -1.9060497097351226 0.8053599233684909,-13.00494446822886 1.9399821779532147 2.0316166887688283,27.186493475592602 3.0064386313537383 8.841549293386736,17.071673540643147 -2.5968296992383553 1.3063872904330915,1.3149055407475654 24.262829599310606 -44.40996907487863,25.02018181913224 126.27873874134505 47.21841643234521,17.081875728243574 8.233750050177058 -1.1531977833263025,4.175069965646811 -44.9130658978811 35.35039929617261,26.12201313473122 -122.096146816643 -45.49826663909633
-20.08880150694109 -5.39342373475351 -4.200144664188007,-12.293510326312356 -1.7387708935137476 0.6992682035436667,-11.846939969096859 1.9956736970710718 2.303860960713654,25.451009566974907 3.224775012062006 9.276239675911436,16.159859585284423 -2.586505266059785 1.7505000821360899,1.9691280624766025 23.570667957109524 -43.67849767656551,24.889097867282466 126.73244318865066 47.41526847705454,16.160894179720135 8.087548909234034 -1.2449737094445885,5.208082001915673 -42.43873092781168 35.60219766025812,26.093483373580163 -122.111448137457 -45.50475662866937
-20.16303663234541 -5.720425254359848 -4.383542813886606,-12.14100961228932 -2.5033671880120942 0.8146532850876282,-11.124009515230888 1.8762444093085684 2.004180583840452,24.08913198608903 3.283126723597176 9.81197089284817,15.296032805666913 -2.4077959632254538 1.9123544788461468,2.1515832953141976 25.382292603829406 -42.84720086145255,24.888800844110484 126.66057685337618 47.400948254577266,15.322371400390852 8.09547338318076 -1.7598764236553497,5.451592989451268 -40.36050817371091 35.30129120673253,26.026215339327447 -122.30857699531037 -45.58915968818227
-20.413942922470156 -6.456537966831345 -4.754579049318222,-11.970363700224322 -3.7721708798999436 1.0083408943609184,-10.834446506420953 1.6975199173309714 1.350042895266666,23.2419392253579 3.187992468538919 10.360867515293888,14.56997537654915 -2.1393753287886668 1.855985611903257,2.0701575081051984 28.314795075956383 -42.02814774994209,24.95317884170558 126.33562994594479 47.284107569169024,14.6376760639632 8.223036089483342 -2.430138162674601,5.175119117693701 -38.7750342011735 34.70351185985921,25.946613123742743 -122.59841010279656 -45.713846615122065
-20.732651296756835 -7.27899177335898 -5.134135940121916,-12.02255453453204 -5.010059281072004 1.0993831071243245,-10.925269994683024 1.5973212974310438 0.6318001408976986,23.006861704665333 2.973509830005489 10.844275933363521,14.059872437014981 -1.8759522377447106 1.679152445350027,2.0015312984030187 30.665051105065817 -41.33865820424405,25.001973610850616 126.08762036080044 47.196084898388605,14.162510206736533 8.422355877720863 -2.9348762360910485,4.762536142477361 -37.71666803541403 34.15624483436439,25.89762367304208 -122.81384501885852 -45.80581862927917
-21.028099723739224 -7.954102584549128 -5.386263161157217,-12.435587187195196 -5.825867597451303 0.9617776701728469,-11.329435374392759 1.6719316122952796 0.08666515543354926,23.428948738579106 2.684449123952484 11.181984839592534,13.807960869936165 -1.686923631253112 1.4610130728084514,2.1126898910621854 31.287659036479052 -40.8919797199468,24.988606882016096 126.11132632399959 47.21336078525947,13.923577231258706 8.651762881346414 -3.0530788805937545,4.511118265326104 -37.15884305253549 33.9140330261197,25.906012019813677 -122.84372851849133 -45.81629052988697
-21.261742036003707 -8.510915342371852 -5.502317153135813,-13.043771300078497 -6.252986117216953 0.6315659892685747,-11.938422041915386 1.8951316130669467 -0.20486593340199544,24.398769301243682 2.3969383129226207 11.2891890247478,13.75046034408101 -1.5670374690873088 1.2258686165287127,2.247109138327735 30.68203128947459 -40.78934972568359,24.965828085922567 126.20268243496687 47.250630862944654,13.862058885146512 8.887905313233768 -2.858269828519838,4.462737715805367 -36.895313048408795 33.957612336359894,25.95082011957734 -122.74191065201278 -45.76788687304904
-21.40466572665615 -9.026670754827714 -5.4970078745335424,-13.625705755491271 -6.402686728861791 0.17451522310533704,-12.636100917744153 2.218229875984644 -0.19104555948602403,25.77855405068854 2.1928576959641743 11.080240561097744,13.804142426804658 -1.4973478880632 0.987957078809409,2.1889194065269773 29.649309688188442 -41.1298024890059,25.00460761112211 126.08445827587641 47.19291247735273,13.90344857868225 9.110791707212854 -2.4780032471464053,4.612415054213768 -36.68687088206293 34.21749072697649,26.002335469905432 -122.59251014317361 -45.69633182520336
-21.427958288802436 -9.578609529917303 -5.385045283826253,-13.95998943574288 -6.386241320878676 -0.3436074696230498,-13.306342922372334 2.59253497728698 0.1798738433043603,27.430533644943207 2.1540875721254085 10.469491520910807,13.88577868546227 -1.4589090249966812 0.7615164619491284,1.72225106198723 28.990636056756617 -42.012372277465104,25.175915846166802 125.47942342890232 46.925222974392256,13.973239722148211 9.300430597113627 -2.039833303750555,4.955170840849926 -36.29430941252686 34.62417615986102,26.030845568370328 -122.47964571572457 -45.637349552787946
-21.30270721554843 -10.243972375641212 -5.181139339489789,-13.82522122314267 -6.314921781760462 -0.8570349302227739,-13.8330189762932 2.969355493212567 0.9596398410920748,29.216938742037208 2.3625082404545967 9.371293976455405,13.912140687409003 -1.432775016703649 0.5607847682464597,0.6312344710357893 29.507152219315138 -43.536093358612675,25.550723179608745 124.1103474762188 46.33257969997182,13.996925725826697 9.436830516766028 -1.6713141656093828,5.486025636012469 -35.478421498829555 35.108176596905025,26.006637912544395 -122.48743609341645 -45.626664222240834
-21.0 -11.1 -4.9,-13.0 -6.3 -1.3,-14.1 3.3 2.2,31.0 2.9 7.7,13.8 -1.4 0.4,-1.3 32.0 -45.8,26.2 121.7 45.3,13.9 9.5 -1.5,6.2 -34.0 35.6,25.9 -122.7 -45.7
