-29.746618270874023 -23.707311630249023 7.964869976043701,-31.032808303833008 -12.632461547851562 0.08890437334775925,-31.365327835083008 -1.7258541584014893 19.903261184692383,68.40967559814453 4.806625843048096 -2.13063645362854,4.627895832061768 -3.4086501598358154 -8.540826797485352,-9.931130409240723 -5.2849860191345215 -42.452056884765625,27.39299774169922 63.699012756347656 17.218122482299805,6.450223922729492 7.568026542663574 -10.340568542480469,26.323394775390625 0.6264888048171997 46.23414993286133,29.223108291625977 -75.4160385131836 -22.79024887084961
-29.675680642938968 -23.857298392014687 8.452050131171486,-31.16425139141271 -12.583805717386264 0.11093241820929145,-31.512778508095142 -1.685651267717325 19.72718647395118,68.35398707527266 4.17019590316286 -3.10489283030173,4.7691976823615505 -3.6492395449987427 -8.847649240279855,-10.670377805760758 -3.893156045136493 -42.6197984016795,27.346231671997074 63.45501266372592 17.10482222906483,6.622067620394016 7.447970734764093 -10.139481796184398,25.427111146264853 0.5558138284723669 45.90045850711603,29.17160329107835 -74.96337302411747 -22.56953008474022
-29.596558488586357 -23.83116479054012 8.682060356645874,-31.126706832114703 -12.523224312432617 0.11849565085593579,-31.494293630462778 -1.6418634767548537 19.44560079308389,68.0097661261412 3.8516153176276635 -3.586262665257879,4.9236960341563965 -3.827064003052203 -9.05032767015778,-11.184749987606226 -2.7084527341295854 -42.81151703917427,27.382841448404793 63.63671508005828 17.188479701602915,6.789725632287846 7.377787115763898 -9.894421244993822,24.40346949237568 0.35095697228302614 45.665201444360875,29.155491600959497 -74.81930481345915 -22.49922788559616
-29.51118831399933 -23.66816773288464 8.705077439956108,-30.95870298720082 -12.453784993774011 0.1158736092463547,-31.344008415162172 -1.5980938491065642 19.090305475289355,67.44328229353452 3.7892568603775176 -3.67144532412565,5.078717394657291 -3.9502142393605966 -9.167029061167735,-11.50268323139682 -1.7274314286865207 -43.0090527007814,27.48141462935551 64.14009288313218 17.42133394426016,6.944256100721501 7.349007973893094 -9.624060934115155,23.313576315973382 0.04483070537163848 45.509527199658194,29.16677434030357 -74.91667005573085 -22.546665834699034
-29.421506625361044 -23.40756412610756 8.57127816859145,-30.698768217932866 -12.378555422193834 0.10734583133921066,-31.09605807516959 -1.5579454483649453 18.693101853766393,66.72080512023688 3.921493305347434 -3.457140172533708,5.221588271075222 -4.026780959288326 -9.215920387358311,-11.652613813752241 -0.9466474713800213 -43.19424529003235,27.620538773282345 64.86111895073513 17.755624001382646,7.076717168005505 7.353165597381792 -9.347074908754808,22.21853811930819 -0.32965250313933464 45.41458422807034,29.197452628144713 -75.18830492545472 -22.67916749333044
-29.329449928854647 -23.08861087726818 8.330839330041151,-30.38543088557268 -12.300603258475476 0.09719185509316616,-30.784577823461312 -1.525021338122487 18.28579126171384,65.90860414903266 4.186697426472424 -3.040046576110717,5.339635170621178 -4.064854868199793 -9.215168622778117,-11.662978011292184 -0.36265620478280897 -43.348934710458614,27.778801438618448 65.6957661606546 18.143588917316475,7.178166976450374 7.381792274460103 -9.082137214119205,21.17946140463038 -0.7395801841274321 45.36152098465965,29.239527583517084 -75.56704559715293 -22.86405642277198
-29.23695473066328 -22.750564893425818 8.033937711794458,-30.057219351382077 -12.222996163402318 0.08969121846688363,-30.443702873013606 -1.5029245819716777 17.90017503233051,65.07294892270613 4.523241997687498 -2.5168639004853395,5.42018460050614 -4.0725266714594 -9.182940741475747,-11.562212100636343 0.02798702853239457 -43.45496086559165,27.934790183796927 66.54000739067806 18.53746773640772,7.239663668366628 7.426420293358137 -8.847921895414755,20.257452674190194 -1.1520398684701927 45.33148592448846,29.285000325454828 -75.98572824534766 -23.06865618430525
-29.150177507139734 -22.434038231146193 7.73417869623654,-29.757820666871247 -12.148605509719586 0.08763342466078701,-30.112150583999068 -1.4937401066524154 17.569316559619956,64.29075831319145 4.864993494055204 -1.9896119646035046,5.4548237724175666 -4.0594408641225455 -9.137575438085,-11.38565060930848 0.23895937240715584 -43.500835399092495,28.068856565798598 67.29523513967804 18.891758966574923,7.256380217783795 7.4776218979188185 -8.660559453735193,19.51310631093881 -1.5284426142660035 45.30681705026143,29.326535443314487 -76.3813688181512 -23.262290434215338
-29.098279010040372 -22.187030258090925 7.503857926124619,-29.55904339304565 -12.079232647421888 0.08568536733980073,-29.853616923501527 -1.4912770367416874 17.333159095300484,63.69700375933149 5.121253254832421 -1.5893139140845893,5.458366227910165 -4.0437120973201575 -9.098347505713217,-11.206232421550778 0.33971820752719645 -43.51143953573104,28.170968206830064 67.89238582532593 19.173278103818358,7.2459207340945095 7.520735852933187 -8.522314797073566,19.004224987715236 -1.7992553880952458 45.276336932220204,29.360414294677206 -76.71376841592237 -23.425185923938294
-29.118220267644347 -22.060045227135245 7.42160852699367,-29.54223151623725 -12.016316103802684 0.07575973038167355,-29.74026759032395 -1.4865383425609795 17.233978709302306,63.446341131093426 5.1929930871024705 -1.4568273259379774,5.4535010791617315 -4.046327077852002 -9.084849149201801,-11.109647285334832 0.4186348453261981 -43.52398667700041,28.23435333898488 68.27241360035121 19.353017081399653,7.233495263217668 7.539326358114067 -8.4307512960591,18.787664765893293 -1.8844526517168294 45.231066924051426,29.384144608821423 -76.95045411538834 -23.541266420166664
-29.237678273532417 -22.09278994555245 7.550315852515575,-29.772766387674817 -11.961124083327556 0.05208157474331221,-29.83270274201499 -1.4723144232100247 17.30366429989074,63.66435679507679 5.00494367757301 -1.701513922503293,5.460533887309586 -4.084635040713035 -9.113980191613514,-11.167656568147908 0.5532467945125558 -43.56951249305036,28.25369570289185 68.3874686914178 19.40740601473589,7.24160337911609 7.519857289093353 -8.38411595145294,18.906437591486775 -1.721878125698023 45.163170194776775,29.395358330822457 -77.06127593824797 -23.595614433761845
-29.425000315714676 -22.25600391647128 7.852264532839882,-30.214039988129073 -11.913838950097704 0.02365741202276741,-30.117619276049112 -1.4528249841794785 17.507758430066062,64.29089264169043 4.633607052498843 -2.2315466426093966,5.484507821409054 -4.152740874619529 -9.185444795667658,-11.363006791913119 0.7518074515257847 -43.639536975767285,28.232957356876202 68.2611497579756 19.347582667735768,7.275395879792109 7.467319513539099 -8.385045793112916,19.315149337807444 -1.3635458711188342 45.07209040726655,29.39247434499797 -77.03087879658192 -23.58069335322352
-29.625199657998536 -22.49330220799044 8.250173525323769,-30.7893324789071 -11.874216013586313 0.005307211405542108,-30.552648372438632 -1.4367848099323308 17.785710039441344,65.19273835147206 4.215176013206076 -2.8759720599937975,5.524463441488387 -4.2356076036278045 -9.292184172021395,-11.643435463409919 0.9953211790036514 -43.710038833221795,28.17974946703486 67.94515570780443 19.19833511829711,7.333200391714429 7.393990456104868 -8.437904423516883,19.93363628980908 -0.9063724723926949 44.96013459979527,29.374221034240577 -76.84972634582907 -23.491869422809586
-29.795308370527085 -22.750646142786998 8.670160391225622,-31.424877008363207 -11.84103857362838 0.009229423985559329,-31.096449011538603 -1.4324135836509422 18.07716134959003,66.247380168981 3.847308643940802 -3.4987095043734304,5.582023766735035 -4.319870700734594 -9.425022274464656,-11.959660760234332 1.2658194715486926 -43.75872327848393,28.101461314438932 67.48951362909976 18.983642938673178,7.415217683455223 7.311603566758339 -8.540672781645473,20.67545651995447 -0.446765373436476 44.8288369543491,29.33980461743915 -76.51336900989682 -23.327017741562347
-29.98308191222405 -22.992113438589264 9.064589658149618,-32.069815349113775 -11.805794371122408 0.027821080307566602,-31.715925209333903 -1.4441301999299667 18.32367598749963,67.41398695232373 3.3370574609777357 -4.2271190252379025,5.678323166876173 -4.404896032287488 -9.558996553731728,-12.285425737197112 1.5535411728735875 -43.776547134453786,28.003749424891645 66.93118406677371 18.721165520486256,7.535845142975666 7.227674102591982 -8.643344336760938,21.407621642494 -0.07649920477370438 44.67387327837824,29.292015990540154 -76.05547225010399 -23.10281160583553
-30.277526358058626 -23.190019076596734 9.397759970642,-32.683705494732834 -11.756653961568835 0.044475790660443985,-32.38172988056219 -1.4746253896258152 18.467691215480016,68.68886746558152 2.3593408212951097 -5.30834336679467,5.843367541246286 -4.49583779083399 -9.661966565363599,-12.604942528607097 1.8524568899269793 -43.76049253984515,27.891482465373763 66.30118639701367 18.425688560404645,7.715935156263677 7.147799369252242 -8.67409334794225,21.975979268637637 0.11475787648614422 44.488255660947964,29.235275950433333 -75.5270318854088 -22.844471581105676
-30.736371193153808 -23.31496441079656 9.63573609132041,-33.23060155721957 -11.68359650789193 0.044482064363920604,-33.06539141352902 -1.5263888065856128 18.45953809213707,70.04570623297923 0.7089058915075865 -6.887715314081435,6.100777960600651 -4.5968643998318965 -9.713098406646914,-12.904560896078712 2.1597026517839404 -43.70911264391141,27.768238919034367 65.62445008171699 18.10922409048395,7.972634558396589 7.07688180923035 -8.578072446412781,22.246096368158636 0.048770113739505704 44.265129072160335,29.17297425460812 -74.96975891811796 -22.572670304074084
-31.137377567007142 -23.321944095744062 9.759753885912774,-33.714072826499994 -11.592832372444802 0.030381320099298448,-33.74605552443789 -1.6001993628004256 18.319703147606067,71.2553432285149 -0.7480271016687511 -8.199877409924996,6.417002373824703 -4.703119519618786 -9.792421224295387,-13.189170840009197 2.5003956507165053 -43.63466106030375,27.62615972243013 64.87201659213993 17.759248246565353,8.289850292902127 7.013730684424391 -8.452388302112585,22.259838502990007 -0.25113135277414406 43.99893927053966,29.09925936379094 -74.34202505843152 -22.267256187139612
-31.11159550674445 -23.157774445451 9.758999296215263,-34.15839563457122 -11.499077513330613 0.013755976455815042,-34.4068596192057 -1.6959394943894006 18.105436312231866,71.98232229250334 -0.5837565236743258 -8.00224541624036,6.7285284385434885 -4.805017585980655 -10.032819182195398,-13.473377956792703 2.914315979530523 -43.556570823532944,27.451392222542687 63.98668860756383 17.35037967878913,8.634070684213594 6.953962262204561 -8.473775688350043,22.1514565552494 -0.708391530202247 43.6848136635867,29.00343704456121 -73.55852993107833 -21.886684624258613
-30.387547313754837 -22.798197887554064 9.64073965133878,-34.58625063877159 -11.417811429174149 0.0068855969754340555,-35.02755661007681 -1.8132935987346392 17.876672992628198,71.97848975574028 2.257897698239319 -5.393120529840147,6.980186348159943 -4.895072776457457 -10.532160582516935,-13.770460653286076 3.436333151703328 -43.493814526911436,27.231871952376572 62.91976217479437 16.861129505989258,8.973000251234017 6.891939768828888 -8.783992524211286,22.055722094931603 -1.2466417730086288 43.31729339345431,28.874508827660055 -72.53776428165385 -21.391519376885967
-29.741268285561212 -22.52651942314873 9.60327713768779,-35.00146178851241 -11.37181818007811 0.028600128017382407,-35.5516298951226 -1.949929276723965 17.71840063939865,71.93156933069035 4.84024243865783 -3.13087781030832,7.208085865524512 -4.988511136172731 -11.011991940243135,-14.078714043208985 4.047865136609945 -43.45981116112712,26.97505985290542 61.71525201916769 16.312493503470165,9.288868443695364 6.809034274754173 -9.14639006487637,22.104307395178715 -1.7964570171129632 42.88463787527157,28.69870136936946 -71.24250436290602 -20.766682712451743
-30.57971301909099 -22.811289643682006 9.959974641410184,-35.39649559802446 -11.38828137901674 0.10167482540544925,-35.900717667098455 -2.102299408438964 17.730695602378695,73.09296566184517 1.821668575808303 -6.178362567995299,7.503314631774909 -5.114238116268743 -10.967200359735179,-14.38740877104421 4.6981359252388994 -43.464634770227754,26.700177059737193 60.473017522760394 15.751056045240759,9.572653107976063 6.678791647441072 -9.096404429233282,22.42701801606473 -2.2925943322735036 42.37132302665738,28.460570013199035 -69.66219968247285 -20.011768078200618
-34.15810790008261 -24.066396620335315 10.986064171316984,-35.76272742361811 -11.490026904708495 0.24570469769516248,-36.004409369984415 -2.2666677551562695 18.00009966232189,76.57827521515294 -11.521509723605849 -18.916986269648703,7.947277180661046 -5.29760878745837 -9.946678974587169,-14.684045671252605 5.334998455930885 -43.51539754381693,26.427568839029515 59.29551856739656 15.224321373282892,9.816167529988187 6.478794467234875 -8.21631329970707,23.132302145192256 -2.67722645512073 41.76605428296964,28.149406960793904 -67.80668857253575 -19.13556367759312
-39.68222946648031 -25.97476555904629 12.449367297721603,-36.07958496001836 -11.643428388393406 0.43895727401244183,-35.89772519176621 -2.43709496416491 18.43757096534998,81.66886496665977 -31.595349852836794 -37.911962555454025,8.48800109904583 -5.516212219543019 -8.229167679301094,-14.935096977113922 5.894440504551458 -43.5819547704723,26.189878694739743 58.30863618843979 14.787053873849523,10.020363419996226 6.239577326583917 -6.726919691956101,24.05604799274623 -2.9865433415780838 41.11224290121606,27.815321746056096 -65.9416381136924 -18.261764927395724
-44.94222852512349 -27.714420391083706 13.767219691640411,-36.318243239810144 -11.775865945956564 0.6311537673363533,-35.688509973457485 -2.606119915898879 18.83278598220569,86.37913628920312 -49.060636221673306 -54.32958750994395,8.981385914082564 -5.714643857212921 -6.597536711269065,-15.092509741429266 6.304254169808414 -43.608427111593215,26.028244948054024 57.654429220207014 14.499032765370508,10.192504713308361 6.02825059993358 -5.290078103166887,24.845877187166703 -3.321675885226629 40.49108733717468,27.550432532926905 -64.50942513106261 -17.593437621757147
-47.824195602674685 -28.50392365512306 14.387744274337745,-36.45178464665566 -11.81869507679783 0.7750284089390471,-35.48043518933226 -2.7659663354983803 18.98700831880518,88.81080932174604 -55.02906401798581 -59.76781885076657,9.288689265223352 -5.840053056078808 -5.799804262667774,-15.111753305818874 6.497871487654879 -43.543285541661525,25.981084429236514 57.46472722475007 14.415622241285128,10.338576594708625 5.908516016595207 -4.539468827204531,25.170028515417012 -3.772663698200058 39.9826850272854,27.44182329678869 -63.92636203074754 -17.321553571890497
-48.14882979170505 -28.350364905030595 14.347690157572824,-36.485583260932906 -11.777334694429687 0.8791369555632107,-35.28952909915356 -2.9044173029171905 18.91974133875376,88.81971789099492 -49.42320425852964 -54.22800185683599,9.383267362149919 -5.889633552011426 -5.884343142633243,-15.00770805281222 6.499182315195001 -43.41079628025495,26.041756295312396 57.70688721859551 14.521809310501956,10.442673097265315 5.879596171234154 -4.532786997790234,25.07651826848895 -4.236511609976348 39.63824994368849,27.485074658113554 -64.14765611790116 -17.423943955787635
-47.2667989362843 -27.884433586771436 14.149316475980111,-36.45055077707714 -11.715776134310016 0.9961811432136389,-35.0625080709427 -3.0057440515828957 18.823081464264497,87.6489217339075 -39.133634268455424 -44.3572294802808,9.327128616628304 -5.900156253925799 -6.346217552014795,-14.84223908199571 6.403614309028136 -43.295167572719244,26.167986225152298 58.21819450269525 14.74692378333763,10.471575822658988 5.889720882576263 -4.872214777248243,24.913706550549065 -4.457564531836103 39.48615381612328,27.60340258638581 -64.763853645288 -17.709879492105333
-46.52620479756061 -27.728308652328966 14.285712288822012,-36.3778421034759 -11.696384386846296 1.1771388216547405,-34.747616828582004 -3.055836945075826 18.884733490998745,86.53988170779583 -31.001543122170197 -36.75039840340352,9.184580650182284 -5.908438727870202 -6.683419148120059,-14.677004033512048 6.304574520722537 -43.27788329152015,26.317293596972736 58.83504471271896 15.01989706317164,10.394805583396762 5.887458609156527 -5.160973520897335,25.02325349431113 -4.192549332500421 39.551009870783595,27.719331576532607 -65.36280494809067 -17.98744163992688
-46.41820600259537 -28.01064488604269 14.827120252711225,-36.28983584549272 -11.719189191850482 1.4163805059021684,-34.359209007607106 -3.073726979426091 19.116463588128628,85.97113010902848 -27.2367770022803 -33.486855664993726,9.01757878915828 -5.93131544093891 -6.742486915729044,-14.544858072341945 6.218674455874921 -43.35615145797636,26.462014929200105 59.445280152122926 15.291331926464498,10.243950334433109 5.854830196921951 -5.262737548851954,25.45886158008718 -3.518014964166845 39.796857198978984,27.780210812751164 -65.6726953672004 -18.130679605888766
-46.65885947524382 -28.413706398591188 15.461320111785374,-36.20097247683323 -11.72783829949665 1.657075598747861,-33.97143349481523 -3.108420722712146 19.370902127330396,85.73113334338038 -25.860150613367825 -32.56165136466479,8.885950718142254 -5.967546225611054 -6.6852195300558295,-14.452604637667097 6.093064350000643 -43.4509529166375,26.58788878545671 59.983276433564 15.531432821617084,10.106737517592133 5.804114045008314 -5.276759866191855,26.01377672117837 -2.799788198954663 40.13294582463345,27.75584331330242 -65.54864270567253 -18.073310165514258
-46.9409574024977 -28.613927664422636 15.872833212516856,-36.12468670265451 -11.666033910404106 1.8425189578210504,-33.65751344370293 -3.2079121224773575 19.500480232713368,85.58562489443308 -24.78791765427857 -31.871328242522985,8.846642418209981 -6.015070549854887 -6.680282503985161,-14.405873060167702 5.875622844847082 -43.48377962853691,26.681318345743453 60.38593982753719 15.711500167542727,10.069403885050844 5.748340580320022 -5.308844770052419,26.47893680126107 -2.402231932518841 40.46835960680628,27.61838880518445 -64.85831664027334 -17.754897764926884
-47.071264638916084 -28.538409632949584 16.00339697667279,-36.056817944119246 -11.528470282401662 1.9641699914134039,-33.41537407476472 -3.3690381504963396 19.49292415501375,85.35241263501146 -23.069896467974708 -30.5017322794357,8.888027389658486 -6.067693186229918 -6.786529903747051,-14.404536483030062 5.593216409776994 -43.4557588634535,26.73314963825246 60.61105510334864 15.812361572178517,10.132297237864421 5.6922737068925295 -5.417453845036041,26.818266063349427 -2.399128592444115 40.75637823400852,27.37784220478693 -63.66443014082434 -17.205404885904773
-46.97439514763747 -28.37344540250777 16.060713340432166,-35.97501188718854 -11.362568073559807 2.063290832292976,-33.16508164044987 -3.535738850528905 19.47585693257868,84.90314998251816 -20.9280248684952 -28.768463306433254,8.92757436319976 -6.114943582530804 -6.949269439446907,-14.442516082364053 5.354385877592902 -43.45036175787934,26.73882264962276 60.637995649101406 15.824695871459287,10.206955168969095 5.632129644724826 -5.612095741775707,27.174558725860255 -2.563796908627126 40.99598041377916,27.083320469230056 -62.23137328720823 -16.548266665965503
-46.588555511473245 -28.314071132415176 16.260479813126004,-35.856576527339556 -11.217327061112076 2.1825696324770387,-32.8254668047661 -3.650456991348638 19.57909229079773,84.12049465004165 -18.641697828885082 -27.042545022295908,8.882294426069873 -6.14660152729259 -7.108462661859009,-14.513815143928491 5.270434787183331 -43.55281899489734,26.695071281900358 60.451783227777064 15.741714927791604,10.203351746940614 5.5641231005621234 -5.896595569800763,27.690963259962736 -2.6622401270557785 41.187374585606825,26.786161827100322 -60.83371918807575 -15.91153448816845
-46.110829781981515 -28.453214570254374 16.68263637152483,-35.694749558840066 -11.114644078032455 2.3370139464569664,-32.390182187566 -3.685586227877997 19.79707027895682,83.15756590333108 -16.597405375913144 -25.653127579650505,8.758530273177167 -6.166656308738782 -7.200676337768167,-14.623761833996799 5.4207346265026 -43.783603070018444,26.632975878171873 60.18512571802141 15.622612110814577,10.111913725196263 5.4969411815885705 -6.166058546240839,28.25986957538579 -2.668342133676315 41.30286842613931,26.550914127851417 -59.77389118157935 -15.432886751571656
-46.044360829324454 -28.763085426551495 17.246623161211954,-35.501601619652035 -11.044373403955236 2.508905842732491,-31.941338935133125 -3.648929757921813 19.964184930831458,82.4872371516147 -15.308251048832243 -24.879855980565527,8.668237213924911 -6.195896447210923 -7.1584637383766765,-14.791073199566236 5.846905101429 -44.08662587856268,26.62422298498788 60.14533343994895 15.604587664427456,10.018183333194294 5.45401653527028 -6.18705540437233,28.47720737062115 -2.8017544487690547 41.281783834797274,26.45774234272214 -59.3872386398769 -15.261383429525821
-46.88864724291718 -29.203819779070397 17.85926205557667,-35.291837566960446 -10.99490333765709 2.678729882429971,-31.56616639258131 -3.551260436079934 19.908776940564373,82.58269261782314 -15.267227882882091 -24.978649967526565,8.726608350365744 -6.255471308016187 -6.91964157690416,-15.033545191419943 6.584225493094178 -44.400860651630545,26.740271985394703 60.638925870553095 15.824508707130697,10.011782467657198 5.458952686202692 -5.728618017627095,27.93158234915255 -3.2916860300703603 41.06226022521323,26.5850338065583 -59.99916025863211 -15.541408756626693
-48.23382968139559 -29.517902728601918 18.284485369492785,-35.14613676576425 -10.971018966649911 2.830908072297686,-31.352317986176395 -3.442801302834255 19.595213333628454,83.14273173121 -15.797611165992711 -25.31534948356646,8.926794997880904 -6.340541305854844 -6.656430298557604,-15.296702965170246 7.490511001734604 -44.64320688559316,26.942868069820534 61.50859419417025 16.21288006129431,10.122059596534125 5.506319751158456 -4.981376625640671,26.62945135081654 -4.169634252736352 40.613249986664016,26.89687970735628 -61.42949275163558 -16.189862690810067
-48.43989149756061 -29.15338642452892 18.092927896158763,-35.23442729165154 -10.999686555704955 2.955188899817373,-31.3880208288588 -3.42714265124865 19.171874250253524,82.81858499439815 -14.64031044878252 -24.051716153365966,9.096853309199549 -6.411109634735544 -6.858146019741434,-15.428305501341807 8.183507732407227 -44.70070326500549,27.045337735641187 61.969573954675965 16.421044650940726,10.296826758340158 5.55141215849575 -4.7062894904467925,25.14253007638605 -5.199637068601408 39.94538855293547,27.20275418374523 -62.81416087182773 -16.815909989796307
-45.81147915239482 -27.54962645979092 16.85105084941692,-35.729934493609065 -11.108987360241656 3.041947732353934,-31.759736698485877 -3.609931105331506 18.79917032652153,80.21502139792777 -9.479793475738553 -19.31217890147585,9.055886282268986 -6.425240148575372 -8.02634912098501,-15.2707299610498 8.267820608772157 -44.460141394794086,26.85341417182041 61.204816896576304 16.085961595083898,10.478544334066287 5.547338148825204 -5.691252682887975,24.077948679688944 -6.126982506555329 39.07514134577325,27.303676003346325 -63.2520690672759 -17.01209404848538
-40.57223708193805 -24.87816816386959 14.698150351204724,-36.623611932484025 -11.299432954175524 3.0964873721401673,-32.4455639496652 -3.9929032526079684 18.575634354278673,75.6106910119011 -1.353278662725371 -12.109346324914213,8.788944103471914 -6.374370084740463 -10.046752708286178,-14.759828216992542 7.5820323888145085 -43.92066460834801,26.349343840019916 59.13256584766864 15.170505773955696,10.63583501843397 5.483308945525526 -7.911416959539852,23.76028009635722 -6.711066710348139 38.19124594302188,27.151852106761627 -62.53366870054964 -16.684313585387983
-35.920256583568744 -22.445450957886894 12.661416631007132,-37.623891897507356 -11.528801905090962 3.1472481454541175,-33.255637630967215 -4.4167351240541635 18.503888466805794,71.8787595797416 3.505252033757242 -7.932505513023484,8.538295101265865 -6.301665424942969 -11.850506612118961,-13.976337944822221 6.3273914737231305 -43.25556141817316,25.78896877458333 56.81076481485183 14.142721497675755,10.777873092446848 5.404495395265935 -10.08217783986443,24.076133573819316 -6.733153401763196 37.749461764479165,26.933831102713558 -61.5213088516969 -16.224168070611377
-35.28327937903561 -21.64521022815434 11.836575420478752,-38.416650940540656 -11.751407706389577 3.2244805722916112,-33.986554036283394 -4.709288225441004 18.578009294468337,72.09092561161374 -1.5296146512863653 -12.60706721530778,8.566341266369237 -6.254464716318661 -12.29533799448469,-13.013757885447678 4.7365794248392925 -42.65228898867856,25.44996971718513 55.38841310895901 13.511022612298412,10.917187727373802 5.360569194691809 -10.820517994262358,24.87391030739005 -5.979393738459154 38.22408560815643,26.85503213554989 -61.163595332889166 -16.062336179760603
-39.73185507778171 -22.942426095734966 12.614200457398798,-38.84486106316003 -11.94052529093351 3.3422388170283313,-34.51670470154092 -4.791948143453775 18.765537613382545,77.10237505729125 -18.08386400575921 -27.555609541044344,8.956318600246405 -6.255180536518928 -11.020356825883526,-11.992360609877668 3.0635079820476983 -42.22533192561051,25.457497092996643 55.38659253200107 13.506356370275574,11.054311880844931 5.373069543312364 -9.638354958973975,25.95401913667816 -4.506253234676812 39.690892059169485,27.00507478754013 -61.87418644936748 -16.386592583450067
-46.14207620281659 -25.1494242020052 14.13009724819085,-39.03103453812344 -12.103170135556255 3.4857567717122726,-34.870030025995554 -4.752519969533288 18.986795518879624,83.82416611914667 -38.88735189427405 -46.36618049406368,9.47264986493541 -6.2818714587870454 -9.055088665437097,-11.08006083114547 1.5998664903645097 -41.95932531409288,25.665284388530555 56.20904997262948 13.865937793364594,11.168432094538586 5.413475846462298 -7.640079734884875,27.031469889716288 -2.851202734095998 41.51651353672667,27.26752148878985 -63.11483915323318 -16.95248140997345
-50.968626523129224 -26.912212079210523 15.393615364130037,-39.12617171788084 -12.249827260425635 3.6373455982803797,-35.08545455878817 -4.695712727143209 19.157478119569188,88.77172498236233 -55.77627817150246 -61.839553814829785,9.84774730851252 -6.308099564572158 -7.568823007752795,-10.449105926481506 0.6402581792979095 -41.82550880394126,25.899489709490492 57.145998178277516 14.276811159351348,11.236646926541473 5.44819678983682 -6.0904517932170235,27.813431328271196 -1.599576092307068 42.996413358062355,27.50504340585468 -64.25076852688792 -17.47170719014198
-52.286155692819584 -27.473839280101263 15.840835323507033,-39.23286790662166 -12.389722248678801 3.786427590272604,-35.199032069037855 -4.689153196087091 19.228795528347078,90.07632055454448 -64.04045325357556 -69.77948528726402,9.94011058125439 -6.318599783466681 -7.204431613431392,-10.186308242607446 0.3344868378883893 -41.79361816639674,26.04580168593867 57.730457414246835 14.533041268230663,11.25266642722159 5.456873044945539 -5.6947037597759955,28.149178523099838 -1.0826022155382817 43.71130995655095,27.631961756417404 -64.88097470612773 -17.761721708273765
-51.48683126561228 -27.300033938537087 15.781737254511288,-39.354590016071995 -12.529501490316159 3.9369878827037716,-35.24093727359736 -4.724527663698026 19.22468881096913,89.17829584411115 -66.0423148022221 -72.13951864637082,9.866452927662984 -6.320987850174877 -7.526738692012328,-10.203518267126272 0.5358223960240205 -41.83030938927068,26.111821132600376 57.99269192739154 14.647859571171061,11.244219217022458 5.446242983435011 -6.0122167692650095,28.17900515717661 -1.1111300898973986 43.82609391539544,27.668371571489647 -65.08322476031728 -17.856535880931386
-50.36681858325426 -27.005524662909384 15.632834221921577,-39.48266561522353 -12.675492063018094 4.094788836359776,-35.240629875961126 -4.78422505180762 19.177998024269947,87.92092994462102 -65.00872059588063 -71.62522772061173,9.774906868711346 -6.325665216628756 -7.969249543603666,-10.391202779631339 1.061226376702054 -41.9018695156706,26.120083831661706 58.02387950624895 14.66134577559824,11.243140861309861 5.426358414906555 -6.462751973442166,28.078715127391984 -1.4323465945399527 43.577150842908864,27.647327925487147 -64.99399767488921 -17.816722062688772
-50.10332538255739 -27.006632534118854 15.67891641584886,-39.60795570225278 -12.833040241375345 4.263940293318424,-35.22892404595623 -4.850939459628225 19.11975126942752,87.52076355761255 -63.724331453920854 -70.66956157275425,9.758369898832402 -6.338584953271409 -8.156145564690284,-10.650829083051615 1.7277665027631872 -41.976867529439446,26.095239048233584 57.92331392452454 14.61711005485083,11.264921079195725 5.40600869085062 -6.65705742403663,27.989625788658287 -1.808905475339262 43.191538809614784,27.60431339639796 -64.77489271335232 -17.71546377376387
-50.41047194935351 -27.250684373464026 15.89340846049631,-39.72021839866216 -13.005173884822407 4.444645884044578,-35.23983563100188 -4.908086362428544 19.076693560116347,87.71285776614762 -63.92854626417349 -71.061040842144,9.779175361471882 -6.355185078979066 -8.162326911146216,-10.909867436767748 2.3527615314598185 -42.02926644920909,26.06693188287766 57.809473462192344 14.567107871722088,11.286411398195396 5.390998973526159 -6.657334607425312,27.971535460668623 -2.040020944378809 42.87426752055992,27.580548677366256 -64.64688826845703 -17.655754715312465
-50.791256559992306 -27.617296043939103 16.204769222349633,-39.80906549828723 -13.194581151147233 4.636538840657412,-35.30781571314475 -4.939201652978565 19.074943131667496,88.01847168292828 -67.2085821270664 -74.49385662583396,9.78082542488788 -6.36938569347545 -8.127736791765981,-11.099586664443038 2.7536738813771096 -42.03382524521715,26.065501150618477 57.80349609771813 14.564451286681743,11.27889977365042 5.386696928762123 -6.590961791215999,28.0724602980361 -1.9303569130375677 42.82700805171674,27.61803742953656 -64.83929570617009 -17.744780916801794
-50.90321515242994 -28.011522552011566 16.54993749992797,-39.87290796941913 -13.400701537846416 4.835101507446001,-35.448845240173 -4.938803865793261 19.135154094755038,88.09773718740318 -74.34641093891925 -81.82300650624359,9.726776025595102 -6.375805597389467 -8.147964093813945,-11.179919693528754 2.820725235998651 -41.97665526574148,26.10234467661706 57.9509159567264 14.629110368317052,11.22580298777348 5.394123738470592 -6.55966174877904,28.336119373713228 -1.398637576699739 43.14734797615468,27.72766653546152 -65.4156953090772 -18.01256588489161
-50.82689136971466 -28.408052115809205 16.889063757770977,-39.934242291637716 -13.61408215773704 5.024454224662006,-35.62834784572762 -4.931473735320608 19.263023902837745,87.99091518226783 -83.91984981406813 -91.60640838266977,9.635101486528955 -6.370976108100785 -8.197188984075872,-11.189260175132906 2.643297336938466 -41.874942118448764,26.13701412393354 58.090320767736415 14.690337377124632,11.143737414170658 5.402403185782116 -6.5949318364079765,28.79446958803405 -0.6757982673596766 43.647972641535354,27.835148578010617 -65.98602049779684 -18.27792026490656
-50.71454007652738 -28.79337709310694 17.186234736770977,-40.01964454767779 -13.823762261869723 5.186791473562136,-35.80317834685867 -4.9468836914090675 19.46170966349324,87.80271493598511 -94.13307329908949 -102.01258004949203,9.53313452200312 -6.351753269633735 -8.229009641858845,-11.179301180755358 2.3445387601729375 -41.751141552382485,26.120277803777476 58.02523910542724 14.662015910157695,11.0549460856227 5.398644301184029 -6.716354125007652,29.47745267175286 -0.04568568604647326 44.0932846969015,27.851768554099145 -66.08336049602217 -18.323876804188906
-50.68104029601444 -29.146278432734917 17.406973054023492,-40.14386035070804 -14.01857332221322 5.306153690703423,-35.94017302139464 -4.999284916574386 19.72256856319145,87.62135027375295 -103.44296254260449 -111.45928774611359,9.440918390238705 -6.316203574153013 -8.20793538230132,-11.189899501589363 2.0404945295803025 -41.631035012717504,26.02384771329275 57.64282086923287 14.494686946100721,10.974443610636836 5.376973750414623 -6.921816839721737,30.35806055041309 0.2815927149666726 44.31647308186658,27.72854983518114 -65.44854446497781 -18.02989705954653
-50.7224186034057 -29.421015365955398 17.521367308141695,-40.28401528421472 -14.186686088422253 5.372451315756664,-36.037908463865556 -5.053890152452774 19.99943490058786,87.48258071523331 -111.10998724199948 -119.15688957379571,9.355316411159489 -6.2662426505557915 -8.133172136052233,-11.22327342141518 1.824620891874116 -41.550979415574936,25.886035242158194 57.096125667561445 14.255459261504313,10.894258736152741 5.353833767074086 -7.140223359665762,31.22818892590775 0.3304149120233889 44.36946211916185,27.542880923132625 -64.48299940373936 -17.58207916328871
-50.81113008679309 -29.56698465619799 17.50041242828517,-40.40977403641303 -14.316140448473865 5.3767591562070765,-36.101256166757416 -5.066186916825584 20.238701690920713,87.41176247047679 -116.55399331229458 -124.4729397630264,9.268594795313865 -6.204549554183262 -8.010807162812903,-11.274176813235048 1.7858938480155933 -41.549428777300136,25.758359814032566 56.59094850072837 14.03455943795575,10.801861645277755 5.350092147065639 -7.286796237638018,31.843819295101227 0.17166309745644487 44.3475560248221,27.39721104765479 -63.7191621152416 -17.227333437228374
-50.90980654108111 -29.583864186588777 17.36535697486101,-40.49543440770227 -14.406216617881777 5.323162652288136,-36.13639963905628 -5.010395071673116 20.413554104521065,87.41224148417785 -119.5177958751464 -127.15058554458312,9.175365636400517 -6.136934708188757 -7.856244206784596,-11.351536982637448 1.9914435043092094 -41.64735964980027,25.676547631129683 56.27059833452068 13.894895277593388,10.690613984029252 5.376503371617044 -7.311824239018067,32.06233705517724 -0.12074516205133115 44.303960517874785,27.358558964095014 -63.50847096427374 -17.128872859713137
-50.94469369745729 -29.657576105808822 17.323591954977076,-40.53245552227816 -14.497829655601967 5.263939403740373,-36.15438217709826 -4.930120198874408 20.596417051765876,87.40583636570803 -120.94050725183558 -128.32419301844803,9.078930319188803 -6.080807308821231 -7.719395826286458,-11.516780474654075 2.427481470607978 -41.80101101454457,25.617825861701647 56.046932136869316 13.798184194492746,10.57569972834378 5.40636160135407 -7.295483471540105,32.11673369668789 -0.46164909222898903 44.1359459741526,27.36270683811999 -63.531935308026874 -17.1398904581289
-50.83361451468923 -30.017155032068334 17.625597275888296,-40.51626906718044 -14.641532398773316 5.262522698787388,-36.16737203767624 -4.885029527769033 20.882687802777276,87.29549349366465 -122.03816279487214 -129.45017246098746,8.984601655728259 -6.05626147661534 -7.658162799799524,-11.8434865406244 3.0614880621276788 -41.95163617532472,25.545880114416708 55.77822956326938 13.6827197002054,10.477354362889665 5.40428955176729 -7.348016816123515,32.3269473133843 -0.7632853020586579 43.704686314588116,27.31505773375343 -63.31537126820973 -17.04181476472699
-50.535487443458706 -30.76752828821851 18.3872257072323,-40.443195642473086 -14.859322612701359 5.3548852392688255,-36.18225161483595 -4.916246193389696 21.31064132886121,87.03427087175096 -123.4768876577757 -131.32947827080773,8.902028792745497 -6.075876936243673 -7.710198697767471,-12.35889601662221 3.8403156024437766 -42.04933719773049,25.440028639413086 55.38237810845112 13.512568459398812,10.41449741781296 5.349238959049586 -7.535139774196981,32.87227137654203 -0.9716646643360769 42.947502880042364,27.15737167406706 -62.56397072817087 -16.698532206657905
-50.18676193169172 -31.477484295149967 19.142745789230975,-40.31339591943723 -15.049841213975785 5.458371014759689,-36.18306857207024 -4.984783532785176 21.67178639409784,86.7917068611059 -123.54721537867565 -131.93151982275702,8.859593681558305 -6.1197715016206145 -7.825689904651721,-12.8900695075167 4.621704258141281 -42.0824424693449,25.347122116797657 55.034768916573995 13.363136200021403,10.400363548647235 5.282062396111651 -7.730211223202887,33.32441981714787 -1.178701615891417 42.13067103450155,26.98846939356156 -61.75782219281306 -16.330144251463786
-49.97181619062778 -31.57106788004802 19.269413409041636,-40.128067288954085 -15.07842597045747 5.458297340279145,-36.147705788056975 -5.030027315952514 21.691011288827667,86.79578390291405 -119.89833139294224 -128.4612627981214,8.890735644711931 -6.159299112961958 -7.931208933985725,-13.210024149315991 5.2393362253828695 -42.0496004929286,25.332243230677683 54.98031243635513 13.339887308477689,10.446652642271578 5.260324055795376 -7.754658742692387,33.091075853622115 -1.515700770457748 41.609275193667486,26.949573943971075 -61.58621615059899 -16.252921185792438
-50.02361818201152 -30.65084550770528 18.33613921560858,-39.894450791669136 -14.85236328533662 5.273920222442334,-36.06860315730486 -5.006651085383373 21.181467003423755,87.19744410970533 -111.27799096901524 -119.34813167385973,9.017000778862274 -6.172936330602964 -7.970451029018195,-13.157464152997257 5.571073655795941 -41.95644296685673,25.44180708227845 55.39409900394928 13.518279440012845,10.559081137256554 5.324623914801904 -7.483673966618353,31.770884386437128 -2.0691569606961537 41.63689492557207,27.139941376172715 -62.53265229012616 -16.68862721487944
-50.21590899877463 -29.219544947999356 16.878216564233895,-39.65026095158837 -14.490457498041389 4.995625401822518,-36.01160110572529 -4.946414787689836 20.4013519679022,87.75916874870826 -101.97325856197901 -109.19563285114535,9.199966219015495 -6.175074403706818 -7.973450298169764,-12.902308337278683 5.717546772440637 -41.84381176213981,25.628100802962685 56.09916333875788 13.82246658028183,10.713195578564571 5.430022892826025 -7.063544175000384,29.925378897291402 -2.6996200045577985 41.955290452747576,27.44721648438464 -64.04296610908028 -17.382496115345578
-50.340909979396024 -28.062970061239685 15.734839718680654,-39.44279536908731 -14.17802954908933 4.767614236007228,-36.065622517171086 -4.905319933502116 19.748819849811756,88.12127878460046 -98.0131597392106 -104.54885249384496,9.382350503262767 -6.1913987679842215 -7.997392059613281,-12.718633448711625 5.849440259036542 -41.763621385277965,25.81381085412599 56.80782830549355 14.129021852472356,10.875054905455483 5.504682217585316 -6.725808807874471,28.41889496963475 -3.1965861976358623 42.14526882354178,27.69249811501769 -65.2366761209743 -17.929905888027847
-50.22260465236287 -27.817373889226495 15.584840060189686,-39.30030036332177 -14.065059955744099 4.708242681995842,-36.29116605737861 -4.931535324850916 19.54516018802256,88.001073474341 -103.81157093236267 -110.24944938906802,9.51688900971376 -6.243400321554372 -8.091501725046014,-12.82772041841846 6.099679247882007 -41.75284328550504,25.932363252791582 57.270958614613676 14.33085128870892,11.016913699417184 5.489594028279119 -6.661151214503882,27.950569080202065 -3.3994354164113094 41.86188006064132,27.72682062989993 -65.38196408221197 -17.994670101636807
-49.87247410081495 -28.236402685428075 16.160631653299397,-39.13864395210949 -14.092960827923939 4.783323890864309,-36.58104478923767 -5.026983058702539 19.658044010522907,87.5701055797983 -114.2530445141378 -121.08869496177448,9.615433464681313 -6.3278077631657474 -8.258001570515786,-13.139255061021702 6.378345692218193 -41.76029624692589,25.98058580507031 57.466963361044954 14.417289017832028,11.14758665554316 5.401480511859474 -6.819116566444536,28.2446004255041 -3.441896076535945 41.19837925891418,27.57791063906697 -64.62447700527598 -17.644533494820504
-49.37049800331748 -28.75125942971566 16.84887334989766,-38.83263892024292 -14.126947852720452 4.902942457828953,-36.76681109258899 -5.176689895197001 19.789421619439217,87.16588057145611 -120.74077911584807 -128.1861465227653,9.711432605842486 -6.432303402243633 -8.481942187999469,-13.449087958139392 6.514110111447415 -41.70259418699784,25.97846893115624 57.457380567779055 14.41289730377348,11.289244997417184 5.284730359581205 -7.061154878454224,28.66901377382019 -3.565231124104238 40.40811123817613,27.33804583881899 -63.430426817148025 -17.09480922566863
-48.793923123767144 -28.88955633777342 17.136945682420873,-38.289356423091476 -14.05566047265182 4.990354327355191,-36.70865081204903 -5.3632244422740225 19.699320603367905,87.07050996739414 -116.22397840370895 -124.24456983364738,9.827015634616103 -6.5432386975957675 -8.742393240969138,-13.589352614378402 6.376928064083331 -41.51964441765926,25.939637484123736 57.28421346209303 14.334457941874689,11.453343848560761 5.178303607616781 -7.269945677910289,28.710147230022653 -3.961180645889405 39.71070827695341,27.08565445011465 -62.20263830799254 -16.532064449474436
-48.20037747845962 -28.849600779819053 17.213015775341077,-37.639598179703704 -13.930669472508802 5.060564570222781,-36.465593131032655 -5.552311200966067 19.55150640836156,87.18094064421096 -104.38975812836874 -112.96413139764599,9.905730708534445 -6.637844630531491 -8.977196419889866,-13.64451705568989 6.123385849105343 -41.312933642820205,25.833413507786933 56.85338471361772 14.144531865488048,11.577018825379815 5.08329730664209 -7.476031604098932,28.67701154898972 -4.477560111992784 39.090789157545665,26.80263103676919 -60.901858326819195 -15.94236201577601
-47.63918939318413 -29.113437004691807 17.56171778268909,-37.108814888416916 -13.872473569800265 5.167392628451111,-36.18078769797367 -5.702548790621895 19.680545355776022,87.23117598265497 -93.46789643658214 -102.69743651717232,9.857882357290078 -6.68949377396185 -9.106751964675231,-13.805799161472954 6.03132859831282 -41.2523045579581,25.610376789170523 56.01324825541759 13.782741929417185,11.565964755082451 4.984790611203186 -7.77250863004182,29.226648283589167 -4.816688045719521 38.43355045023482,26.430031700630924 -59.30181311531262 -15.226941638771002
-47.14964778478641 -30.09053505791551 18.597372311553205,-36.88999176181186 -13.981065196105604 5.355871950981539,-35.98467876282325 -5.77908996536103 20.364974423229743,86.98803304743986 -90.68507294117958 -100.77906594319533,9.613070165208159 -6.677703343735434 -9.06698615948947,-14.247431328183184 6.347605890178767 -41.48457123329864,25.23567646478353 54.66096984934117 13.208864080686977,11.34617345319733 4.869188796821032 -8.236636686496517,30.913182767580647 -4.736410746324536 37.63176465596455,25.913454131616636 -57.202659348435986 -14.300089288887193
-46.689291993178884 -31.58936891550606 20.151395074822407,-36.90820549600759 -14.186949873496287 5.598147752644278,-35.90149002924524 -5.800823109281852 21.42075309702691,86.4910747368071 -94.94305686564378 -106.09358477400268,9.259446841109765 -6.632286485205449 -8.921135624525373,-15.001809382692038 7.062386957781882 -41.96647757982362,24.79399665278563 53.094041949431556 12.547934154958163,11.010320025593282 4.7341951467361625 -8.814516755372724,33.44006422119988 -4.4523170543658495 36.64297913091156,25.236779283186465 -54.625870360248726 -13.185115779682294
-46.1757425003325 -33.12494220632648 21.77056547853283,-36.957711290410984 -14.337871547563132 5.83077344251036,-35.90357700712443 -5.812876069242108 22.437961221576074,85.9130475395591 -101.07850874817268 -113.3993596968505,8.9625876309153 -6.607616178041807 -8.79460345727243,-16.03206941885987 8.040502327523656 -42.56195499534429,24.428391191775294 51.805439175578954 12.005685482183189,10.7324721288771 4.583029835922415 -9.388204038243988,36.09535110421555 -4.403514514297285 35.456371220559554,24.402582079048067 -51.70098987007759 -11.958569475149043
-45.54032014167943 -34.2489348106692 23.03363206412081,-36.851358891382354 -14.29607086826786 5.995007311953211,-35.963927440541106 -5.856112026266076 23.041881847332604,85.4155736696295 -104.35344916375641 -117.8767525694848,8.87240378761726 -6.652096599918231 -8.799915291201515,-17.289239059943114 9.145457262056572 -43.14282745568802,24.266325191002537 51.234022085121836 11.765205905002452,10.669967076861306 4.4198739434313925 -9.848378192507784,38.22275461014446 -4.973214821042521 34.084163345392724,23.422519720214748 -48.57201344033087 -10.700012258614167
-44.84987384328761 -34.88809531895522 23.84816843509629,-36.590974742643525 -14.069855767228642 6.080087037558833,-36.06506895695744 -5.928299535656228 23.214137565040684,85.04361215452573 -104.4232799166528 -119.07087639173342,8.981766147553133 -6.75461589808539 -8.920590281589032,-18.61143126794511 10.236132763900471 -43.6635801244447,24.280204828341603 51.280855097516195 11.784600708515299,10.812496428302753 4.257867879139099 -10.173590612756794,39.733151862805336 -5.987707131800056 32.760059373033286,22.395128230991574 -45.516035186396174 -9.514743423362148
-44.247416320640205 -35.17995264117239 24.306540607115963,-36.28458601217 -13.749620757733597 6.102213649225885,-36.19489038729934 -6.002988926198241 23.136605905800923,84.77655989126409 -103.41238589202345 -118.9797377685511,9.195292306217915 -6.870615527032976 -9.067648796247331,-19.773303462617832 11.168811103656962 -44.12515192448037,24.35529659172598 51.544773097352724 11.895539956500686,11.055538535496613 4.115186998688215 -10.391774666397522,40.85615469463983 -6.960302455216761 31.842230845812637,21.467767612844348 -42.884947666648436 -8.522526117830491
-43.86647739012156 -35.2592250436087 24.501087696157395,-36.03435610368412 -13.422418337424022 6.077987325611647,-36.34132533027383 -6.055444747020135 22.984307329153026,84.59384617701497 -103.33422610231824 -119.50055877508574,9.421299720687877 -6.957897225005983 -9.157118106348982,-20.564202311483644 11.811860262940137 -44.528321641387066,24.382933062641 51.645876505746934 11.938630725173267,11.298893737650618 4.008725938966777 -10.530914271392259,41.81105709631112 -7.433189749096598 31.661502204944032,20.779126290636732 -41.00638543501789 -7.833834935355311
-43.72050097205842 -35.20070533373841 24.499944352566363,-35.860551500920444 -13.125837121936899 6.025162265637009,-36.492134661617 -6.083990526144967 22.8266579351347,84.48375346939473 -104.59353219007663 -121.04180743145618,9.622526974590112 -7.006025342018788 -9.172604081633025,-20.952441135873272 12.174480603172261 -44.86600047200967,24.336231425110352 51.490552773987154 11.874719633058177,11.504786269709387 3.9398400146761556 -10.613196415107346,42.65599903065056 -7.324728983383305 32.21469545192177,20.360773173520393 -39.91631307497192 -7.44929498862168
-43.745456215127525 -35.04052473270442 24.35562944241015,-35.73060196504092 -12.865553544970961 5.962237197425206,-36.63496782289017 -6.101826552173256 22.664941978943702,84.44027594243657 -106.5571471720896 -123.05146527066596,9.796823055778061 -7.025056235678937 -9.141311687687848,-21.021795614413215 12.356732085651867 -45.12602374948531,24.241073122859945 51.169890663150746 11.742227196945382,11.67571384773813 3.8998591713650357 -10.657068129685957,43.34515011995289 -6.795971103594692 33.28314714326028,20.17516780567154 -39.46252099548581 -7.298660757636579
-43.875990511369686 -34.81401414996153 24.120080392609065,-35.61177121889553 -12.646400364218731 5.907246521159504,-36.75671516652943 -6.121536371134304 22.499019626672975,84.45666837340696 -108.57169113182405 -124.95863037648438,9.942371636111176 -7.025260020822098 -9.090499187402838,-20.85791219708175 12.455781033840873 -45.296889910696855,24.12406132026224 50.77746813505922 11.58059601883415,11.814450585649958 3.8801828722460705 -10.679922404666126,43.83235579363529 -6.012895105235427 34.64352598209222,20.182925597579892 -39.491264882085325 -7.312076155630433
-44.046321425059496 -34.55430746143105 23.840709936658442,-35.481389821899896 -12.468817644220312 5.871508421691341,-36.833599244941 -6.14352189090585 22.324685865836372,84.51442789819146 -109.94258003730263 -126.15189334153419,10.053827520210392 -7.015106714706406 -9.037938701986578,-20.54568220503105 12.506694849429222 -45.37763092911578,24.009577751227244 50.398563208518695 11.425453515460047,11.918208320056237 3.8755438761800622 -10.685181127319398,44.091306333742814 -5.153922414360483 36.0573360533237,20.334908758977694 -39.87136235734508 -7.441811683852856
-44.19034878282424 -34.292914450035404 23.561586060328338,-35.32422994896493 -12.329998279144395 5.861376317457433,-36.833956750312076 -6.159180098441728 22.134730619178058,84.58636015900531 -109.9447709152546 -125.98990077635113,10.123236900452694 -7.001735664926411 -8.994389998919335,-20.169438752439596 12.49863611629343 -45.37506538809714,23.920362021947494 50.11231841139408 11.30960683906035,11.980087136206507 3.883138983674265 -10.665938454807105,44.11036175117282 -4.406672161127676 37.27487143986669,20.574769730230894 -40.48830929815051 -7.656494278784057
-44.24554891924879 -34.06147638595392 23.32646554233782,-35.12800773358063 -12.226739920719693 5.882191287420801,-36.729266749055945 -6.159685023649585 21.92334866902964,84.6480715068575 -107.90947386175361 -123.88410450794323,10.143184951125216 -6.991959744644939 -8.969754236932925,-19.812112295710925 12.419774290401648 -45.29693506006845,23.87904433446725 49.996470387109184 11.265142655204544,11.993620204297589 3.9003021875187716 -10.615252915985394,43.8837832659656 -3.946332403455986 38.05956227920176,20.84738458651299 -41.228793543430974 -7.924685420746164
-44.21146073556206 -33.894570796611056 23.17507390454168,-34.92839814874181 -12.1503141292167 5.923779470832725,-36.54862545937643 -6.136005467815181 21.710282378631998,84.72719595944092 -104.15438582521459 -120.17252847521237,10.116649274952314 -6.987478546494915 -8.961911000561562,-19.53257039639705 12.259716731170464 -45.1638072948396,23.90702700770447 50.10690118173145 11.312816049365146,11.961509548692728 3.9257428975098607 -10.529758752454521,43.50206662549961 -3.7290912110123293 38.40686363532088,21.121745711520113 -41.993373108209326 -8.207172987212324
-44.14011827177072 -33.82925881976047 23.14372686156339,-34.80164177843164 -12.087318263472062 5.962843815988421,-36.36986411871326 -6.078936641192381 21.53688333362503,84.89537473122647 -99.83161597733361 -115.9769304236293,10.0553978293367 -6.985666634584981 -8.958571519404243,-19.369327203793194 12.009287037452836 -45.007097856989816,24.02467376519505 50.481007300314076 11.46379737821719,11.894212597663303 3.959333909209528 -10.409114694598928,43.13710680282181 -3.5258972185312207 38.508487049763225,21.387244080743127 -42.694337987964346 -8.458169614211068
-44.08290382915818 -33.89555110836758 23.261408660853196,-34.81809034625917 -12.023844387079865 5.975799146800877,-36.26608953848929 -5.978717685597588 21.43934361719769,85.21567120767166 -96.0240444016409 -112.34432440969542,9.971251009700278 -6.983696495123633 -8.946879923870581,-19.3501348132214 11.65096172439215 -44.8556545923587,24.252377970630878 51.160566465035366 11.7317081463744,11.801976076097555 4.001637016177773 -10.25058478454141,42.94344732637271 -3.1143009855147077 38.55972528345033,21.638025915120043 -43.26240943150673 -8.639890223290852
-44.04123663402312 -33.968962008257165 23.400541114036418,-34.892775906436746 -11.938224685645634 5.941775129424292,-36.17474767657605 -5.813654929470487 21.32728405834254,85.53520320289616 -91.74454050487779 -108.16679739220189,9.871164506518634 -6.977313796483689 -8.908631878054228,-19.283401293176684 10.985485854064462 -44.675266253131745,24.611884407719845 52.294927828446156 12.18983553508755,11.685185664056991 4.067351993322589 -9.997469668637722,42.644013586494935 -2.5413951326716946 38.69950063706575,21.95736881148758 -44.0197483169061 -8.89246717567487
-43.968216285943925 -33.77559144484489 23.28213344534673,-34.79051981357773 -11.801286714447068 5.84252697225061,-35.902085964610215 -5.550514396970804 20.987917572644903,85.49224611285122 -84.00405241011649 -100.25239180300348,9.757389321310923 -6.960884321888014 -8.820450508209818,-18.76540562476609 9.63785077486354 -44.370736716812104,25.12624482757996 54.13747359876809 12.969169803810638,11.534690358657876 4.184851552646476 -9.540881629320438,41.54431016176202 -2.1149482256347665 39.012219159089256,22.51474992132976 -45.66707942717807 -9.528097988198633
-43.81742719989683 -33.04782114924954 22.63314068947136,-34.27997737263364 -11.58548126941159 5.661159154663524,-35.25846881549479 -5.157919051073267 20.21354900179449,84.73411493641218 -69.87404524319612 -85.4750507205134,9.632858748765896 -6.929122126426844 -8.66028968598002,-17.40354855852614 7.253397234757552 -43.84980197000097,25.814877237822586 56.92467837264786 14.193002273891361,11.342435228878868 4.38149201226366 -8.775630827213538,38.9636213328478 -2.1468632748719143 39.57321308462012,23.475392619382653 -48.89080099465164 -10.853055607501478
-43.61076879124144 -31.86201797502812 21.517446175567592,-33.40675373830788 -11.316831884626641 5.415243793721637,-34.317480659634 -4.669132654615824 19.076782117406808,83.39612232433464 -50.37846927183539 -64.90386107763455,9.524784291912216 -6.887974058503664 -8.44891020931327,-15.354749738889593 4.241795973391417 -43.17081607251431,26.594862590552562 60.305639524673694 15.705430569457613,11.141613774818335 4.640896643587207 -7.758412117109787,35.07759579283201 -2.767837860978692 40.26786871460738,24.78859261618505 -53.5498849984083 -12.813826547094276
-43.445668719297345 -30.674854595841005 20.371437108647054,-32.522646493019536 -11.080591470080318 5.160460012740289,-33.44371881750673 -4.188885062428657 17.96011582163083,82.15310527043692 -30.911094867235473 -44.2460104690808,9.487219149337648 -6.855805807903127 -8.25439969977008,-13.383470299654299 1.8577517895983169 -42.558654616989955,27.270139218375466 63.28005722713115 17.04187911610966,11.011023266626594 4.898337986831628 -6.7248981274384265,31.008668444206478 -3.9082310175624637 40.771570406455574,26.164918590032183 -58.58851088933529 -14.959121761059103
-43.421699296042696 -29.95538551757871 19.6439077067971,-31.99085274928078 -10.963814564169624 4.953826779766961,-33.01060127816921 -3.824984477934935 17.25718981498628,81.69351592195426 -17.047780448999617 -29.40148838693164,9.5731253126313 -6.851059206479972 -8.146210946248386,-12.271624728105008 1.3691363274817223 -42.241857394759684,27.641660598804737 64.83040969465347 17.7295696147058,11.029099599140377 5.087347461559723 -5.918439275911047,27.91710576498583 -5.480415538386204 40.75594045424871,27.30379641130884 -62.90639820673721 -16.81811770873865
-43.57383910084993 -29.905382040715672 19.53207602254367,-32.011762949209164 -11.007287702844232 4.8292126480853765,-33.16307002848796 -3.6625342004511987 17.182345911863035,82.1819616598117 -12.75129270566361 -24.54112129492775,9.744640067176341 -6.871430205241811 -8.154101746748369,-12.288938631029259 2.9246087936559038 -42.267579240321766,27.615487154658684 64.53915545723162 17.580295064324105,11.174624833763247 5.16932482182623 -5.524369289085973,26.554333274599614 -7.117776203655319 40.15279924561795,27.949010324851617 -65.50875600139383 -17.958457186702432
-43.855389496951986 -30.388642302408584 19.9150481179575,-32.579902428968985 -11.193292649473076 4.791213030163551,-33.757164664017424 -3.757927725953409 17.72320807635747,83.12066079906802 -19.944682758069007 -31.649250734684436,9.849055049090238 -6.8883820894932155 -8.257636541177611,-13.057487135685317 5.257611275746831 -42.45361808734017,27.230584504710823 62.74741367523258 16.765682003524045,11.300371164313859 5.14090865814766 -5.654661187585063,27.15480696627119 -8.100924182816316 39.22298137852805,27.90043466955954 -65.53418226573038 -17.99642274669471
-44.21454873931933 -31.246010995155142 20.650230346571444,-33.67330030937936 -11.499662387171222 4.8419247422644265,-34.6298726707744 -4.163151957022957 18.84908477735571,83.97483359734149 -40.31822712128056 -52.46401843438113,9.729157835932432 -6.872156952353472 -8.43283976470738,-14.159534232889692 7.026725998173209 -42.60543178755312,26.53617987581322 59.849305551258986 15.482025637592304,11.253497296696539 5.001771338956025 -6.4114211313862075,29.903771680333204 -7.703032165912747 38.24693044979403,26.969503444578574 -62.16092176238352 -16.564906732471094
-44.60638093878286 -32.25441227898633 21.53008378601869,-35.10466375949782 -11.86927203786524 4.952252227669828,-35.59212169331736 -4.8012979510263545 20.339762408026196,84.48586853915299 -70.43998889989078 -83.3998427193467,9.371641436106103 -6.81619864652986 -8.639653173069727,-15.26462277415994 7.691036198478864 -42.64776152026681,25.668719953616055 56.45669509045047 14.005263779763334,11.005305589271229 4.790440184905715 -7.637404353995998,34.180037357197925 -5.960780333915383 37.42981730535467,25.36775395382871 -56.12964416126842 -13.974721193529005
-44.995890140817885 -33.09823037017796 22.253046014017894,-36.447357697509965 -12.194387030737518 5.047941663141079,-36.41711165132899 -5.408849836286205 21.700649762501858,84.79497230825189 -99.4624274383989 -113.16380523831565,8.971535678163477 -6.747541006609339 -8.814735076235145,-16.168652206439297 7.868537843371002 -42.67803902286154,24.890922021026295 53.49668000959311 12.726635574089626,10.706825417249481 4.601694161537599 -8.79989487142117,38.19491051699972 -4.016204808061561 36.86783785205529,23.88596675674182 -50.44299517445216 -11.518125752140202
-45.34907789166815 -33.45772793624212 22.51320778983714,-37.26008922667703 -12.364342901432249 5.052008022253894,-36.87733129237731 -5.710302511372979 22.420523752003486,85.07339324560611 -116.06029522011899 -129.9670328647754,8.738221811095627 -6.695595152875482 -8.89360432787518,-16.679256973257605 8.261628861697057 -42.80602877952634,24.472855709087497 51.91193746625195 12.042545649661367,10.52163877901026 4.53378155094207 -9.342035814404946,40.086236353586294 -3.086064367517368 36.648005037683845,23.352413978494884 -48.2510708961241 -10.551492006405322
-45.647922059051965 -33.24027106134912 22.22382018017037,-37.39802288880824 -12.343499395028065 4.945902707937066,-36.908378042744246 -5.620464482934856 22.3404990427862,85.40143441561999 -116.37920991761192 -129.82510159050997,8.738903082283315 -6.671463568556473 -8.861464625497472,-16.738381200687947 9.11431696189483 -43.05543095696043,24.50048393317188 51.98355167493612 12.068632899712506,10.50319050486861 4.617047234707358 -9.088634070251635,39.29527605594654 -3.5294102640161436 36.809735044103626,24.02470273037188 -50.55144285313758 -11.507043251512382
-45.90092593856834 -32.73028479844776 21.66200530539786,-37.208530422374345 -12.220778676046821 4.808098912202072,-36.71665806906281 -5.370121242300486 21.88667538204252,85.70840277396023 -108.96863924493798 -121.7112856213202,8.804725125095898 -6.655850974004774 -8.786011230393392,-16.51096288755935 9.909546252615206 -43.307053451553514,24.754097904642368 52.89416651609654 12.454381897176203,10.52206508941479 4.769096327901854 -8.49817145985598,37.427347603799966 -4.281245090903693 37.3134193174833,25.212967096510194 -54.767853937034786 -13.282642748695908
-46.11892674865746 -32.24663696512204 21.138152876073548,-37.08353253053973 -12.096440698764095 4.725792377342828,-36.53321405893364 -5.218517363674955 21.538052127542198,85.9098131755236 -103.5023841591458 -115.77320872321587,8.745751181575082 -6.626762140641113 -8.742369479933839,-16.18254121188733 10.062363134667962 -43.42906545405904,24.9862652993504 53.726948554670685 12.807080986720418,10.432562433386622 4.897302842332768 -8.08633800545822,36.28285801079218 -4.1493587302966795 38.11119339498698,26.141547554034414 -58.00097800920939 -14.637510986005681
-46.29378377230547 -31.982309384855448 20.844520685987668,-37.20378426332594 -12.024559513354992 4.7378776464662105,-36.48722804104097 -5.273479192289176 21.51736961730159,85.971679319431 -104.52354820324608 -116.77749380649433,8.505462288550165 -6.5810742175649 -8.76616974743797,-15.89052920735645 9.426275249410349 -43.38438274952872,25.074142841785193 54.0296024380047 12.933407872022633,10.19764430239655 4.9543181189387955 -8.0805090071901,36.645532117927814 -2.7429456708277193 39.06368484813752,26.43681376327542 -58.92939526337726 -15.015269174607685
-46.38114076284554 -31.89005606692681 20.747935794123684,-37.34707397337043 -11.971072766350956 4.791076248619251,-36.513501695248046 -5.353882182235499 21.558349973883868,85.95638167740981 -106.78434250265721 -119.22221815779079,8.281940206678636 -6.551678447984952 -8.817674300709855,-15.680500950177654 8.691504331636226 -43.31672572653044,25.132640114027037 54.23630925547636 13.020534292119624,9.987631529066425 4.9791960717804615 -8.157869761998084,37.35896363550482 -1.2005180848992754 39.85689690898797,26.492326306939553 -59.242799178269685 -15.165578096861273
-46.33283802612506 -31.895673580460375 20.789840709462975,-37.246720026476446 -11.892136792846694 4.821901283910646,-36.525139337358866 -5.246825679546143 21.34073253388323,85.93702976298847 -103.95488015509555 -116.47046268945044,8.301200125157711 -6.575384657909465 -8.848811016877153,-15.587578997676477 8.640070473759712 -43.38964691051166,25.302901535346667 54.879033383040955 13.297597530748268,9.995571579978952 5.020558222312235 -7.934975091652278,37.052734684042385 -0.8287976436181436 40.158384917000795,26.786486195418107 -60.96286126663256 -15.981970113512178
-46.15422822311695 -31.936410301221837 20.90501505002815,-36.804212493096436 -11.769779638105101 4.798069503305078,-36.46742084615613 -4.882161074310631 20.74506937459893,85.9652695639166 -93.47139321370202 -105.81375162230533,8.65052087157189 -6.662879708469967 -8.839575888109891,-15.622300835812188 9.59776870392289 -43.66722581091972,25.626306185869403 56.11081065353508 13.830083959604396,10.29680870685323 5.097432347373472 -7.275198685289182,35.18488581428553 -2.1848301425855152 39.87218321977202,27.512492203974283 -64.79143443453304 -17.761567591202898
-45.968354916507565 -31.974700815651346 21.013584590946728,-36.29090517919605 -11.6429295696166 4.755924534632878,-36.35639052503472 -4.503697472497734 20.093564458650356,86.04554186277306 -81.05302213256473 -93.18352110446303,9.112055336507922 -6.7673976485539855 -8.831695730440797,-15.7411334613833 10.88700821399766 -43.99476874133461,25.924817037118757 57.25129100564149 14.323558893664504,10.707819887498166 5.163760049205972 -6.584748405425997,33.03550445674378 -4.17688270612103 39.422419658040255,28.236291548037116 -68.5276654456212 -19.489795255307623
-45.91376777797 -31.97642119948296 21.033871476033756,-36.027063446251766 -11.558045337690345 4.740893671299063,-36.21755120444141 -4.396698055869216 19.76681565839663,86.1759167120469 -73.51517876893882 -85.65469588159284,9.427600655576962 -6.834580045217202 -8.87504247241855,-15.893395117364545 11.697506867851972 -44.18868148902362,25.991428265067313 57.510109937872805 14.436077025747585,11.0108359800331 5.16488422123705 -6.341549111040449,32.12561018829203 -5.494996321990754 39.3019527483879,28.440929910865023 -69.58736074850475 -19.978882368130485
-46.063107688664516 -31.94479781893692 20.945496889432302,-36.201442882566006 -11.543810438782685 4.7774728929753625,-36.09323729696252 -4.707903859035492 19.98376370239689,86.31767080562027 -75.11356121534838 -87.61818234281013,9.445246690677374 -6.83266885439625 -8.989891329072243,-16.04831522349398 11.575129794456222 -44.15590246178514,25.716895039849803 56.47439908981461 13.989643551060706,11.07471203712139 5.072809870371577 -6.8018761267043315,33.32036762540731 -5.336816511769696 39.79883361390134,27.852341305576314 -66.6355607606421 -18.618679815760853
-46.321434100089526 -31.978024874254526 20.883942572505852,-36.668418857482344 -11.583712539930541 4.836937668794166,-36.06857964000803 -5.231845850562534 20.552315600304965,86.33852907304437 -83.59547181193359 -96.64043099008867,9.283345993938262 -6.787370377073568 -9.121264130771563,-16.225749882874325 10.971291555437455 -44.03356069694628,25.24054221463363 54.691121749009454 13.22312853776894,10.988556073922425 4.9273337966819915 -7.658432822921036,35.81734725851741 -4.1906374770737616 40.68036469543055,26.814034021032384 -61.51364114784031 -16.26771446459769
-46.567591230353905 -32.18912795500989 21.009045366323466,-37.23004323384309 -11.654166085705892 4.882239631561843,-36.23537297599292 -5.707965906155694 21.21606652533055,86.09162058144915 -95.68944407453989 -109.21968993312886,9.10253479922241 -6.733382064119421 -9.20241880020508,-16.453470146567494 10.479054152134044 -43.994780593086,24.740580770917816 52.85739123317697 12.440612966928047,10.875937924851678 4.7788572587721365 -8.515762898748966,38.55321401065707 -2.7467206179112265 41.632365729549704,25.766121306476656 -56.55981102848152 -14.01423674731487
-46.712677153473486 -32.64227415383116 21.4176996037233,-37.73356806663919 -11.736430612909828 4.888551786068151,-36.63896150680843 -5.953545037645005 21.782022661196347,85.4960053654255 -108.58141506312553 -122.38309865772258,9.018528888676856 -6.696621228320854 -9.191239298035272,-16.743650657434586 10.504561248336842 -44.15104015877453,24.349454631372 51.48666439954476 11.865413717512961,10.826741465460504 4.664236122382893 -9.088700578950531,40.73712497522514 -1.5303852000509537 42.41546556718174,25.025003594559422 -53.439539246068875 -12.632200384308115
-46.76291177433052 -33.25753896399522 22.021171993996017,-38.15954807845871 -11.826054617929486 4.86708993713621,-37.1876992874284 -6.015424442241202 22.244199504077116,84.6651845320911 -120.80627877124284 -134.71758274681673,9.014566376573004 -6.6771111370476675 -9.118235748624882,-17.062469731346205 10.902704138466477 -44.43201224102704,24.06463326966409 50.55076553828094 11.482661286058816,10.831505237493056 4.580378701785725 -9.41734466324168,42.381860670260984 -0.5805094931484932 43.0109172209896,24.542232239112952 -51.83427490926544 -11.968647324758848
-46.74196441891249 -33.92856530308197 22.69667718348793,-38.512991415043615 -11.921207804825368 4.835681684062246,-37.76481050790441 -5.982556495075116 22.63091807406206,83.74832801583267 -131.14638571606906 -145.09619941261056,9.049583294340227 -6.670124979811739 -9.027241027824088,-17.367667986205593 11.427250803391033 -44.734018827290626,23.858826059938835 49.922160310090334 11.233792576884678,10.862543590111702 4.516865217991452 -9.60146141660137,43.64762059658466 0.15326236274796004 43.44044563178474,24.202429633938348 -51.06151286388036 -11.700584167645648
-46.67350441320687 -34.548996088671345 23.321429818545376,-38.7989062221359 -12.020059877657987 4.81215462614248,-38.25351935828802 -5.943893571277583 22.970499391240406,82.89460575103674 -138.38408641478196 -152.39200586730385,9.0825156734079 -6.670935946124947 -8.962088011483065,-17.616986039916 11.831969223978614 -44.95338190501241,23.704742376340977 49.47331437567774 11.060244494309604,10.892170872478813 4.46327589201089 -9.740817104008567,44.694604255016365 0.7212862275902514 43.72577574037868,23.890218172836697 -50.43874795572271 -11.505017511947067
-46.58120108320115 -35.012474238343295 23.77264454551469,-39.02230064547755 -12.12078054048786 4.814336362673138,-38.537050028630816 -5.988388045979441 23.29126447570138,82.25318767208995 -141.30173138455916 -155.47805932309632,9.072299545205402 -6.6748172254991704 -8.966609575451995,-17.7681645103807 11.870627381097314 -44.986423461639546,23.575091593015266 49.07669339574798 10.903453942652659,10.89270143375676 4.40919094485486 -9.935177990442241,45.68301114637623 1.173917961330218 43.88863248758294,23.490220249609095 -49.28347503060161 -11.058953956641663
-46.48872375488281 -35.212642669677734 23.927536010742188,-39.18818283081055 -12.221539497375488 4.8600544929504395,-38.498626708984375 -6.204992294311523 23.62153434753418,81.9732437133789 -138.68167114257812 -153.2274169921875,8.97787094116211 -6.677042007446289 -9.084638595581055,-17.77894401550293 11.296993255615234 -44.72946548461914,23.442583084106445 48.60476303100586 10.70485782623291,10.83644962310791 4.34419059753418 -10.284310340881348,46.773040771484375 1.5615134239196777 43.950740814208984,22.88705825805664 -46.91318893432617 -10.039400100708008
