-17.3 9.2 -6.7,-9.4 11.9 -5.3,-10.2 7.1 -2.0,16.1 -6.2 14.3,16.1 -2.0 10.2,-1.9 45.3 -41.2,29.8 98.1 34.1,14.1 9.4 11.1,-2.3 -36.3 36.3,28.6 -109.4 -39.6
-17.6 8.0 -6.5,-9.4 11.4 -5.6,-11.1 7.4 -1.8,17.7 -6.1 13.7,16.4 -2.0 9.7,-2.7 45.2 -42.4,29.9 96.1 33.1,14.4 9.6 11.1,-2.6 -36.4 37.5,28.8 -107.7 -38.8
-16.7 8.2 -5.8,-9.5 11.1 -4.2,-7.3 6.6 -2.0,11.8 -6.0 15.2,16.5 -2.2 10.0,-2.8 47.6 -39.0,29.6 101.2 35.6,14.7 9.0 9.6,-5.3 -46.3 35.2,28.9 -107.2 -38.5
-17.6 8.6 -6.1,-9.8 11.3 -4.1,-9.9 6.8 -3.5,16.6 -7.0 14.3,16.9 -2.2 9.7,-3.5 47.0 -39.9,29.6 100.2 35.1,14.9 9.3 10.7,-2.6 -41.2 38.8,28.8 -108.4 -39.1
-17.3 9.2 -6.7,-9.4 11.9 -5.3,-10.2 7.1 -2.0,16.1 -6.2 14.3,16.1 -2.0 10.2,-1.9 45.3 -41.2,29.8 98.1 34.1,14.1 9.4 11.1,-2.3 -36.3 36.3,28.6 -109.4 -39.6
-17.6 8.0 -6.5,-9.4 11.4 -5.6,-11.1 7.4 -1.8,17.7 -6.1 13.7,16.4 -2.0 9.7,-2.7 45.2 -42.4,29.9 96.1 33.1,14.4 9.6 11.1,-2.6 -36.4 37.5,28.8 -107.7 -38.8
-17.6 8.6 -6.1,-9.8 11.3 -4.1,-9.9 6.8 -3.5,16.6 -7.0 14.3,16.9 -2.2 9.7,-3.5 47.0 -39.9,29.6 100.2 35.1,14.9 9.3 10.7,-2.6 -41.2 38.8,28.8 -108.4 -39.1
-17.6 8.0 -6.5,-9.4 11.4 -5.6,-11.1 7.4 -1.8,17.7 -6.1 13.7,16.4 -2.0 9.7,-2.7 45.2 -42.4,29.9 96.1 33.1,14.4 9.6 11.1,-2.6 -36.4 37.5,28.8 -107.7 -38.8
-16.9 7.1 -6.8,-9.5 10.8 -5.2,-11.4 6.7 -2.6,18.6 -5.8 14.0,16.4 -1.9 8.9,-3.3 44.1 -40.8,29.6 100.6 35.3,14.5 9.7 10.1,-2.5 -38.4 35.9,27.9 -113.9 -41.7
-15.5 6.9 -7.7,-10.1 10.4 -4.6,-13.3 5.2 -5.3,21.9 -5.9 15.7,17.4 -1.7 7.7,-3.9 42.5 -36.0,29.1 105.7 37.8,15.8 10.0 9.1,-3.1 -44.1 37.8,27.8 -114.1 -41.8
-15.2 5.8 -7.6,-9.7 9.1 -3.7,-12.9 4.6 -5.2,21.9 -5.1 15.8,17.5 -1.7 7.0,-3.5 41.1 -36.1,28.7 108.5 39.2,16.1 9.9 8.0,-2.3 -43.7 39.0,27.7 -114.6 -42.0
-13.8 4.4 -7.7,-7.8 7.4 -2.9,-11.4 4.4 -4.4,21.1 -4.0 14.1,16.7 -1.5 7.2,-0.6 38.3 -38.4,27.7 115.0 42.2,15.4 9.7 6.4,1.3 -34.9 39.5,26.2 -121.6 -45.2
-15.7 0.9 -9.1,-9.3 4.6 -3.8,-10.8 3.9 -4.6,18.1 -3.6 15.5,15.3 -1.2 4.5,-0.0 32.4 -41.3,28.1 112.5 41.1,14.3 10.4 5.2,1.2 -37.1 38.5,26.7 -119.4 -44.2
-17.7 -1.9 -9.2,-10.1 2.4 -4.2,-12.1 4.9 -2.1,25.5 -1.0 12.2,17.4 -0.2 5.5,-2.1 45.4 -43.5,27.9 113.5 41.5,16.5 10.8 4.0,1.8 -37.9 39.7,27.8 -114.0 -41.8
-19.0 -5.2 -8.4,-10.5 -2.8 -1.0,-11.6 3.4 -4.3,22.6 -1.5 13.9,18.0 -0.6 2.9,-2.9 47.9 -41.1,27.2 117.2 43.2,17.6 10.4 1.3,1.6 -40.3 38.5,27.7 -114.5 -42.0
-16.4 -2.3 -6.4,-8.6 -0.5 0.1,-8.9 2.4 -3.9,18.1 -1.5 15.0,18.0 -1.8 3.7,1.1 36.5 -35.4,26.1 122.0 45.4,17.6 8.9 0.9,2.9 -39.6 39.6,26.7 -119.7 -44.4
-17.4 -2.4 -6.1,-9.8 -0.7 1.0,-8.8 2.2 -3.4,20.0 -1.0 11.3,18.1 -2.0 3.3,-2.0 48.5 -40.4,26.4 120.9 44.9,17.8 8.7 0.4,2.4 -39.8 39.0,27.0 -118.0 -43.6
-16.4 -2.3 -6.4,-8.6 -0.5 0.1,-8.9 2.4 -3.9,18.1 -1.5 15.0,18.0 -1.8 3.7,1.1 36.5 -35.4,26.1 122.0 45.4,17.6 8.9 0.9,2.9 -39.6 39.6,26.7 -119.7 -44.4
-17.9 -0.7 -4.9,-10.8 2.5 0.3,-12.1 3.5 -1.8,25.0 -1.5 8.9,19.0 -2.3 4.5,0.1 43.7 -42.6,26.3 121.1 45.0,18.4 8.6 2.6,2.9 -41.7 37.8,26.9 -118.5 -43.8
-16.5 -5.6 -5.4,-8.7 -3.7 -0.5,-9.3 2.9 1.9,22.3 3.6 13.0,16.4 -1.8 3.0,-0.9 45.0 -40.2,25.9 122.9 45.8,16.2 8.7 -0.5,2.0 -36.3 40.0,26.8 -119.2 -44.1
-18.2 -5.7 -6.1,-9.0 -3.9 1.3,-12.1 1.8 0.1,28.3 3.4 12.5,17.6 -1.8 1.8,-1.6 44.1 -39.3,25.3 125.2 46.8,17.5 8.8 -1.3,2.4 -38.1 39.8,26.1 -121.9 -45.3
-17.6 -8.2 -3.8,-9.3 -4.3 1.3,-11.2 1.8 1.5,24.4 3.0 9.0,15.6 -2.6 0.7,-1.7 31.7 -42.2,26.0 122.6 45.7,15.8 8.1 -2.6,5.5 -37.6 38.4,26.5 -120.6 -44.8
-19.0 -8.4 -3.6,-10.9 -4.1 1.1,-12.2 2.1 0.4,25.5 1.6 7.9,15.6 -2.7 0.3,-1.6 29.9 -42.7,26.2 121.7 45.3,15.7 8.2 -1.9,5.1 -37.9 36.4,26.4 -120.7 -44.8
-18.0 -2.4 -4.2,-11.8 0.9 1.4,-9.7 2.0 -2.7,20.4 -1.2 9.6,17.5 -3.0 2.2,-2.0 39.7 -41.4,26.7 119.5 44.3,17.2 8.0 0.6,2.7 -44.1 36.0,26.6 -120.0 -44.5
-19.8 -5.1 -5.1,-13.8 0.7 -1.5,-12.7 3.9 -1.1,26.6 -0.7 8.1,16.1 -2.1 2.5,-1.9 34.5 -43.8,26.9 118.8 44.0,15.7 9.1 1.6,2.9 -42.2 33.6,27.1 -117.6 -43.4
-19.0 -4.5 -7.8,-13.5 0.4 -2.6,-9.9 3.4 -2.6,19.5 -0.8 12.8,15.1 -1.2 2.7,-4.1 40.2 -41.3,27.8 114.1 41.8,14.7 10.0 1.7,0.2 -45.0 35.9,28.3 -111.4 -40.5
-19.6 -2.9 -6.7,-13.7 3.1 -3.7,-13.2 4.3 -0.5,25.8 -0.4 10.8,16.1 -1.6 3.7,-0.3 31.9 -44.1,27.8 114.1 41.8,15.4 9.7 3.1,2.1 -41.7 33.7,27.0 -118.3 -43.8
-20.9 -4.1 -7.1,-12.1 0.1 -2.7,-14.4 3.6 -0.7,25.4 -0.2 10.2,18.0 -1.4 2.4,1.6 27.5 -45.3,27.8 114.1 41.8,17.6 10.0 2.3,2.6 -41.5 32.9,26.4 -120.6 -44.8
-20.7 -3.9 -7.1,-12.0 -0.3 -2.6,-12.3 2.2 -0.1,20.8 1.3 12.3,16.2 -1.8 1.4,1.0 23.5 -42.7,28.7 108.7 39.2,16.0 9.5 1.0,2.7 -40.4 34.8,27.2 -117.4 -43.3
-20.4 -5.2 -6.0,-14.8 -0.0 -2.2,-12.3 3.1 -1.9,22.9 -0.7 10.2,13.5 -2.0 1.3,-0.4 26.6 -42.8,28.5 110.1 39.9,13.3 9.4 1.2,1.7 -39.4 32.0,27.0 -118.1 -43.7
-22.0 -7.9 -4.4,-16.4 -1.8 -1.8,-12.6 2.8 1.2,23.6 1.6 8.4,11.4 -2.4 -0.2,0.0 14.6 -44.7,29.1 105.9 37.9,11.4 9.1 0.1,3.2 -37.1 30.9,26.4 -121.0 -45.0
-22.3 -7.0 -2.6,-15.9 -1.3 1.0,-12.4 1.4 0.8,23.6 1.7 6.6,14.1 -3.4 -0.9,-3.2 23.8 -43.7,29.6 100.3 35.1,14.3 7.9 -1.3,4.1 -42.1 30.1,26.4 -120.7 -44.9
-21.3 -6.5 -2.5,-13.5 -1.4 1.8,-16.7 2.5 -0.5,30.8 -0.5 4.2,17.2 -3.4 -0.2,-3.9 28.8 -45.1,29.4 102.7 36.4,17.2 8.1 0.4,5.1 -40.1 34.1,25.9 -122.7 -45.7
-20.4 -5.5 -1.2,-11.7 -1.0 3.3,-18.5 2.1 -0.5,34.0 -0.7 3.6,18.7 -4.1 -0.1,-3.9 32.1 -43.6,29.2 105.2 37.6,18.7 7.4 0.0,4.4 -39.7 34.1,26.0 -122.5 -45.6
-20.2 -3.8 -1.6,-11.9 1.5 1.4,-14.4 2.9 3.9,28.0 1.8 6.1,17.1 -3.6 2.6,-3.2 34.6 -46.5,29.7 99.8 34.9,16.8 7.3 0.3,6.0 -39.5 33.6,25.7 -123.6 -46.1
-20.8 -3.6 -1.2,-11.3 1.7 1.1,-18.5 3.8 1.8,34.2 -0.8 4.5,19.6 -3.6 2.7,-3.1 37.7 -47.1,29.7 99.6 34.8,19.1 7.7 2.0,4.9 -38.4 36.1,26.9 -118.8 -44.0
-20.9 -1.2 -1.6,-11.9 4.3 0.1,-20.1 4.6 0.2,36.4 -2.4 5.1,20.2 -3.5 3.8,-2.2 38.0 -46.1,29.4 102.9 36.5,19.5 8.1 4.3,3.6 -37.8 36.2,27.1 -117.6 -43.4
-22.0 0.8 -2.5,-12.8 6.0 -1.4,-19.7 4.9 2.2,35.5 -1.4 8.0,20.1 -3.2 5.0,-0.9 38.4 -46.1,29.3 104.3 37.1,19.1 8.3 5.3,3.5 -38.0 36.5,28.1 -112.8 -41.2
-22.3 1.2 -4.1,-13.2 6.2 -2.6,-20.0 5.4 0.7,36.0 -2.0 8.0,20.3 -2.4 5.6,-0.3 41.0 -45.8,29.2 104.9 37.4,19.1 9.2 6.2,5.1 -34.4 38.4,28.1 -112.6 -41.1
-23.7 1.8 -6.1,-14.5 6.0 -3.9,-19.3 5.1 -0.3,34.4 -1.8 10.1,20.4 -1.7 5.9,0.5 44.3 -43.6,29.2 104.8 37.4,19.3 9.8 6.1,5.2 -35.0 36.5,28.9 -107.0 -38.5
