-19.42170814143151 -4.303667074103526 -5.993711326108244,-12.598367267051813 -0.31115867820333154 -0.45316626016151584,-11.839363082695527 2.979205216415381 -3.0761593246877736,24.81807096340105 -1.3809631741710726 9.001290007708826,16.559946450571708 -1.9157093952716924 2.2578539490129774,-2.0539987872185055 40.846473929208315 -42.842965624215864,27.228313751978177 117.22167489893293 43.243132225307335,16.241210502282318 9.258753925511776 1.2073859024690305,2.9886019666221912 -39.626397495816526 36.805924780854454,27.353915377330427 -116.80960877002266 -43.124492830675045
-20.289638815007816 -4.824345337717927 -6.15012739380638,-13.798813811457945 -0.1136649872622586 -1.2192329487108997,-12.351063403402076 3.219493862426841 -3.220093050920855,24.90489575453079 -1.5576986722433601 9.201528839902549,16.128279007022655 -1.838156497929082 1.9842878076333679,-1.7326365365894443 37.62920978643645 -43.68630051367782,27.5613701890812 115.5241344140968 42.45079230316564,15.7650227555282 9.46833120633822 1.4200351030791283,2.637958156648301 -40.7450994480408 35.34434132673131,27.371749203904763 -116.77993853455338 -43.128277930301664
-21.093950135751882 -5.768347893472192 -6.195996066058878,-14.8642893187197 -0.2885488562782017 -1.8731134922679598,-12.72101452374424 3.4746604895420767 -2.9709130165288253,25.09994482458084 -1.4150953083209719 9.058247817931303,15.574169807635034 -1.7615867824670723 1.572475970349029,-1.2757991743007318 33.162681759630544 -44.847937551734574,27.731702623317833 114.54034375141862 41.996502221732854,15.213032503991162 9.668130104265792 1.4761697541198817,2.845970119191009 -41.469452564186355 34.20778593595314,27.294454871287638 -117.07167908428512 -43.26380598709652
-21.71262358690456 -6.770144541517108 -6.144103732025391,-15.659388754639608 -0.6759350601328755 -2.278852191944,-12.950426057438431 3.657688985874482 -2.3743777464931344,25.4723952112609 -0.9903696023985792 8.599146174131144,14.89789457699636 -1.7113198854320992 1.1243135171681804,-0.7550346563518038 28.22939928415351 -45.990209220601145,27.75198364181028 114.3456944668365 41.91905264528944,14.586012577834959 9.818535041287532 1.421727042798211,3.58243126143852 -41.377770494868074 33.657395174706394,27.16529182955947 -117.51466463236352 -43.45038131715158
-22.058595352027506 -7.498527403730072 -6.003857259959127,-16.11618510136762 -1.1024964473398393 -2.359117360971416,-13.057997983382888 3.6802739325399605 -1.5872283234119107,25.914408263983617 -0.3950633734325564 8.030964546049457,14.128726597561588 -1.719256692922937 0.7216692435785779,-0.2916199382355149 23.81927893744062 -46.76813762720951,27.6716600462139 114.78632203049544 42.14492651885347,13.902597076844513 9.87444080776491 1.276569915791728,4.560148418910117 -40.36824160550526 33.68735355715831,27.0250482959543 -117.99243394044252 -43.63933190587922
-22.07942563470581 -7.834048037521669 -5.761450717590844,-16.241961101237983 -1.476519010484191 -2.1258544472086105,-13.032634925332397 3.498701005377626 -0.8280084947508555,26.14051133461257 0.2166775220784789 7.645529018081728,13.327065112192624 -1.8103822437480335 0.3917301060390979,-0.029095772560894684 20.80695566316998 -46.94032876373059,27.556695309330127 115.52276371641695 42.509268157856766,13.207474782792362 9.800641259738349 1.0123333516348736,5.31233219122985 -38.79540775103248 34.01294027734392,26.908029903049673 -118.42206857537954 -43.803308277173095
-21.756618368276843 -7.937961706492958 -5.378328131370891,-16.102916224123263 -1.840255796779136 -1.6695680009982654,-12.825999496248823 3.137869418922665 -0.30224704182642004,25.812139449119297 0.697128547730518 7.6800973814764575,12.572971122910943 -1.990608974401359 0.09700398656964193,-0.093397009201035 19.6738305866048 -46.41648804840674,27.4713560637752 116.12354260630052 42.802576608145195,12.56783880774497 9.586779659554042 0.5615338075353606,5.3712833646056115 -37.37750918977901 34.20138258809112,26.84495545112238 -118.70013839335043 -43.906894555540596
-21.11169187903151 -8.173264310918308 -4.813714406224034,-15.79360338455868 -2.3496977043959033 -1.1142527014814996,-12.39362181973572 2.6799761907623116 -0.131089211144376,24.73197503532183 0.9548036112474495 8.201048550675793,11.942710661730898 -2.241232847378103 -0.2458711134854523,-0.5480723980119002 20.36057291419386 -45.243205795873884,27.466002183888982 116.18788771446201 42.83184724790297,12.0555456446985 9.255807234986374 -0.1448907750780033,4.477648608807251 -36.88771986928675 33.88722012563185,26.86463303206668 -118.67428292693322 -43.88792086923154
-20.216795369276408 -8.913492742710998 -4.0610394155160865,-15.405857058746108 -3.1866450957255843 -0.5628569288775864,-11.756985146168564 2.22425720763648 -0.31167485069372347,23.00081419334739 0.9858539043728722 9.068410783874445,11.482170278672477 -2.522813281479242 -0.7256407897732998,-1.3578124231527287 22.290662867434456 -43.56009814127488,27.570003003307537 115.46741094371868 42.480122399561296,11.72072522989274 8.861385945678588 -1.1295222370227038,2.721510135080969 -37.77036872534138 32.963699652249616,26.988658097261354 -118.17827422396108 -43.669681690416105
-19.1990186598421 -10.33439438383967 -3.1765785382945486,-15.008658229077433 -4.443766358310494 -0.06192248556078716,-11.039847818339464 1.84046183855612 -0.7249257630748045,21.036667384020994 0.8727764997855849 9.998056493898364,11.189804264680625 -2.7874486096545636 -1.3904479326577177,-2.3775553054018044 24.556235306606133 -41.56148698684014,27.78725439871065 113.95063258569036 41.74628170444126,11.569216731821115 8.473589908844849 -2.334358383959274,0.537383829191961 -39.884196940222274 31.647699495964236,27.220129592638685 -117.12034776294198 -43.201500353885706
-18.22591865197065 -12.295950384261316 -2.2794276365403396,-14.643488882980433 -6.041448431253875 0.39800010064034863,-10.44349147188465 1.5420769318285927 -1.1870910752725616,19.423225665968808 0.7481855527567616 10.689718679789049,11.018987503382636 -2.994788728554715 -2.2157873441121625,-3.3811468117421715 26.21272226930847 -39.477713628060606,28.09374220708769 111.87771143051177 40.749803938178765,11.556642633537939 8.157249458426216 -3.6197205145448987,-1.4598439883019658 -42.5255196632763 30.378126428270033,27.533645823506593 -115.57179561850947 -42.5035294870094
-17.4675072032582 -14.379484574885105 -1.51599152151986,-14.331883750166462 -7.724277130410627 0.8502391362978319,-10.16216380495024 1.2937146165136184 -1.523538783614776,18.648735289375715 0.7363602092381902 10.957433551830976,10.900742817003064 -3.1253248596630945 -3.1014346055527473,-4.129957233038941 26.59451460795016 -37.563423613366844,28.439740389566076 109.67038371069484 39.69470422969338,11.604860980653259 7.951083054776687 -4.800240743955327,-2.731995197232643 -44.743083665929994 29.595279335747215,27.875240344640506 -113.79301508663535 -41.68502649328401
-17.04355890598947 -16.06706987313821 -1.0024224812836788,-14.086790517865069 -9.147900052134654 1.3097587576784315,-10.280108693771947 1.0471110753879669 -1.6344796778011177,18.864728961867634 0.8966415414964755 10.80038251463165,10.777078449961554 -3.185431489667887 -3.9012000429917046,-4.461674632126626 25.548266180656803 -36.06849597232834,28.76014555868939 107.79216388836439 38.80142230920561,11.635098858150856 7.856284067231078 -5.704568516464281,-3.0496506003069768 -45.79683755356092 29.514361530503365,28.176264849711117 -112.16467815517393 -40.91809210624128
-16.97700369460512 -16.977266161324806 -0.7733946569167733,-13.919109076161437 -10.021041158421083 1.746940373491009,-10.710115701780609 0.7833203732673428 -1.5263294972634647,19.79583613240156 1.1944345656534145 10.384618403450537,10.62861149840541 -3.202028830010003 -4.47534740937038,-4.362803705035832 23.494236668093777 -35.17979476250372,28.993353071675426 106.58567388406156 38.22989576666132,11.602455973601284 7.839740958621528 -6.233920551559533,-2.5861607810040685 -45.52427072525117 30.01317957964416,28.377186662820353 -111.04524905351442 -40.37384000234185
-17.17680649500313 -17.040342208763303 -0.7658109548880472,-13.835085612420293 -10.236046405489098 2.093069297818876,-11.217005684335497 0.5347650170069659 -1.2974954300611272,20.86098337532244 1.5152544294064023 9.951780011711483,10.482041816207836 -3.209168138873139 -4.744554591555369,-3.9867381872456242 21.27541606505613 -34.9500387752957,29.103315588376265 106.15160699371305 38.02421465413404,11.514464321877933 7.85082079180832 -6.394490021010866,-1.8240404956908023 -44.4151966528663 30.696172313526205,28.45068641174111 -110.62145751904232 -40.150680364021596
-17.46401811779162 -16.524457160673833 -0.8498916978092046,-13.826660244037786 -9.922163235436724 2.2740955148997943,-11.524832392637224 0.37234518288185614 -1.08694906504422,21.45713858040518 1.7182896627477366 9.705389481129753,10.393157784486569 -3.232356962939077 -4.721789630217915,-3.598207124430319 19.831112711388975 -35.253290332578885,29.094824223710493 106.32444275196826 38.103722275068165,11.423869483258471 7.844463891590275 -6.29002362021704,-1.3160279136054758 -43.34530484156571 31.103804868984774,28.41241059439737 -110.82853023225067 -40.23149095954874
-17.63615485869675 -15.898321619009838 -0.8953199572358161,-13.862059934400975 -9.390595400558443 2.2526435141998307,-11.45806775530039 0.3634455066510779 -1.009493508371687,21.26704815888629 1.7065972537425955 9.731436735252469,10.414341758040894 -3.2774264843461065 -4.506622881128647,-3.458812423879544 19.809967622295808 -35.80597684838911,29.012487874174692 106.76252178517083 38.307306604618574,11.3992477759353 7.800290417839466 -6.078167919353339,-1.4166023468872844 -43.102700226661 30.9577807365301,28.313174381936214 -111.38483810742731 -40.493347821484626
-17.546459562239814 -15.598176565055141 -0.8400054952179128,-13.885165540557649 -8.993135847081152 2.05359135634535,-11.042754291570834 0.5246484203437971 -1.1064041221154723,20.432088634775276 1.4809096272647144 9.986434734610803,10.564623856391805 -3.3287083060235987 -4.242611850820618,-3.7013745614868663 21.280159174898152 -36.26368334642025,28.920526361607795 107.11854741334204 38.47378728732467,11.489224585971897 7.729205337478117 -5.909410427127236,-2.1159562505042073 -43.95907709693796 30.311502732567853,28.215537834462857 -111.9278379126127 -40.766956078144844
-17.16543386941218 -15.815261396222141 -0.7251906855846804,-13.828593819357518 -8.960370162704594 1.7581797076217462,-10.50926693661699 0.7977410398464708 -1.3321589934749154,19.494642907644625 1.1492615197322276 10.347709679684698,10.819646353693614 -3.3571268913095222 -4.0555152590422985,-4.2542198382592264 23.67264700280772 -36.36146698680945,28.870557982802566 107.21522541069413 38.52288904108554,11.699877949250377 7.664924614816643 -5.8737940599658875,-3.0574877146058834 -45.52017979685437 29.524240622182596,28.165608205840588 -112.18581983060577 -40.91719330504368
-16.59759125824442 -16.40921905005097 -0.6763059665802402,-13.638450228512383 -9.297736912062962 1.4696623273080232,-10.187598527232435 1.06594973009292 -1.5810010997785695,19.130756904359313 0.8842279378869651 10.689254484377095,11.128114562447815 -3.3344121837683023 -3.999943037887966,-4.859533128315618 26.004280797708915 -36.03423257227635,28.87253012611965 107.14210374891854 38.49830275976855,11.997731105113537 7.64507992958435 -5.975691185502514,-3.727269528849345 -46.943363854464806 29.071059468604844,28.173416007871943 -112.10108810540406 -40.90503705576023
-16.04476030762636 -16.988481891287982 -0.8367705995007388,-13.301517244788828 -9.790557197148797 1.2694121317009586,-10.34329685065563 1.205312482448443 -1.7388595122194574,19.803123428268453 0.8450058870130686 10.938587824973581,11.445941668056287 -3.2469956450250237 -4.0391603103973415,-5.187063050343736 27.303902667315512 -35.454603731327936,28.884660547533286 107.2218839809239 38.550003218022255,12.336110149079632 7.691469958287273 -6.143710794226222,-3.717466131498788 -47.410485936339406 29.288668160062045,28.210992003881795 -111.84464579393571 -40.80045022167912
-15.730138582928282 -17.113813427330257 -1.2873336104928543,-12.861871627531569 -10.115372077694978 1.1870915760086231,-11.036153599922535 1.145836159866351 -1.7350230701310727,21.50879171409987 1.1004852310731954 11.087970987830012,11.76795791557443 -3.1034462659775692 -4.067639188042311,-4.995485662396479 27.06258195033488 -34.96201986839588,28.830179793671753 107.85509966152135 38.86118065571765,12.688665903874485 7.79911105381675 -6.2677863355791645,-2.9301800592799196 -46.60078022920559 30.192388966095812,28.228609063938837 -111.7169958299425 -40.74050887875948
-15.81400780342165 -16.51965368944375 -1.992699856368694,-12.416005680492919 -10.00174925373993 1.1995998335646623,-12.075103950167911 0.9100695553844316 -1.5689771547678668,23.750936006045826 1.5916281130202652 11.16443016314394,12.136688637218981 -2.9323315173404003 -3.9654129358101846,-4.264223942508496 25.502414366345704 -34.91096981502484,28.635222309377767 109.31255533387827 39.55261259682822,13.068742215188601 7.9389764064617765 -6.245425905940152,-1.6216605018698775 -44.90148329361581 31.46228131570982,28.18102361640186 -111.98576440386461 -40.85424037561732
-16.334896301589232 -15.241239501441783 -2.80451756208679,-12.083430901402567 -9.363647869527032 1.2565417486238972,-13.095039672623791 0.607322510377042 -1.3004301589659526,25.752014085865415 2.1544214933698487 11.187845615946877,12.61942843891148 -2.7716949202174583 -3.6574587835971863,-3.2263893536128556 23.528273324978034 -35.50915842903841,28.27032745792133 111.5744584816105 40.6100887417903,13.520566327664946 8.072216155430162 -6.017861512004568,-0.270682743968818 -43.2307982087571 32.606874510219335,28.051190402469462 -112.74022330446049 -41.19151056191211
-17.198053909646283 -13.586414408663188 -3.5213719370804384,-11.960652807008127 -8.335694581534899 1.3149863285714156,-13.719217604173874 0.38464213622658305 -1.0087862413594397,26.80452232301601 2.595604853026224 11.150282886696289,13.262867256130098 -2.6549304042743063 -3.148569202891885,-2.2782100859709153 22.367357736551195 -36.72364812919695,27.774416632327156 114.29685559737081 41.87125300895361,14.084482418266475 8.167957262154662 -5.5838534849279675,0.655582708165394 -42.55634918212926 33.21898264930682,27.860673069588433 -113.83204683894104 -41.69038239200287
-18.212415749089747 -11.972344719768769 -3.976951301773304,-12.075638550207152 -7.199006304177997 1.3619738060609086,-13.727465079973031 0.3585791423338591 -0.7434799157300884,26.587839684898633 2.7862829937880393 11.031505422281656,14.048992456711934 -2.5991246450066985 -2.516477668103787,-1.801393941650439 23.047755300724038 -38.29939954558907,27.2474899567293 116.92670996347087 43.08052626241574,14.75475242668972 8.215443075252526 -4.989973294175504,0.9165094017394793 -43.35993945213726 33.18982819851519,27.66254981368027 -114.92822450131958 -42.19796461160076
-19.157576427918983 -10.71625657586824 -4.11262475265785,-12.362822466117919 -6.237775518101679 1.4118632792572305,-13.148346764177493 0.5622647394009671 -0.49135267437412483,25.299520462591165 2.727392204151558 10.837737376567471,14.878299054364566 -2.600491984408457 -1.867558226297901,-1.981484837208296 25.947448803569888 -39.877622541809046,26.813450213082476 118.91513677215566 43.98788318324472,15.455281701800294 8.224860347157593 -4.305852370147704,0.5884914941189994 -45.334382237635744 32.77037604499521,27.52055213684711 -115.6489764701491 -42.53416983589539
-19.852322122129674 -9.890155514682174 -3.9983589453243096,-12.672929002018947 -5.602138312578768 1.4818302594285908,-12.23345066723098 0.934528604806438 -0.17917056345806714,23.544950815330566 2.55251127864457 10.6316566832815,15.594127832206429 -2.638183205091293 -1.279197995311315,-2.71208261942694 30.61697418075928 -41.151632586382945,26.569763631988053 119.92990855693556 44.445628907638074,16.051272550527386 8.217611534101003 -3.5971818248885654,-0.004530328705593334 -47.48004266086845 32.44934866693769,27.48376464963484 -115.726595285474 -42.5685733089033
-20.199417712746037 -9.312413120184834 -3.7923003779704247,-12.818781958122392 -5.247189687934363 1.5628628727842755,-11.3321465295045 1.3557700928888965 0.2878545454769348,22.04961430812031 2.4631802515043097 10.524223913154842,16.04085447220775 -2.6841509285632763 -0.7603659956762319,-3.635996432752393 35.95341451573597 -41.982191271002165,26.547980604099987 119.96833575422646 44.458121962897536,16.39635238896392 8.212423751417116 -2.9073343962935625,-0.4721702786330597 -48.56012975466735 32.71223792855059,27.567303209867625 -115.11600145824632 -42.276189527064645
-20.194674165232467 -8.674854353355288 -3.6605924448443963,-12.642794709390106 -4.9760349453010395 1.6070494928297774,-10.733487835527429 1.710826335764834 0.968877744965425,21.34104423371077 2.6256175569458415 10.62263695760497,16.12966056568651 -2.714511681534102 -0.2525601424549231,-4.307895535491056 40.641194879610126 -42.42025251441829,26.704292762935122 119.32064260548216 44.16252119331554,16.39476839816734 8.215461146074993 -2.2525039234372586,-0.5491183793530863 -47.68633582097685 33.80458573550594,27.74614588216168 -114.01347271963711 -41.74916249721548
-19.904554914085 -7.732499069984517 -3.6986690245231966,-12.080759577817354 -4.559387749249153 1.5426388788532612,-10.553599338647802 1.9452689883477694 1.8392327519233018,21.552295484122677 3.0785957312032832 10.959275342398863,15.879283819393347 -2.7177881088332354 0.32834397793988057,-4.402009480090295 43.655935906706745 -42.637074409708944,26.944492565627932 118.40746547839012 43.752540204521075,16.047862286664373 8.21967607914716 -1.628776967439688,-0.19993599665929662 -44.73992330620203 35.61620165464166,27.96370187776326 -112.7814911532367 -41.161553720982816
-19.428097284370875 -6.452094454141711 -3.8932019549404453,-11.195434401217742 -3.8651779890916895 1.311623712466021,-10.717626939957182 2.085726023119978 2.776137024932551,22.427142928027944 3.699089406037473 11.44459537277449,15.409734321403885 -2.6972893470496806 1.0314938505725493,-3.864410386153211 44.6090520797916 -42.81013250895736,27.170480590465516 117.57586226633639 43.38470972187524,15.459652999067101 8.212831715353653 -1.025519941436562,0.40518573477296993 -40.42170672527369 37.73687941540668,28.151302745771478 -111.81504774897293 -40.703811589339075
-18.861445365358822 -5.040522693089628 -4.1415558919353455,-10.163820549732922 -2.9293591744743317 0.9101734696887809,-11.03292655525414 2.214568010543221 3.5883167385770074,23.500588838116116 4.245745766037423 11.879732090177232,14.889782773540556 -2.6676039324747562 1.8252523341489237,-2.9355032818655005 43.79856109146383 -43.03154272663587,27.324787198052253 116.95559070396402 43.1138869921177,14.795903650852594 8.188399836468157 -0.4389053945585326,1.0137674846947986 -35.91802302006072 39.64581614530492,28.251455666158538 -111.40324133467861 -40.51403049579432
-18.27743443118428 -3.8405588273372464 -4.315220153064984,-9.220307861775293 -1.9338035491529189 0.40860814930256284,-11.303963716589706 2.413881889687235 4.079472660871753,24.344049729304363 4.462757779117112 12.033971308601295,14.462555660522698 -2.6474399015132164 2.5931898387040064,-2.031974656546844 41.9773484876853 -43.285281327511804,27.411013874510445 116.44324932281191 42.88831794477653,14.214728058940889 8.151946743789303 0.1186468567651584,1.434549992984394 -32.36394319646433 40.93353590608058,28.23705993801273 -111.63557744270622 -40.631729513243634
-17.72285019995417 -3.1530176070776266 -4.331472826025291,-8.576411221217015 -1.1089697653193094 -0.06286971768299554,-11.423715248974025 2.709885306212617 4.119657643515903,24.744975633117715 4.196766072072288 11.754596841121991,14.185414034019436 -2.651987164149025 3.177294073132489,-1.5465179939688163 39.97815589310876 -43.49441996157529,27.48086003565577 115.81460242418255 42.60326094192645,13.802095722345847 8.118576323310995 0.6147781730273789,1.621453764146683 -30.37744643642899 41.44807474404488,28.12048418710576 -112.38110976185698 -40.9890072634565
-17.227583767698743 -3.082762072173296 -4.194980495914133,-8.348313195662989 -0.6191357891224258 -0.3588680764417802,-11.39740104894727 3.0482919219636093 3.6945897241870913,24.74088753580805 3.4720653640526375 11.053673463695336,14.013812669705809 -2.6874988787199454 3.4483406214943364,-1.6631870683934464 38.38243378215414 -43.59764644646441,27.59574962125061 114.90010069751689 42.18232011743295,13.54402884708121 8.102724778513027 0.9992442976422934,1.661884459701159 -29.88456456156812 41.30605690298441,27.949611137583254 -113.34147034416397 -41.43923578993095
-16.816412975038222 -3.491459579384354 -3.988847283402534,-8.520738221102453 -0.494650265542804 -0.3740623528924163,-11.297655063171625 3.3142673469831148 2.9125990481286803,24.51545352424078 2.488635453374773 10.122756636757613,13.836899686313846 -2.7494487882604073 3.367697023825044,-2.2765748800606485 37.37119237323917 -43.60032914104566,27.783952524389086 113.72846663425214 41.64241158663616,13.34911386140513 8.106655824302269 1.2112102183357798,1.6925608729280812 -30.291038797154112 40.783863345297775,27.791840181251306 -114.15584971395755 -41.81079663373542
-16.515847952192892 -4.081136938612875 -3.8226007450792943,-8.960563815633837 -0.6460418195510154 -0.08338896224189063,-11.189757642110303 3.386791305949143 1.9676312522862174,24.23879864481588 1.5440318223331826 9.260919556346913,13.546313044490063 -2.8242099740903495 3.0078000231478565,-3.0499669304878805 36.78535166339649 -43.56650776043942,28.0159480809848 112.56241509659208 41.10793257695259,13.109307150452466 8.11529055242708 1.1911600119475647,1.8053336385661374 -30.874045222363257 40.162589317553355,27.7107997579011 -114.52263360680634 -41.96648853529218
-16.353074770863767 -4.56171935074672 -3.767425100968476,-9.472596727031148 -0.9463519391258596 0.4509645932301196,-11.078979431708175 3.199211611847994 1.0755360485701417,23.955804139783883 0.9159219205656857 8.746392105095527,13.102564742633966 -2.8932812585837033 2.5191717701295713,-3.5790123773656313 36.315659142996914 -43.56009185185658,28.210937799659426 111.80752446954781 40.766510418669554,12.767220883462148 8.10160188570122 0.8960493347331,2.003263708878855 -31.16607324612772 39.61312037034996,27.743248901400875 -114.29987447239988 -41.84914351202406
-16.348489151141315 -4.810880841301597 -3.8145907337669986,-9.872594080713522 -1.3284435038436868 1.1074526778037377,-10.913326401866302 2.774876517222701 0.4109192991349826,23.58660120374907 0.7594194530196691 8.713240894040924,12.56454314420045 -2.938770092429071 2.0595783801451737,-3.5782518139916792 35.69477824851515 -43.579297505249905,28.271299121316925 111.83954755192153 40.7883845915848,12.35460036073385 8.040560632206176 0.31470590806563037,2.2280938542215285 -31.13124608698811 39.17217662065869,27.884305276901962 -113.55397850865091 -41.49958589885914
-16.505702782306393 -4.939205044764164 -3.879111513609572,-10.046801474051438 -1.8357244536453816 1.7531491229959446,-10.636924354753729 2.220037869606049 0.06877985403265968,23.029315709567644 1.0641030993313028 9.09425449520216,12.066556591255628 -2.9488749114770307 1.7211240478273437,-3.001774331757156 34.794333545414496 -43.53500890888846,28.127831695547535 112.834356537755 41.24889586073736,11.98155349564388 7.9241495869200005 -0.5211839137373234,2.4308039050825343 -31.067937124193563 38.80117156052205,28.086961934224053 -112.54111776600654 -41.04223316518779
-16.803101887071783 -5.224654794768268 -3.845429655830034,-9.975465295663042 -2.5923466069345498 2.2890481178270643,-10.255629845925757 1.6782582020785095 0.06120979081702052,22.29096245269122 1.6849699643103428 9.658638812326616,11.754284886207342 -2.9221892988563143 1.4927686224886856,-2.0469922546806583 33.609151953679 -43.29647340626275,27.773830959643863 114.68024855169251 42.09062381475527,11.781651491148747 7.768571059611907 -1.535455826878998,2.628906640564544 -31.329732456613847 38.47293199055282,28.277001849638967 -111.62625695472876 -40.6438719717344
-17.19011294895635 -5.950024038367164 -3.629401812012856,-9.715685405418856 -3.7068039376538064 2.673942944091527,-9.86752818090347 1.2695945188511866 0.3421403915501095,21.555057198618385 2.4254948006372135 10.125047001049808,11.712103111675424 -2.8696910674433664 1.2776975663770889,-1.050300839882127 32.1853592215371 -42.78298143577222,27.272242655040575 117.00958384626551 43.14115463236279,11.84101984693492 7.608522835661452 -2.6180891640893416,2.9047797115794483 -32.05013580090235 38.222556219812375,28.378378843962288 -111.16559142718059 -40.459763266524604
-17.590314036380423 -7.228450154098574 -3.2230403221316877,-9.357698907152306 -5.163800547501034 2.9209299462658516,-9.631939691619781 1.0442315056661213 0.8413472161531981,21.132707566659 3.1277090652247166 10.29237541832936,11.918668781651073 -2.8134770379761 0.9564330379227675,-0.3336592652681014 30.57250891928306 -42.04593432070516,26.733592464319102 119.32967861096802 44.17573669171458,12.148038188120845 7.480427321931204 -3.6467797841202727,3.3411344602097834 -33.03706470000398 38.12972902604044,28.3394317633991 -111.39262995272578 -40.585561223397384
-17.912542996975258 -8.908632259930558 -2.6989208620399694,-8.979144608338835 -6.769870766795243 3.074504981346534,-9.688694291917074 0.9714091352400596 1.4882994773996507,21.31437483677165 3.7249490818281497 10.122972716035763,12.253281315399711 -2.7819353495013193 0.46252617212454455,-0.07754561786261349 28.842717319740842 -41.28450584656403,26.275876507558213 121.19062234870013 44.99484474207814,12.589914888586446 7.402925458414107 -4.513602335282118,3.9353969133348845 -33.889658767780304 38.24888780724245,28.149395114085298 -112.34904807793252 -41.03161580544952
-18.069536738129706 -10.610588669817094 -2.1734686894634017,-8.619382994940954 -8.191927008450577 3.183752494241403,-10.071897188180278 0.9658618140443574 2.2164345306835203,22.20108358392201 4.236124678804321 9.739387071702433,12.549901072060019 -2.802165480275666 -0.1691683367558029,-0.2734337567882337 27.152444099186773 -40.77299659821563,25.984579568727394 122.31902140614247 45.48353435384787,12.998661432349149 7.365115617266049 -5.148193802925149,4.5543267317069995 -34.2532128907294 38.53953280263141,27.838543040987165 -113.88570258977118 -41.72796842904966
-18.000900032749144 -11.876677574691861 -1.7499732650992015,-8.282605768623101 -9.078613308505455 3.2851013690451003,-10.669664592882578 0.935675674579738 2.9528115783173434,23.611309370042648 4.712931222430704 9.341927538149402,12.672063250291606 -2.891714580394163 -0.8076001632220686,-0.7635486139258861 25.775036613523426 -40.72989818689368,25.888826958013617 122.6714208103972 45.63200723859596,13.224177982508536 7.329510212382501 -5.529668424893874,4.969709904299062 -34.04863073242481 38.84998233460951,27.462578461933514 -115.7311639058981 -42.55632431355983
-17.693982547764428 -12.365601649304955 -1.4716331919506582,-7.961871637370404 -9.20879311766846 3.399134237743762,-11.258484268690838 0.826690870658058 3.6083419600198385,25.123152186235846 5.175859702841818 9.095075480026184,12.572161550657212 -3.0524530132389245 -1.282427658358614,-1.3332197722484964 25.040623399850336 -41.197140865648294,25.960607820372942 122.40245297862432 45.51674037330278,13.198934273299411 7.24919965200456 -5.683700575655147,4.966594060210941 -33.53407835294768 38.974287626454704,27.079173075365194 -117.59638265534798 -43.394344228961806
-17.194389466685966 -11.997680292024302 -1.3078501813947987,-7.665388737045122 -8.594512206279688 3.5363296225842813,-11.600462612297086 0.6429038926168958 4.083837304118158,26.240919830250647 5.578556942104729 9.044429216384259,12.307241094421567 -3.2690796555340733 -1.4645021040257156,-1.8031375238545517 25.182464956039095 -41.99897168186305,26.13338998337893 121.77796524212596 45.25797743209237,12.963529442810792 7.091199071110351 -5.667071231268079,4.4672024957528285 -33.16154512780497 38.75516857724707,26.728093191412874 -119.26869745457594 -44.15291671795724
-16.599398190529175 -10.9859306064156 -1.1781610254114543,-7.426934606609177 -7.4866738059506925 3.7023790631985705,-11.556375517287504 0.43629931838626884 4.296740978209187,26.609307780414408 5.821895303986933 9.105881355311862,12.005572469675139 -3.513212838748555 -1.3298205968716705,-2.0808826144206334 26.16533067084187 -42.81045383336857,26.329547017748144 121.07687485142623 44.974978556274685,12.642306343381842 6.8544545220270905 -5.546735544195476,3.597019212941589 -33.314827701782754 38.174678806544954,26.424019267100793 -120.65527065078581 -44.79141054889518
-16.0331469356504 -9.744081645583393 -0.9984241084800899,-7.293444739971966 -6.279341885691348 3.896871608287346,-11.156946505751803 0.27509384533385306 4.218487697302981,26.172108566412444 5.809624001695296 9.12712318682016,11.802302555788486 -3.7518225687828277 -0.9755714063751595,-2.1616694788938338 27.608413339428147 -43.30639085774621,26.48526449779159 120.51601005640354 44.75480604483075,12.382680108618699 6.5734284402054595 -5.381896625217842,2.647066489992463 -34.08466284946209 37.37795309582084,26.163968946694425 -121.76311046820148 -45.307637568225175
-15.610340543374965 -8.719850097288553 -0.7237472494136807,-7.29778991817817 -5.357810977481046 4.106733156279253,-10.595021821198582 0.20849655520680566 3.9018165428407823,25.198898360401696 5.513090435483385 8.981897326671417,11.776371575405955 -3.9568933069354797 -0.5812665560133605,-2.096969599788104 28.880691996750276 -43.31562973874507,26.56577129410725 120.21101990609311 44.63933493228385,12.288519010614277 6.305312375298512 -5.215093632190266,1.944051005826018 -35.21250408190957 36.61188072684866,25.942970022457196 -122.6366136956189 -45.71258392456451
-15.401636256433395 -8.231617301430395 -0.36678443518217996,-7.434756565504502 -4.960830770190751 4.302085332981743,-10.141237959583949 0.24501636002424967 3.4779786392497565,24.167435037579963 5.006520993561488 8.641497458810846,11.918315894855077 -4.112636231433979 -0.33497216685611786,-1.9602636100493913 29.352905856356593 -42.89979149398206,26.56937189381063 120.16863965752437 44.626182048627875,12.378909068317636 6.106976268157852 -5.073319569572162,1.69475027520072 -36.23380540372775 36.10843349264378,25.76698077322161 -123.2956190590084 -46.00767064731483
-15.414965380023595 -8.376878917565215 0.014994118287612213,-7.657263200163392 -5.116540540058308 4.442411216567155,-10.023878935806131 0.3520696215044742 3.11662996032027,23.557773120535845 4.449829432352338 8.183846497923552,12.141805218274303 -4.217675205144044 -0.36040525289864167,-1.8286572437115602 28.690201161128165 -42.31412212313607,26.522557251982867 120.30015736239191 44.67688900088229,12.589369613251357 6.012563056825207 -4.975272345429669,1.8898591232674036 -36.735677828405855 35.973726699712984,25.653913669288148 -123.71419517613901 -46.17974040693547
-15.601200636508034 -9.040098026959345 0.35266100572225706,-7.89821186392826 -5.672077418338583 4.494494846693506,-10.330039263316772 0.4731462179133205 2.9604049956003697,23.652453016945262 4.024306083522803 7.73811408624871,12.329992134008021 -4.2819392601765855 -0.6777157944992813,-1.7783621660728384 27.026144722561956 -41.87080663775739,26.469301203317492 120.45100842238924 44.729111414409175,12.81110744864728 6.0218058701830355 -4.938438833590466,2.3225559287854063 -36.58036530911532 36.1408085812727,25.621233934518955 -123.85328058088803 -46.21708829881905
-15.881829162448138 -9.979129620072285 0.6000251733518849,-8.107646965860114 -6.390534469373797 4.454550808108465,-10.972431389680393 0.5513460634589326 3.061763681690422,24.428961875047975 3.8523979859645947 7.400326706990022,12.392014678791416 -4.3203727126616105 -1.2117802264957156,-1.8776247673259392 24.906560975277767 -41.777311504166065,26.456752032655572 120.44737948477936 44.71384818386274,12.946293387475688 6.103366672396255 -4.980826831751888,2.713710178895915 -35.97016846805261 36.4090040237264,25.667721720257628 -123.7238889764952 -46.135241608252315
-16.185729454846403 -10.937850067794503 0.7511635759105022,-8.284269195822745 -7.060254049149833 4.361396752649503,-11.732451897056716 0.547811225038607 3.352803102105458,25.583711606019847 3.9422064062253903 7.171461810380848,12.30245972073132 -4.346807019455044 -1.8376776657572993,-2.163436000081441 23.012069082601965 -42.03515667213648,26.519121323464226 120.15826915408384 44.57891253490575,12.951922064860709 6.210034219345788 -5.115937332578371,2.874615981305988 -35.32406719294046 36.54605924321004,25.76208878566136 -123.43376957257689 -45.99269610492989
-16.477413098527155 -11.731261366378885 0.8352041665200629,-8.481452404954076 -7.563710158326464 4.289765678599964,-12.354056749058916 0.4491520520922727 3.6663773350803206,26.666839345642806 4.185327761253116 6.955414725043724,12.107280828365852 -4.370793436628545 -2.436564284649993,-2.6061769924706875 21.796484653352962 -42.450889476475886,26.662866346826924 119.55938311795515 44.31470557458043,12.853109488275315 6.297447162506504 -5.343840001581167,2.814980876910282 -35.04390693139817 36.39780351533801,25.848650148653398 -123.17525032915819 -45.88043068312391
-16.763202301295134 -12.274333407153646 0.8953916384335762,-8.780879673776418 -7.882319602389177 4.322539454503552,-12.642848151219654 0.2650798440556559 3.8040158860496707,27.263210578683395 4.409704879920558 6.618603481890742,11.897055934296338 -4.398195469965893 -2.9342400147477825,-3.085618624615931 21.238712067858987 -42.74977449286724,26.858363389092368 118.77202997506808 43.971594075910446,12.723264517888715 6.337610972873607 -5.643709846989918,2.733247425754309 -35.30592506516809 35.95031350033651,25.87086291739978 -123.14541989764261 -45.883924871328716
-17.073192051126615 -12.560234474226359 0.9667131957685972,-9.245046895191994 -8.05115088131474 4.512697537464045,-12.528732330196211 0.021719185095762317 3.6234933907760585,27.144562922648994 4.461488978365507 6.076576615408089,11.76343229449376 -4.434017460782308 -3.3082172379782326,-3.4064320083416986 20.856508603249054 -42.72789460786782,27.043759231194556 118.04849846570364 43.65595493305668,12.644447340409329 6.3225765485707655 -5.972721339438262,2.8927140986726076 -35.99053308603288 35.31944286763986,25.80221848561001 -123.43405051591384 -46.03468889417202
-17.429776031028 -12.61778894153479 1.0643485295389825,-9.87312857072562 -8.102249733061544 4.853132743354864,-12.073316611245813 -0.24437833558925146 3.1077508306803723,26.339869358478037 4.275886932836147 5.356724333626464,11.760244180849195 -4.4846323597512106 -3.568225333521573,-3.364416009092034 19.991188983774983 -42.360007271057896,27.143526908742526 117.69270791058568 43.49836415085266,12.668755446528056 6.259524208211134 -6.273208246557838,3.4530185938080145 -36.77712604242949 34.683150429859104,25.66738414098872 -123.9433061427376 -46.279004606547005
-17.821030628168266 -12.480636981408614 1.1863334375862327,-10.585202363506255 -8.034723448107446 5.27046864101494,-11.43054009557208 -0.49022075694065226 2.383298314728876,25.110064041755415 3.9034774287526384 4.599269991028601,11.885648055588454 -4.557050553649522 -3.7286738853518218,-2.843523066936849 18.217105731643855 -41.80777750220606,27.097687023189998 117.93659256130533 43.60109287461031,12.798179211883745 6.162673925550446 -6.486158729002005,4.354269960368991 -37.334984060171905 34.19961472468314,25.539216493989727 -124.3964231592862 -46.486931249335754
-18.194957109144767 -12.18379404103537 1.3243364070444623,-11.246452346987438 -7.826748260057867 5.64807963567692,-10.786408576368988 -0.6706806780472063 1.6778926487468786,23.84937280628276 3.48156396683597 3.9935583095448193,12.089728708563 -4.654908296585071 -3.7925919069620986,-1.8971898195513444 15.647487419864861 -41.3294175414717,26.890722830540188 118.82254675153337 43.986019576953915,12.9892310307714 6.047727198998893 -6.566359555479689,5.323633092504519 -37.49269917643123 33.954330528762526,25.508879186523945 -124.44955955975283 -46.505211886633
-18.479292049577506 -11.780016583977853 1.4723491153886759,-11.722263358718655 -7.474913204420474 5.86923441846268,-10.304536528876323 -0.7460725229824836 1.2343055106644312,22.955108508363665 3.167409355775199 3.683385091709494,12.300115077745414 -4.773289311417024 -3.7557188573844438,-0.7642311672348947 12.951584571474255 -41.14499274528871,26.566276612952723 120.15121828748852 44.5693771952789,13.176349095099644 5.931227464562284 -6.494005292362367,6.00601887188926 -37.292753613739514 33.955160432846014,25.641105324781865 -123.86291518479213 -46.233004441790136
-18.617182547632403 -11.35372751789133 1.6264836482744123,-11.938023819367436 -7.028313959973673 5.861268307661334,-10.092268444380926 -0.6931547722182922 1.2167081805989732,22.708631099840016 3.0676349348064225 3.692940180336689,12.4518307021509 -4.895865090333981 -3.6243799662997374,0.20377918347833146 11.050479334895275 -41.332242284605066,26.217755098414298 121.5318306151256 45.18115592984209,13.300738987783385 5.832771121376113 -6.279268381289658,6.149827433339363 -36.91567911328812 34.16292622707058,25.936517758807447 -122.64644269460462 -45.6831327828826
-18.599393977786278 -11.012634856798055 1.7770812023652611,-11.913457696969834 -6.588976751181526 5.621298309744477,-10.187695611223187 -0.5156218414570561 1.6493150059169261,23.198700236101484 3.197368655471081 3.9139019221252003,12.508742234111287 -4.997209892872629 -3.431166355878126,0.6814283256217817 10.639924256402226 -41.80572977805719,25.95532569508758 122.5257550832864 45.62678456317141,13.331554905495388 5.775459950984985 -5.9590854838318075,5.745638543594444 -36.53897554722906 34.52669743964286,26.321741560627835 -121.09779656897129 -44.99424556260666
-18.474482033802108 -10.85385657901449 1.9012014345178643,-11.753167182136108 -6.273035306605729 5.2133098797070705,-10.56026593461874 -0.24797881046650525 2.4120987644599063,24.303220184171725 3.4853700288744447 4.160681822236674,12.470373196037839 -5.050668166208517 -3.234055042319832,0.5127840370765406 11.796548427762813 -42.38206699227467,25.86182428619532 122.82537122196973 45.766524499591924,13.272473234275482 5.781083763952413 -5.587878750567101,5.03968354020924 -36.22969437622161 34.99775230296797,26.67538405984234 -119.69906571493141 -44.381552861083186
-18.329569201288898 -10.920900020095232 1.9644183896533849,-11.59705883001898 -6.153803230406762 4.7402863433986475,-11.119526252397439 0.05153561549789032 3.2928056024056143,25.73130338897558 3.8173266408652418 4.263666498294052,12.365223318919051 -5.0390497093277 -3.0960541636367727,-0.2130175984697315 13.893029847061765 -42.88582080848253,25.95737198850352 122.38588907573083 45.57596942889738,13.154482168939785 5.860587354074707 -5.2252077445085146,4.412075611191268 -35.93779137864992 35.51868124186268,26.879783714982505 -118.91138357387814 -44.04524490749593
-18.250235949284242 -11.177441747039914 1.9348794219805834,-11.55505855410426 -6.22157793968625 4.305991577824914,-11.732931093714509 0.3181785675952473 4.070281231300912,27.114788307070718 4.091593305652684 4.150213914637002,12.236386767007412 -4.963377171018829 -3.0562114642265863,-1.1976255970309704 15.88811044376975 -43.2320644454305,26.190313948052186 121.44385618833068 45.15700777590587,13.020973716304978 6.004741423170963 -4.923377588408753,4.184188540366237 -35.58354064750448 36.007136032220835,26.874229409227496 -118.9643270975672 -44.079701966143276
-18.279941894741988 -11.517119300181498 1.8035427941965243,-11.658938545638302 -6.386914491916636 3.983603006305955,-12.256599470503282 0.5016987742610579 4.592368955174365,28.125530685828952 4.2585542285860845 3.8709997720659457,12.125952593166499 -4.845137801099484 -3.1099286518056415,-2.0695765866676057 16.852000459890746 -43.44154581509909,26.460474322678447 120.4078989114388 44.69118253861964,12.91220439745943 6.181583073550955 -4.717368067655153,4.458569730377249 -35.166222917516755 36.360270197098885,26.683089647588886 -119.74692202433862 -44.42935775365448
-18.40056668805471 -11.809124151514194 1.5983632904155676,-11.855433302651738 -6.528804087684004 3.802114965955234,-12.577713081372758 0.5821022519623507 4.817101834459596,28.58357342452093 4.3268542407011354 3.560240593354272,12.062650686401122 -4.720080326233006 -3.21214774396141,-2.5563417631955634 16.450005511403205 -43.58916090895555,26.664952587121242 119.67020306865194 44.35586978128451,12.853893564308894 6.344643840237579 -4.618726242194027,5.076520780585934 -34.80687371709345 36.490586006500564,26.403893839086766 -120.86024736333918 -44.915527806519684
-18.545039924335747 -11.958587857397593 1.3813479486597946,-12.043376100465922 -6.561820968339157 3.7507251597479803,-12.656436251513448 0.5733340507159705 4.804950695601341,28.517554615051978 4.339268537163286 3.354781838279478,12.054764794186392 -4.625389651162376 -3.3034270110671136,-2.6060483274097512 15.117520986419766 -43.727725276689846,26.744845932720597 119.42877887314695 44.24332664583839,12.851637965700174 6.4503252219023155 -4.614513671414127,5.713376909292101 -34.68496841835986 36.37689674128936,26.16036713055526 -121.81018135344618 -45.32283854892691
-18.636037670080047 -11.950807715664801 1.225856604687501,-12.134513321326331 -6.483488738863947 3.7927851550414022,-12.547143065434843 0.5138805722332628 4.67264719960212,28.14911034633585 4.336876816457062 3.3187625558440326,12.089000971248957 -4.585230715060934 -3.3443557685280974,-2.3956833591364943 13.818759839730962 -43.84184106063689,26.709959313477224 119.60763026994393 44.322507858312214,12.890957630321097 6.47714267648448 -4.671776435213485,6.056246847818202 -34.906669308491644 36.09483715086892,26.043449656477264 -122.24522667940282 -45.502648032730775
-18.6304697369043 -11.85531831210573 1.1827108978624026,-12.105167549818056 -6.373045146071375 3.878964577875757,-12.381704382000029 0.44960801114572385 4.534618989157473,27.79900753198386 4.334181597406866 3.415880082126915,12.135654765703594 -4.600603941945819 -3.337297209357717,-2.2204512006633887 13.507355864736367 -43.863937369541645,26.62908327993381 119.9141426401943 44.46276265987361,12.942465997613182 6.437341996399049 -4.746935376344851,5.965640040136725 -35.39834382964289 35.7956102723031,26.069788049670997 -122.11880631394492 -45.44110721954163
-18.545832107238915 -11.78618357769525 1.2511102764615314,-12.010760171415768 -6.340242566313492 3.9541532359457965,-12.313526116100784 0.41739240826477786 4.45970689834175,27.746413972588513 4.31865938361763 3.5433754003640185,12.159803174306461 -4.647701634837153 -3.320643381736801,-2.321708553952271 14.576619973917285 -43.74132315536839,26.590771710658657 120.00383137092143 44.507279836102676,12.971685288008189 6.374253035485507 -4.79794686860945,5.534681463924025 -35.91320598210996 35.63046474405687,26.178358429035903 -121.69340237430285 -45.2573043662927
-18.45370853047002 -11.837705978054846 1.369468001721978,-11.954962372575153 -6.452128004861294 3.9601250923369964,-12.442827889816908 0.4365997631986125 4.4592216765096095,28.098555689140873 4.272059741623754 3.606684678532634,12.136358939211979 -4.68533589631578 -3.3366456095504877,-2.744747249872781 16.60465114406544 -43.506970566435115,26.65480144319406 119.6677227377771 44.35857782649913,12.952042696424979 6.345512330102152 -4.795622478879656,5.019512278977594 -36.16980603761246 35.65582740229012,26.266188199111326 -121.38654677154673 -45.133429893971275
-18.443057090851212 -12.027796589307544 1.432183035523571,-12.029552758737957 -6.679819001934297 3.8405305681434805,-12.758561941506466 0.5103908145757463 4.504623646989054,28.730556410545404 4.197204727396961 3.5908310823343115,12.064100988862037 -4.66826100717988 -3.390444288716884,-3.303451903189765 18.54953403247911 -43.300983076435394,26.81949041045073 118.9460500155222 44.03199731309359,12.877442835218968 6.399479578204503 -4.730048608726493,4.687237099148405 -36.049414565946954 35.776000618459335,26.24394479920545 -121.54202078198256 -45.214723314614425
-18.57217552314752 -12.277697766562756 1.3258425447917594,-12.257049303179581 -6.897580734981844 3.553076395386579,-13.129671119579697 0.6333407934791453 4.558678538533385,29.32871727383854 4.130755918339185 3.5864133059400767,11.972112549350083 -4.56107673085376 -3.425253085527281,-3.672979659124209 19.309103387394686 -43.31877533601224,27.02189670292513 118.1102186693733 43.6496588518365,12.768974678831654 6.555884774362341 -4.609320915169478,4.671956599441998 -35.724285673606175 35.76953136203788,26.082220534043298 -122.24831971813285 -45.53261048518524
-18.83462464694377 -12.438672647494187 0.9691289400037004,-12.567309284178243 -6.938031602064374 3.0869587709413446,-13.356643421334768 0.7991947161643105 4.599798871285942,29.524279936405364 4.130966565420603 3.7530495763564873,11.913473168614564 -4.347742994316889 -3.3317639914139554,-3.5633249425700138 18.35697577456607 -43.708620152135786,27.17072132129222 117.52338907294342 43.37823649892819,12.670854014775847 6.7998244376974135 -4.45069647381043,4.920580182843847 -35.611294232410714 35.40310334390032,25.824973460895897 -123.2989177701916 -45.99111472975383
-19.157367763641364 -12.353219016366175 0.3395957513603002,-12.821896247590791 -6.675877226644197 2.4766217235689645,-13.263545204595632 1.0040025219866486 4.626459190138746,29.06051575669224 4.244673137177199 4.237345164970572,11.946096110258631 -4.034166071596505 -2.9917978983623987,-2.8824831736237693 16.113238754548235 -44.47663052878309,27.19453272461176 117.45275838111039 43.34301232146811,12.634631594567498 7.091547555315213 -4.267676553782471,5.254554111910381 -36.140754136149674 34.584399885047766,25.56466593795623 -124.309929835045 -46.42143657959251
-19.432624934099827 -11.922041156365971 -0.5223058821034612,-12.875173378867444 -6.095854944361834 1.8011292763836613,-12.78751271181243 1.2440434259997866 4.642123597979718,27.917033742899214 4.470945083997959 5.087293955816854,12.107376384276488 -3.6444530733576554 -2.3367035411221604,-1.8019719481760035 13.837189348335077 -45.45863206310189,27.079882258611896 117.9308823940178 43.56275092601731,12.69676149361756 7.3865179376771515 -4.058816747867853,5.504398541770593 -37.447049205090636 33.47313917107405,25.394262179388598 -124.924047872548 -46.67195435788267
-19.56735929070004 -11.14617084116584 -1.5303636908921272,-12.641815773701714 -5.308057721924531 1.1641433102672298,-12.020883759649543 1.511859403167577 4.633131854256892,26.33326069598064 4.742469168253295 6.20753875481568,12.394151063697961 -3.2136916806574423 -1.3909799037272206,-0.6880347083227131 13.075605284813493 -46.383061700905806,26.879298739961293 118.73681990532836 43.938749674327,12.859592364572524 7.655231274777522 -3.8038698772452495,5.631469695574458 -39.1561062786472 32.479258204284676,25.363112898591787 -124.98361680827094 -46.68187802061927
-19.525250212309498 -10.126376424967832 -2.580349928651418,-12.136827730107193 -4.501484697536004 0.6600501591714631,-11.183336853000112 1.7947454929033857 4.555954725624776,24.720702238945105 4.937795868244923 7.379442980613935,12.758986467780142 -2.7805473894475243 -0.2771401924292227,0.06779369637763244 14.93379307052337 -46.99669738504621,26.685125394686793 119.5050940981904 44.303092477069626,13.086278887238993 7.892851826527531 -3.469958287814348,5.760122641668721 -40.417288733683314 32.128591545930284,25.46044071802265 -124.576461926546 -46.49726505000433
-19.340197427340964 -9.02230237499624 -3.575546962314781,-11.468064760891682 -3.8593221995568525 0.34094966668400595,-10.53656415874768 2.0776555991977195 4.344419489590753,23.506965469822145 4.922227232364788 8.33786821934628,13.127137739736266 -2.381713233981171 0.8234408813488194,0.2323973183805259 19.53368501238908 -47.186493641484624,26.583112463748364 119.9049142912199 44.5007428483559,13.31463762340578 8.114533806221866 -3.0259865489853155,6.097946431078061 -40.20942456340569 32.84490324705502,25.633676940535775 -123.93401336605358 -46.22234956390017
-19.09545582100354 -7.991514732520338 -4.441882178830488,-10.785397852896988 -3.4792591201981624 0.2009345770934341,-10.28316186047588 2.3485557682263742 3.935599362118823,22.985659509945908 4.600449233485789 8.86969761358726,13.428350153068163 -2.0483360955954444 1.7367771540180925,-0.16434456507061967 25.931229403682508 -47.02974436629553,26.61001731807441 119.7980272646133 44.46355010122708,13.485590118163213 8.340103955705416 -2.4594992706443572,6.789885351610192 -37.80148913608778 34.746469979357585,25.828686231885907 -123.24906171999841 -45.93768471380258
-18.880290732727616 -7.135781600430322 -5.1323049640892275,-10.212466380357487 -3.338557350225021 0.18633637807711168,-10.498294039870345 2.6017814758450784 3.301876394136779,23.238639119082478 3.957560945820549 8.890566763411705,13.629149749767016 -1.8032582974394542 2.3588734806303,-0.8555240859269708 32.53233204065296 -46.743305216883236,26.73680465280591 119.29775370943042 44.23974888305896,13.573275930043618 8.577348347921657 -1.7886290222654186,7.79385506075614 -33.149905814224084 37.557185904643895,26.026474784188032 -122.52917075915585 -45.637060883699306
-18.747144400635733 -6.476223632654936 -5.625763607072971,-9.795247284915218 -3.3191003558777683 0.22708193088155415,-11.123268524922036 2.835949720009137 2.4723797877731757,24.155187529985554 3.0700644962583814 8.46882368070072,13.749348973200027 -1.6580073165733327 2.685872727723072,-1.4768904385281316 37.795330424328 -46.55930308338417,26.885077160198403 118.70505835362448 43.96648879860262,13.601191588674109 8.813498021720516 -1.0635283648242777,8.856171355675947 -27.025567581981697 40.682276721558026,26.253463541446898 -121.58192954161082 -45.22501366315826
-18.691071946233105 -5.964330299670651 -5.926473089860024,-9.492385273433616 -3.2760377139300645 0.27255736238340367,-12.015465253711305 3.047008293571494 1.5318003186886524,25.520316441279135 2.0819715314898155 7.791483299466599,13.853000898924325 -1.6097445353661344 2.799573234523988,-1.7454728268476705 40.869719599328796 -46.59687215941893,26.96685336546455 118.36048543929253 43.80213349819074,13.634166076420568 9.019575028051758 -0.3560194578336362,9.609526613908821 -20.78580114210444 43.4208613789569,26.55849198946158 -120.14952395086895 -44.580874905625755
-18.660694644066677 -5.519764140545659 -6.0646983000822425,-9.21047412858705 -3.112168979398754 0.312506214235889,-13.019076735484257 3.221334313507999 0.5957801051074484,27.11104639407994 1.1566171745743272 7.092207985476596,14.016307450415553 -1.6398506253217353 2.8185237321701173,-1.5850685541453968 41.86545401421331 -46.80199523585127,26.92621829053336 118.49019497868564 43.854085951482986,13.747598670821862 9.164873244923218 0.2588420619963947,9.745950849292301 -15.879656982638558 45.221356027460864,26.970218040902616 -118.11699711490903 -43.653876232643405
-18.59311668550079 -5.075587669609504 -6.094939675484514,-8.864643783521382 -2.8199544864946775 0.3717677616053683,-14.01328325300372 3.335133091845673 -0.22631936475788794,28.743952995010087 0.42471604864579016 6.574325422222465,14.286945981701477 -1.7163124056778407 2.8411286070525335,-1.1379675825790105 41.64673477130837 -46.98827801403403,26.76169179447092 119.12096950316688 44.13738908383152,13.98745793194129 9.233137757199733 0.7222522414894001,9.172424493709457 -13.308978982609068 45.86547766639772,27.461561561094996 -115.6657737347336 -42.53111292025974
-18.453145517565613 -4.610789472091917 -6.085724942293089,-8.432545624995326 -2.4730697172267853 0.4828346365085822,-14.913242358242965 3.3631826460020138 -0.8644469409766148,30.25596678793746 -0.05056234678962013 6.358366075542763,14.654552726317608 -1.8009788117734873 2.9089272842915386,-0.6643448973983022 41.28985036470227 -46.952827043560234,26.519702350067604 120.09746033512818 44.58079878531249,14.340572119499923 9.231108574043471 1.0048775371684462,8.063456229821258 -13.291175930217584 45.50294925266476,27.945387807785824 -113.26524672706643 -41.43084990176465
-18.25586280062914 -4.157897241178395 -6.099160767371687,-7.97405039701237 -2.177766765738804 0.653641462643471,-15.633092185521543 3.293705535067987 -1.3022905667767897,31.44943699698376 -0.27950305790972085 6.467977197026565,15.047518608415693 -1.8604448154572646 3.0051486022065865,-0.3894936514403256 41.50634293058462 -46.59760863486569,26.265531887754687 121.1797478437288 45.071413215030915,14.731015650295772 9.184436953591934 1.1092585857224662,6.779783903946768 -15.269101783177986 44.532821776978594,28.308492320250206 -111.48271141922065 -40.6137179412692
-18.06123506728437 -3.785639607299109 -6.165902099208526,-7.606998657019791 -2.015029717343672 0.85158119235513,-16.04801406044722 3.1407204583540818 -1.5680051811225928,32.06111230998958 -0.3237922286266708 6.84980045115155,15.358752072563496 -1.8770003568841374 3.083511978066677,-0.3834039269272391 42.329278739094335 -45.98385449183744,26.049561089814254 122.16084882633709 45.51033759267459,15.046240685972109 9.123092965707595 1.0613007108001509,5.694947663697808 -18.241574745906718 43.40010762050294,28.46839202820528 -110.69896446615849 -40.2525400772914
-17.94439546262796 -3.5674504692661086 -6.267260537640734,-7.451587370351676 -2.0066690563548537 1.015780095944079,-15.996171083510596 2.9445916772817293 -1.70737051545354,31.803758903131346 -0.25872064172339004 7.4108151283397214,15.488868957918676 -1.8551260229324402 3.1063669736713897,-0.535489966456635 43.20117152990198 -45.287554711645924,25.887525669517924 122.94133412836013 45.849623480069596,15.181958545521027 9.064296512257302 0.8949234328984468,5.021424908506379 -21.235026855788167 42.41106179602292,28.422239162198338 -110.88263832128331 -40.33054411974921
-17.957400438637663 -3.551697156628965 -6.3360479085499595,-7.571123168214379 -2.121974448365025 1.0927699732799636,-15.337066524386076 2.7570223632602593 -1.7530980525626263,30.483010922827575 -0.13663105831497635 8.054624174333238,15.386676262241243 -1.820204645406834 3.0681991247839693,-0.6329901888297063 43.37921500552123 -44.684417202687385,25.763894234811374 123.52993581664995 46.094659230236374,15.085181584591483 9.002468659395845 0.6362154703292859,4.727720491913777 -23.681321530109173 41.65104202524206,28.258546582964517 -111.55986600862892 -40.62942622603604
-18.101604218854966 -3.7471898942891606 -6.280162631436248,-7.937717670940961 -2.3166019034074936 1.0754997983570105,-14.04389141298314 2.615927291055026 -1.7046082822958761,28.13719589412949 0.03411073559309141 8.704276114564527,15.06830042892535 -1.8091344449126328 2.99141925787783,-0.4951252261664123 42.40921052016772 -44.23700638211563,25.653394579625793 123.98439737756212 46.277253317695234,14.77540805787726 8.911947209393196 0.2931950505518528,4.587798186088786 -25.53384966921955 41.0286011093452,28.12060924988763 -112.02033264510456 -40.82492936912827
-18.323319587189808 -4.129198334514338 -6.021298030240409,-8.438394211013424 -2.5764829994045613 1.0213350232506828,-12.277300625798468 2.5231848281093185 -1.5265875564428542,25.11808741999329 0.2882346556587638 9.308238767856725,14.607093765647537 -1.85605932011963 2.899444626963148,-0.08686286708878277 40.39937541349184 -43.85778916540294,25.54543942454248 124.3391735188357 46.42049334825568,14.334539837553677 8.761329160783049 -0.14505551651030713,4.332493039108933 -27.10251446606446 40.402445778720995,28.13635966869644 -111.67396611032137 -40.650092964393885
-18.53336448376164 -4.660629822929499 -5.531924904097852,-8.917316673536206 -2.9371619430694147 1.0346368831906823,-10.386874816327193 2.439138366084693 -1.1655506689609065,22.047078754874548 0.683449696615515 9.833240841097114,14.100890639650308 -1.9787893592565857 2.7866853529252293,0.4499399848427377 37.95287370413408 -43.377266654640266,25.455512680963295 124.5684884273927 46.518546213877634,13.871362465960825 8.532045478244775 -0.699458141339286,3.818504327659001 -28.73522480943901 39.709914258776976,28.34903545795842 -110.38247622013297 -40.045864199886175
-18.640131258045848 -5.3149421050604495 -4.852621864327946,-9.233555301889947 -3.463907843556238 1.2188746754475015,-8.81856799081767 2.300263397799778 -0.5760746210449672,19.63943549343592 1.2703420988939746 10.250922718558282,13.633787735051218 -2.171462462603193 2.6076314981410524,0.8634624353331705 35.81664621301322 -42.68125180179854,25.416490304660947 124.60592687945085 46.54277516898232,13.478449601159976 8.231486322900887 -1.3850322513575288,3.1231369100886974 -30.540867386233717 39.0246273584876,28.685364887111273 -108.58829672991662 -39.21853071193045
-18.581303563678947 -6.085713727981189 -4.080379601088786,-9.308596448960795 -4.201375314706521 1.6213898661184416,-7.95643593282592 2.0539005842590754 0.2544517885002,18.459515111962705 2.0637890969006603 10.525470919017172,13.251058041937297 -2.406493423258455 2.296205418330315,0.9192277946762094 34.46151904639894 -41.83406333851481,25.455783801216995 124.40333403707037 46.467794252612244,13.202078270697045 7.893825110802847 -2.193195801199781,2.514881011611693 -32.30548667853917 38.51823411692826,28.980829606512554 -107.15642119011535 -38.56604595092345
-18.342534956693658 -6.974060123009411 -3.3326831557818104,-9.145158813101697 -5.12028743978104 2.200350264315972,-7.96765351153183 1.6931353963427005 1.2913831271553242,18.713406793054617 3.0255488141536793 10.60841734809313,12.957699867420128 -2.6449495740801603 1.8081164092393278,0.5193226927688985 33.839369037300386 -41.10454728058126,25.57327490919252 123.98611603884267 46.298323613791084,13.038023858981617 7.568036631474785 -3.078512541151723,2.3171012074697614 -33.6307392567799 38.357657533226075,29.05317784013969 -106.98770031324624 -38.500495011857595
-17.959267451525815 -7.957236241660331 -2.7044720723788713,-8.813897775335484 -6.092405033211751 2.8336968942336314,-8.727083984374444 1.272365136855633 2.4521645601050435,20.176176133363175 4.06331658668247 10.445199209794184,12.738124260610302 -2.85093568163433 1.1636435119476993,-0.2480822393997122 33.454902783192054 -40.862411016267025,25.734814279759565 123.4643103799829 46.07746352693201,12.95229930073699 7.299063812595333 -3.955634797366488,2.737741692941898 -34.1946659000364 38.60293440675609,28.79023509980498 -108.58236199163464 -39.24853516583845
-17.505367520483137 -8.954497204678965 -2.238656327761541,-8.419063659261452 -6.912091249933827 3.3685425602496917,-9.864448383658006 0.892307643355873 3.6177867596759925,22.290643856073185 5.046452230726279 9.99499692235637,12.58364148949149 -3.0039579605493234 0.46501608379839254,-1.1516019255383874 32.707002554950336 -41.386853119775594,25.886704817070516 122.98706014019417 45.86906651450885,12.913408102997371 7.111323086096074 -4.709988429000558,3.753091127564245 -33.97165635537661 39.1647577166526,28.209379381954697 -111.76631520918197 -40.72683761282283
-17.07551934043406 -9.812856387288285 -1.9235349418349654,-8.06114982722561 -7.36010985663304 3.6878316633400017,-10.918616155021695 0.6586665785810827 4.651929922480917,24.393351964411504 5.834113336827318 9.25983088704881,12.511301965985586 -3.1042564596692412 -0.12624688622352914,-1.9259694298263486 31.30116180502281 -42.686001303649796,25.98365897576418 122.66480374430492 45.72369146109121,12.917902527758296 7.002231787607525 -5.221895896619859,5.10248102682132 -33.28216931253339 39.841967841120244,27.458698641359966 -115.72007585094904 -42.55623740950919
-16.766776728994184 -10.330735513626736 -1.7160950174392082,-7.8117310527891 -7.284573825638679 3.761046405119133,-11.529687685850032 0.6333720779667883 5.423374736974054,25.963376699771256 6.308394116149877 8.311911988356112,12.563473084010354 -3.1692356807139483 -0.4465471879206795,-2.3897368833555426 29.494619271119298 -44.430456733499206,26.01395243078083 122.50609206252254 45.64887142886278,12.996015540476897 6.948193262982018 -5.398985965269546,6.392479867239278 -32.64786786498997 40.41250837906624,26.75775188416573 -119.30557539676123 -44.21223843228038
-16.660964216916984 -10.321404409957353 -1.57663935496741,-7.706119761801738 -6.665181006360696 3.653221857417696,-11.57919218123888 0.8029861788996636 5.828537663810678,26.782473200656625 6.403645771304451 7.303471716044307,12.788665167955637 -3.222949716778178 -0.3978703281877449,-2.513258934726626 28.02895724697779 -46.05127897901024,26.006256875360258 122.41040503410755 45.60318981260994,13.195643429732133 6.919339829053495 -5.2073498147023605,7.255863587826504 -32.5399763878574 40.72432873929371,26.30506490603047 -121.541778441089 -45.243543006372654
-16.807411150275836 -9.696497636923759 -1.4949629431040807,-7.749340231540764 -5.633507087432754 3.487876956260923,-11.21363965951239 1.0816547905360336 5.811665938758314,26.943972954965258 6.123739217912366 6.44535370832433,13.214315449503415 -3.2834364079900986 0.005441219644348738,-2.4086598361542944 27.77733989830309 -46.968268187408825,26.01274265149419 122.22723898688635 45.5204067374211,13.554502231524385 6.895423063709229 -4.689963166272467,7.489290068796578 -33.16347916863505 40.739252080698684,26.195398856900518 -122.00833603228156 -45.4574207225547
-17.206833943155022 -8.533189656675798 -1.4941571022244835,-7.9258327507678565 -4.440121745828773 3.3833402865903386,-10.744640392470004 1.348977452718705 5.379447729511629,26.72603670607269 5.541782731755827 5.951710656095251,13.826153402678761 -3.3533849096053734 0.6340040761707866,-2.255126061322913 29.28975424777904 -46.84328163238384,26.07682725775338 121.85273541980524 45.35215294229829,14.075780945885054 6.875312426942283 -3.963085014641165,7.111776011460467 -34.38983730797589 40.515842726125584,26.384664010470352 -120.99283814706777 -44.987263528421536
-17.800970994950273 -7.0870585905322 -1.611556551564654,-8.20523330110631 -3.3799600465912985 3.395463520536265,-10.479843967118995 1.505051299025102 4.60539700186393,26.410162396748763 4.781418499269311 5.965198250185891,14.56477953386349 -3.4179875284698245 1.2882914745849772,-2.203683558363166 32.47559677304329 -45.73467586578384,26.20347848332473 121.3107230628984 45.10573921111215,14.719651370300713 6.876237068657311 -3.1879589845847374,6.329815404980727 -35.85945065087513 40.154367676644824,26.71704413671502 -119.32215987832494 -44.21486200860393
-18.47534319869213 -5.730654276134517 -1.8695680094284455,-8.543163087191775 -2.702094355936433 3.495562732857005,-10.571296563412195 1.515490449649231 3.6193412713319195,26.144238520399348 3.9842441519103784 6.49199360028983,15.34090484248242 -3.4506822762930467 1.772929268496578,-2.31067388590909 36.591090076318004 -44.074460254996296,26.349618408302977 120.76968711319573 44.85446469736904,15.413876503279294 6.924056316222735 -2.524399344889936,5.4386555067696465 -37.179566405302886 39.744878982364014,26.999360119946665 -117.96840128169652 -43.588824645279054
-19.0808268386282 -4.830099803895426 -2.254556560191268,-8.882272536842 -2.5340642635607953 3.5929664714729976,-10.95507273838574 1.423866894794552 2.5803407173871107,25.913662187699362 3.2724621138685652 7.379344036376877,16.06156498195336 -3.4242168599478755 1.9689730436096922,-2.5285112311036078 40.54067363920408 -42.476737698243724,26.441816456526396 120.47908544363091 44.7113468013831,16.07690593152411 7.039850281535509 -2.0811638125055407,4.710919809365869 -38.09960211075715 39.3487269088465,27.086543419478268 -117.62069003309954 -43.427076248387124
-19.472793498587933 -4.604717536215959 -2.716647341270371,-9.160435358560328 -2.8445022016159873 3.5875326018315565,-11.405929571372125 1.325680293069496 1.637323648859949,25.617011732613665 2.7178332755254377 8.355034859284322,16.655259513426483 -3.3223879407666375 1.8739994746858413,-2.749586870464457 43.34213999390704 -41.469436133678606,26.41365488109229 120.6507055165998 44.77630174532774,16.64155976899061 7.2292304949898565 -1.8814117693468266,4.316785609990014 -38.57517067387172 39.01393529834141,26.939163006207867 -118.41853911845993 -43.79371309863883
-19.557265868415513 -5.030800350058716 -3.1905549167133875,-9.328760257952844 -3.454756314802684 3.422109398021448,-11.670654378115787 1.3179248791807676 0.8883554675700163,25.183837709997132 2.3264339190453756 9.121575872000816,17.08604611106976 -3.147682844757343 1.5945131236793542,-2.872857370196664 44.527248675006824 -41.27790292165889,26.244006860469568 121.34088015294694 45.0813233634531,17.068946678184027 7.478850251658099 -1.857580859853404,4.2943794113434075 -38.71037890131282 38.79754063098551,26.629619705731475 -119.95341844437375 -44.49971149812212
-19.327058755008117 -5.839060238855616 -3.625016149667876,-9.374563603362581 -4.095354237827441 3.1064472291314424,-11.605671396311479 1.4508606899493226 0.35319534869867053,24.654310435961648 2.043913323946861 9.469866427707329,17.35317661673002 -2.9218087379972975 1.2959855898868742,-2.855610920667103 44.28911561852857 -41.76026698243108,25.976134934714995 122.39155831750084 45.560525290323575,17.34888680642001 7.760961819224229 -1.8793569084481792,4.563261792782409 -38.64293269360703 38.762671194132054,26.299089506173058 -121.51186602791851 -45.21548127878687
-18.871734228985932 -6.617484151087742 -4.00348909557041,-9.3384087756899 -4.490342604272666 2.7013168886246275,-11.247445347060314 1.7068713149901689 -0.028324255429622858,24.17161886718408 1.7795055679032792 9.362514842009489,17.479802188204008 -2.678957690502332 1.1331844863281206,-2.726211256331246 43.31882860747703 -42.51660763141505,25.706793649924773 123.46163520143924 46.06093795861184,17.490451428605994 8.043408758912577 -1.8050510953858172,4.962014358777084 -38.46142975719326 38.93906819697543,26.089559497217383 -122.42396151179665 -45.63240028112881
-18.35431227991455 -6.982728823414874 -4.344295764680016,-9.31390112041924 -4.444306946022622 2.2746123969187977,-10.78456643933552 2.0162001811806207 -0.3680125780679031,23.89704394086398 1.4411625851538403 8.945790376904888,17.497941313321938 -2.4544872782664053 1.1899937460865317,-2.55739480503654 42.42563822864449 -43.10817934383701,25.54946945854048 124.13854649213219 46.39141556356069,17.510096700707678 8.300601996369483 -1.5364529786887853,5.294888781120294 -38.20673411873835 39.268808201642884,26.083947529884274 -122.34679731106586 -45.59424253013314
-17.961365535434577 -6.746975320552792 -4.68088037355982,-9.425169417526114 -3.904971362266973 1.8569581334085266,-10.454414697643976 2.299161456786412 -0.7790641474050692,23.907545001562916 0.9707698528759905 8.479925333565275,17.436105238460925 -2.2734368639482465 1.4517800523066917,-2.4199341946372 42.13154114721088 -43.27323102492616,25.588629302051455 124.08460257863912 46.39012307464965,17.4236843456472 8.521227462704465 -1.0550895297978602,5.382644469367199 -37.93843592094112 39.58053614453241,26.27952712535822 -121.3635596930056 -45.142738244623146
-17.844792702573926 -6.003069857835754 -5.034710587004018,-9.787126842438196 -2.9799730091439565 1.424005787222757,-10.425033762865413 2.51023944859718 -1.3222418124123512,24.145955425404967 0.36843577723381404 8.216600147032876,17.312315943939318 -2.143332202051872 1.818325511549617,-2.343231882739204 42.429628963603285 -43.03575094444854,25.845875187219594 123.15920669829815 45.98361378066886,17.24414448203101 8.710129821360677 -0.42538107447351425,5.116645854057864 -37.79352287479065 39.62788806751328,26.601254127294762 -119.88127166224277 -44.469077081719355
-18.077208639524077 -5.08424259187856 -5.3973808063251845,-10.462595753249667 -1.8997688288587882 0.9165768982431801,-10.724882719887836 2.6591348897398026 -1.9706798095101683,24.45868564172784 -0.3018914209286967 8.280327735207106,17.13172219344874 -2.0540650576219384 2.1485677933794785,-2.3015778197274495 42.805648492060314 -42.66416401832022,26.27252934379029 121.47109051292587 45.215061204582796,16.982204549350364 8.884042477154457 0.23548496297083554,4.507790852149062 -37.96613053953092 39.1916840838729,26.942451281648676 -118.40767518307108 -43.808843517016314
-18.636481780696165 -4.412382337331344 -5.732286805963225,-11.433466551805672 -0.9371021679115072 0.28735640582061306,-11.25090730705502 2.7974065395245518 -2.609901483533679,24.697560766889115 -0.9277991382828641 8.6115816491094,16.88686543486913 -1.9848841208947947 2.3168357843013796,-2.229259410015997 42.49506062484633 -42.51416855961375,26.770205987426706 119.34523812511709 44.23249246973849,16.646429868445413 9.062776072365747 0.8064270979528811,3.709318750431177 -38.59557422943568 38.201207806311636,27.210044847498192 -117.33197298380409 -43.33900991763607
