-20.6 -17.2 15.8,-14.3 -11.0 8.3,-27.5 0.7 12.4,42.4 0.1 -7.7,5.9 -8.8 -6.1,-6.8 -13.0 -47.8,21.9 44.0 8.9,7.2 2.6 -6.5,5.4 -2.4 41.4,20.8 -41.1 -7.9
-21.81268294698974 -15.326583443789382 18.382563546420386,-13.126369056186782 -8.583893123693224 9.554234267629244,-23.09654900906637 0.7837126829911437 15.271639285552034,36.21997862494902 2.3200984712966037 -8.314813670951954,8.178277684161658 -10.366386426537908 -6.270092298972425,-6.331803997485661 -7.32672888348005 -47.883008658299,22.324365062537833 45.260344154232335 9.462484141977354,9.341366331168864 1.355205352366417 -5.206881583271558,4.687273309847706 -8.920800079369624 39.332795197472656,21.603517703966613 -43.22486772723192 -8.691833175043346
-22.934004755370935 -15.143652481811017 19.656635770640822,-13.443594571105796 -7.862111250425435 10.04539152228881,-22.144568476466006 0.6600164404500308 17.10261293875748,35.89593651418455 3.076354184641561 -9.41369453321033,9.287543893752988 -10.945726834347342 -6.634400494635722,-6.725578294330452 -7.282362155353279 -48.12267926031834,22.643034364924723 46.130455648472505 9.799824211540283,10.468073661497195 0.8504057009704888 -5.064054868125033,5.498363146813635 -9.706723997619745 38.89869657509753,21.89182617052599 -44.008937175530335 -8.982196709503796
-23.950906617740856 -16.036540341329054 19.909285893526064,-14.718620603993525 -8.260004886557969 9.920318481765113,-23.490315063753666 0.41431475198970846 18.070369652122814,39.358502355563296 2.8310565391934546 -10.640228982203132,9.598719015897268 -10.82023345082868 -7.0772998419078545,-7.644890351377743 -10.400323490927404 -48.47929197552352,22.79757598914677 46.49687772051074 9.901347095180713,10.891503918748931 0.8871733248469458 -5.6573641181559,7.20036755501515 -6.809994294990198 39.54766269153197,21.811367425687962 -43.82833294122592 -8.910834575939328
-24.85032972669676 -17.390580249607634 19.427583135940868,-16.418391214086437 -9.20292453845216 9.325861863844583,-25.980045432484122 0.1320110972232245 18.352358118154523,44.538304836941975 2.046494934110871 -11.63800341335837,9.482723437717791 -10.272118503382302 -7.483165595706783,-8.753307629470907 -14.214036565510137 -48.91312697338003,22.729558017190058 46.246153608137305 9.756379679390559,10.923039030688006 1.2670805030305161 -6.572653596959629,9.160384578569605 -2.2828335117208436 40.729652105433274,21.508583495462396 -43.0591796206494 -8.617490746907915
-25.61921527483591 -18.5911054339109 18.49859671875,-18.00985046062102 -10.116220712469353 8.408868386313639,-28.46001624421214 -0.10149104423637394 18.126027029359086,49.3659726461773 1.184958768552396 -12.050604222104052,9.31047754633784 -9.583594219408596 -7.736373010950475,-9.714397589453316 -16.25692505440919 -49.38446442335338,22.380548531040674 45.26482654914244 9.354248850661735,10.87406092507836 1.7916995145559294 -7.3957675681317,10.745512261594365 1.8225358119484687 41.89462337545878,21.12991640585912 -42.077601810131476 -8.241909194967542
-26.24450445475556 -19.023449121503003 17.40939586281821,-18.959942402833743 -10.425243914970878 7.316184766958702,-29.776484160492487 -0.20078819277603924 17.56882507824298,51.772134471125966 0.708737441676614 -11.521617803868185,9.4529017288807 -9.036872826307935 -7.721297342556891,-10.191727692168344 -14.06241263293228 -49.85358449490907,21.692115612684695 43.4394397813164 8.684281495486161,11.055951529683924 2.2626026384579134 -7.7125502952675795,11.322848648206786 3.453891135777888 42.49253506026579,20.821808182887974 -41.25972410600282 -7.923833892676178
-26.68695741058134 -18.239892207983015 16.43292444105345,-18.8486600633183 -9.701001163840996 6.213188074900362,-29.088041077142485 -0.09386425488376585 16.839346978384324,50.23412078749259 0.9469809546509569 -9.868280741743124,10.175653250869074 -8.862843450238502 -7.360089038606901,-9.962276667027878 -6.114755803843958 -50.27131227874128,20.658238254024543 40.781794206465754 7.7715058610155765,11.689876299696376 2.5128352307128545 -7.20973932622204,10.434531062942614 1.1289365828170927 42.08849449907498,20.69100549285872 -40.88282352962637 -7.76815471862021
-26.76461383459085 -16.702795515105457 15.765124977655663,-17.872258993221163 -8.30851516207611 5.366269672792206,-27.25590840118142 0.21831835731793411 15.993408962403743,46.20949131093436 1.5030580222035668 -7.854446912387653,11.170569719913697 -9.012618179114016 -6.780822028156504,-9.421260802275478 3.9185247489944635 -50.536930502144976,19.55860244426374 37.986506406036796 6.835568615832775,12.505204659159181 2.547011473772037 -6.124070622149423,8.5768864694398 -3.527788984509751 40.87531826932019,20.627864139094648 -40.68533044086619 -7.689761825218869
-26.247119850025573 -15.18310924452486 15.57583042362538,-16.43595668876225 -6.882042996222568 5.076072792059474,-25.718634178708303 0.7100517218314776 15.051977194489195,42.1663401801693 1.7342398563174681 -6.564948641966974,11.934918302809734 -9.342442463027899 -6.181394656199979,-9.173528023363437 10.612370093120326 -50.53224493736666,18.76977153754529 35.979721710885926 6.162107531346249,13.0645481156651 2.4279210094617527 -4.878773291045676,6.5697879074281404 -7.8382829605164694 39.25866623726151,20.44936623508604 -40.22296338235555 -7.53912036660935
-25.0067882124726 -14.350803568253035 15.977715662167693,-14.943580371253262 -5.977164449992939 5.542755137477872,-25.674166228048566 1.3365153785339436 14.103466981501976,40.24409160613729 1.1390226035728401 -6.86307885407729,12.056422446509256 -9.712085170607992 -5.733342140369666,-9.69550086635364 9.557236634553625 -50.1899405290184,18.58650042766679 35.48747168669241 5.974695973738905,13.015333397154608 2.2195078704458022 -3.866048218783916,5.177518517224995 -9.467067821727401 37.661361724098526,20.01382217565088 -39.150253020244506 -7.198197256990871
-23.57182841779127 -14.229380971024224 16.718568759667757,-13.78900105821923 -5.645623716792078 6.324579529913965,-26.7809596101294 1.9309604568696235 13.66721544314162,40.47801430473632 0.11905885154771084 -8.195685541046776,11.701478749527787 -10.004305589299005 -5.439480031889622,-10.642373634938215 2.837904286730554 -49.76771569397969,18.780601179721398 35.956632167287644 6.1002127750487825,12.547492147997902 1.9927882082839457 -3.27898282261141,4.807685968403412 -8.271524387926597 36.61473921097567,19.443850430634402 -37.753703899371715 -6.750467442792136
-22.728410291573887 -14.588091998917498 17.402669943848473,-13.362174050801784 -5.741009416095566 6.7273553082451025,-28.09199594023297 2.278684359685538 14.432038713262752,42.07582501304969 -0.5687926966203878 -9.45253723576489,11.264072556931032 -10.110905003028568 -5.236267429654151,-11.34635639977256 -4.906667803348885 -49.65109473592889,18.91821552040711 36.33099456161274 6.209519140532004,12.064320004991593 1.8215595972970227 -3.232354363820571,5.727619565983702 -4.971471766135428 36.69280997994268,18.96602028103668 -36.56837217357071 -6.358657794176333
-23.128340719529067 -15.213710967218633 17.686500968389232,-13.974361092181354 -6.130105882899938 6.180474439800173,-28.800949018289565 2.2003562646128842 16.890652766390392,44.307141274314425 -0.3028353573459451 -9.682540259558191,11.089960311074972 -9.947429973428806 -5.078933712621148,-11.240762757312833 -9.545373807211726 -50.13443360637675,18.63392792150011 35.71661737990034 6.023452808108337,11.918567416016959 1.769996236803886 -3.8033211413203385,8.075192313911655 -0.3647048399215365 38.299746530590554,18.78235050404221 -36.07375184871232 -6.170683262713666
-24.40924645786559 -16.029249350739498 17.621342390943727,-15.345626793030098 -6.782406955348086 5.046411658134494,-29.169476247138764 1.7832749736125304 20.059319036848322,46.921554769981704 0.516694988353291 -9.140306257501704,11.158436326048013 -9.607675681099437 -5.064932704765111,-10.524359503859017 -10.808811403849013 -50.824792442784904,18.08026848340215 34.44780583673293 5.641157664404176,12.079374947782089 1.8299166601703099 -4.787797756473178,11.018123811425978 4.180614004958173 40.56286279223244,18.908529504019384 -36.32739921901089 -6.221743814194035
-25.747621189114028 -17.019663695284894 17.43798408971502,-16.92722695685322 -7.71410700091117 4.111900969363184,-29.944831766454694 1.235971932260102 22.28297637979978,49.88689449773756 1.0249044653813306 -8.628663691109747,11.28216987303022 -9.266484382157206 -5.356385633389616,-9.743953962767085 -10.1834391457134 -51.0167278913319,17.645269711639145 33.417331203695525 5.333787944178555,12.341461288224892 1.960240323301897 -5.853821358767002,13.283018900692959 7.0369845079844175 42.028903523047155,19.275523952937192 -37.195021588331464 -6.4957895364708556
-26.404839180859405 -18.147705005147373 17.336137399655534,-18.19622360026887 -8.912784084308479 4.066154523015211,-31.722470768188437 0.7540702531821519 22.126039750680267,53.077959665522826 0.4897813320743711 -8.847428244681934,11.291613534121819 -9.078314081530147 -6.077471371799636,-9.387015680680259 -9.105125246261093 -50.1177168565789,17.676790307707 33.42966603467612 5.346160806079285,12.51558090438414 2.1244538213849906 -6.688055761244236,13.746724935656358 6.814081033259814 41.45378863823334,19.807657360047788 -38.52060543683075 -6.965147151530079
-26.417692963525827 -19.175893298513415 17.231121435989063,-18.871182254356338 -10.10946038922318 4.712204893583717,-33.72627299431955 0.4129840539626773 20.134618227494478,55.53253139352695 -0.618262698206882 -9.555863505500696,11.182809615823833 -9.01273285855762 -7.012078472411403,-9.397791213887961 -8.48132169202735 -48.55334471445553,18.15491348937841 34.47911514215603 5.681199532541298,12.562887079606385 2.328128176231389 -7.148520535469512,12.641834420316684 4.242223796309177 39.4794725383365,20.373969794184283 -39.96356999719824 -7.501076774635444
-26.229315603850335 -19.761822039501915 16.889225954397848,-18.79722294638169 -10.900715748299728 5.388702139639166,-34.461374857396 0.22513462643459525 17.893283213888807,55.84977025999453 -1.1987128889913716 -10.02035784517727,11.038574003034297 -8.942421376944115 -7.765773982824187,-9.435863303270267 -8.942575806176027 -47.28271373378195,18.866997986932482 36.135433118015314 6.2150683494985,12.523346221210238 2.598887808837479 -7.183030392166657,10.91138767474814 1.1630098730212297 37.73624366374618,20.81453127806966 -41.086616178715616 -7.9218768342463814
-26.243605692557104 -19.607686571985937 16.1100824674112,-17.874831226187922 -10.925171466073941 5.481816128293751,-32.61684766898243 0.2038938053621373 16.862861527636017,52.83173473818438 -0.27140385970935865 -9.579534935527963,10.93562162592813 -8.752109005340102 -7.981166959280993,-9.190091158327121 -10.962241462240085 -47.17537205598385,19.608416570465742 37.979047513741996 6.8259710948797085,12.435440303852891 2.9579720051984375 -6.758779378698856,9.452891736975534 -0.7312337566361311 37.69715555929639,20.98925900868792 -41.506643094179424 -8.067452883287588
-26.410407012901523 -18.89853589014143 15.060863684468234,-16.579905822754473 -10.2799005840203 4.925065115970607,-28.89971013124829 0.3785939934554799 17.094791893526033,47.47341560503667 1.8085627321917057 -8.38416608989112,10.8778606402557 -8.463359444949358 -7.710387366481197,-8.686415584223894 -13.372272244187215 -48.10123844008113,20.277527442614563 39.743207812364524 7.425574171747325,12.314551702544604 3.35683919321218 -6.040124649822407,8.614610890404668 -1.4350951058980947 39.07534329970666,20.97127910004099 -41.42441905712619 -8.011824992651851
-26.4060851745252 -18.110242765881114 14.130113157482104,-15.734918043337922 -9.338102597172973 3.9816364549310883,-25.232394939902505 0.7881806773518905 17.791635598555064,42.09061141532977 3.881851060091316 -7.0741808687039285,10.825347527104286 -8.180152005705722 -7.252220480903977,-8.153802346163971 -14.016002860079064 -49.32815274780154,20.8347171504719 41.25320847042198 7.945698557119676,12.162149854432787 3.7049186419355857 -5.310175118070365,8.413999342360059 -1.9591946664461553 40.52393933226213,20.962133849078636 -41.392378039117105 -7.970020903973996
-25.962918600528155 -17.708446747348468 13.686630325829201,-16.09426364481553 -8.473905238077691 2.9267843975144396,-23.42516695273365 1.45243340647434 18.196292516955506,38.91618466966134 4.848267515023506 -6.2543709084193555,10.726077177226884 -7.995716145209008 -6.883077507077621,-7.808588998850761 -10.98469175832266 -50.15615792469789,21.24894321659345 42.362134242675474 8.328633216105,11.965393644663646 3.9205761803739136 -4.836077609587211,8.84820036989509 -3.2317796629114133 40.794350628245574,21.14886153267282 -41.922186268080104 -8.14163154652598
-25.57561696839211 -17.97696832643749 13.808068419657564,-17.481666265118015 -8.024810348418692 2.132056629523786,-23.641678781669714 2.144556409588842 18.216135253193677,38.89137990870586 4.504510170159773 -5.994669688260352,10.38163103266234 -7.851456439403331 -6.550180076619903,-7.670109734227947 -5.710968232295981 -50.40248418928825,21.58778455569804 43.26198997070844 8.646879834013095,11.531035974487054 4.043742067515492 -4.660175814332293,9.712928411533317 -4.950186963690113 40.07978920954674,21.51063030345749 -42.94286128341276 -8.504248245593951
-26.26552753253815 -19.074039298783504 14.370975935695713,-19.078002194522995 -8.303021003197061 2.0355140340940117,-24.908211140077047 2.467435832804707 18.21751065575015,42.0652765778112 3.266791132944809 -5.995565701674291,9.492457714071792 -7.583906779387755 -5.973367223655386,-7.621621723502652 -1.9354617200963111 -50.2416008563279,21.98694128124166 44.37888429533132 9.062882515302416,10.541217106730034 4.198315309013183 -4.669534138724908,10.664764056235548 -5.961521178582471 39.56937159948667,21.88302524619299 -43.98096506963988 -8.882119539356744
-28.97511360177296 -21.122477332389025 15.244024193127354,-20.08801803836524 -9.58439600423048 3.0327192350736234,-26.25517060649952 2.053754883667768 18.548042642696146,48.363844087321446 1.5679556817042903 -5.962490811891348,7.801260562127667 -7.042832220923201 -4.896175589959429,-7.5467829044512635 -3.179994277601191 -49.85080525048517,22.572919818931 46.11054035255234 9.728120629500324,8.721644273498868 4.500904625394739 -4.747394894245799,11.367154048889153 -5.1879718841252656 40.38991080074224,22.10814128090172 -44.582914417030445 -9.106591577838344
-33.25383971309636 -23.732016999241164 16.235472514924997,-20.287948608484513 -11.586104304911128 4.836138349669771,-27.130064084526126 1.0535040038536327 19.12113781842338,56.070733158045705 -0.09203065033154136 -5.792527619781264,5.740781312601927 -6.316774513706211 -3.5020704358288084,-7.377706288384926 -8.839716557315873 -49.340670719456,23.307785185437858 48.33959265026913 10.5952565062242,6.51580141842065 4.928432156650337 -4.765585312875599,11.633731281003824 -2.985880169563474 42.3881222191309,22.174085167249878 -44.72945640630731 -9.167211886746143
-37.54952915716163 -26.10662546304667 17.105803910005903,-19.905985310529935 -13.583479737597786 6.618016425134721,-27.310258726896116 0.02578166706553227 19.506805713106036,62.17078072527132 -1.1601208464705053 -5.534324084166425,4.289472704743132 -5.683109927627862 -2.3224308326994225,-7.0848251699352005 -15.0462361849439 -48.769002520510845,24.02355530588833 50.54132223007678 11.459719707859842,4.934820100527504 5.347350097070418 -4.586905107933646,11.396902082442242 -0.8457736660729824 44.39836694933144,22.18443588803985 -44.74482453913325 -9.17864020596096
-40.345168118775575 -27.47584487098456 17.62301493717436,-19.189501485777033 -14.866528456239646 7.565878939817298,-26.606721144962 -0.4827954717844939 19.29438554996068,63.781363995183995 -1.1161989317256855 -5.237937223227565,4.383048793811318 -5.410056768972704 -1.8697974461763376,-6.646437978974173 -17.996249433923243 -48.19549485461918,24.55150998250839 52.188381198408685 12.115761950076822,4.946049536449557 5.626800801074588 -4.086015545089833,10.61574145876571 -0.21506754833612704 45.28025830990359,22.24188781975354 -44.94934206268659 -9.25428864282358
-41.38454779273564 -27.77754001400854 17.72550243236933,-18.51803950159409 -15.241933174294449 7.447596596642385,-25.305615294466364 -0.3826889570798582 18.62794508250638,61.266395135990045 -0.10450655080576815 -4.900671867124726,5.843388687174068 -5.489221313574445 -2.109092396269572,-6.172604563153226 -16.86635648177199 -47.744188610806425,24.777291038001874 52.9175795909494 12.417845665239483,6.37126089701061 5.746204699984373 -3.3715497409226307,9.701983470677739 -1.1095837020909083 44.91558836574918,22.37110741122972 -45.4065158426891 -9.417439421270046
-41.55185255955053 -27.590250735792477 17.50578961376007,-18.390688090984014 -14.983708526501427 6.555960077613537,-24.122919265071346 0.00221422853769513 18.153301843858408,57.926264453692205 1.1298057906760413 -4.472118698886985,7.48491215112849 -5.662015340804396 -2.5099189766701464,-5.8925624556377665 -13.5284688978248 -47.59732600502868,24.635710529346117 52.514207646440326 12.274893642770891,7.9960545044211555 5.784728313085548 -2.7637674333437787,9.476790518588786 -2.250273499010558 44.11070584808292,22.5261851568382 -45.947563335262124 -9.609852639254001
-41.748287763122136 -27.499640317245138 17.06243478410929,-19.285379423188324 -14.380275889659773 5.203120181542685,-23.761992376349326 0.34135388197209043 18.509781176342035,57.05648095610498 1.8456917294281165 -3.9008987545628715,8.1232803919868 -5.6689661041820685 -2.5407954071268195,-6.028065867112037 -9.919145123578888 -47.929352076065015,24.07154739767882 50.79452098491943 11.607960768087908,8.607251908579139 5.8230454234599245 -2.578702923742109,10.737879622176546 -2.3565338280462687 43.68032899040212,22.66087353093226 -46.40271710179381 -9.773156473084029
-42.286703205059545 -27.70120934995775 16.505777011480987,-21.05755377810044 -13.660622263866932 3.71216091651554,-24.239135876413062 0.5051783033451248 19.73606096822304,59.246790583783586 1.9317126027836617 -3.1539553201826798,7.491867812486275 -5.449347596884121 -2.079988219808351,-6.512959672942964 -7.181293545451544 -48.67283764510122,23.229923442697338 48.2009783696454 10.586716321510698,7.934182684750467 5.890820759429295 -2.8426953514790148,13.34919670576311 -1.2502755084935684 43.82943339871397,22.782824649695158 -46.782732108049615 -9.917558377570595
-42.87158198233205 -27.98702551376803 15.958336816903033,-22.91898733769106 -12.992278789120103 2.417471360458925,-24.860224706858 0.5719810018688151 21.24974241857267,62.28914773384025 1.9274516804134407 -2.217177108549708,6.2729752943056125 -5.147940330462022 -1.4294486284066032,-6.983387034191409 -5.637178850703942 -49.51025268423251,22.463117388609504 45.823540142925005 9.63789985682694,6.68074103838232 5.964975073402159 -3.2825355753202463,16.20915715416784 0.10657798064417581 44.13251347115094,22.955423507007815 -47.28502565637578 -10.124177606036648
-43.186565267363406 -28.13641512351469 15.541219581033397,-24.07123121536849 -12.537386821580565 1.6454945759465187,-24.922683670837603 0.6276735499468347 22.44916448375222,63.90676561957627 2.3793406362835827 -1.0888727374591742,5.181890384687768 -4.916135680013579 -0.9053848954460956,-7.074388219431396 -5.550338104334166 -50.117242843554585,22.122862269059084 44.75108310023797 9.188271856574575,5.584414009688443 6.020322350977955 -3.6171479759732086,18.195460192728568 0.7276080558262705 44.14776052048882,23.241326337029125 -48.10589406906695 -10.473299880628588
-43.144784579465586 -28.11516643003215 15.312763723777035,-24.334063485893104 -12.377007179209889 1.453866659679504,-24.49630163747995 0.6955576108741951 23.03092100406112,63.738793930903086 3.097613839457766 -0.13387197028189118,4.591103457797154 -4.8141670487799715 -0.655994684165323,-6.822058196628884 -6.522049119439184 -50.31915615811796,22.24012967380187 45.08964215554596 9.288706928342956,5.021580269567145 6.042055004377928 -3.7545052928097737,18.94245269357924 0.5186576932783544 43.839335193908276,23.59841861681523 -49.132629536447254 -10.914880466488007
-42.93068722603244 -28.10951297868643 15.257101199916955,-24.258163272836363 -12.496342922037632 1.5824257060619327,-24.563997671092814 0.7249140576953577 23.04421872915278,63.68950514879736 3.022133747188878 -0.15032551311605036,4.4678316968901255 -4.794495999881125 -0.6308445224654341,-6.736640294693274 -7.370631326419959 -50.118326846063106,22.466669821783313 45.78328387311952 9.545687252008005,4.941696820392527 6.027635378028001 -3.8260833672368064,18.979030930928108 0.4404493077103532 43.6513568444554,23.86072021897883 -49.887203002335994 -11.244790977166012
-42.74357647554359 -28.31473824683854 15.354868501010465,-24.427478669475448 -12.872861624591748 1.756478549418977,-26.137436640076125 0.6613216337847901 22.561523394026842,65.75269554425044 1.0707206374428944 -1.9395271445393383,4.755873381561218 -4.804246473186845 -0.7687179894565317,-7.342861343622959 -6.895023231527728 -49.52983482195253,22.438040935410754 45.72636664304137 9.54633497129314,5.2698364201273415 5.975362749199752 -3.973943456842909,18.881308580492302 1.4952301472867386 44.04741440509574,23.858075039070606 -49.87898208802102 -11.253697300475388
-42.748125671460315 -28.76914190053491 15.620390679914847,-25.0446675736375 -13.39019015297086 1.8643109405469733,-29.205172293631673 0.47477471142225214 21.77885292429792,70.16126446570777 -2.6350697469307813 -5.369452253649911,5.398369958427513 -4.828332590847301 -1.0377246057066583,-8.615297887422814 -4.9960936141915795 -48.676474523756255,22.033242518515305 44.555146290656005 9.146611945598973,5.9425636046172325 5.8890123671432155 -4.2411283960464345,19.035982288948237 3.8580710394954556 45.13932021537494,23.547311725949392 -48.97961432528915 -10.889760522994473
-43.062161636396546 -29.298659721535937 16.11356585637715,-25.796587774413428 -13.80500994380977 2.0146825470664242,-32.37171852672689 0.16829653222244112 21.05936364597549,74.76601270528985 -6.345297584274621 -9.045505797566072,6.337574326419174 -4.902790115070453 -1.4456453125895699,-9.784296535200568 -3.065375743794114 -47.82675397859237,21.46059552333573 42.909499459114066 8.566159867255523,6.911988707507744 5.779767242901476 -4.536731303150368,19.573509950070747 6.585058655346532 46.56301178956868,23.057040816248147 -47.55083070324685 -10.31419740810129
-43.79815445543746 -29.7144603880932 16.893747311594,-26.338402819275245 -13.866647004618837 2.328578611241098,-34.1598493869713 -0.2521802590411022 20.77285114044688,77.27570106059206 -8.214782223526303 -11.49812488775789,7.514156949751169 -5.06652159654526 -2.0023498621730322,-10.038491440449885 -2.582433471335948 -47.25748942275765,20.95032054160323 41.495565777653624 8.048836912092575,8.129713660459041 5.659507613007845 -4.761111021530778,20.60523965764524 8.66313614457775 47.924147330508056,22.5281790574675 -45.98964020906224 -9.703261998346951
-44.94668820961007 -29.846139234316038 17.793503376989538,-26.620402479534082 -13.42375924040507 2.7215255467300796,-34.082541775503266 -0.7468280178563688 20.97562773418233,77.02199325721871 -7.619143339587018 -12.136934134763004,8.77762651375291 -5.3127110134155044 -2.6740769854522455,-9.233427481659243 -3.959959995006218 -47.12339884074033,20.644044110487908 40.720866214190586 7.742586277627235,9.450627083105301 5.550397757441548 -4.861058638593712,22.18724642209441 9.69636299559351 49.03836621740966,22.108400766342683 -44.72247761560204 -9.228045891979948
-46.309423673651345 -29.551852910893352 18.29388571184052,-27.050322173451704 -12.478968997295256 2.7905885828551833,-33.187587016430776 -1.2232818501167166 21.23810670853065,75.8520525591878 -5.826241112601276 -11.734298772673688,9.836190946481183 -5.563678556379929 -3.359437330759923,-8.258361161059032 -5.956999001136355 -47.38994792672544,20.54607198259026 40.53006281159154 7.646682944992,10.579711961440408 5.4905422235229855 -4.855335219991703,24.28993197462878 10.245329021731376 50.046778652887625,21.95585449192255 -44.22138766356592 -9.051638898579721
-47.671326280736984 -28.696002467741202 17.851080721815606,-28.07119707221885 -11.05163323511711 2.110413169832774,-32.64843879671935 -1.585304421219256 21.093155886594815,75.81681137061263 -4.262968762507267 -11.1782826725989,10.387379681906314 -5.735881984427477 -3.9513724134008528,-8.083048508997702 -7.199946038450311 -48.00457127933412,20.648171264031976 40.826568783515604 7.746947988289021,11.210486514886536 5.519029764493098 -4.769670574650345,26.87462510137652 10.947240013372706 51.116186222757285,22.227116057003023 -44.95519420012272 -9.333852181867847
-48.77745079001742 -27.483540614969236 16.40436121057468,-29.761872341746283 -9.474942427818629 0.7029444964641397,-33.06627435265602 -1.7948233424655897 20.45598669856228,77.83267029123999 -4.019909538551966 -11.219707781144576,10.261472578514816 -5.766763084410904 -4.356161324038098,-8.91999572145653 -7.17848975595288 -48.75723391923686,20.876821723462122 41.384949387755185 7.969387566650209,11.165077207120945 5.640152291585039 -4.699727861164028,29.749512410350363 11.929828940355733 52.20603840211649,22.856336965963656 -46.75034313747796 -10.001589970600229
-49.30183373153252 -26.725407719331084 14.752618149866624,-31.553142723679272 -8.64053164976461 -0.6139339163665878,-34.02394534518908 -1.9172666434123689 19.922164052733812,80.79721060534095 -5.58920682059709 -12.365183721371874,9.524969510943885 -5.631103240543661 -4.5038164278460915,-9.634236330911508 -6.9184879775068655 -49.157694861117434,21.042328917896064 41.75049403363203 8.13357141738953,10.494459800388174 5.796283190264346 -4.865611700732165,32.45027480632632 12.414257826808967 52.90681621175443,23.381880338475703 -48.29021416620472 -10.567315032123556
-48.91391889430196 -27.290331705933458 13.780321751846733,-32.81139662792168 -9.492347562525651 -0.9440404133346328,-35.00079132920824 -2.0285831817147275 20.15443197118466,83.4034789548984 -9.395750106194319 -15.091599687281336,8.269797038690202 -5.30800987152968 -4.327578093640273,-8.957710570620302 -7.5994853515575365 -48.689653662839554,20.943892286010367 41.44696653405325 8.048917365031292,9.274365316446076 5.923555189059868 -5.498726326518522,34.48525188400452 11.533214521749768 52.77325679177108,23.303664286617394 -48.146977506886756 -10.503227352633099
-47.68608837999202 -29.35588277839123 13.924013513087903,-33.25699846861032 -12.198234813772622 0.0550025315560177,-35.691763327989676 -2.182819431463827 21.379271621947957,84.8719611986704 -15.042455063183837 -19.204334164892177,6.746879086250952 -4.847039721158369 -3.8761187582381607,-6.480217439070801 -9.711868811241523 -47.25406781066884,20.50913165393192 40.30960864486694 7.645938522633831,7.75257456190451 5.979086573741706 -6.604760519109611,35.47346409361556 9.154612526712897 51.69840149685654,22.46929725110194 -45.870750962271885 -9.64473175158736
-46.515899114588045 -31.684213609871858 14.702924543963945,-33.335217882191564 -15.336663641066188 1.591440467313332,-36.23336172847857 -2.3891681138503826 22.929744230990064,85.50328263458331 -20.44892234755688 -23.133583104595854,5.532749277210337 -4.442022260895426 -3.4345034611084673,-3.5483594792933895 -12.334703559272691 -45.60639466581037,19.92865814776419 38.811535833054286 7.103138279448426,6.5292080105965535 5.962971820147505 -7.727161810045207,35.260594510043276 6.6520293111643385 50.26810274503034,21.43842049961399 -43.01438500901294 -8.571037931408945
-46.39985688998505 -32.866645007846806 15.524748110126506,-33.57899968140912 -17.2939711862994 2.735866515358061,-36.815513004866794 -2.6511165850791034 24.0308252402292,85.72954294013562 -23.33236401602008 -25.14381988241639,5.242421485915515 -4.304023695620759 -3.3160268518904505,-1.7214596649692175 -14.375404281957445 -44.60541658309733,19.42507699415694 37.50348200707036 6.629193929239548,6.246066286274317 5.880623809493767 -8.353541396861138,33.72120479001655 5.580317764890592 49.1518510533091,20.85683483888841 -41.373128493301145 -7.951380268962701
-47.75005923700124 -32.18764680159116 16.01576600611079,-34.21769954072028 -17.14929194550569 2.8988626804583166,-37.449372201526096 -2.9124774555495714 24.273471369136146,85.76400069086483 -22.451661347157323 -24.243798740165364,6.102382033616201 -4.524198920718726 -3.6338744716654587,-1.890285039936673 -15.065183303145291 -44.74526011080543,19.162911020695688 36.80038903496863 6.379341625341856,7.135991758122414 5.7531872354626845 -8.1847925983643,31.044637406360433 6.631474169349088 48.685516194048034,21.08368135632112 -41.95208179634947 -8.161293733221978
-49.59718372131779 -30.570149398898156 16.318957989265378,-34.76305135412545 -15.619389723791269 2.294674198485903,-37.72351576701127 -2.9760046088086978 24.113743199241934,85.30261946910547 -19.027985693136667 -21.201599576300552,7.420718658582251 -4.910257356867925 -4.028215417054747,-3.3652750400810807 -14.400643429602695 -45.658081073775634,19.16938830567106 36.79621455475123 6.3824937449452275,8.465134269921746 5.638993534764103 -7.425963448744568,28.16431141835373 8.457880678024559 48.416357668060435,21.800496995304783 -43.888598147864 -8.88206878494141
-50.7730407113957 -29.17315332121213 16.651732418320496,-34.62357639179533 -13.657375510170183 1.2536754235945553,-37.165964899641644 -2.624307808324961 24.132218835618076,83.96708340358273 -14.637738017441977 -17.039329009347643,8.373326849407059 -5.2290835230368025 -4.071219293614317,-5.228800743152928 -12.489511265407254 -46.85164431291729,19.451835044253006 37.53834548097547 6.649244749442975,9.360521911442214 5.601706380616498 -6.3549037241054975,26.120379015383108 9.418422267767859 47.778223701889175,22.5910982124904 -46.05066293170494 -9.694868031428095
-50.573952558751905 -28.740024045136856 17.088591953237415,-33.513567960694346 -12.06978405494158 0.13065986977687738,-35.635543015979714 -1.7975097729581788 24.6039710343554,81.68145362394333 -10.545546602978566 -12.700200365072726,8.457837136231085 -5.32898029949063 -3.558649625293265,-6.710700711472246 -9.818497157167878 -47.91832515889627,19.97084073578152 38.9366515643265 7.142881119082485,9.302617549580663 5.67818194216119 -5.231939822869353,25.44328807651221 8.640936825583314 46.54866171521764,23.149551226479 -47.60254746019637 -10.288675153312768
-49.56772551014124 -28.87643139013808 17.312871100839278,-31.984292868103527 -11.261934781892553 -0.6527376841569441,-33.89656081461277 -0.8668850397707379 24.967829041565718,79.19747170939469 -7.162640989904883 -8.91147656355776,8.052548231680802 -5.281112707713355 -2.8983016525093817,-7.4444683936504115 -7.911683452137105 -48.68209872670652,20.55906501291481 40.524584151744534 7.697195718580398,8.739322230497937 5.8318976363243165 -4.269432335632832,25.26830003664546 7.35807605839958 45.44600861180125,23.47170305354032 -48.519530727206046 -10.647606708953784
-48.5376869639646 -28.995210657333672 16.941657288509504,-30.728868694466172 -11.571008421992188 -0.6636452637225265,-32.86672987175744 -0.2767564023556205 24.520960527894516,77.40713477520127 -4.755515823623244 -6.363701755825334,7.685013987070469 -5.194423287853664 -2.601666397307138,-7.132149635027419 -8.46865672137473 -49.006231942822254,21.027498891249984 41.77183555500858 8.12404867249124,8.282492545031877 6.013889757173711 -3.671579158453299,24.494302550316853 7.159112242348201 45.347955824938175,23.60456976159363 -48.91440543390244 -10.805822965734071
-48.07349105873651 -28.707260238347036 15.80875268375135,-30.260086966857365 -13.035719187638337 0.26678821909569306,-33.09974644561965 -0.3138541822331845 22.920113013346764,76.96864405030888 -3.4995398130036466 -5.466888782109461,7.690210803135745 -5.148220692354872 -2.96145300482155,-5.7744048229213805 -12.11553183497715 -48.81407844168922,21.250353787052468 42.32943413732882 8.30132888550402,8.317847569580408 6.177721314545992 -3.5613401839729204,22.548905689088155 8.893381168076294 46.68005442766413,23.593333705066325 -48.89959726271514 -10.80078410841597
-48.148925103267025 -28.25330469544928 14.437096509054815,-30.51731552512701 -14.74567954804967 1.4678467049400508,-33.991764653592426 -0.7637761428330089 20.965471692186124,77.79674691056313 -3.2803078402715715 -5.738981391074605,7.790732844520577 -5.127579973814689 -3.5746602210956606,-4.321466791458791 -16.064862009575968 -48.22006320321144,21.302877376085245 42.425043669258145 8.316891963516406,8.512005591010418 6.284990089990696 -3.8033443837548395,20.54101821779221 11.057274612353039 48.43008215032602,23.477346163329283 -48.586364803273845 -10.680443818158436
-48.61563276877215 -27.99897555916972 13.486296841438902,-31.32619747007345 -15.602277696373346 2.102311905164586,-34.70937361708212 -1.312734166950654 19.68398783447758,79.65874133473258 -3.9259433330325733 -6.521005519783327,7.587726667889773 -5.0988875341537705 -3.9003139171775527,-3.9118845007583323 -16.852229967318326 -47.37650574637961,21.300187106814942 42.400686928460914 8.300234323356534,8.388972832631097 6.2988877138458115 -4.210988220675227,19.91298273673644 11.68054914609349 49.30067800924598,23.29480201504785 -48.085735263910806 -10.494836864457618
-49.181058295370754 -28.124751177236618 13.372834937935055,-32.45714359271469 -14.871904531210353 1.6128561979195017,-34.661611978352234 -1.7048355959119077 19.753857924492813,82.04033279589932 -5.120524278671829 -7.231091851873633,6.854911680891058 -5.039159178255146 -3.6171240624245025,-5.223077904313548 -12.413291556502049 -46.46388669519577,21.31827535455112 42.48119956067759 8.336239160842595,7.672936969422333 6.2055143267679815 -4.6489606972463315,21.55529490880433 9.48857629575729 48.425779154201884,23.086675078248195 -47.51395890398878 -10.292241917545935
-49.0185226319691 -28.125291467834586 13.612635816997887,-33.475980915209945 -13.172942736809457 0.478883680692214,-34.15556586187752 -1.8986360016710466 20.561469924121074,83.38419133507986 -6.014575764752025 -7.5729716499569095,6.0052274215122985 -4.964782653392242 -3.217523625814189,-7.224417618542743 -5.869656969265522 -45.766997085834575,21.28821289065111 42.457349087283006 8.344539640942388,6.829569709917387 6.0758245576394465 -5.171941441301284,24.314376434730786 5.783326861775658 46.536876739050726,22.904232528053587 -47.006632475331244 -10.11443295126889
-47.17770601269182 -27.336500716817127 13.513160610802268,-33.90117869826044 -11.436738752242592 -0.580215289444271,-33.70620454277456 -1.9023321775160484 21.194179471261798,81.89154152838627 -5.63511420023452 -7.316487990728065,5.599582323908836 -4.901259660825468 -3.3823090028262923,-8.489889066234396 -1.5433991232008708 -45.5947740910133,21.107523530189447 42.01942343244394 8.206516277469616,6.496184062356906 6.000415447027631 -5.878589770574327,26.563479674193026 2.463211794599217 44.73526926778055,22.801124281643162 -46.70383112303849 -10.001678209757621
-43.1218244979382 -25.354466188967688 12.59911886915134,-33.379016127222314 -10.394489555868791 -1.0035158385803642,-33.70654576221075 -1.7303617344666862 20.958916406037545,76.47949462491736 -3.3819209964350363 -6.383506929030692,6.0363914547549795 -4.872640719585988 -4.562533688261196,-8.015748783653862 -2.564298243124825 -46.14756509871487,20.699159824725182 40.93952652375834 7.835949512138885,7.120132508089529 6.038283157191383 -6.810513048371416,27.069268517683504 1.0094020652090108 43.841275351233705,22.79677984885456 -46.65635243440994 -9.965259348602874
-38.10055354341428 -22.89925594511223 11.333725229264353,-32.10790651031639 -9.912753896810134 -0.9146580887328658,-34.022781168537584 -1.4241223841265271 20.111162958969942,69.15776568624764 -0.26510851639512445 -5.352628133486914,7.012104574292873 -4.896707295425831 -6.216770387235484,-6.622448818331448 -6.911474447443524 -47.156613663959135,20.09592552205548 39.34320438193785 7.2865862706506315,8.32814511453473 6.111909230935973 -7.762856315913332,26.29793004278624 1.100607445188014 43.46139090797364,22.76279785203685 -46.529318266155244 -9.891237038547791
-33.845866292868706 -20.99438369995482 10.433566352973113,-30.43532504412581 -9.624660634850159 -0.6220969501626217,-34.378873033254706 -1.03229036579203 19.1624858963269,62.77099256744313 2.270463299013912 -4.979752309852616,8.03365902212538 -4.989548372358737 -7.535647741010318,-5.622926678106347 -11.173503256829006 -48.22651747750254,19.360281342933902 37.451423222977354 6.649960798029294,9.52540518794083 6.106919805609676 -8.464226181785017,25.174478494421084 1.9289199461297821 42.87441122159959,22.530866409306945 -45.88372803386602 -9.631865533215079
-31.71866673600899 -20.425648735713814 10.413527694456082,-28.69639692381 -9.226338096546522 -0.42055199875554794,-34.54021794480555 -0.5982495491264094 18.519534650530158,59.57336826453772 3.0899738274480186 -5.7548470527221385,8.683211079739419 -5.145058688324356 -7.874178476637923,-6.01365961317205 -12.561816692639374 -49.00611345476803,18.5742492371835 35.51658273851901 6.022997515056587,10.213000347960165 5.9526492804481 -8.694663461980305,24.44684078857808 2.756688246904202 41.571185914753194,21.98889188893387 -44.42536781366237 -9.089428973470374
-31.20879913825298 -20.78021192945077 10.771447764219722,-27.16396386243808 -8.731591770077323 -0.5354713226764183,-34.48114569067131 -0.13869780403613508 18.059919536241264,58.841852133077964 2.621931018804826 -6.826965988557235,8.922204321785953 -5.245224280097 -7.416261328027867,-7.195415801768498 -11.428551644241878 -49.3673135153703,17.91848133466842 33.94957039910406 5.529796454008638,10.37560875017597 5.798822739672823 -8.493558109242654,23.969989925803407 3.2005507223101333 40.111820438914954,21.308250015295474 -42.59008175421307 -8.418477131117859
-31.217710698043458 -21.268295190003915 10.685331648500853,-26.091281122840734 -8.254127915207938 -1.1705190233626095,-34.24168983032489 0.3380590160228625 17.4948825469163,58.91714504416932 1.7864668661292442 -6.923482005533945,8.83135779442627 -5.136838961199168 -6.606456989239957,-8.067156598176863 -9.113510711820334 -49.25218056153452,17.60464625708257 33.21111374346883 5.303003633101521,10.149984536450678 5.8644721052033075 -7.981858280687614,23.318089342966406 2.9885601585828283 39.39267193511185,20.749459865889996 -41.04329728420339 -7.85289041365225
-30.817162191955482 -21.22252798357133 9.504952070861762,-25.63735705390174 -7.892397039940078 -2.4318175508846793,-33.844617336444884 0.8266808570280108 16.619925657104556,58.35467643103971 1.388531924682213 -5.08537291907852,8.522281612745392 -4.707525256702424 -5.833573802219633,-7.7551476858108375 -6.861829648090511 -48.657452974510356,17.795281533035368 33.65341571505285 5.443228845613057,9.698069213860885 6.316308047820502 -7.274034335103525,22.19123644926321 1.9948694041444976 40.1537598329918,20.538756999980635 -40.37177246890697 -7.600036928160813
-30.08462973017578 -20.69826730605729 7.593794548910884,-25.40540741577139 -7.654661630433545 -3.850270308217551,-33.210721577173906 1.3393008310226329 15.727844309073342,56.97828357017038 1.5527194498175456 -2.204054400059183,8.288513687810688 -4.085774646220806 -5.157051528388508,-6.727294863724786 -5.358206964069504 -47.90217465195846,18.363100233846026 34.98853255137258 5.862125240256449,9.330023070830414 7.012319947400024 -6.446177334900591,21.03284681237116 0.9550376522620068 42.21235563934053,20.69999311665143 -40.697807313289864 -7.710753918926097
-29.46500801604456 -20.014904640385716 5.685684910483958,-24.79559992487154 -7.516235728097454 -4.746635574785142,-32.223541841826076 1.8944355324126096 15.29311046943737,55.07519194516018 2.155067351634609 0.1530362959765747,8.490055722799891 -3.4880754107043046 -4.516001505765906,-5.941646128603401 -5.0825962931595985 -47.42313756144318,19.074933685970056 36.694655305392324 6.402314320116514,9.410155253120257 7.697711847261459 -5.560357210852464,20.55789287389321 0.9193221989145812 45.04862280230885,21.183082896529218 -41.97402107728661 -8.178693115130429
-29.330955932412223 -19.470241366458847 4.40429849026807,-23.342134258716655 -7.470799534105653 -4.581817657759447,-30.81651080767811 2.5047917065013543 15.668517239273164,52.92635134908999 3.0515272863380636 0.6878348678177088,9.374084718340814 -3.0921031585625958 -3.8598643081836825,-6.18034081211854 -6.4271378846198965 -47.576213972749805,19.71537383466511 38.284238163196434 6.916039813411075,10.18863094266217 8.16027556018781 -4.68170071768144,21.286931645273324 2.701467095139097 48.11643583282841,21.91361588223811 -44.066769049585375 -8.963291614129174
-29.55131996524124 -19.209921745772455 3.607001133950245,-21.509131448383872 -7.639511078419456 -3.78903983421761,-29.268832638610085 3.1427917433724533 16.362669999561376,50.76453260918492 3.9615420729852606 -0.026060237213403448,10.40606085144487 -2.805950614544906 -3.2108149844193363,-7.0027685897310255 -9.178169216686497 -48.15590014573669,20.19304380064198 39.50931417732864 7.3228614243062875,11.1248916471661 8.483772476794247 -3.8966389803771215,22.391889535816066 5.474719601717761 50.69112670594405,22.64954448466172 -46.246971383784704 -9.787717428978546
-29.78180929670173 -19.315220131161276 2.8269722651190587,-20.15411477400483 -8.197457752184798 -3.212863897223733,-28.005989761677252 3.763815779068871 16.527041405555256,48.80212449191601 4.546804610875446 -0.6232456176187812,10.720739820345447 -2.423663748443918 -2.62179882625834,-7.451036182874251 -12.865743543460992 -48.71920281061054,20.469037962733577 40.22326998741807 7.570816809683219,11.343864056903076 8.877173605826322 -3.3006159153289003,22.47415619922527 7.718316540398948 51.9724951649685,23.07790240268811 -47.53365002680888 -10.275185185505531
-29.724791313429968 -19.816988029644932 1.6427248098254765,-20.009557329062986 -9.268129220493675 -3.59499803822277,-27.386158268746456 4.325907499368083 15.441130469194917,47.209953755595656 4.523317435831495 0.11606632941936544,9.605613207473883 -1.7702798241782116 -2.1335839656236892,-6.694878649398098 -16.95933184338076 -48.87576940588534,20.509786693926824 40.29963496653167 7.614027448317758,10.123400652583085 9.520247906778422 -2.9594015090224697,20.33290212037408 8.067408260660367 51.30609312077279,22.9423923907599 -47.11909136659505 -10.115185679822599
-29.46991263981261 -20.336152585708128 0.012473720646481612,-20.77516354453964 -10.552042270090706 -4.825137719292901,-27.21355340970655 4.809361280434621 13.440452503531201,45.820005209763565 4.052315660590607 2.199305434507724,7.6052201417342555 -0.9272711387153951 -1.6865894570001572,-4.961471655146957 -20.441110831306528 -48.67209658147404,20.32376774522322 39.77348558351725 7.455470093706765,8.00006365309125 10.350616214328577 -2.696155670413538,16.399228346209178 6.450749721846274 49.23003529480677,22.451603565107646 -45.617985630557484 -9.541404925794893
-29.295930907968607 -20.293472172219438 -1.9201550443570965,-21.646330097521343 -11.543173239716381 -6.376934963707931,-27.021887699316252 5.205336657397565 11.376182550870595,44.29880490410832 3.5124444036123745 5.041899226847443,5.877924365148624 -0.10132890806310821 -1.17223323808258,-2.9943460936722315 -22.055308217183516 -48.36799734030288,19.939990879810196 38.7587828202599 7.121977852425042,6.125051549609003 11.187656835694572 -2.215570206438775,11.901118387440176 3.4287715517408692 46.864772699519406,22.041132120547815 -44.33959222840951 -9.053263053658098
-29.441253519779224 -19.197727744549184 -3.993529431945627,-21.88619031497234 -11.791191330429928 -7.743650959302217,-26.399904628090926 5.50401282469717 10.014281769308313,42.369282030995805 3.243490190127331 8.04947870579124,5.460944297284633 0.5135053801027983 -0.5067063285693088,-1.497009937224213 -20.794604517661067 -48.2093125629418,19.40575441352009 37.41147180541291 6.656261807195982,5.532540734876369 11.860413039924605 -1.270488617202233,7.995524660545153 -0.40719955059789353 45.24314075568345,22.09645344088275 -44.44471357764676 -9.093619399482668
-29.7404322760973 -17.42474866822245 -5.883518861031065,-21.448108703436247 -11.399604010417436 -8.636099246257412,-25.487965971619975 5.685345146205475 9.260188984264257,40.31239625764353 3.193995591046646 10.57152108381634,6.175960046113634 0.8541286479881224 0.15025979562368955,-0.7507978941022752 -18.077533727922603 -48.292330161281654,18.944424275941017 36.289602283484506 6.253497463083579,6.0811151237912195 12.299453271924225 -0.08865180437848691,5.097993370782435 -4.207603429422459 44.509774527345925,22.501914554393956 -45.608361786250775 -9.53918753520808
-29.801061062212888 -15.837626338459316 -7.174672171911069,-20.673344426296595 -10.783163604556226 -8.887352975093073,-24.736430781370483 5.723543419139209 8.535748502667314,38.72270803598113 3.0926327282329664 11.925946387148706,7.161546072974501 0.9310223081416673 0.5020693086553135,-0.7997926356186913 -16.685905844640534 -48.629292586530774,18.878312501443016 36.1771978996054 6.1945419583984735,6.968701659692849 12.49240087996305 0.8353174941466253,3.207416830644684 -6.977758437764938 44.310160122711,22.860239437190764 -46.67056766999845 -9.948519634975474
-29.273303675754047 -15.23278137542393 -7.498972232796288,-19.893335709578697 -10.337157539374472 -8.367567761748312,-24.550848254612283 5.600613190648979 7.313411535298639,38.12344386263975 2.6915097745393117 11.526721043683967,7.605717900432911 0.7629449229637694 0.28545953687636366,-1.6383148839726613 -19.15217813595585 -49.214770952681825,19.49334267396991 37.77044850506621 6.729923087180674,7.43585591601582 12.436243204251838 1.0526172926575839,2.3013260355902934 -7.823161675010757 44.299880873255034,22.808665799365976 -46.57116507633413 -9.917945496521387
-28.331542467730024 -15.568588674101987 -7.051629297255889,-19.27520159590758 -10.19035304169934 -7.362175973439861,-24.775773576538473 5.389928443497249 5.7164583439259475,38.16802765027023 2.043605981563214 9.908430920096803,7.35956191686178 0.45536320466701896 -0.3576391474026462,-2.7128769493212586 -24.933824845754756 -49.84877329159831,20.639629928343734 40.71525999831827 7.746512263048635,7.304107437470508 12.229447379565626 0.6816169238814459,2.162795730359156 -7.032650882010257 44.31643515334812,22.42206447052821 -45.51815258262922 -9.52409478584519
-27.488365307460526 -16.262748468073767 -6.391226125541985,-18.880048751521006 -10.29956882242191 -6.42453046207971,-24.8938303116475 5.223810538260586 4.288058900630883,37.94872035411681 1.3960109742857634 8.32864216614519,6.701952165993559 0.16968460727837 -1.0238815035100903,-3.1165663598588838 -31.504460202275194 -50.20578306602828,21.886122658017666 43.979935727594054 8.896563879994009,6.769807685719436 12.035951375882245 0.20660270018565238,2.4494450140663004 -5.658509374752465 44.31468588116282,22.057650228360878 -44.53769955975653 -9.15346805169649
-27.21853207834343 -16.75501053623062 -6.047986676411699,-18.75621632296111 -10.612276881962671 -6.08027827329919,-24.419692828150904 5.222984393818929 3.5557266748750607,36.64752161858109 0.9971638743745995 7.968986470406482,5.9110486603776 0.05761175160518425 -1.3280451090889112,-2.037589920162478 -36.382965584439894 -50.004968675163674,22.81828267599779 46.56797725549054 9.843111787655392,6.033390620632606 12.006418158349927 0.07814645262335197,2.8355230051365123 -4.675544706574954 44.26151815279332,22.05296179051186 -44.59840696252766 -9.170944177105268
-27.384476096366996 -16.92270566503044 -6.067300012733336,-18.79706754846945 -10.984646984023174 -6.4018428427605425,-23.40454459618209 5.330964789936343 3.727818701081512,34.84241996519137 1.0689386033929082 8.771584685141905,5.154508457696044 0.120991845320646 -1.2015995585680763,-0.08716789135674025 -38.19174775418584 -49.62448795541165,23.320228482125763 48.13785458234539 10.45613727634356,5.264796487472749 12.089121443273433 0.18593744722992442,3.2590174720195297 -3.7878387311484314 44.26562721102878,22.402049848599336 -45.66575318597231 -9.564041264912172
-27.395986111121513 -16.966633645831287 -6.13615513292498,-18.781404243431805 -11.205356375157399 -7.126615263362183,-22.296167800895525 5.360269076491139 4.776764922084997,34.1433480015481 1.8135715330692423 9.762285407068802,4.518302527269393 0.2508958500378373 -0.81011978860632,1.0715582467573288 -36.368962446448016 -49.92963747591612,23.496851826514707 48.832204034578965 10.758601499625149,4.611423941833043 12.08272459414544 0.005048862882163219,3.852877292541668 -1.7601263687421795 44.540537316012724,22.845051583248726 -46.96368751257924 -10.041324460801361
-26.6792203659448 -17.082328468392657 -5.954215655893232,-18.49430999172008 -11.068818778276908 -7.988313659335123,-21.530521629119033 5.137277352170342 6.6396320507425814,36.05335838451367 3.393902868872688 9.997642661262038,4.07799409578683 0.3394094928318403 -0.3201237117815376,-0.13525842501375024 -30.503738343787525 -51.72191643977616,23.45731909471961 48.80939031760847 10.77981021170441,4.207277011585123 11.796714665416337 -0.9540808899046722,4.739933408562496 2.5333106548197586 45.28006029645477,23.12360278757011 -47.723167428234234 -10.31429559394802
-25.127561022469575 -17.24282086675864 -5.5861260222561855,-17.876156076964463 -10.496184664853441 -8.793063045606717,-21.177824541165304 4.781607948209703 8.736887525119922,39.805756425796986 5.298530469752747 9.437902372630099,3.7620794312095103 0.34116206114330283 0.18057965072305082,-3.308129707644218 -22.468404213136317 -54.50029906078368,23.295193713764704 48.30358911846853 10.596832957088942,3.963559055040061 11.288746433571474 -2.4002827685637165,5.788659693417523 7.939853000066911 46.294095538457505,23.108369969222405 -47.597543537298186 -10.258555055108006
-23.029587955819867 -17.232938928533507 -5.405246858941377,-16.99866267456799 -9.515803798357961 -9.408233241840936,-20.99893605147599 4.660912471697829 10.052037308934752,42.713999317428026 6.445749555496297 8.807691223424179,3.3746593595195966 0.26368482598486936 0.6707565806841969,-6.378437256720389 -16.066515835829343 -56.662028931965345,23.090841469685397 47.6131002527318 10.327139910426302,3.603019218883796 10.826385410549282 -3.382012804164357,6.652384074451598 11.379767196128908 47.06781307768109,22.779159261134566 -46.597444374647786 -9.8885047256813
-20.683568464704006 -16.846999725196632 -5.775924795221544,-15.936568135052454 -8.171541549611497 -9.71059915524613,-20.75507236817564 5.133629909730451 9.612961985324308,42.15067590164865 5.79085428750002 8.829554130449921,2.7260395265163835 0.11717388920386954 1.1315694844233877,-7.312929128964248 -14.99576321717846 -56.63996979600545,22.91987405631167 47.02381750529042 10.08407725636914,2.856753437890201 10.672791322782972 -2.9724401502431452,6.983906243039448 9.854525094857577 47.098026852378524,22.124224353058185 -44.756330107169134 -9.22655708525232
-18.327918464882178 -16.213454796912817 -6.656391666368759,-14.740350149364392 -6.770338561632508 -9.738954544989193,-20.42637896616661 6.189207965475536 7.7075584437045634,38.08057562100372 3.480338482316501 9.659077664006531,1.8459233331712073 -0.06653753546867563 1.5506596229477543,-5.9843398233250795 -19.341027908720694 -54.39110840470222,22.763880707232772 46.50898906981096 9.864033075023443,1.7654097632535752 10.852334330942805 -1.2311629451626036,6.57145756267681 3.4411485514928275 46.35559404289488,21.240388102910284 -42.35856350927865 -8.37397374109903
-16.143171196085664 -15.783899381591711 -7.61212295193233,-13.437023760984712 -5.873557347106354 -9.688782694464306,-20.20472929049899 7.460240383294796 5.842293839622908,32.975422597880616 0.8127131752960094 10.903539154469037,0.9761952288881863 -0.23469083749930858 1.92193400131804,-4.108696179156212 -25.69322004506741 -51.346421149176926,22.5135209007428 45.73950148050671 9.55028447493596,0.6690061852779722 11.158449596484228 0.8282385499681458,5.334246280187611 -4.808955431919302 45.269822245490786,20.329471343225954 -39.93115695897931 -7.508271823573904
-14.30699680437583 -16.00426171988325 -8.204479231354608,-12.057572456213784 -6.0284442252062 -9.75692123344967,-20.275191533084488 8.56944979286868 5.526534349544467,29.346032648290862 -0.8938975309175632 12.151881649097069,0.36193144844975267 -0.3347539774464719 2.240001622866537,-3.4294383603043226 -30.561900395682635 -48.97139360364925,22.064033542736418 44.3990058137006 9.030862399967152,-0.08814809470306757 11.379678718850245 2.176746314040487,3.213655452714081 -11.773061040533282 44.283161768092114,19.596205011525406 -38.00719021987127 -6.809169914062225
-12.983317757259387 -16.796307187695614 -8.326524935337973,-10.769760427074871 -7.101600869300612 -9.999901537399515,-20.39357370670306 9.270739701030744 6.966617763235192,27.941977812138223 -1.08494552211138 13.106703502963589,0.09589775174524919 -0.3442407195176218 2.511841453010128,-4.3580925885938955 -32.16564821190655 -48.015823872331154,21.540993900633236 42.86871109256362 8.454157963973813,-0.38252909573182065 11.4309336730023 2.4399655691927977,0.6178186973348014 -15.725948952679037 43.68233764314092,19.206880696944758 -37.01265167848125 -6.4309112270564075
-12.32085725394285 -17.502292992878868 -8.238052288771787,-9.89257497110105 -8.207116406904534 -10.319134072066774,-19.84109892550488 9.463045616911472 8.928269335508359,27.565620163014415 -0.05008312632779288 13.596259014458674,0.10246726687235098 -0.27388310758419765 2.758108538683047,-5.833637027847374 -30.612513053314807 -48.438254588006586,21.324634356813196 42.301038028625214 8.256413357832875,-0.33471032486565216 11.366840003365713 1.9672451332665688,-1.529096555484101 -16.487466241476085 43.58190690876607,19.285291906703563 -37.25513078101192 -6.49957371737152
-12.462093287025718 -17.449022825688413 -8.21037919002762,-9.745147839193674 -8.43882282477143 -10.608167320591336,-17.90347174157326 9.057727042039007 10.124820059607988,26.948084446533976 1.8713222285910311 13.460354941935364,0.2985391598352489 -0.13773423559401932 2.998031327304618,-6.7396038021946465 -26.13298385791356 -50.1458048939592,21.796508792429037 43.85159072248676 8.874655956543938,-0.07598789356819542 11.247937033649949 1.1430220764336287,-2.2979806742569213 -13.979525654208215 44.07992720774946,19.94682384873064 -39.02009872810589 -7.13368786184855
-13.34961439619746 -16.4955969597047 -8.24191955636059,-10.36532766668508 -7.574794390858251 -10.766611946350693,-14.929856261320667 8.14625587844925 10.080989784047624,25.901891027207746 4.119179071042918 12.72371416752077,0.6464340169897689 -0.008510636411257884 3.172681134831422,-6.719680027242276 -19.86053511173974 -52.661978055084454,22.903979172430493 47.33107354789198 10.229178300870526,0.33226504292619463 11.086558275927114 0.26510824888561757,-1.5566474011197147 -8.93361984391861 44.996530635327595,21.079494375047748 -42.00745092438613 -8.228777930991246
-14.673253731564808 -15.174191853035385 -7.986006806472283,-11.435287377039533 -6.25831322594674 -10.701744093343587,-12.614135534790034 7.047851812247152 9.347479984841108,25.606958933999014 5.854295702481867 11.64488154956052,1.1659067146417428 -0.033107345776095864 3.124301470530133,-6.37875046167842 -14.070444735966671 -55.02520431526252,24.04538226140831 50.84959762835089 11.586874203244399,0.9170912201929098 10.834082156729922 -0.4782199994587569,-0.18060085323822644 -3.1049357181477966 45.800419138611865,22.283820802835724 -45.17663631120077 -9.398382228852578
-16.111720283907488 -14.054358631689494 -7.08297352994888,-12.617829780481353 -5.181060046653254 -10.325383402610276,-12.708576301654888 6.0933162080448495 8.538370734759011,27.30884445982532 6.235482717563149 10.497249868585358,1.8799804912953955 -0.35902719984046083 2.69316570518348,-6.373437321550385 -11.07318047949457 -56.25629578369772,24.591185383737976 52.43224167545612 12.18218413093068,1.7104827676523697 10.44033904429902 -0.9083547654606529,0.9039397003498123 1.699723966878321 45.94786388974378,23.14793118564178 -47.456587873904006 -10.244441654672006
-17.59954916835304 -13.41395197299389 -5.632318960389158,-13.74899164250949 -4.677604915106941 -9.752971794408438,-15.564210543123844 5.461240930426866 8.14512846628106,31.143282147627694 5.220965944973074 9.546565987947014,2.7907651911428295 -0.925169016886874 1.9391549224932165,-6.861579951866939 -11.266550613495916 -56.05451814292693,24.281305240151333 51.3134034852025 11.725128829669524,2.708115680216373 9.973878317878905 -0.9794412184091947,1.4708055008543066 4.379938063274451 45.403422125300054,23.564218620473856 -48.62982260961833 -10.69517857927147
-19.44164374079076 -13.108527616626752 -4.398293605692076,-14.915606457920319 -4.565516569991564 -9.394742135487013,-19.50345469650797 5.109858938505638 8.481707646040304,35.63927958802385 3.9263120229853783 9.047507514869448,3.8700936212694037 -1.368428435064811 1.2400838124294715,-7.278912654847988 -12.279340785873584 -55.10135754665432,23.390523045004514 48.478253504156235 10.614242900183138,3.853089841254031 9.675122934373837 -0.8378156965611773,2.3073148857925245 4.8579382669747275 44.86751422315531,23.865571127050227 -49.71462031954646 -11.151184233108578
-21.965373233721156 -12.962823541186932 -4.188173024834532,-16.22279542994305 -4.624534438366034 -9.678132237070937,-22.70179516914082 4.979661125056733 9.842301782993843,39.211681056149686 3.547826350864702 9.25070301142428,5.08549291737412 -1.3062051959081922 0.9941827889443533,-7.010643394311057 -11.550739505781896 -54.150606715949834,22.23550070395361 45.04713760152763 9.300982149953517,5.082943996659719 9.794910711005713 -0.6448949631625137,4.268144344237534 3.14416362132275 45.09084866702448,24.415231541873712 -51.812088174946155 -12.044335315113443
-25.02362127646967 -12.964076033603286 -5.154251264551662,-17.67812109437265 -4.826021888849363 -10.60368831517244,-24.196129972927192 4.975059108991225 12.094107980473138,41.118397837805574 4.565820992035765 10.175188614945371,6.263611602559883 -0.6571613924401976 1.2746287240262906,-5.877752713829353 -8.493230432938388 -53.62379302493181,21.134347354162355 42.00596048557516 8.166594083796983,6.22997565180978 10.36311160211224 -0.564912951451616,7.337568536429983 -0.15644237937691124 46.292674516313994,25.276632710357045 -55.01270950259582 -13.392897461012806
-27.68148479366979 -13.3693167254487 -6.361358971824673,-19.127169689687744 -5.459494816610395 -11.463190037771694,-24.453555643831344 4.940562223302127 14.395382777433786,42.017082280947164 6.2718469034781466 11.455488410356644,6.997197956727237 0.15985610634104283 1.6149132875027734,-4.424732771034809 -5.795551919814814 -53.39078491221719,20.40757496595262 40.117414698682595 7.475759619411344,6.951750666882848 11.042723430654508 -0.7667809316611058,10.054737162221105 -3.4518826838448198 47.809860699712196,26.0154340505758 -57.72903257118603 -14.528419377031788
-28.93554754359665 -14.458197738616006 -6.776901092186141,-20.400856898965255 -6.840543947704275 -11.486456072691498,-24.07550516300196 4.716156024408601 15.841154529112591,42.69561862303545 7.847519198035533 12.689997173554932,6.860156404304066 0.6808594479078027 1.5004586599859204,-3.2625309724360196 -6.433553649935351 -53.26992590671286,20.37379034239854 40.11794282025241 7.480360706681308,6.892081743836635 11.463812585278708 -1.418027440149358,10.833055492368574 -5.065525258437204 48.89915572325293,26.153481040610785 -58.22676609603938 -14.722501905440005
-28.437252366284163 -16.190249432194427 -5.948364217693693,-21.398416952069486 -8.839062503791096 -10.456092534664437,-23.605714949915978 4.269569866585974 15.937089517387317,43.74407445383738 8.718197165024167 13.49118306024486,5.791099811892394 0.6712256428174512 0.7364861033118846,-2.8020774477322283 -10.907194228605183 -53.1349547835914,21.10933303571271 42.15247400445363 8.226726630561094,6.004037828264084 11.444938371785854 -2.4789159721209937,9.280039522220338 -4.278558074759762 49.16660396323013,25.566963048701876 -56.0629023566582 -13.792057624198032
-27.087707459275187 -17.91411489455543 -4.5302027726936025,-22.14945612923969 -10.474420675415967 -9.209587942456729,-23.477819271729427 3.812306158899786 14.972472982315658,45.3750245274127 8.774376276363437 13.498370408932443,4.424612925344978 0.33402788941999784 -0.2615116221258118,-3.0726100378624785 -14.991697740985478 -52.96532087798739,22.22822482762263 45.237154348754935 9.368931224927737,4.830840503217678 11.164360488421014 -3.5141868499831275,7.281922679800893 -2.199973761375119 48.88480991664741,24.8082626829955 -53.25858566437151 -12.594615641017867
-25.926341083360196 -18.91150421805555 -3.2997377803232655,-22.69804599068663 -10.673765387203739 -8.700456291332477,-24.110967456343456 3.5826147245992614 13.325067442723498,47.756293472516106 7.960025759750944 12.356081877202827,3.471862507369253 -0.07888457988123034 -1.010449513535082,-4.059508122430506 -13.946915132037892 -52.75265525823207,23.29327178637893 48.26304037278626 10.517554380897275,3.9806702464983674 10.840358172815161 -4.045424734371301,6.974734741818544 -0.14217301506945507 48.40079153741726,24.50401240319397 -52.10555395373391 -12.101963832247833
-25.55282976672409 -18.814957429203048 -2.712558477712121,-23.049330184146616 -9.044689512368297 -9.364919691776086,-25.50621725118005 3.6862947489214357 11.443132921896463,50.59875128493687 6.450974437413234 10.141817432019318,3.3092366214673823 -0.4042213717896791 -1.2332630494292218,-5.562315013280859 -6.203513884100196 -52.54702018679873,24.021269893925325 50.48869390287815 11.405926729609002,3.7819674270054082 10.605553566473157 -3.8572546658216007,9.210585914582593 1.007725698523246 47.953191291039424,24.924609869110117 -53.60050341709047 -12.736311423648257
-25.599694362587208 -18.0286025588373 -2.516662296016673,-23.12283734171726 -6.691305691732273 -10.501508814119099,-26.745108378526133 3.937843810519224 9.92997615801314,52.608277567691765 4.932985046594979 7.885333577038465,3.576837161499422 -0.6734614991528376 -1.1059930922908963,-6.971860663742429 2.834191844389461 -52.52698693890444,24.46768854238903 51.980939283962805 12.037347309412867,3.9479338283653287 10.404181272029911 -3.3128121881904513,12.017833803470463 1.297936495367765 47.542299043412996,25.556977695918526 -55.89191640832671 -13.711167205381148
-25.571261546945724 -17.058992813956962 -2.366166901658506,-22.827017323913424 -4.915677746533227 -11.258100043916073,-26.788407291016163 4.11320439158777 9.408506669208428,52.35931447349355 4.15866731777774 6.741666158405298,3.8172668889359116 -0.9439340775138286 -0.8648827239809442,-7.625446408776234 6.841267716994355 -52.88773165495622,24.73298160756426 52.913999407716474 12.450997095293165,4.110302828496472 10.155528218097915 -2.851812198268596,13.051812362161243 0.9010232518494456 47.13654041758013,25.784473522587053 -56.751739113521545 -14.080248820436491
-25.192267212841955 -16.3007871238738 -2.0387708459828056,-22.20236258984886 -4.507933647274983 -11.102017626141615,-25.268874991213284 4.078204759449988 10.070032122480587,49.39565494514101 4.453717137124954 7.256039118767616,3.7801384783107506 -1.2427400872863152 -0.703164874595204,-7.223197725598218 2.636549609449106 -53.616001898142294,24.879756306224202 53.38875195505224 12.665596707130785,4.074447517346049 9.831276461599483 -2.7399943515765415,11.13706700299045 -0.06746461191008009 46.645343198343376,25.287167671019382 -55.01377828469045 -13.347907914935682
-24.74786554374354 -15.86413907529131 -1.6263926988362758,-21.62510059357911 -4.9565397637321515 -10.312822361280574,-23.527903553889374 3.9272191501951954 11.008457930965537,45.72578881916035 5.0583479867604115 8.423152565975949,3.74141347075631 -1.5201216549802001 -0.7047137275939575,-6.387766328088178 -4.967693517420779 -54.16858923214154,24.874389941388337 53.319585138894304 12.647843726105194,4.0872418978871385 9.536329295063643 -2.800744265107331,8.071011040949974 -1.6369441365255835 45.82812571042839,24.499559959067255 -52.21175536438459 -12.164290040658877
-24.61087909042106 -15.81459309455726 -1.2701389281074633,-21.52387081017925 -5.546333710969403 -9.297178527144354,-23.173902541595865 3.7903820827737755 11.14619727988238,43.743403161438344 5.043101223791754 8.995264926913533,4.059370289657662 -1.7142967699491478 -0.9362298295088917,-5.886035910346827 -9.909204161075388 -53.9195167416518,24.668217041844287 52.5917607816279 12.35631974947795,4.464597528818308 9.396416915353932 -2.7882384915767977,6.115910927561414 -3.859395069930607 44.42095329899105,23.974130798827492 -50.30162524155151 -11.358728698509639
-25.046963460142507 -16.14467021971179 -1.0922194063710333,-22.129025022586397 -5.805030545930836 -8.358709808937352,-25.153985680915536 3.763989048708099 9.836658059079639,44.9192727639279 3.852049312514738 8.160651471191262,4.964547232138428 -1.7771729709311723 -1.4033114795825519,-6.206551750155941 -8.217256560995795 -52.51076971180273,24.244394069468182 51.18423786813578 11.787017684524352,5.403186491871447 9.495199803508706 -2.5289379143585533,6.713039673734416 -6.616735727119528 42.329212384671884,24.072428623558945 -50.56889118423018 -11.475877179705147
-26.005721633670266 -16.63153372158941 -1.159114894352704,-23.08613258124786 -5.97663013238734 -7.497156540657308,-28.464998462497995 3.844538781794013 7.704321158681067,48.00235504955278 2.0308682868511854 6.393471565146618,6.31075632978197 -1.701030489000125 -1.931356580275015,-7.016994177022461 -2.0893898980786076 -50.37459723933181,23.679925506844743 49.352303449919134 11.046262434603678,6.748024391073941 9.792268053296427 -2.0624815836463,8.882428023232578 -9.289345788214328 39.95764458926425,24.592912620682302 -52.32178633585228 -12.220820854190364
-27.37877899271209 -17.012841025373564 -1.527083044879454,-23.933488672241765 -6.436529670680707 -6.6565138239639,-31.746023585770395 4.010223012748837 5.606836740630276,51.24230946714266 0.3273154947845473 4.403770836892422,7.882701868989069 -1.4855556375487469 -2.3127065571246264,-7.834461703193241 5.145332458577757 -48.08821667807758,23.069031586280094 47.40193499048762 10.26061852045343,8.279617958956889 10.22445193127825 -1.467614563147186,11.19994710333202 -11.16560124963234 37.80259468293074,25.230747273542807 -54.50582774482903 -13.14463234771386
-29.05776091897578 -17.02624955624774 -2.252381510778262,-24.20938848164631 -7.560126361152732 -5.780776760516776,-33.63614375016004 4.239233472289895 4.401854966870792,52.88879546552732 -0.510851715701802 2.901594914541408,9.465088136160558 -1.1304347299697755 -2.339702835669756,-8.176052840915172 10.157847139875154 -46.22884538187852,22.505932540080344 45.639109953350825 9.55665046281108,9.778473928051453 10.72858170401534 -0.8230819165683422,12.24146804130896 -11.533878107791026 36.36040743583383,25.68109706548574 -56.066532459571704 -13.798384286024238
-30.934292794169178 -16.40941673939539 -3.391267944876128,-23.45212719553966 -9.722817404145252 -4.813940451975581,-32.77444165509415 4.509761891134511 4.947025999346186,51.19147249353651 0.26412400337555497 2.596989426206343,10.842619417697277 -0.6353540796559425 -1.8046868414487558,-7.558866102435128 9.619090776715312 -45.37370070457315,22.084848600551606 44.369805802018405 9.060922782414105,11.02509903088879 11.241487638068874 -0.20762870761689553,10.582861964439545 -9.682552359107758 36.127427618136075,25.63912647985638 -55.94941752849162 -13.733149294870085
-32.9 -14.9 -5.0,-21.2 -13.3 -3.7,-27.8 4.8 8.1,44.4 3.4 4.2,11.8 0.0 -0.5,-5.5 0.2 -46.1,21.9 43.9 8.9,11.8 11.7 0.3,4.8 -4.9 37.6,24.8 -53.1 -12.5
