-20.6 -17.2 15.8,-14.3 -11.0 8.3,-27.5 0.7 12.4,42.4 0.1 -7.7,5.9 -8.8 -6.1,-6.8 -13.0 -47.8,21.9 44.0 8.9,7.2 2.6 -6.5,5.4 -2.4 41.4,20.8 -41.1 -7.9
-24.0 -16.1 19.9,-14.8 -8.3 9.9,-23.6 0.4 18.1,39.6 2.8 -10.7,9.6 -10.8 -7.1,-7.7 -10.6 -48.5,22.8 46.5 9.9,10.9 0.9 -5.7,7.3 -6.6 39.6,21.8 -43.8 -8.9
-26.3 -19.0 17.3,-19.0 -10.4 7.2,-29.8 -0.2 17.5,51.8 0.7 -11.4,9.5 -9.0 -7.7,-10.2 -13.5 -49.9,21.6 43.2 8.6,11.1 2.3 -7.7,11.3 3.4 42.5,20.8 -41.2 -7.9
-26.1 -15.0 15.6,-16.2 -6.7 5.1,-25.6 0.8 14.9,41.7 1.7 -6.5,12.0 -9.4 -6.1,-9.2 11.0 -50.5,18.7 35.8 6.1,13.1 2.4 -4.7,6.3 -8.3 39.0,20.4 -40.1 -7.5
-22.7 -14.7 17.5,-13.4 -5.8 6.7,-28.3 2.3 14.8,42.5 -0.6 -9.6,11.2 -10.1 -5.2,-11.4 -6.2 -49.7,18.9 36.3 6.2
12.0 1.8 -3.3,6.1 -4.1 36.9,18.9 -36.4 -6.3
-26.0 -17.3 17.4,-17.3 -8.0 4.0,-30.3 1.1 22.5,50.7 1.0 -8.6,11.3 -9.2 -5.5,-9.6 -9.9 -50.9,17.6 33.3 5.3,12.4 2.0 -6.1,13.6 7.3 42.1,19.4 -37.5 -6.6
-26.2 -19.8 16.7,-18.6 -11.0 5.5,-34.2 0.2 17.4,55.3 -1.1 -10.0,11.0 -8.9 -7.9,-9.4 -9.4 -47.1,19.1 36.7 6.4,12.5 2.7 -7.1,10.4 0.4 37.5,20.9 -41.3 -8.0
-26.3 -17.9 13.9,-15.7 -9.0 3.6,-24.3 1.0 18.0,40.6 4.4 -6.7,10.8 -8.1 -7.1,-8.0 -13.4 -49.7,21.0 41.7 8.1
12.1 3.8 -5.1,8.5 -2.3 40.8,21.0 -41.5 -8.0
-27.1 -19.8 14.7,-19.6 -8.7 2.3,-25.5 2.4 18.3,44.3 2.6 -6.0,8.9 -7.4 -5.6,-7.6 -1.7 -50.1,22.2 45.0 9.3,9.9 4.3 -4.7,11.0 -5.9 39.7,22.0 -44.3 -9.0
-39.1 -26.9 17.4,-19.6 -14.3 7.2,-27.1 -0.3 19.5,63.6 -1.3 -5.4,4.1 -5.5 -2.0,-6.9 -17.0 -48.5,24.3 51.4 11.8,4.7 5.5 -4.4,11.1 -0.3 45.0,22.2 -44.8 -9.2
-41.6 -27.5 17.3,-18.7 -14.7 5.9,-23.8 0.2 18.2,57.0 1.6 -4.2,8.0 -5.7 -2.6,-5.9 -11.6 -47.7,24.4 51.8 12.0,8.5 5.8 -2.6,9.9 -2.5 43.8,22.6 -46.2 -9.7
-43.1 -28.1 15.7,-23.7 -12.7 1.9,-25.0 0.6 22.0,63.5 2.1 -1.6,5.6 -5.0 -1.1,-7.1 -5.4 -49.9,22.2 45.0 9.3,6.0 6.0 -3.5,17.5 0.6 44.2,23.1 -47.7 -10.3
-42.8 -28.2 15.3,-24.3 -12.7 1.7,-25.3 0.7 22.8,64.6 2.1 -1.0,4.6 -4.8 -0.7,-7.0 -7.3 -49.8,22.5 45.9 9.6,5.1 6.0 -3.9,18.9 0.9 43.8,23.9 -50.0 -11.3
-43.5 -29.6 16.6,-26.2 -13.9 2.2,-33.8 -0.1 20.8,76.8 -7.9 -10.9,7.1 -5.0 -1.8,-10.1 -2.5 -47.4,21.1 41.9 8.2,7.7 5.7 -4.7,20.2 8.1 47.5,22.7 -46.5 -9.9
-47.3 -29.0 18.1,-27.7 -11.5 2.4,-32.7 -1.5 21.2,75.6 -4.6 -11.3,10.3 -5.7 -3.8,-8.0 -7.0 -47.8,20.6 40.7 7.7,11.1 5.5 -4.8,26.1 10.7 50.8,22.1 -44.6 -9.2
-49.1 -27.0 13.9,-32.6 -9.1 -1.0,-34.8 -2.0 20.0,82.9 -8.3 -14.3,8.6 -5.4 -4.4,-9.3 -7.3 -48.9,21.0 41.6 8.1,9.6 5.9 -5.3,34.1 11.9 52.9,23.4 -48.4 -10.6
-46.3 -32.8 15.4,-33.5 -17.1 2.6,-36.7 -2.6 23.9,85.7 -23.1 -25.0,5.2 -4.3 -3.3,-1.9 -14.1 -44.7,19.5 37.7 6.7,6.2 5.9 -8.3,34.1 5.6 49.3,20.9 -41.5 -8.0
-50.7 -29.3 16.6,-34.7 -13.9 1.4,-37.3 -2.7 24.1,84.2 -15.2 -17.6,8.3 -5.2 -4.1,-5.0 -12.8 -46.7,19.4 37.4 6.6,9.3 5.6 -6.5,26.3 9.4 47.9,22.5 -45.8 -9.6
-48.6 -29.0 17.0,-30.8 -11.5 -0.7,-32.9 -0.3 24.6,77.5 -4.9 -6.5,7.7 -5.2 -2.6,-7.2 -8.3 -49.0,21.0 41.7 8.1,8.3 6.0 -3.7,24.6 7.1 45.3,23.6 -48.9 -10.8
-48.6 -28.0 13.5,-31.3 -15.6 2.1,-34.7 -1.3 19.7,79.6 -3.9 -6.5,7.6 -5.1 -3.9,-3.9 -16.9 -47.4,21.3 42.4 8.3,8.4 6.3 -4.2,19.9 11.7 49.3,23.3 -48.1 -10.5
-47.1 -27.3 13.5,-33.9 -11.4 -0.6,-33.7 -1.9 21.2,81.8 -5.6 -7.3,5.6 -4.9 -3.4,-8.5 -1.5 -45.6,21.1 42.0 8.2,6.5 6.0 -5.9,26.6 2.4 44.7,22.8 -46.7 -10.0
-33.6 -20.9 10.4,-30.3 -9.6 -0.6,-34.4 -1.0 19.1,62.4 2.4 -5.0,8.1 -5.0 -7.6,-5.6 -11.4 -48.3,19.3 37.3 6.6,9.6 6.1 -8.5,25.1 2.0 42.8,22.5 -45.8 -9.6
-31.2 -21.3 10.6,-26.0 -8.2 -1.3,-34.2 0.4 17.4,58.9 1.7 -6.8,8.8 -5.1 -6.5,-8.1 -8.8 -49.2,17.6 33.2 5.3,10.1 5.9 -7.9,23.2 2.9 39.4,20.7 -40.9 -7.8
-29.4 -19.9 5.4,-24.6 -7.5 -4.8,-32.0 2.0 15.3,54.7 2.3 0.4,8.6 -3.4 -4.4,-5.9 -5.2 -47.4,19.2 37.0 6.5,9.5 7.8 -5.4,20.6 1.1 45.6,21.3 -42.3 -8.3
-29.8 -19.4 2.6,-20.0 -8.4 -3.2,-27.8 3.9 16.4,48.4 4.6 -0.6,10.6 -2.3 -2.5,-7.4 -13.8 -48.8,20.5 40.3 7.6,11.2 9.0 -3.2,22.2 8.0 52.0,23.1 -47.6 -10.3
-29.3 -20.1 -2.5,-21.8 -11.7 -6.8,-26.9 5.3 10.9,43.8 3.4 5.9,5.6 0.1 -1.0,-2.5 -22.0 -48.3,19.8 38.4 7.0,5.8 11.4 -2.0,10.7 2.4 46.3,22.0 -44.2 -9.0
-29.7 -15.5 -7.4,-20.4 -10.6 -8.8,-24.6 5.7 8.2,38.4 3.0 12.0,7.4 0.9 0.5,-1.0 -17.0 -48.8,19.0 36.5 6.3,7.2 12.5 1.0,2.8 -7.5 44.3,22.9 -46.8 -10.0
-27.3 -16.5 -6.2,-18.8 -10.4 -6.2,-24.8 5.2 3.9,37.6 1.2 8.0,6.4 0.1 -1.2,-2.9 -33.7 -50.2,22.3 45.1 9.3,6.5 12.0 0.1,2.6 -5.2 44.3,22.0 -44.4 -9.1
-27.2 -17.0 -6.1,-18.7 -11.2 -7.5,-21.9 5.3 5.5,34.6 2.4 10.0,4.3 0.3 -0.6,0.9 -34.3 -50.5,23.5 48.9 10.8,4.4 12.0 -0.3,4.2 -0.2 44.8,23.0 -47.4 -10.2
-21.9 -17.1 -5.5,-16.5 -8.9 -9.6
-20.9 4.8 10.1,43.0 6.4 8.7,3.1 0.2 0.9,-7.2 -14.7 -57.0,23.0 47.3 10.2,3.3 10.7 -3.4,6.9 11.4 47.2,22.5 -45.8 -9.6
-15.1 -15.8 -8.0,-12.7 -5.8 -9.7,-20.2 8.1 5.4,30.7 -0.3 11.6,0.6 -0.3 2.1,-3.5 -28.7 -49.9,22.3 45.1 9.3,0.2 11.3 1.7,4.3 -8.9 44.7,19.9 -38.8 -7.1
-12.3 -17.6 -8.2,-9.7 -8.5 -10.5,-18.9 9.3 9.8,27.3 1.0 13.6,0.2 -0.2 2.9,-6.5 -28.3 -49.3,21.5 42.9 8.5,-0.2 11.3 1.5,-2.2 -15.4 43.8,19.6 -38.1 -6.8
-15.6 -14.4 -7.5,-12.2 -5.5 -10.5,-12.3 6.4 8.8,26.4 6.3 10.9,1.6 -0.2 2.9,-6.3 -11.7 -56.0,24.5 52.2 12.1,1.4 10.6 -0.8,0.6 0.2 46.0,22.9 -46.8 -10.0
-21.1 -13.0 -4.1,-15.8 -4.6 -9.5,-21.9 5.0 9.3,38.3 3.5 9.1,4.7 -1.4 1.0,-7.2 -12.1 -54.4,22.6 46.1 9.7,4.7 9.7 -0.7,3.5 3.9 44.9,24.2 -51.0 -11.7
-28.8 -14.1 -6.8,-20.1 -6.4 -11.6,-24.2 4.8 15.6,42.5 7.5 12.4,7.0 0.6 1.6,-3.5 -5.8 -53.3,20.3 39.9 7.4,7.0 11.4 -1.2,10.9 -4.9 48.7,26.2 -58.4 -14.8
-26.1 -18.8 -3.5,-22.6 -10.8 -8.7,-23.9 3.6 13.7,47.2 8.2 12.7,3.6 0.0 -0.9,-3.8 -14.8 -52.8,23.1 47.7 10.3,4.1 10.9 -4.0,6.8 -0.5 48.5,24.5 -52.1 -12.1
-25.6 -17.2 -2.4,-22.9 -5.1 -11.2,-26.9 4.1 9.4,52.6 4.2 6.8,3.8 -0.9 -0.9,-7.6 6.8 -52.8,24.7 52.8 12.4,4.1 10.2 -2.9,13.1 1.0 47.2,25.8 -56.8 -14.1
-24.6 -15.8 -1.3,-21.5 -5.5 -9.4,-23.1 3.8 11.2,43.8 5.1 9.0,4.0 -1.7 -0.9,-5.9 -9.7 -54.0,24.7 52.7 12.4,4.4 9.4 -2.8,6.2 -3.6 44.6,24.0 -50.4 -11.4
-27.3 -17.0 -1.5,-23.9 -6.4 -6.7,-31.6 4.0 5.7,51.1 0.4 4.5,7.8 -1.5 -2.3,-7.8 4.8 -48.2,23.1 47.5 10.3,8.2 10.2 -1.5,11.1 -11.1 37.9,25.2 -54.4 -13.1
-32.9 -14.9 -5.0,-21.2 -13.3 -3.7,-27.8 4.8 8.1,44.4 3.4 4.2,11.8 0.0 -0.5,-5.5 0.2 -46.1,21.9 43.9 8.9,11.8 11.7 0.3,4.8 -4.9 37.6,24.8 -53.1 -12.5
