-25.537094019520637 -15.443870700685459 9.267582483278968,-16.614074226151967 -10.130432760220627 4.128965459557179,-26.98733794703364 2.424413070669811 11.312794070802608,41.51145226366292 1.4020210798316057 -4.09283954330059,9.519210744611296 -6.3151567812553475 -4.204854978916972,-6.426477732279888 0.6279742704891174 -46.4768412587908,21.765970893218505 43.599180883715896 8.813079169706732,10.242327243958995 5.424310153356346 -3.1449124957214583,6.1213840398773485 -8.445465523679001 38.211787502260385,23.101745055027383 -48.037781047308904 -10.597536817957838
-23.77170617462698 -15.362673317680354 14.91438192829661,-14.273383727032847 -9.751033004081599 7.908416470989623,-24.391833708391093 1.3860508285891608 14.563309831062323,38.440088090738726 2.281594305739592 -7.3144879983345374,9.034177564998803 -8.754164148766396 -5.3835781767326205,-6.4548099694435965 -6.003332016144407 -47.492713455368836,22.154959537869715 44.71907660255543 9.233774135962154,10.023022478779545 2.912220024508997 -4.503927938908236,5.078534635177508 -7.56579493791185 39.18652954755436,22.174111672741795 -45.09208071242958 -9.432169869004833
-22.795257860010764 -15.781246634419514 19.239426443551395,-13.281979650109552 -9.307744970809576 10.48911314686788,-22.9843323250503 0.4859190111031369 17.13120968187646,37.67262654984686 2.8471828976490907 -9.954636571113896,8.603295048561188 -10.527117542597779 -6.520320228883376,-6.9172156586723865 -12.96960252250106 -48.468223483009474,22.680038554491126 46.18517320573013 9.768544055571068,9.848390242655308 1.075235164803849 -5.73574725130292,5.167821803680505 -5.913030654380579 40.11019647897732,21.44175578215704 -42.75681852663773 -8.506038319793483
-22.887561300449963 -16.591613163988654 21.37856599828747,-13.859673908041984 -9.022534854504288 11.317177477976418,-23.237267302713093 -0.09697949454666598 18.609821786779055,39.538143609235476 2.88324843549095 -11.614264110452494,8.468928847850629 -11.283823525147001 -7.4062350265836905,-7.726713561674493 -17.69381945740432 -49.14419604192654,23.038395727049377 47.163394897342144 10.113657185514572,9.913098820045715 0.2668024873477348 -6.6426993911331955,6.493166953640011 -3.6695262812794187 40.8710335392508,21.039559487796332 -41.49645736124896 -8.003166814024032
-23.900019240105387 -17.513473100816576 21.235978209924163,-15.619596538722778 -9.006653345163011 10.449690821975912,-24.905554261924998 -0.31164961899831023 18.981285349545217,43.27667639572641 2.4224966954006 -12.138500410945806,8.742830494128825 -11.040602817227015 -7.896905200433984,-8.645760963546039 -18.333872778874696 -49.47142765195002,22.97427796962883 46.97268478073972 10.028758809853635,10.30066683271674 0.4641148352669813 -7.152581828095956,8.579607708604701 -1.3887789386005438 41.41984376568115,20.967761534046964 -41.3299843535195 -7.930983790797469
-25.341341562323514 -18.203800687529874 19.475487999016906,-17.72523609765556 -9.204032057038695 8.535460744833474,-27.160204270209896 -0.2345354930050769 18.504420587045654,47.35419595888518 1.7035543081916817 -11.665250129441134,9.36624092052173 -10.156012914547205 -7.960563026979584,-9.4031145807322 -14.607485553934293 -49.57126334017819,22.402091515414064 45.408280482250355 9.449666402560407,10.948361984421846 1.3074346162772814 -7.291377926922173,10.546879413636402 0.1836337235797183 41.709582920719924,21.09558931885109 -41.83816005410504 -8.125452042871483
-26.599171009607446 -18.387480200340274 17.194289960864026,-19.240353034176678 -9.406841970420226 6.519835829960703,-28.982640473848733 -0.006359400216137567 17.53498251799443,50.11291128178301 1.0382179001987168 -10.564059665245107,10.14731007365433 -9.163200633798784 -7.676716601431708,-9.825328171872027 -7.919770910691834 -49.62355848948943,21.448344738588574 42.83938798209285 8.518228725803427,11.678979747930684 2.277665965401546 -7.119098979970527,11.49858188950352 0.4241659810479299 41.665448736007036,21.222689425452874 -42.36923555650993 -8.333992875634499
-27.19160896969666 -17.957713715776762 15.440869852322196,-19.517201824128694 -9.346894322955402 5.21852222411343,-29.629157300317175 0.25367252465122725 16.38958625596347,50.466021753787864 0.6604784020322993 -9.295467898127427,10.856219451106295 -8.538309726847084 -7.1902501989645735,-9.913251624842365 -0.7360272743991931 -49.753770965114114,20.38916031240385 40.026673922107726 7.512356431036341,12.285153390301488 2.9238671885205 -6.680008207151248,10.947983229650731 -0.8557599256576862 41.21646787540594,21.16915707396262 -42.34135458593087 -8.334256778158366
-26.94006624165231 -17.012412718311666 14.805540129437222,-18.45313565794213 -8.829450781560649 4.973116247361161,-28.949485603104588 0.505248010010692 15.309382894475828,48.33795617411489 0.6303322955820558 -8.2554196066943,11.329037803603832 -8.511787929098718 -6.647928805355576,-9.824680261506703 4.488206240306937 -49.979118070947756,19.515521372058984 37.75287238622136 6.711793909125504,12.62426240064521 3.0345345663520864 -6.0026065596988865,9.073393951634062 -3.248372319695094 40.37189115773521,20.852194974393278 -41.49575973606642 -8.030808342495234
-26.00209335974761 -15.820129558978332 15.263558832207623,-16.508154928552372 -7.849768355595882 5.55645029241806,-27.4215853464688 0.7837353126884015 14.499795396717051,44.675232222971104 0.8305604711275323 -7.669434191707353,11.52818203215029 -9.00472175306889 -6.150252771874236,-9.77565223846647 6.301854717733096 -50.23010936622393,18.996888954425454 36.45873953114637 6.2690997472446846,12.6762784360657 2.6811056766450934 -5.14544724622457,6.670905228357969 -5.834384102913439 39.286815824869514,20.315496440134968 -39.98526049485508 -7.485612267257341
-24.771159292222173 -14.733594757199336 16.31577711307205,-14.485222950239073 -6.63317710115728 6.362986594614398,-25.90344422727349 1.1419096593244167 14.171386474683633,41.04422148958384 1.0458085217466058 -7.569851919246649,11.53244749385686 -9.709033208649162 -5.739487151673723,-9.916380488319342 4.720330164530694 -50.417234019805186,18.814121977550457 36.07213868927714 6.151973387289201,12.536985643683273 2.129191219900232 -4.248096798099613,4.8156275109645215 -7.503668774065323 38.258078967481985,19.701564078083237 -38.26904650005389 -6.873495063286983
-23.704422279706844 -14.082325150081925 17.32292330816777,-13.17923043521414 -5.570129600926251 6.770583582802569,-25.231853127427218 1.5764862139939326 14.515376236088166,39.000968379445965 1.0763418628322465 -7.84627068823768,11.468981896871782 -10.26123504702808 -5.4223513536844,-10.249753186603176 0.9852752356483895 -50.49099551876662,18.794538904959598 36.11245087478808 6.1842154464910495,12.35426883661431 1.6768568487821474 -3.537012024966587,4.38415248302554 -7.392296095843288 37.62867622266709,19.18449065514765 -36.88076902609756 -6.391166147844629
-23.156603303375785 -14.076735767028527 17.844281430269454,-13.052079146313098 -5.066039733070145 6.475316936363782,-25.85737289003571 1.9898600397121675 15.606525715024729,39.49482349736863 0.8301071992817503 -8.328350544813004,11.43099900745964 -10.41903925788738 -5.206471743714623,-10.634866818557075 -3.1901468771510526 -50.45715968760541,18.72644395177707 36.003663777547786 6.159465468292021,12.245872074541087 1.5078215785258218 -3.261525124434191,5.660202972955059 -5.2538769593334536 37.63610383166171,18.897401367775792 -36.19210932188902 -6.16840196824713
-23.277890163256284 -14.74859906418268 17.81015848981215,-14.070033321504352 -5.36867064698753 5.624846334723441,-27.671995692589622 2.2174464892228616 17.294092701706088,42.530724957594416 0.3559346946112909 -8.855971560502315,11.430493448473886 -10.156968582842225 -5.123989016870045,-10.870091425883428 -6.464394572916275 -50.34578950975561,18.488012266246486 35.418926471672854 5.963475895690358,12.24559914400728 1.6289843068528915 -3.581102025281857,8.207384891783125 -1.5995815429754896 38.282420344673724,18.88730194396984 -36.28318522118268 -6.223499018195485
-23.99489050234291 -15.941604878723313 17.463512213522442,-15.759631092895246 -6.4510389207121275 4.692326623202467,-30.08532622657771 2.1115465155142035 19.170604845916156,47.194535430291076 -0.18636141174559473 -9.311815331647535,11.411637736510434 -9.644751820292033 -5.225990731053748,-10.806778592673604 -8.371766404692462 -50.166565886196935,18.11923032894478 34.46714044927411 5.637882465694814,12.30623925544657 1.909834151994503 -4.463200138573431,11.066187906982005 2.465927603294048 39.30351629302139,19.112936001060373 -36.96517152078247 -6.477726711433016
-25.059624719081267 -17.354204133239453 17.136939798731408,-17.440137154893886 -8.005879957950333 4.176087752663387,-32.290409763733415 1.6364879576095714 20.675217677211627,52.00188515189685 -0.5951369302670659 -9.619784044388046,11.31184648131039 -9.133729297751946 -5.550770056870903,-10.429803736054847 -9.28170547738953 -49.89149384799578,17.798611373294023 33.623796161162424 5.352342507276599,12.352324885517866 2.186195668144527 -5.656166203028483,13.179482783966193 5.6547749947551935 40.268300581875984,19.478789342415986 -37.91896820226158 -6.811688292589659
-26.136771155357437 -18.625404175224602 17.014496108580307,-18.518948194451898 -9.557926868386637 4.301404746129969,-33.586150673718876 0.9183816984134314 21.3101114799694,55.422120093357144 -0.7007026404681107 -9.730921819370613,11.126835430101462 -8.819438031114817 -6.085582376351443,-9.862104606629007 -9.918438849467577 -49.48428509611976,17.739956490751933 33.45196824912871 5.3034214268331334,12.344973475031619 2.3618868816029712 -6.7672980097738975,13.846460400510283 6.984761029980164 40.76923587769187,19.882680810560018 -38.86121799265157 -7.127689005189204
-26.902678600442258 -19.442807150608207 17.021216650376996,-18.72060347402777 -10.646437848684062 4.891672781896556,-33.61817743648383 0.21393599468839564 20.87169313075868,56.3882018425601 -0.4166361413363693 -9.6175187132705,10.932301434253386 -8.752548161666226 -6.746070560445707,-9.294374117735273 -10.77333008167345 -48.95871469189303,18.068647892542444 34.27512636592813 5.599052504501433,12.313360149807826 2.452164962788296 -7.419750620315666,12.998526227322937 6.1419795278479405 40.61264621344877,20.252583151379866 -39.65019778269564 -7.385151658655857
-27.138953571229337 -19.642964994185224 16.89646667959066,-18.16135130230592 -10.998942257809063 5.475705365614743,-32.45608407347285 -0.19430516377173457 19.572261031200995,54.630877226774174 0.2413850285762834 -9.280562041904567,10.841372810222131 -8.836832360575649 -7.387871005703339,-8.882645674459788 -11.767216862157817 -48.42158588301786,18.74746269861935 35.98748225566639 6.194495481102302,12.32833529208342 2.552818651747957 -7.415138224439287,11.181982232984899 3.5667377558557445 39.91180617045532,20.55919617192302 -40.29185134841568 -7.596602474902031
-26.80688794172862 -19.271429999554055 16.394192076197807,-17.25543455493218 -10.623261607489546 5.564303618544544,-30.50670890958226 -0.1276256209022537 17.973089809036118,50.74758036554192 1.1641380727937816 -8.759486640924612,10.918786349740875 -8.90294222610029 -7.847317169999859,-8.672332726021722 -12.342617038875158 -48.058908808782625,19.59326643237841 38.10774351628919 6.915878474918321,12.431659099157967 2.763369124934938 -6.819422182425711,9.273503067800831 0.23491547138513308 39.03329418671754,20.80635079250359 -40.868048751111104 -7.796066182958689
-26.08454888068128 -18.578050951487388 15.479677688691787,-16.51067992410793 -9.784603009403567 4.9374177593549335,-28.328905382828896 0.3995213046672461 16.745479181712895,46.00263846730332 2.173862387040181 -8.128860203610643,11.104808272950125 -8.808458208341936 -7.992959056035235,-8.589315355714875 -11.898239992326712 -48.05694153400222,20.37455825789581 40.04396299348472 7.557575343734478,12.56657921108227 3.1164756205976216 -5.9255352090473625,8.07539428887527 -2.7589127049594016 38.42278299388475,21.01210192513067 -41.448129918596635 -8.005347869109118
-25.344847697241317 -17.94269072679531 14.398753069814019,-16.309679346466133 -8.887187410708643 3.782067603207042,-26.438770420220656 1.177653324214564 16.370100119737224,41.93076591462662 3.057803303945104 -7.47677625485639,11.203571266824687 -8.507302403978613 -7.765047873587084,-8.498387208791177 -10.277267159573523 -48.49349557056655,20.93455127253911 41.418241962983664 7.997794445173991,12.561373466308332 3.5566326578187546 -5.109139632717993,7.981878810961885 -4.627136087144654 38.39909936375577,21.194123641345584 -42.04135967761418 -8.21990800257887
-25.06227117110515 -17.752097373307556 13.574400343778413,-16.76700634450885 -8.31911873971641 2.6077283292392535,-25.17462692644015 1.8914420162862298 16.92349358329276,39.86620342999101 3.6081333885360483 -6.875513117837107,10.958020652085052 -8.05594771297593 -7.187754573416602,-8.290732711174956 -7.997495081810423 -49.26173133387151,21.270463314102688 42.26658376632979 8.266194670347002,12.190944423706732 3.9775133034862127 -4.649908275542406,8.859349322222574 -5.1403858969558005 39.02041525344639,21.36534212878407 -42.60993795844812 -8.419298637851515
-25.662178789294785 -18.269710487576933 13.38889439819319,-17.71115337821973 -8.327063126844568 1.9889549341881718,-24.64819003475057 2.257469550701155 18.060006363873317,40.53818866624515 3.6679058029823564 -6.363178057803726,10.183486606091508 -7.563199204953081 -6.3532434081313305,-7.94741072184938 -6.071063212861695 -50.07966516851333,21.524518727309175 42.99938418112424 8.52393789980497,11.295683194820011 4.2905560685966595 -4.608739342629848,10.172742483811355 -4.611994154722716 40.085635120428385,21.536277462624163 -43.11784652115332 -8.589479949926586
-27.359599876286754 -19.546165986150594 13.976343132144127,-18.78430695454191 -8.963258495650388 2.2756725761281276,-24.76857743319585 2.1440805407136883 19.197941276236946,43.85612040344212 3.178101769297953 -5.948008742374217,8.892224382340181 -7.121110362822057 -5.389148720139369,-7.542850020196054 -5.505501319528893 -50.59580814111327,21.891719920743913 44.14233824791264 8.965514053326151,9.89742307194106 4.479675517423887 -4.8210587988485845,11.274875807738361 -3.6523932995982205 41.26042648774405,21.716215601859744 -43.56954574756244 -8.737418461003953
-30.054260867962512 -21.404422110866832 15.14331837873108,-19.607713460458946 -10.10750375766968 3.422105725896143,-25.306694082200806 1.617277362499125 19.813616054490478,48.95492161938305 2.2130405280392242 -5.6290515837174375,7.336359536194565 -6.760223953897315 -4.425053182077998,-7.190101291973014 -6.763829365957856 -50.54751740257649,22.496028597040763 46.001061883153966 9.69578011524355,8.24358089220048 4.607815790376557 -5.004280927480908,11.710774768431172 -2.8340325359074736 42.25208201666995,21.908629783342178 -44.00638629718324 -8.886027769539403
-33.33753134440269 -23.50435417806299 16.460577385651188,-19.941114997447194 -11.533848197361433 5.014669034596713,-25.9705816514845 0.8952591553471279 19.693154162853013,54.491302730384994 0.986859847238768 -5.411840371315087,5.932625302879397 -6.452052221967083 -3.568618371792006,-6.965030555913458 -9.485561621516606 -49.89452972705261,23.304377001140967 48.43700073216381 10.65051921481283,6.740893480156968 4.772475399847652 -4.917697108645705,11.399976290984018 -2.436254489387575 42.93641653364709,22.103907061074487 -44.465326521076875 -9.053646925612158
-36.6230654112904 -25.459920956489288 17.47179481263142,-19.77475762029863 -12.981971065734243 6.470848984560307,-26.4763805474576 0.2399720405463639 19.017669824885893,59.09595798090668 -0.18229993152394108 -5.29888194038463,5.0923990252881834 -6.1499081867143595 -2.893016093094428,-6.858534997910655 -12.624348912100054 -48.856651432940964,24.127244888662354 50.882934813518816 11.606205335757203,5.796074161102325 5.039360205457302 -4.488133390776296,10.632474488209853 -2.383020123984381 43.37349376845628,22.277817486900048 -44.93668003562706 -9.235115979726288
-39.35445334656953 -26.96215120534773 17.902286242959146,-19.323829141851714 -14.207701962899018 7.296466268308519,-26.610646143495618 -0.15725884378301647 18.24768793620974,61.82593185006036 -0.9507898954957662 -5.254701391771656,5.033476352548495 -5.835929739965536 -2.4310041787946983,-6.787338529120051 -14.929315756905318 -47.830186827933396,24.707038292620283 52.59644181407997 12.276896635121695,5.63322608823743 5.396425013767528 -3.8374525495738148,9.906169195835094 -2.3775313713638706 43.71629799602819,22.40224271849972 -45.361288438166035 -9.40164798371953
-41.20090242587441 -27.862263525140964 17.756778636757765,-18.93398119430824 -15.012166231644231 7.27143209165402,-26.280742020930106 -0.24136033888214126 17.87713310308316,62.454152227892074 -1.0536296652397625 -5.171717231507647,5.666443754194721 -5.540955653198104 -2.171291545720667,-6.65650320579892 -15.515941466518894 -47.21877032318735,24.847474754748234 53.0204120817038 12.449277346497237,6.1777163796383014 5.757277063954881 -3.204426004654168,9.69925543827495 -2.135318132050018 44.07793263502953,22.46580505694595 -45.67881140269655 -9.523393104653996
-42.15179442122897 -28.18987520416465 17.264077489211708,-18.938813456171392 -15.265846284649893 6.48707793926003,-25.54393217375917 -0.08599095429193548 18.189764717120163,61.490316291283385 -0.4031263488158383 -4.876113959997337,6.617393017993023 -5.324161668331797 -2.05830900464859,-6.4334646934735105 -14.235994908220533 -47.258122779284015,24.51488546705724 52.06142899900567 12.08616684098438,7.070236368810299 6.011954716627882 -2.811262538465986,10.28335459247128 -1.5741993960132272 44.44330531368266,22.492148417750823 -45.897021126486806 -9.600624408231138
-42.46766444540932 -28.110488991822624 16.715531152119397,-19.525833976006737 -14.940788950408155 5.244882885963132,-24.601791090070158 0.17153817443352315 19.140197269006844,59.93163505890491 0.8537359111932772 -4.19762390096187,7.3840775474370846 -5.2272820782764065 -2.0016160429027927,-6.184816894653979 -11.67655224817967 -47.91739575130774,23.85763788722476 50.14043280972771 11.345238974298193,7.813858760122928 6.093696362578693 -2.751963778881552,11.64583320414716 -0.8553331235044366 44.67995954305302,22.540478896320927 -46.12723960943781 -9.679581298144406
-42.51691267053915 -27.849658560757792 16.300805362194975,-20.6624006721572 -14.144400389503232 3.895058659846191,-23.75217298709871 0.4097340514665633 20.40754182822032,58.85116569609238 2.346463904320432 -3.0867966262602984,7.556747622740769 -5.235850909500739 -1.9004224341796234,-6.049027076674639 -8.820284199158554 -48.920939702459236,23.133955531466288 47.99085739346209 10.504057026768088,7.991179458336822 6.020416271781822 -2.9619446952634743,13.529880905001464 -0.26115697444889907 44.63954667085557,22.680717944597525 -46.544188962580066 -9.835422288118062
-42.58629261783348 -27.618132264391257 16.036933847644192,-22.109751855182928 -13.127750303021193 2.7078363558491314,-23.306164194906263 0.5723563503321596 21.5760991108393,58.99634273040573 3.568671100315638 -1.7201935265846595,7.001606234012045 -5.276120941482736 -1.680809061014509,-6.1579434313543455 -6.56798602117906 -49.87484077625981,22.586992658753736 46.311465908726 9.830843061896417,7.451898092241363 5.885064868700507 -3.278086915052548,15.551553957178236 0.009007604715543405 44.28457029963506,22.951262455474073 -47.27583257888288 -10.125227124062498
-42.76548505338778 -27.562195132288416 15.822220221587859,-23.519364915503235 -12.238409468188433 1.8297562238992753,-23.49431830317126 0.6667642465590167 22.336281769035242,60.559190207278554 4.024909247455583 -0.517953299871321,5.921487758261581 -5.253609357510484 -1.3325647526904048,-6.553318801253541 -5.371813289847981 -50.43398583553672,22.332902426673762 45.45382654255424 9.467079899821517,6.382990271704817 5.800301414858475 -3.545865323088415,17.334776152237964 -0.0009061225374735747 43.758365593385356,23.321712490822627 -48.282151372400186 -10.536368577034768
-42.963014119322715 -27.744942874811812 15.566290599969205,-24.573373835269717 -11.810545085499433 1.313880322625696,-24.394674840371444 0.722752324900497 22.600667838752123,63.19642802539448 3.396111422219934 -0.02806817714144305,4.766723955844208 -5.111838704453795 -0.9266514776632977,-7.150652967635473 -5.140066228731154 -50.43193547964766,22.31893757331963 45.30065915973381 9.37964235685325,5.228673971710945 5.8308989056541165 -3.7059360422933785,18.617952871321826 0.012936786882118745 43.349481019395576,23.685940228717865 -49.30505776123816 -10.964827389942018
-43.034909471153036 -28.149377766863203 15.30083394320026,-25.11212184359693 -12.023960705710499 1.1692214271267245,-25.908692790836298 0.7457591701477759 22.488389478024324,66.26201372774021 1.6691902903054494 -0.7001153302566676,4.039715706442455 -4.8750141248284375 -0.5989203271535501,-7.776400307528891 -5.413534967942874 -49.92155001174675,22.369977415222948 45.38656185683299 9.402197529540246,4.498157902215923 5.955059916348883 -3.8096341298739436,19.31281639863111 0.47170048141240783 43.36467612714033,23.8981269928729 -49.94376726248824 -11.24586557112602
-42.94144060326497 -28.690967810352518 15.190400492350168,-25.195722752335683 -12.796092531802627 1.3766390506846697,-27.792786898386822 0.698021855083206 22.208511528074403,69.12307104954792 -0.8215107304922689 -2.6441294327270524,4.084309807580427 -4.645734142787163 -0.5005130159127813,-8.26051718727571 -5.675353165533555 -49.122135611333114,22.294823479535626 45.18496007136314 9.339048127895099,4.550347069075749 6.078635678871541 -3.9595315066402863,19.517713468826418 1.6881069357366876 43.979937942986766,23.840918629932602 -49.84063127678309 -11.23047064813581
-42.82974520096674 -29.234811815622457 15.429222722373497,-25.07308240983598 -13.773208962172681 1.8597549924529924,-29.731939714777983 0.5200614024442562 21.924477251044237,71.40668589507008 -3.4718631137087446 -5.5036937350962765,4.953186863855955 -4.554520110484155 -0.7333108155377057,-8.530545220901566 -5.613356152815228 -48.31180285818498,21.993479587232905 44.40271420524601 9.074103503455934,5.451557072374866 6.094417937987811 -4.218556874513824,19.493796959149808 3.681800974252062 45.15332074683579,23.49332161807348 -48.88956829337071 -10.871074397550677
-42.9833039519888 -29.622262645929315 16.086882612178123,-25.071485369903733 -14.450215891846518 2.4474992816462517,-31.42816722139615 0.17691949984017308 21.680486654724067,73.07784530926374 -5.597604539035293 -8.537574990671008,6.404448301369198 -4.68688839227465 -1.2996062354152125,-8.64841381017427 -5.215852366858731 -47.72048898891996,21.50880008867172 43.128209176232374 8.62843478073428,6.963299380966676 5.951305409999293 -4.55034617563485,19.607728493532065 6.1384441724745935 46.64839610579443,22.959875505465053 -47.34818341561458 -10.267777920750161
-43.65988054061722 -29.713775539741054 17.004806039411374,-25.455610814468645 -14.385969261425647 2.883294690802921,-32.67565751381426 -0.3035569827937361 21.422766478416342,74.34583417170066 -6.684095548680145 -10.908367371192135,8.015910282682405 -5.028568602742991 -2.0915277118604276,-8.762031649791309 -4.696856301811662 -47.465479127901496,20.997886479608542 41.763721041651216 8.139956883527253,8.65396973962465 5.691664236377748 -4.832995205630906,20.241270172798554 8.536278254617905 48.153407519112335,22.4381098957895 -45.770820395398545 -9.641623685951654
-44.911364835556085 -29.444791645882376 17.821586733849166,-26.31959875149085 -13.423979548273763 2.9090397340306886,-33.40393466580646 -0.8288680598284648 21.086754284123383,75.48339007513131 -6.6090949381479405 -12.063876030943302,9.354541590744955 -5.461081692377519 -2.9280000527205177,-8.994326432188796 -4.339665322825606 -47.540522970776124,20.642183178201776 40.789839383224994 7.780932647992048,10.07341060285379 5.43357764077974 -4.940866555592519,21.676541767599446 10.372708139681993 49.426627328472094,22.1324121134974 -44.770671794571086 -9.238714932606648
-46.498476569570734 -28.8751477707493 18.130672571958282,-27.560900642234476 -11.80987765561561 2.3961707252045605,-33.68326802681332 -1.2821244739895845 20.683499462119467,76.67367743107097 -5.7437877638839545 -12.028388702786598,10.122828159031023 -5.812642620996073 -3.6237523277849553,-9.333620524646204 -4.367071717231841 -47.84255617648677,20.546775496148513 40.49558218729306 7.660538873007604,10.90893889932659 5.307092302782188 -4.8437092572491,23.984297548616645 11.371017589227247 50.38524595470662,22.15330705916715 -44.71782237246404 -9.208826172691953
-47.9657813738997 -28.202121176853694 17.692547624615912,-28.945512443356833 -10.13309865318381 1.449293751579086,-33.6960615756592 -1.5828415782135035 20.32576470438415,77.96237411646192 -4.868238105525085 -11.441374519754186,10.227186038720458 -5.9387266231410845 -4.058493653158638,-9.595628967087574 -4.894502889636216 -48.21135841327667,20.682838250877875 40.819107389534075 7.764822538304569,11.06198767403693 5.380861567218056 -4.657279249629262,26.9583338120819 11.56225574489191 51.091031431337576,22.454125875903333 -45.52996658402818 -9.521685305848445
-48.85210097846046 -27.713921247949862 16.584052664051192,-30.22908847767112 -9.098965398353347 0.4054818512625027,-33.68216671841905 -1.7318900713447596 20.178251025502963,79.3136239094735 -4.90326057102338 -11.291433021374973,9.759048833296474 -5.790135669974285 -4.214122731217214,-9.492250935224186 -5.946838950129493 -48.467438265013165,20.902131889596983 41.378793939316225 7.96394351051229,10.630881637124885 5.621638697654544 -4.605185998159777,30.13627876593722 11.20987587916558 51.64934276287829,22.842751734917716 -46.67942142066377 -9.970060779636356
-48.928990845104366 -27.68592113947625 15.195037888000556,-31.270247151782 -9.22223665161011 -0.29717508423004046,-33.86795327492102 -1.81140184982929 20.366894430350065,80.69994857609151 -6.539879739081263 -12.444772926235707,8.920535069994989 -5.433349229610446 -4.16432187058027,-8.782830015267821 -7.478023497812515 -48.449314662693844,21.01357256283234 41.67138400614087 8.080033185672084,9.830556244796886 5.910319083714697 -4.903785678073177,32.91885137486519 10.6327123989607 52.0907743890438,23.06970142149805 -47.4344301505531 -10.266004904569398
-48.33452449272734 -28.255232028806752 14.063345817548928,-32.07675699756193 -10.580704537471252 -0.3309017993650343,-34.39268120539747 -1.9359190384450151 20.906964698111818,82.14031590277114 -9.90650787503156 -15.183524057460748,7.942923905729751 -5.014161103909306 -4.025366527503573,-7.432154496604158 -9.351835411499522 -48.057680389755674,20.880318967165504 41.328838167641905 7.978175878043103,8.901082484887159 6.105697235486234 -5.630189398696826,34.75560502025925 10.035062231988318 52.31491095442562,22.953241445786485 -47.22736040935911 -10.186665756404622
-47.51956105066897 -29.331447390716107 13.628025307095017,-32.76153817641168 -12.74981092707153 0.3389182523851213,-35.25178778171419 -2.1801676445818226 21.694492752737386,83.6464025089581 -14.42104550240376 -18.98476797733008,7.033303756047422 -4.6859994255793715 -3.896101712165768,-5.686260130085492 -11.30155034542689 -47.30412217647626,20.48750307847261 40.30148570200008 7.633455771646319,8.04656165168928 6.119837517551026 -6.648856536682032,35.32752212046312 9.441333854422503 52.13689816953604,22.479381438986017 -45.9653654753814 -9.696179212094817
-47.02446607706699 -30.596244926319095 14.027122494174186,-33.43549499555573 -14.960435024218746 1.406624255537005,-36.28031637060475 -2.524354831567105 22.56231248438313,85.1139123569707 -18.917064894989515 -22.669421171711292,6.355613351549826 -4.541788693399172 -3.8183915263281203,-4.012586151266183 -12.933648041271518 -46.34371519624423,19.948448552231206 38.88016504387686 7.142061822911719,7.41561529911676 5.962766213768328 -7.644359219636367,34.6486203575856 8.76475835964219 51.4127662812158,21.82319672688702 -44.11642479656839 -8.978096263230615
-47.20060474260526 -31.609006041770428 15.04364793329746,-34.10128621519586 -16.41767730593789 2.356392650574181,-37.193691223776774 -2.8502568507996404 23.360219005166137,86.25158446747649 -22.0259137954885 -24.875180314923675,6.027621212434867 -4.58350626351177 -3.7754968379871423,-2.9191358893333685 -13.831549225043895 -45.46065426793287,19.449990553371492 37.55607342990923 6.674488744089491,7.105740784344395 5.732404873311159 -8.251324633248833,33.039389041020726 7.955642697510709 50.16765824944831,21.275516350980368 -42.51208307188741 -8.356482072062054
-48.02730619244218 -31.98401754625317 16.223932174107198,-34.614822376100335 -16.639323892386447 2.7140204318598897,-37.68400611424278 -2.9942726095439176 24.005939898033485,86.63422610763182 -22.682469133820902 -24.64536454633801,6.110574372386722 -4.7404461628850445 -3.7231825208143756,-2.732919545509274 -13.746610181003632 -44.987907129256556,19.167403074439527 36.79683802746095 6.397391596393944,7.164177670501177 5.557321838977456 -8.218823468007269,30.982661810851152 7.124474310911763 48.64412746413008,21.10719611021769 -41.9540213867065 -8.141366963539603
-49.127706686926274 -31.563071227292937 17.10113223164727,-34.745861044555866 -15.658988320959892 2.2914109870246335,-37.543231262348584 -2.8319991938067752 24.477519504293454,85.89460301335399 -20.553768336425158 -21.859689813228712,6.5841932837405786 -4.919747847840431 -3.630261322525958,-3.4454672178412222 -12.779899861618347 -45.17522308515519,19.19150884240943 36.85100112909634 6.403391840065817,7.571452024104887 5.52635435943362 -7.526042570349279,28.929034717640903 6.549062847520888 47.23095254317317,21.43688732848586 -42.81800362393502 -8.475196913366327
-49.979090367777744 -30.499552253416635 17.404072373669496,-34.312932674961225 -13.999520535703713 1.2900164833164185,-36.763673493805356 -2.35043189706325 24.761455095224626,83.97180892341146 -16.204467640108604 -17.301422581300965,7.323082227539725 -5.056900863198102 -3.5021963362180393,-4.70584353663668 -11.423868365626785 -46.05756665461638,19.50036502346998 37.66811851523558 6.680269633410987,8.218625336594739 5.6452018548655305 -6.390831396663769,27.143848744385586 6.545588376885085 46.301897480032,22.168923013082154 -44.85701621128962 -9.25873239533624
-50.20380403257252 -29.204920861342842 17.14607963390347,-33.32119857527625 -12.4291059148119 0.20065787299012428,-35.56536119038123 -1.6690217437499402 24.804211920007937,81.2715254484709 -10.91313114146707 -12.327378073534096,8.103097000440455 -5.138056353168603 -3.374626924324472,-5.971286410295538 -10.386942705551558 -47.393322969566974,19.9828929749957 38.956642783187434 7.128656980013033,8.906269890031732 5.842746090828518 -5.169048051418879,25.665961561138793 7.269971924825641 46.04806663666864,23.034073086887 -47.30777413681188 -10.195373497521274
-49.77767764841538 -28.17216024259108 16.559757902794267,-32.02177091068821 -11.614038605400044 -0.45252189585878977,-34.32611873094542 -0.9968569964022745 24.513908246088054,78.61217445895906 -6.200023431006349 -8.2977989025482,8.656577386374675 -5.186239992615484 -3.284624754197001,-6.7474333764414185 -10.248289089390367 -48.72150801556946,20.49616054921397 40.33369613642608 7.61334521931888,9.388430571552474 6.019952107049616 -4.1992321989802415,24.38966075321929 8.567045542222532 46.39445643688666,23.714228360862258 -49.25026047924569 -10.932241130249764
-49.03436616611886 -27.752701156614094 15.929683635434472,-30.84605020632511 -11.829074404117064 -0.3881575270043154,-33.43457018033767 -0.5460169606690068 23.82295395903215,76.93148386024275 -3.255670266909037 -6.036040760500589,8.767282709680895 -5.226726359730557 -3.2427394824090814,-6.804293494685447 -11.113230278807553 -49.533390954154704,20.924647023996073 41.483981676689446 8.019726010475575,9.459026255484664 6.109720435148605 -3.6728334825998803,23.215520192675083 9.96851783377357 47.045896957141665,23.989232525170898 -50.039376492109156 -11.226387971592022
-48.45606326385575 -27.99120809034033 15.426751657606882,-30.23278468215915 -12.856082291291305 0.2865537714787294,-33.12793793480968 -0.44307413727779954 22.774377217346625,76.86176628856212 -2.5088578621024276 -5.566061394588091,8.366215044507312 -5.25855396840179 -3.2285047358351413,-6.264827891125899 -12.47850934361187 -49.49183585116092,21.213820179543106 42.25365707423479 8.288993897414452,9.046725690447982 6.11132380123415 -3.5916776351023567,22.179062469695566 10.863041595522294 47.63560480254576,23.832643749343223 -49.59053560056177 -11.05182151504442
-48.362851598647985 -28.59966085887436 15.037628563378153,-30.42564142367595 -14.110029829515392 1.1410513180642359,-33.3916011991764 -0.6805015576081632 21.56747836855658,78.37505098235883 -3.515841373531912 -6.231289319466804,7.578154668219127 -5.252727591484782 -3.2158238927612004,-5.525421775205585 -13.429087838440111 -48.59602169994474,21.36734786586084 42.64842279461189 8.420246328619124,8.268203003653513 6.080297269160515 -3.8233228126898178,21.47862394377364 10.764902234016208 47.89290058209371,23.40947860601096 -48.377551022047406 -10.59444554660981
-48.67610401768966 -29.087233793104353 14.619452594449097,-31.342001484508287 -14.923722251588908 1.6616954435990414,-33.97359847298927 -1.128355685741902 20.51370582122337,80.6926368868712 -5.211802534457949 -7.1071506452982245,6.68602180173514 -5.177902084755714 -3.212547805023662,-5.0501941904062315 -13.108245264131053 -47.20421651848727,21.416900490433218 42.75675312257292 8.445512569506102,7.402083191911066 6.0828747875422575 -4.211157732813586,21.380248861412817 9.546640553919358 47.73862317809632,22.979444472798757 -47.15130871329507 -10.140862832019314
-48.898108000896855 -28.986795282742264 14.032929297503493,-32.58464801782165 -14.851565807757577 1.5331286078708803,-34.51262730147975 -1.5962622736573846 19.90601200024872,82.54010158998284 -6.404748447043978 -7.48035835002107,6.019653338782015 -5.034394992952218 -3.2849967261052195,-5.142149793644487 -11.228391684298481 -45.89095798778954,21.38561784176801 42.65237680264944 8.395740605564756,6.78340495220943 6.145887762203475 -4.6698586743032084,22.048002779721372 7.511661394637197 47.26229781314455,22.757462736601486 -46.53203058217984 -9.92192399246723
-48.335603298509355 -28.070607035213307 13.262242322440253,-33.59956384972408 -13.851014138101354 0.8032932492820275,-34.719146415465566 -1.9126874461034091 19.86391391785295,82.66007289620774 -6.286431475771623 -7.151037951581502,5.816578284136841 -4.870337641856368 -3.543119122549881,-5.803078700561365 -8.32981033638013 -45.197404597306374,21.26611397170477 42.331508117100164 8.277041479967059,6.661725472815611 6.23523773254235 -5.211765147353915,23.394482368943514 5.262462647097248 46.6072914967591,22.804216964051896 -46.69027930821994 -9.993929454513967
-46.460243122639355 -26.4522768962757 12.44307501457134,-33.90956381935039 -12.266183985322538 -0.15956028812983325,-34.51787231851958 -1.9839880762264515 20.24407264061233,80.35744731110927 -4.734674979779922 -6.423223551433351,6.121394698337637 -4.76448156159843 -4.08433448658771,-6.7472238054187095 -5.60124028628614 -45.39149591699565,21.023496276112642 41.71455569627947 8.068300910147649,7.090324578836533 6.277521166039685 -5.89536920505782,25.042326814219678 3.426760680636642 45.84582765943374,23.002342214223678 -47.280279240613545 -10.21834583580697
-43.21814528552929 -24.527883612572666 11.780845766662072,-33.31343775272941 -10.63637512586723 -0.891140487710925,-34.07588732400262 -1.8103232740105435 20.680768361206585,75.82042743000876 -2.2862728792062685 -5.822657554168378,6.774760764747109 -4.782094940281203 -4.921575650010335,-7.555802204414944 -4.307482994714395 -46.35483421872317,20.620012657019156 40.70605447260742 7.739193915773707,7.903535372437488 6.2117107394552775 -6.735565860825042,26.433601494845576 2.3795928464890954 44.93083866321579,23.128151731021443 -47.65268649680332 -10.347321883547863
-39.11981611232941 -22.788541295939385 11.411841824428201,-31.955658837165423 -9.43361527223188 -1.106210524950523,-33.69857763961878 -1.4595270215354097 20.751987495724507,70.05808413054899 0.18223219589287964 -5.72346810760304,7.499062525404925 -4.929584483730823 -5.936828202052756,-7.890372848934788 -5.102713095979123 -47.65242638923384,20.04770144541966 39.27885711115948 7.277934890357564,8.797052934646437 6.0381546664926695 -7.637955219888638,27.04725739865421 2.1024261854207364 43.76197290829303,22.97887756184008 -47.2264485531409 -10.166320653589683
-35.05287277416064 -21.599163455190553 11.296972664194909,-30.235712155975097 -8.859368147527723 -0.864828633856483,-33.64654132405593 -1.0198480671900392 20.192651363292143,64.47614803442816 1.894549764606725 -6.101959637845736,8.038077088747055 -5.1372910918126165 -6.894205042830544,-7.657090137869936 -7.6065660841000335 -48.74950996510358,19.35269578960785 37.539913573002806 6.714539541340906,9.473379744764758 5.83280711516001 -8.403657200985515,26.625352553207875 2.2478075393341865 42.327482277987905,22.48750943040266 -45.81916082924585 -9.616594920729307
-31.904607612658904 -21.052024162669777 11.218915360808644,-28.606083793183487 -8.791984206717169 -0.532843491007748,-33.97197186928696 -0.558303865803905 19.041232072633058,60.286924085583465 2.518616342190116 -6.550942174698291,8.27925663497533 -5.284955780271914 -7.5177623433384975,-7.042520433366405 -10.511389556071709 -49.26487810952118,18.639258652089147 35.74513345717984 6.128155995936499,9.779652679769612 5.715393588341493 -8.807138756209934,25.297879047477494 2.3688706009765923 40.8278295219773,21.765555643778587 -43.763072252954785 -8.833397724960669
-30.18188600773688 -20.96235349016835 10.890196961991112,-27.36244388404513 -8.896375339709014 -0.5591825054397095,-34.466216584731136 -0.10239650896356745 17.634063915642194,58.02773573040192 2.259946972312837 -6.533014264870134,8.295838262036462 -5.258991600611401 -7.603385809027382,-6.408508520491403 -12.215378301309057 -49.132905012688894,18.049969580528305 34.252092017201996 5.6337507627146906,9.7676901867268 5.788589966699991 -8.704232096062153,23.540464564452805 2.1860644501797895 39.68636186534127,21.053148183484524 -41.75171894638071 -8.082371864881964
-29.817804686441825 -20.998805479497253 10.110826327288876,-26.530269203186432 -8.8277133625126 -1.199932289414341,-34.75234599905879 0.3534365970185842 16.441317669152706,57.405011840574005 1.6842365162473554 -5.714400631750655,8.288086120090062 -5.01023704526044 -7.111230852778892,-6.103683561769319 -11.679411447682781 -48.59680532621775,17.7270784752668 33.42224715752719 5.351077888516386,9.646016639888465 6.0838633603479195 -8.10793763781197,21.977210882956456 1.7457194829620377 39.411355831782615,20.6044619834614 -40.504679188374425 -7.630547976562597
-30.256769849233713 -20.87331378034662 8.8815632671061,-25.89916336845415 -8.420583704266896 -2.3521837438859605,-34.47752540284472 0.8285163870585852 15.826678455782593,57.518135150527485 1.3849419489373105 -4.178324405541373,8.456470565255614 -4.578332166566444 -6.189717172617318,-6.287644847978006 -9.052700893037317 -48.046596130153766,17.7664643480748 33.50212708270329 5.36516407487942,9.650265740357248 6.546736796371913 -7.187172961781419,21.11392317200368 1.385668081891522 40.36085657141407,20.56866655567104 -40.428765023558306 -7.620815184896346
-30.76487195381656 -20.48795481669038 7.40307913839655,-25.17790070318096 -7.770766517845081 -3.5989362126703552,-33.50301777078358 1.3387662737659545 15.858594645013548,57.33281797707741 1.6797344282792444 -2.390208515719717,8.87583367420206 -4.066849463938338 -5.113829538311,-6.85322643970584 -5.702396786391276 -47.79717795397541,18.1788884563731 34.52231183488884 5.691268025647421,9.9015865111623 7.071180946549228 -6.187598141524903,21.11943031080555 1.5285960131325673 42.52729410196556,20.926305632622523 -41.44716596491921 -8.013342270286115
-30.79835221803013 -19.963956683923332 5.958309220680422,-24.18129806371405 -7.1766521592497075 -4.444456721409978,-31.987550720457886 1.8899663297697753 16.27608073195281,56.16177298841763 2.4886861655629295 -0.9326323728761148,9.439013485370054 -3.581962425383124 -4.163957421795395,-7.480379406822367 -3.583160881480026 -47.9300240420353,18.872875345216045 36.252304924416194 6.257627921922978,10.329131748702768 7.563241889272056 -5.317819816620908,21.749855468842647 2.4166236629524818 45.462984760177356,21.509659740570548 -43.07178633137262 -8.618965365600964
-30.239853878296245 -19.54399114360005 4.745451591767383,-22.946753891408022 -6.978532126873038 -4.607193498079903,-30.31574071644994 2.4794784198385305 16.628060375399446,53.924547736864255 3.4384359473173873 -0.16233000923271224,9.901242100405877 -3.1699098151043694 -3.503653998435686,-7.789928448529659 -4.241138204779089 -48.281206838932576,19.66906614012816 38.237188803999274 6.915583153275544,10.698687696868248 7.995787035742375 -4.662759955027915,22.44517399211059 3.931000688060266 48.403792125111224,22.091186069379397 -44.663960834009345 -9.200319850937511
-29.390267966516525 -19.427431663567397 3.7602667315194362,-21.71959708908529 -7.381047425070807 -4.199953716525094,-28.907784956006825 3.0985773253779527 16.508656331168535,51.08522903814039 4.1120584720861375 0.011622485447105646,10.002839837722805 -2.79093193108966 -3.117412012128869,-7.519419625191633 -7.967000279286516 -48.572569895898354,20.347067353624666 39.91826713345645 7.478686957066383,10.73307694408057 8.420760092393094 -4.168512651552613,22.551632477393742 5.593728980722684 50.54827505718874,22.490589753580267 -45.735979667721494 -9.583427949854556
-28.73867601670667 -19.632868390111962 2.7993333591813494,-20.818925886284397 -8.346174056581244 -3.687582104643446,-28.012973672480406 3.7296012392334896 15.75709775094733,48.33514260969001 4.291641687762633 0.09614148906339715,9.606078478790202 -2.347286667773969 -2.8400311257983164,-6.637520295092086 -13.564215106653817 -48.60095112930679,20.714039699359404 40.8089838888737 7.781665500913566,10.261240430938567 8.930394588317982 -3.7007801184572022,21.572906472226737 6.750741317875774 51.36703028563804,22.64551620500331 -46.13763549501348 -9.72225490367891
-28.649945530780066 -19.96523439239756 1.5859105765766603,-20.459831280043243 -9.6041974465177 -3.6377142321399507,-27.599759868178367 4.339688381800718 14.51206386010955,46.208602760579836 4.056672694394919 0.7392806692548994,8.774593309847022 -1.751335027860627 -2.4620738377310127,-5.347870333191825 -18.892696484677245 -48.36932252536896,20.67332610783201 40.66953272921114 7.740157009336744,9.317727991436392 9.589759942714181 -3.1375340775150176,19.348210810405597 6.842726695629933 50.7972116589483,22.61450312492713 -46.04715894151791 -9.689255995019106
-29.146283884472368 -20.106671854596524 -0.052129847800797435,-20.629615548620414 -10.771075368999911 -4.399463862597701,-27.401923568883717 4.87923422089737 13.095369620713468,44.834188680680626 3.6932730775488363 2.3603822575937894,7.75388166394981 -0.9948033931127455 -1.8560019092793674,-3.9883865871343622 -21.938602761106928 -48.08117473233709,20.266700036192095 39.61252860719926 7.387979378679894,8.140410631247235 10.381241637326355 -2.4402904226544964,16.09479798071279 5.6298138373205635 49.23246105855631,22.519208137027185 -45.79799365919185 -9.607336426345794
-29.898395566906302 -19.782777776087165 -2.0547682136655574,-21.08434966064951 -11.512166144123903 -5.889771929565998,-27.09251951331651 5.292568315844751 11.800132265514682,43.9327405881219 3.482508758658291 4.889233805554671,6.862673882265563 -0.17722345856829147 -1.0563678233843459,-2.8799512241826832 -21.86651526684877 -48.00344800736137,19.669664321945877 38.088391521832925 6.873952826673433,7.067232515715068 11.195762099685307 -1.6659403119890324,12.313435673750881 3.268900147476129 47.32010224671181,22.464445398678368 -45.658058456226925 -9.568772154802256
-30.420494548760317 -18.91531504407332 -4.12783109053132,-21.46616105082493 -11.67604652776585 -7.610904619528219,-26.48423169878606 5.540136457412032 10.71499403045327,43.03296250909695 3.5053651781383564 7.760718651545427,6.349993903690782 0.5269935124967944 -0.25137487934617675,-2.197210746503319 -19.495284059690587 -48.2844456179219,19.135752193395362 36.74204164310591 6.414869975290377,6.384412270348854 11.878609995116575 -0.9203959068804757,8.609330117841951 0.22562390052285775 45.671559572312326,22.482621818243572 -45.69144342287968 -9.588704175873406
-30.350154787253615 -17.679828452688454 -5.870703915639938,-21.477430405829487 -11.342065041208713 -8.895827584789021,-25.638867634327973 5.621126497755263 9.694111658620674,41.76470644410426 3.588561865810725 10.172716162945685,6.288334022456704 0.9488893944771059 0.31017651575579563,-1.917752741614863 -16.922387820232444 -48.84308534661121,18.907297750382767 36.18694329025028 6.21982722075285,6.201783940374354 12.305309674564135 -0.29133927859497444,5.505579319149893 -2.9120496042927058 44.62900646931125,22.53094749183709 -45.77166630745176 -9.615758429695727
-29.651018998733626 -16.436864035145625 -6.96453601520999,-21.019925961909003 -10.76814855424245 -9.251726225693314,-24.820687850772124 5.580943249116604 8.493617215693643,40.065026278292436 3.4279617608906476 11.47206483463322,6.552622300269826 1.0107122719370265 0.4478513928039911,-1.865203199310689 -16.461641828301865 -49.40543980271246,19.126869607603023 36.78351673287985 6.415214251407766,6.414751442552372 12.444322027878975 0.19236578192230258,3.3159076721534575 -5.612355941224646 44.193106791206446,22.537101166496853 -45.72015762125524 -9.58635283998682
-28.625072038207712 -15.571110615955453 -7.318276570503346,-20.22853138018953 -10.269277448242867 -8.61678745332744,-24.319791749413913 5.494078026705296 6.990768421562529,38.19792049011279 2.816177765688252 11.464972265399346,6.889920837735646 0.7699308117977783 0.14691065482880106,-1.8178640989715462 -19.425101619476546 -49.675824904178135,19.78627068423934 38.513772456644666 7.001425758674522,6.766563099401035 12.369982703549589 0.5485008090776708,2.10866035128438 -7.489446907245926 44.12625087986714,22.46100782354637 -45.47031625904665 -9.483775551047614
-27.731418651311063 -15.319023888135192 -7.095326769305912,-19.387042753511878 -10.082735708684089 -7.392448133939835,-24.250620680034924 5.427553939600273 5.344819198752415,36.60014744576793 1.8326719492981036 10.491111481615254,7.040278649859844 0.3956994859266265 -0.42655554066410706,-1.627578404192801 -25.375875510548056 -49.54411204426874,20.735390896312555 41.00558413144718 7.859418756619544,6.974288435145757 12.21757207733209 0.7893706793448139,1.7538182457823108 -8.293708996450395 44.15347563558523,22.332561778467504 -45.147342174858004 -9.362353288264112
-27.317002489166438 -15.669049980940569 -6.612378203725798,-18.77506900319588 -10.275471997154801 -6.236088590053413,-24.450023840000995 5.404588187901842 3.985620260142158,35.656395062972706 0.8693065211225952 9.229778033395272,6.847555973095507 0.08838841734487435 -0.9997846474463237,-1.293761780748795 -32.24859480472769 -49.200004353049025,21.746744016606605 43.69333256744572 8.802788010743575,6.853145638964175 12.106276802424171 0.8731792266925051,2.0164164668214237 -7.861518816182124 44.139118147015964,22.240965935005217 -45.00989400135041 -9.320164225332308
-27.41120157827713 -16.37938750921264 -6.1735623621310785,-18.527468824443133 -10.726107888047975 -5.728785020849575,-24.545362122887067 5.39231440019867 3.415041692144957,35.52924628400534 0.4558637321934129 8.349838899787972,6.3096333171055585 -0.015967202646444356 -1.3173895968934746,-0.9619213514279304 -37.295024543089774 -49.070252020676556,22.60570970300241 46.03861414758151 9.649956188813986,6.380103742996013 12.075014926913443 0.7036676178887686,2.6516048682736564 -6.107204259160143 44.14277499881104,22.280885294034157 -45.28612860115095 -9.436144911691551
-27.696942200658537 -17.09847464869903 -5.935841090762008,-18.575546464024807 -11.181987673512337 -6.0972672547604505,-24.164194697253066 5.3265140916431815 3.9216139690472507,36.11868892369077 0.9679313891322323 8.194242988723953,5.552141309478679 0.0940093099666397 -1.2511937276101022,-0.8513862733972406 -38.39162271248449 -49.59397106946642,23.184714440186283 47.708245777267685 10.28247564249311,5.67327808997336 12.068952472383879 0.192029391419009,3.466860036099609 -3.1021443309108108 44.335532402831774,22.486589277872206 -46.00230478400934 -9.709690210733807
-27.670639170524154 -17.524651269348738 -5.877567417531699,-18.69190874935309 -11.363971450113539 -7.134121961592475,-23.169203887777996 5.164716776356235 5.371883005029276,37.14100162714968 2.3765617355217055 8.663031533026189,4.748799980196754 0.31102615660103794 -0.8415126975670129,-1.1473423795240811 -35.06212553047557 -50.94953941100847,23.468719299576097 48.63253185619336 10.664386459886856,4.90794449018842 11.98478155140043 -0.6495911391485323,4.337206098182479 0.7911638348787955 44.84068233102475,22.793091729248022 -46.9092538748561 -10.040189454907926
-26.899750016561097 -17.527647946589227 -5.877069938861776,-18.606293600674807 -11.077489216837852 -8.347355949369188,-21.777491868072644 4.938821978784587 7.211869627233785,38.25268673465247 4.189140407115939 9.343702353389276,4.034385805026341 0.4763098435071416 -0.25363194926927335,-1.9056849466289225 -28.714668698141853 -52.886801777741255,23.525405702321326 48.93264313615367 10.81970947926499,4.2194164477718 11.747709366698583 -1.6437928519369827,5.180266435636716 4.829590921950542 45.60474428647232,23.049044595590193 -47.55790090076773 -10.26136539101109
-25.237511712166473 -17.17992491986816 -5.841693959054667,-18.127572753848867 -10.28989601075273 -9.244596808579361,-20.48037842978411 4.77264172281545 8.700640967241725,39.13852561913639 5.635439829676273 9.800212243613789,3.4533760316881943 0.46991205040341244 0.32164176012270396,-3.01198760222421 -21.989676155052596 -54.773687203281284,23.44279138089833 48.776909682097056 10.788439236630516,3.643706607830091 11.373391395747984 -2.467445596105016,5.912784683362032 7.954440471711913 46.38245590773852,23.07822558278795 -47.49198898192168 -10.214389093642794
-22.884492868727335 -16.6941751904826 -5.799764032421395,-17.21262155585208 -9.14812794277361 -9.58895404191221,-19.790187100162502 4.8444097468445975 9.265695556177278,39.53093228129116 6.021373770067932 9.848314458981244,2.963173936233736 0.27462077513573036 0.7668152473709946,-4.212606948863483 -17.553630652953707 -55.85684533636653,23.273546908770513 48.26208706007987 10.592523167077527,3.121312630588136 10.97576682118657 -2.7668097382321086,6.415769091936818 9.058276346517047 46.84854214346614,22.76047581543505 -46.46178493390942 -9.822404090634466
-20.275648843816544 -16.307948151790935 -5.894514140966361,-15.95892822929255 -7.931253485529912 -9.488977651080083,-19.943719399138637 5.303592700741316 8.792403381664137,39.19213999590991 5.076704206567039 9.659945420129915,2.4807506877298993 -0.019963494094188405 1.083477197117181,-5.206487622751005 -16.93063081003307 -55.6189466939972,23.019359329564907 47.39534730534431 10.235339588941695,2.553733511530426 10.712942436073298 -2.3228128237187793,6.531093739667968 7.390906975197881 46.7721087631952,22.092768110133008 -44.552008850353616 -9.128988672387813
-17.867214156723605 -16.17533811466253 -6.283148792245623,-14.54128152746799 -6.953749420042367 -9.286295402074947,-20.72843008258599 6.179896797103842 7.684937649609051,37.92379982226311 3.11594787985875 9.641850318979687,1.9419538350607874 -0.27257933356130293 1.3648759216322115,-5.76172311046558 -19.91581751558906 -54.05489543414312,22.663052157388492 46.18580064068403 9.735101083295937,1.8762920571742852 10.700003564404135 -1.1829528908846045,6.0993718283541405 2.942790908656412 46.151414277290854,21.201421008708913 -42.164028439719075 -8.283293489244098
-15.946299657889059 -16.31276024235665 -7.006207468343422,-13.138335020041747 -6.451910131613281 -9.321065801201925,-21.541853538697424 7.3333476443990495 6.654923170250643,35.64537056745725 0.9208929422923773 10.164207891584663,1.3421692701158725 -0.3715093319024083 1.716885392212633,-5.8101185734370535 -24.801757500106483 -51.720716331056565,22.22515443236871 44.77884346703677 9.167746011113335,1.1070689384636072 10.938384711141104 0.31771062042701326,5.03025984763836 -3.3857263989046924 45.229031250200464,20.300850072226204 -39.86796046845838 -7.482743324433013
-14.562845993186894 -16.612167078551884 -7.914071096462883,-11.889890082590629 -6.493203493707033 -9.720287610176632,-21.673359477966205 8.479225769326565 6.343269609358306,32.51795530249768 -0.6064685167469572 11.300186585132847,0.7425147096041949 -0.29571863574542245 2.1766318413436556,-5.479881246618538 -29.24421433850945 -49.51873185106953,21.803521998027684 43.52832713448203 8.683695170500123,0.3494469108128966 11.303699602813793 1.672889301716575,3.37783227273934 -9.954569166672444 44.37615260799998,19.619260968349085 -38.20206231665606 -6.9041929449036115
-13.605782845682931 -16.901229468621242 -8.705085127828562,-10.897166252132399 -6.943389121284752 -10.332124580786054,-20.674012386371707 9.286068198017968 6.9771574769455045,29.029630413121406 -0.8534388195261254 12.73057995256186,0.24604713463567407 -0.12304581360392652 2.6769174685606574,-5.049257131807994 -31.307258502327812 -48.314698299744435,21.561281259840783 42.92739846625304 8.473840804015055,-0.24734992607480952 11.601693654522055 2.4140245625652526,1.3833282021509241 -14.878171522413023 43.90956658023692,19.324699738746546 -37.51278316691675 -6.655932456516846
-12.960259088262083 -17.013638463757157 -9.062574130788327,-10.246676346881092 -7.508385633456557 -10.836879469419463,-18.623420166937798 9.506624365500583 8.251365188631684,25.948987387626183 0.23235182516104746 13.874410393730287,-0.03838831421226718 0.016465791671159913 3.0763344679837568,-4.834941496651693 -30.193499521897124 -48.567866367857434,21.657754802040962 43.399510237037106 8.689129861957348,-0.5449464214960145 11.66358810458536 2.31450082935418,-0.5472046596258817 -16.676794225284034 43.94240708648302,19.480680040326995 -37.895167643867524 -6.766956456380253
-12.639896554608944 -16.839006612827827 -8.816562244415927,-10.024398490746393 -7.84128259987291 -10.95871978928181,-16.146399819914578 9.081301597599081 9.5042756276356,24.112342196022976 2.1421000079771444 14.179842364209161,-0.02674868458985724 0.013511059082389254 3.2364253849482285,-5.057101735060497 -26.376551266260268 -50.14872505391182,22.153434126006573 45.04335768358328 9.34956603057356,-0.46104684295611253 11.429650145528065 1.487888224035606,-1.9399680795903027 -14.828944978530163 44.34918712109135,20.043463281445135 -39.2340571078945 -7.20743308391265
-12.809910833749658 -16.342346922012794 -8.037787625711786,-10.298766859940134 -7.6783364865148505 -10.644784045164112,-14.157322987435709 8.163503383223784 10.09707845260698,24.109109492617403 4.070606674073346 13.420239440780055,0.32351766398068715 -0.16266441841866852 3.1004764555272786,-5.736240193668946 -21.1762821820693 -52.42497528482852,22.942290239956964 47.47491206446896 10.293606506987901,0.013555185752034404 10.976329584265978 0.32869532707696303,-2.4009686881438563 -9.990467230950221 44.859711404564244,20.893356767698982 -41.29764784731932 -7.919112303267844
-13.68779692382227 -15.562366559083195 -7.0083049327009315,-11.079206251278482 -6.952305473872055 -10.10231956708391,-13.451360761369466 7.052795203198912 9.789078787535388,26.010517856196508 5.309549041116788 11.836085166849983,1.008063716201403 -0.45179530999233153 2.7283165800284657,-6.668545042991144 -16.07450492596348 -54.5637175665898,23.758020061917996 49.881498248029715 11.206482120014488,0.8246970933171367 10.47396327480358 -0.6772615627152434,-1.759918177163427 -3.7745380663367194 45.22388275590885,21.88027659386325 -43.822330089270096 -8.834628527495571
-15.384364134497915 -14.603794744988818 -6.083249388771974,-12.281184793549066 -5.835548028458359 -9.67349034325229,-14.344021174371214 6.066834669596808 8.898456596287044,29.294065895095066 5.571548624977205 10.045294435000008,1.9743288086850153 -0.7382713689135305 2.2672401965739573,-7.496769356682622 -12.135771503151506 -55.89580496247427,24.265991193382437 51.30383755359152 11.729426634776527,1.876928242210481 10.100482710044693 -1.179495153748723,-0.1469481013948819 1.8319468170631632 45.35178690343881,22.863752602198645 -46.552874222817195 -9.878220904765508
-17.78408584700134 -13.630302698631677 -5.520451194078155,-13.731191201025034 -4.689982672376183 -9.626746388479917,-16.53818427906681 5.413054560604589 8.151227464106071,33.03360191013025 5.088572161489776 8.766107316578593,3.1209173111724438 -0.9109232474772351 1.8756528164815838,-7.8534854199363195 -9.767542239452194 -56.16799040688558,24.206705819235616 51.0402981706096 11.608833134198427,3.0526849205803472 9.959562491111736 -1.1147039615037078,2.0407428347690466 5.186964420403898 45.35133171395015,23.736701489004297 -49.24345765959359 -10.957003623370586
-20.539888323335745 -12.850547840458605 -5.371511861618973,-15.22217954366631 -3.9378643769041637 -9.993430623333078,-19.281673781411723 5.1201964123475765 8.291408702938828,36.28940542882218 4.447572435737584 8.492283793787772,4.301834072172247 -0.9121750526591268 1.6423734465302204,-7.519632038712317 -8.827264367305865 -55.576659791406605,23.524342273913234 48.988737117600905 10.818019942404089,4.222515734821383 10.046245719003473 -0.7116242459100672,4.279511371579732 5.561967788815515 45.44727519397537,24.433347628402153 -51.65349846515808 -11.959983280685913
-23.189524386904317 -12.483453142080126 -5.489782995670881,-16.595635491268165 -3.901139259010071 -10.549447005051782,-21.72940603131849 5.0582939235534 9.659492176256204,38.51699833339366 4.260138564171137 9.280249949899389,5.343699824172729 -0.7523217000549427 1.5461129814198058,-6.529898907856401 -8.902026564380106 -54.59375709641696,22.414419166189216 45.75254888957391 9.590530998560798,5.251503761519867 10.2731620534773 -0.3530908598761635,6.113319362852645 3.340781556971268 45.83403705578849,24.927887662130313 -53.569890267557255 -12.77620207685514
-25.33001709335776 -12.6974240263744 -5.640783081905054,-17.80329361459152 -4.672505460331172 -10.952703694460077,-23.32155859879163 5.030325213563497 11.969508475826133,39.78645100052347 4.841974118169713 10.745166621741324,6.0798435199340135 -0.4884140566867123 1.4762270349244013,-5.175364858203327 -9.545605780378214 -53.69748105898798,21.260157976763296 42.4402782694751 8.34216471887295,6.011701716902972 10.534384685988881 -0.3719741032222297,7.316922823832829 -0.21427195297231694 46.550567378494435,25.229715126110907 -54.858344738861916 -13.327928418803495
-26.755170084280312 -13.538105786720383 -5.641530611748579,-18.907010670846397 -6.070273729277968 -10.952085706931772,-23.987401645819364 4.883616839293536 14.412471959034699,40.68961934626602 6.063711417053685 12.25465485560413,6.394489314610815 -0.18850348215863688 1.3012669408648563,-3.8969731798367993 -10.357466612975122 -53.15524306266498,20.480949539273986 40.23426708311062 7.511376360512577,6.405409224262115 10.763574653669394 -0.8878559678237794,7.952769798780782 -3.5140641875693124 47.449084970834086,25.37626716807346 -55.513802912769705 -13.600658007960593
-27.486319631165077 -14.877448768039681 -5.442955550924791,-20.00943525767534 -7.695619992161327 -10.540413514170556,-24.0833360576802 4.582557005803885 16.040021516364536,41.97253227359454 7.438276381375674 13.213923403999711,6.2602546219956565 0.0925488023761809 0.9458666981274965,-3.112498634626531 -10.941705003296464 -52.9607968150722,20.36089478585386 39.919151041066684 7.387907203110306,6.393492486801755 10.950437396885832 -1.7644115987339648,8.294193611990442 -5.274884412141542 48.27195912937724,25.42116561376043 -55.66850995454554 -13.649222596221934
-27.691696842239526 -16.419028916488173 -5.1110473508533465,-21.15213790884465 -9.069368010994685 -9.958239746931127,-24.118680197689404 4.208845015970697 16.230638948692715,44.080534049342276 8.385274382426662 13.302067321452917,5.750584059425276 0.3124840932790254 0.4334154344482348,-3.0516256472577434 -10.879495530673982 -52.9320676324056,20.936899035243258 41.58449693203875 8.006310408221559,6.014794278334074 11.109634382984783 -2.699795596068221,8.653203500158837 -4.976564056251776 48.78723871339092,25.416787127213055 -55.536871622923236 -13.571406460145134
-27.554833598117114 -17.774856373874748 -4.731215883580061,-22.244467661318804 -9.794371676087493 -9.546399423179526,-24.434578928804253 3.896906530021769 14.994412911560328,46.860731412983085 8.52566376938304 12.558349067331163,5.018398654058396 0.4248343827177039 -0.127282497363147,-3.672140614731586 -9.823269622927555 -52.88681092125668,21.997310773923886 44.63288379006755 9.15015196449352,5.3835111690052555 11.229884429772845 -3.3918065397984973,9.201163383875759 -2.9807087943470774 48.9008548332507,25.39576288303612 -55.31679781680101 -13.460262793876367
-27.17816874325272 -18.594673008576585 -4.312353499379502,-23.07623115527652 -9.682195727107137 -9.537582546824458,-25.01956047965738 3.7469541624189198 12.956599692362389,49.59263387934897 7.853638071431364 11.301957873695283,4.2486062623990595 0.369306153866205 -0.6011128324435484,-4.694048209334898 -7.698937505363679 -52.77875256769083,23.187777275984175 48.0764548144316 10.45938764089819,4.661578955351729 11.246218496805742 -3.6843737020557037,9.87681646674685 -0.2937740896683219 48.68053008040428,25.360514553642293 -55.10085293955273 -13.36120946226775
-26.57961103223925 -18.69766293774178 -3.767822834173273,-23.421884249831635 -8.801068159045522 -9.914511120372449,-25.561115352025695 3.767450618212991 11.029967362470657,51.34680408781356 6.706073699113039 9.950359016590767,3.605665353280408 0.08936913088844589 -0.8964361800253453,-5.7338336082460835 -4.876966827690901 -52.71266928672366,24.16893076046464 50.967471479424674 11.584947979862669,4.0164430080645515 11.06437156729119 -3.619376219929977,10.431898321687608 1.8957398464449227 48.28155840157309,25.288908657728268 -54.85247802124317 -13.259584223207034
-25.775588661767976 -18.146951351711017 -2.997403249122706,-23.186877658114575 -7.436081871049742 -10.421407890917964,-25.694091878368667 3.87825333778486 9.949705252163923,51.4915816613501 5.5603146887793375 8.83807843414093,3.1994950119251944 -0.4238315124141683 -1.006575967718866,-6.4743181083001655 -2.1424393098676804 -52.83788486573267,24.747786866830868 52.75239056451061 12.315616951954029,3.5824572134878165 10.630502752560027 -3.3756618132257348,10.590658042281596 2.6979978179179556 47.82428133465703,25.15624074467386 -54.46734872578494 -13.107390392459894
-24.884224348787622 -17.22751808998612 -2.0194069346322117,-22.511593580217987 -5.986087164910424 -10.720680517471418,-25.291562141352916 3.968227861063686 9.914904867861138,50.07730384850779 4.778532162755029 8.116722085217848,3.081695244311681 -1.0872281188683974 -1.002402832651838,-6.789919673307061 -0.3947918387775875 -53.196448753957576,24.922754094770802 53.39182845688994 12.621885703099384,3.4412222526634793 10.003773182527057 -3.1412345977680207,10.234745402717714 1.8266145580210247 47.301683349341005,24.962996869812336 -53.88655417191129 -12.873780065908255
-24.164472689971383 -16.330684933458034 -1.0543687967380162,-21.759139751891816 -4.840429721807432 -10.595741888011522,-24.616909341328352 3.968750674249322 10.52086413609857,47.87937488258301 4.436841987711267 7.7582484539818495,3.26572385817434 -1.7186779963910541 -0.9845748480855052,-6.770897603743108 -0.18610981717778774 -53.63010474381962,24.830471275679074 53.219745913224415 12.608112000616755,3.624126911914214 9.377421251165574 -2.998803554188015,9.505804279234198 -0.37377583475446574 46.57649905516891,24.751230001999033 -53.18975604171268 -12.587132292482043
-23.94381641206081 -15.792836454757138 -0.47606099117805556,-21.369701543514918 -4.2772146601590295 -10.070024999919895,-24.23304723949144 3.896010169883305 11.010577781991408,46.05417307350703 4.3232975263485205 7.625214100172098,3.750658134053179 -2.0910941395071196 -1.0267033915788142,-6.6416663860009795 -1.3485855316970767 -53.81430705000859,24.634706934007635 52.65228937790493 12.412343251782007,4.127011923371774 9.016573388714708 -2.891474278969995,8.758595299797182 -3.153507290739876 45.47249149234116,24.59555367013521 -52.599709619422484 -12.338641425995702
-24.457747277965765 -15.759752153119607 -0.6204367981404282,-21.638990661286165 -4.4079818944171825 -9.362296017902848,-24.703781127107085 3.834941030042705 10.706399803441627,45.56717270658833 4.093741394459412 7.546635575808825,4.527632408755617 -2.0380664178913794 -1.144040545161786,-6.6213648975152894 -2.9637353455341056 -53.4105545389624,24.425114264390373 51.9261490221338 12.11677403773957,4.921156159129339 9.12826947642608 -2.6842845613517494,8.379015374239287 -5.711604459463378 43.90703667458904,24.567761678149555 -52.37747008154483 -12.23863003101794
-25.68670317254651 -16.137832162170568 -1.5379937508859705,-22.53081748227749 -5.172641203994404 -8.700960844424955,-26.246230734789346 3.8739166340539626 9.39280109711341,46.682191917206296 3.4910442419746572 7.3552581069619,5.561991841563323 -1.5646830000362848 -1.3049651053217175,-6.802277626138881 -3.7642174753152147 -52.255914607049064,24.182495449939744 51.012802769364576 11.719194763990405,5.950737499201606 9.724968254192943 -2.2795142669622024,8.560987337279792 -7.512513704907135 41.98598362076318,24.690514757854835 -52.655285913987385 -12.345974310130035
-27.291607745372346 -16.65354961665149 -2.8323635574483967,-23.631696236912116 -6.373606041077062 -8.11356765028967,-28.532126739783294 4.030358572802653 7.453523260610572,48.78286385425889 2.5049508396767313 6.883918909536456,6.764236012423371 -0.9010300549757688 -1.4754054172854538,-7.109351111820105 -2.8120990300262183 -50.482848681163745,23.82480076450665 49.74093646162009 11.175434397617115,7.120714973096986 10.559141279277991 -1.7128179295476422,9.168709219762404 -8.43580461772489 40.00216391020363,24.905691746408653 -53.30175281537422 -12.610938620675666
-28.70519655344315 -16.991917361019542 -3.706735559262535,-24.293810902003884 -7.733415405771717 -7.333582966613822,-30.765619231681686 4.214668168355831 5.699812526204629,50.63691115767662 1.3882968368353288 5.954565891136189,7.975847000828802 -0.45365529934030624 -1.6657045367319707,-7.358732292363774 -0.10659315260189883 -48.497812787028906,23.29912201542933 48.03152445911957 10.478520827098297,8.291115909878817 11.180058825466617 -1.1700809738564466,9.774066379613554 -8.715802115407548 38.3334952612926,25.079586382664683 -53.90978285918629 -12.869412167954023
-29.354777789444213 -16.948353544492107 -3.2419925595724255,-23.91907642497896 -8.962642793872543 -5.904871122067751,-32.02137412705531 4.258717633045615 4.986649001569849,50.9903876925253 0.5263810117444088 4.39937303468178,8.992378450056604 -0.6574127054394707 -1.947510255754794,-7.379273051022308 3.2375166195198983 -46.82300235447273,22.657535524068376 46.08208769918558 9.717705247055909,9.294740752954526 11.104734528104508 -0.912505637983247,9.868138794877337 -8.726027635389235 37.29309254304444,25.050074403271754 -53.939018646035514 -12.901316467429977
-28.917384500420756 -16.523611433651176 -0.8037906207648984,-22.258546347008483 -9.82793703115848 -3.4474276697053483,-31.685315117288884 3.9976000621901404 5.815948381039189,49.20684268310234 0.23444241001054247 2.12665929284584,9.625915258876523 -1.783990320328514 -2.426102742361686,-7.12722872063521 5.404208015549213 -45.87900794262907,22.064406765723422 44.36728407046492 9.072574017848417,9.982758400007917 10.033007564800368 -1.1510443092477547,9.147149243215413 -8.729275162558045 37.00939044908788,24.698240038260984 -52.95956259191726 -12.530564355978633
-27.48253739554692 -15.919967027991857 3.61051662593958,-19.580678415128915 -10.209103976402519 0.056896414494399195,-29.777483019857787 3.3612102502922685 8.119764760243484,45.63454584224415 0.5925036605232092 -0.7957888011330247,9.783107860892118 -3.7948248088963292 -3.18060159876692,-6.728944829786227 4.735589567543077 -45.81648806822515,21.723982071279682 43.43431534554031 8.737148728042696,10.283107024187995 8.005739085918526 -1.939700400711579,7.721204946697314 -8.72144236431593 37.39502522308764,24.011003807932326 -50.879984139025105 -11.717984879118495
