-14.760889053344727 -19.132457733154297 4.872640132904053,-23.353113174438477 -8.977483749389648 -2.6081104278564453,-26.463253021240234 1.5679210424423218 16.59333038330078,48.45029067993164 4.4857354164123535 -3.596012592315674,3.731132984161377 -3.2064695358276367 -7.7885260581970215,-7.910604000091553 -15.480680465698242 -47.505760192871094,21.861026763916016 43.95466995239258 8.912979125976562,5.468179702758789 7.573564052581787 -10.523083686828613,14.789743423461914 0.20897726714611053 45.7003173828125,22.31515121459961 -45.23966979980469 -9.396183967590332
-15.77372932434082 -20.383037567138672 5.848383903503418,-25.3239688873291 -10.0618896484375 -2.3700475692749023,-27.751678466796875 0.9134836792945862 17.858875274658203,51.53974914550781 4.268258094787598 -4.8008270263671875,3.3415818214416504 -3.1990623474121094 -8.903939247131348,-7.736941337585449 -15.315990447998047 -47.203407287597656,21.425230026245117 42.754547119140625 8.4703369140625,5.308934688568115 7.450454235076904 -12.027592658996582,17.575889587402344 0.5807183384895325 45.12440490722656,21.938573837280273 -44.17152404785156 -8.99388313293457
-17.63178062438965 -21.864620208740234 8.189236640930176,-27.221736907958984 -11.478936195373535 -1.2983765602111816,-30.317590713500977 0.5510563254356384 18.152063369750977,55.404117584228516 2.0255625247955322 -8.213315963745117,3.6838626861572266 -3.8737401962280273 -10.324499130249023,-8.061281204223633 -13.111133575439453 -47.260196685791016,20.720989227294922 40.87688446044922 7.795114040374756,5.894853115081787 6.811965465545654 -13.068022727966309,19.599700927734375 2.0098650455474854 44.67375183105469,21.12550926208496 -41.946502685546875 -8.177135467529297
-41.15610122680664 -27.087299346923828 11.835025787353516,-29.40188217163086 -12.322685241699219 -0.35793283581733704,-33.74333572387695 -0.030131889507174492 17.372827529907227,81.20781707763672 -15.804299354553223 -19.89626121520996,6.536192893981934 -4.555646896362305 -3.767012119293213,-8.552091598510742 -11.010003089904785 -46.701114654541016,20.614011764526367 40.59798049926758 7.696681499481201,7.429460525512695 6.508200645446777 -5.504656791687012,21.356277465820312 3.861170530319214 44.83924102783203,21.3914794921875 -42.662750244140625 -8.436803817749023
-42.61945343017578 -27.715028762817383 12.77822494506836,-31.83706283569336 -12.865399360656738 0.4403474032878876,-37.00752258300781 -0.8106837272644043 16.47418212890625,85.72112274169922 -42.659881591796875 -47.70681381225586,7.214478969573975 -4.799966812133789 -4.928949356079102,-9.006831169128418 -10.12169075012207 -45.4679069519043,20.772035598754883 41.010643005371094 7.842496871948242,8.27153205871582 6.42733097076416 -5.8918304443359375,23.19150161743164 5.1379547119140625 44.84869384765625,21.652496337890625 -43.37646484375 -8.69864273071289
-43.26891326904297 -28.520708084106445 13.729761123657227,-33.46075439453125 -13.412221908569336 1.0968888998031616,-39.425846099853516 -1.345165491104126 15.760433197021484,86.55792236328125 -104.3070068359375 -110.264892578125,7.5871806144714355 -4.997889041900635 -5.781635284423828,-9.563892364501953 -8.664338111877441 -44.5284538269043,20.70419692993164 40.8331184387207 7.779677867889404,8.77413272857666 6.327335834503174 -6.267545700073242,24.047286987304688 4.75901460647583 43.968441009521484,21.3863525390625 -42.64896011352539 -8.431767463684082
-43.5778694152832 -29.985754013061523 15.373526573181152,-34.63712692260742 -14.062777519226074 1.749734878540039,-41.65843200683594 -1.545249342918396 15.090885162353516,84.23588562011719 -137.83912658691406 -145.02212524414062,8.073177337646484 -5.248050689697266 -6.493557929992676,-10.316213607788086 -6.619441032409668 -43.96998977661133,20.575700759887695 40.498470306396484 7.66165018081665,9.355613708496094 6.2044196128845215 -6.389962673187256,24.43826675415039 4.422530651092529 42.929229736328125,21.10548210144043 -41.893131256103516 -8.15788745880127
-44.02703857421875 -31.849681854248047 17.552446365356445,-35.66752624511719 -14.844099998474121 2.430063486099243,-43.669761657714844 -1.5746607780456543 14.606851577758789,81.40467834472656 -149.13682556152344 -157.33387756347656,8.757104873657227 -5.537727355957031 -7.110709190368652,-10.983145713806152 -4.360196113586426 -43.778099060058594,20.43841552734375 40.14327621459961 7.537235260009766,10.1139497756958 6.050010681152344 -6.381631374359131,24.578853607177734 4.211604118347168 41.851375579833984,21.080671310424805 -41.8267822265625 -8.133995056152344
-44.171669006347656 -32.77832794189453 18.59812355041504,-36.49911880493164 -15.247907638549805 2.7609894275665283,-44.852317810058594 -1.6786049604415894 14.622419357299805,79.57946014404297 -153.3433837890625 -162.14236450195312,8.959802627563477 -5.670922756195068 -7.467848777770996,-11.610182762145996 -3.250364065170288 -43.513275146484375,20.104616165161133 39.29021453857422 7.241677284240723,10.371306419372559 5.9618964195251465 -6.517933368682861,24.465782165527344 2.942835569381714 40.42417907714844,20.546079635620117 -40.42154312133789 -7.634647369384766
-44.56000900268555 -33.82927322387695 19.95586585998535,-37.04169845581055 -15.67065143585205 3.134230852127075,-46.27983093261719 -1.6455912590026855 14.269107818603516,77.50096130371094 -156.8319854736328 -166.15353393554688,9.459866523742676 -5.8501081466674805 -7.7524800300598145,-11.91611099243164 -1.9807472229003906 -43.68708419799805,20.045766830444336 39.14128875732422 7.190561771392822,10.90306568145752 5.850494861602783 -6.484011173248291,24.693918228149414 3.182730197906494 39.97175979614258,20.74234390258789 -40.932857513427734 -7.814943790435791
-44.67161178588867 -33.045833587646484 18.999582290649414,-37.147705078125 -15.513162612915039 3.108799695968628,-46.20351028442383 -1.8341574668884277 14.379671096801758,77.67371368408203 -157.55517578125 -166.57887268066406,9.295422554016113 -5.768097400665283 -7.75219202041626,-11.793416976928711 -2.821650505065918 -43.320701599121094,19.886043548583984 38.73907470703125 7.0532331466674805,10.745878219604492 5.911593914031982 -6.5735650062561035,24.715087890625 2.782388687133789 40.26129150390625,20.457674026489258 -40.1929931640625 -7.554612636566162
-44.825069427490234 -32.038917541503906 17.80478858947754,-36.17860412597656 -15.355409622192383 3.165403127670288,-44.59572982788086 -1.9498250484466553 14.486648559570312,80.48382568359375 -153.04940795898438 -161.7062530517578,8.970172882080078 -5.610537052154541 -7.54153299331665,-10.24668025970459 -4.521048545837402 -43.281436920166016,19.716808319091797 38.31632995605469 6.910011291503906,10.396483421325684 6.0197272300720215 -6.593486309051514,24.89784812927246 3.483849287033081 41.654380798339844,20.76948356628418 -41.003936767578125 -7.840112209320068
-43.726810455322266 -32.013607025146484 17.434585571289062,-32.91250228881836 -15.626429557800293 3.2027997970581055,-38.44093322753906 -2.321455717086792 17.207643508911133,85.9242172241211 -66.86796569824219 -76.85111999511719,6.9739670753479 -5.095839023590088 -6.528014183044434,-7.263299942016602 -6.550587177276611 -44.424495697021484,18.358020782470703 35.03578186035156 5.839603424072266,8.399280548095703 5.868648529052734 -8.372519493103027,27.971683502197266 2.924455404281616 40.611385345458984,19.843351364135742 -38.632083892822266 -7.016862392425537
-42.587860107421875 -29.63646697998047 14.1733980178833,-30.036043167114258 -15.399544715881348 2.7422032356262207,-30.736705780029297 -2.4308266639709473 18.98764419555664,77.42218017578125 -7.542621612548828 -17.65963363647461,5.09688663482666 -4.427293300628662 -5.27468729019165,-3.3672597408294678 -12.489222526550293 -45.56191635131836,17.673185348510742 33.4507942199707 5.349392890930176,6.4275126457214355 6.0631513595581055 -9.215213775634766,29.09111785888672 1.6436129808425903 40.66316604614258,19.828018188476562 -38.59376525878906 -7.003876686096191
-42.94182586669922 -27.10761833190918 11.188182830810547,-29.276220321655273 -14.417959213256836 1.4217119216918945,-27.57088279724121 -2.02060866355896 19.51817512512207,73.11175537109375 0.3963131010532379 -7.525522232055664,4.191311836242676 -3.9853343963623047 -4.1654229164123535,-1.6276472806930542 -15.885356903076172 -47.29058074951172,18.10713768005371 34.45016860961914 5.656350135803223,5.355376720428467 6.42714786529541 -8.601302146911621,27.790632247924805 1.9257107973098755 43.40596008300781,21.359312057495117 -42.57554244995117 -8.405028343200684
-43.53590393066406 -29.41321563720703 13.689458847045898,-30.97299575805664 -14.793083190917969 1.1780275106430054,-31.05242347717285 -2.020212173461914 21.202068328857422,79.24830627441406 -8.586405754089355 -15.543373107910156,5.064896106719971 -4.195866584777832 -4.530448913574219,-3.757490396499634 -12.766308784484863 -47.376522064208984,18.442768096923828 35.23478317260742 5.902435302734375,6.279934883117676 6.227531909942627 -8.795351028442383,30.249897003173828 3.9142487049102783 45.97242736816406,21.079971313476562 -41.82490539550781 -8.13333797454834
-44.023216247558594 -30.325698852539062 14.920560836791992,-32.03097152709961 -14.686508178710938 1.0694035291671753,-33.41486358642578 -2.1671621799468994 21.799060821533203,82.92656707763672 -20.745777130126953 -27.18993377685547,5.5444159507751465 -4.334577560424805 -4.8033246994018555,-4.771541595458984 -11.622719764709473 -47.3703498840332,18.633342742919922 35.68513870239258 6.0455851554870605,6.80012321472168 6.095984935760498 -8.967045783996582,32.391754150390625 7.763417720794678 49.50813674926758,20.637014389038086 -40.657779693603516 -7.7177324295043945
-43.97289276123047 -29.848005294799805 14.35718059539795,-32.00263214111328 -14.349027633666992 0.8184073567390442,-32.994686126708984 -2.26438307762146 22.26146697998047,82.78814697265625 -18.652849197387695 -24.889245986938477,5.371472358703613 -4.235459327697754 -4.614017963409424,-4.49849796295166 -12.958022117614746 -47.51145553588867,18.736610412597656 35.93061065673828 6.124269962310791,6.6187920570373535 6.093879699707031 -9.194180488586426,33.89628219604492 10.47811508178711 52.09872817993164,20.393966674804688 -40.02892303466797 -7.497355937957764
-43.460227966308594 -29.702608108520508 13.697046279907227,-31.550996780395508 -14.343721389770508 0.492625892162323,-31.056358337402344 -2.2378978729248047 23.199003219604492,80.89070129394531 -10.956219673156738 -17.183181762695312,4.632932186126709 -3.983421802520752 -4.175605297088623,-3.65507173538208 -14.625960350036621 -47.83279037475586,18.73944854736328 35.9373664855957 6.126404285430908,5.854765892028809 6.155672550201416 -9.588553428649902,35.35511016845703 9.287903785705566 51.69595718383789,20.41110610961914 -40.07293701171875 -7.512691020965576
-43.20732116699219 -30.27091407775879 13.98601245880127,-31.568397521972656 -14.579822540283203 0.4630732238292694,-30.577831268310547 -2.2492756843566895 23.977048873901367,80.78296661376953 -10.80518627166748 -17.06818199157715,4.320868015289307 -3.882202625274658 -4.033656120300293,-3.434088706970215 -14.74809455871582 -47.903282165527344,18.73175811767578 35.919036865234375 6.120524883270264,5.54735803604126 6.138300895690918 -9.938528060913086,36.74650955200195 8.080424308776855 51.01494598388672,20.41299819946289 -40.077842712402344 -7.514405250549316
-43.631500244140625 -31.06417465209961 15.390115737915039,-32.498661041259766 -14.579322814941406 0.8063848614692688,-33.762855529785156 -2.4300174713134766 23.99126434326172,84.59756469726562 -32.5228271484375 -38.2525520324707,5.274169921875 -4.17716646194458 -4.5267839431762695,-4.769879341125488 -12.823004722595215 -47.33860397338867,18.86907958984375 36.24711608886719 6.226259708404541,6.556524276733398 5.924411773681641 -9.981846809387207,37.38489532470703 9.518781661987305 52.08108901977539,20.2871036529541 -39.75481414794922 -7.402064800262451
-44.29945755004883 -31.112276077270508 16.253629684448242,-33.1938362121582 -14.187642097473145 1.1677803993225098,-37.36631774902344 -2.57964825630188 22.75893211364746,86.30657196044922 -86.039306640625 -91.31442260742188,6.795936584472656 -4.610383033752441 -5.190083026885986,-6.40782356262207 -10.912149429321289 -46.494747161865234,19.057785034179688 36.70101547241211 6.373763561248779,8.125066757202148 5.730224609375 -9.542192459106445,36.06081008911133 11.333605766296387 53.95090103149414,19.936742782592773 -38.86634826660156 -7.096564292907715
-44.47657012939453 -30.606101989746094 16.242916107177734,-33.12296676635742 -13.93112850189209 1.4430967569351196,-38.79811096191406 -2.5142829418182373 21.451412200927734,86.10509490966797 -102.76498413085938 -108.05570220947266,7.769578456878662 -4.890127658843994 -5.535351276397705,-7.182848930358887 -10.23694133758545 -45.89247512817383,19.072587966918945 36.73670959472656 6.385404109954834,9.097779273986816 5.682581901550293 -8.899195671081543,33.485939025878906 10.360128402709961 53.32929229736328,19.71503448486328 -38.31188201904297 -6.908487796783447
-44.06861877441406 -33.4849739074707 19.36385726928711,-34.41250228881836 -14.60500431060791 1.8677829504013062,-41.88886260986328 -2.450491428375244 22.602245330810547,81.76104736328125 -142.47348022460938 -148.3413848876953,7.878561019897461 -5.0745625495910645 -5.756580352783203,-8.636082649230957 -7.955199241638184 -45.554351806640625,19.03324317932129 36.64168167114258 6.354383945465088,9.274209022521973 5.3632073402404785 -9.60306167602539,37.564918518066406 10.266446113586426 50.73455810546875,19.37590789794922 -37.474727630615234 -6.628447532653809
-43.349246978759766 -33.32646179199219 19.036104202270508,-33.42048645019531 -14.670578956604004 1.892323613166809,-40.23836898803711 -2.263200521469116 23.0573673248291,83.8341064453125 -127.29867553710938 -133.24790954589844,7.303486347198486 -4.966409683227539 -5.494790554046631,-7.707311153411865 -9.482714653015137 -45.480262756347656,18.953676223754883 36.450130462646484 6.29205846786499,8.668245315551758 5.430194854736328 -9.565232276916504,36.699222564697266 7.3837361335754395 47.386314392089844,19.956012725830078 -38.914920806884766 -7.113131523132324
-42.94260025024414 -30.93861961364746 16.70347023010254,-31.555252075195312 -14.400965690612793 1.8459677696228027,-36.38765335083008 -2.3574628829956055 22.74655532836914,85.17704010009766 -52.025569915771484 -57.9880485534668,6.749546527862549 -4.78361177444458 -5.07916259765625,-5.996232509613037 -11.864466667175293 -45.508907318115234,18.357975006103516 35.035701751708984 5.8395819664001465,8.060822486877441 5.5526909828186035 -9.46175765991211,33.0534782409668 2.7013187408447266 44.40773391723633,19.760711669921875 -38.425621032714844 -6.946914196014404
-42.86872863769531 -31.606550216674805 18.002687454223633,-30.697418212890625 -14.524681091308594 2.430614948272705,-36.42648696899414 -2.268566608428955 22.08281135559082,84.62385559082031 -49.04285430908203 -56.433692932128906,7.20634126663208 -4.963170051574707 -5.04059362411499,-6.354066371917725 -10.26431941986084 -45.65816879272461,18.191062927246094 34.645450592041016 5.717215061187744,8.517056465148926 5.322362899780273 -9.58101749420166,33.42050552368164 2.4922780990600586 43.54043197631836,19.84469223022461 -38.63538360595703 -7.017981052398682
-42.78681945800781 -31.488327026367188 18.062170028686523,-31.53445816040039 -14.289898872375488 2.729081869125366,-39.28108596801758 -2.435321807861328 21.28606414794922,85.44469451904297 -97.0380859375 -104.00569915771484,7.998396873474121 -5.197659969329834 -5.527507781982422,-7.506133079528809 -10.054824829101562 -44.509613037109375,18.460092544555664 35.27568054199219 5.9153947830200195,9.357426643371582 5.218694686889648 -9.468387603759766,33.03487014770508 1.721358299255371 42.69084167480469,19.749235153198242 -38.39702606201172 -6.9372639656066895
-42.63936996459961 -31.202350616455078 18.261966705322266,-31.388708114624023 -14.025924682617188 3.0504367351531982,-40.798133850097656 -2.3258187770843506 19.85927963256836,84.97152709960938 -112.5600357055664 -119.94929504394531,8.806238174438477 -5.469454288482666 -5.826931476593018,-8.491084098815918 -9.284611701965332 -43.90460205078125,18.523338317871094 35.4247932434082 5.962673664093018,10.166109085083008 5.145873069763184 -8.931334495544434,31.138442993164062 1.7919214963912964 42.607391357421875,19.279457092285156 -37.23903274536133 -6.55039119720459
-42.401100158691406 -31.138843536376953 18.92717933654785,-29.97333526611328 -13.838827133178711 3.479570150375366,-40.1014518737793 -2.075432062149048 18.592491149902344,85.43545532226562 -86.07579803466797 -94.95480346679688,9.333595275878906 -5.67549991607666 -5.759524822235107,-8.785122871398926 -8.227279663085938 -44.1484260559082,18.225204467773438 34.72502517700195 5.742053985595703,10.66045093536377 5.010213375091553 -8.571357727050781,29.53727912902832 2.450317859649658 42.33506393432617,19.003267288208008 -36.56953430175781 -6.330880165100098
-41.83605194091797 -31.152568817138672 19.40147590637207,-28.49883460998535 -13.663732528686523 3.9478840827941895,-38.6734733581543 -1.9640612602233887 18.293970108032227,84.57457733154297 -55.557674407958984 -65.81271362304688,9.218690872192383 -5.717484951019287 -5.492359638214111,-8.491836547851562 -8.30692195892334 -44.38835144042969,17.987600326538086 34.17325210571289 5.570590972900391,10.524879455566406 4.856384754180908 -8.760555267333984,30.308637619018555 3.315845251083374 41.774662017822266,18.948579788208008 -36.437801361083984 -6.288039684295654
-41.27747344970703 -30.74755859375 19.22256088256836,-27.375810623168945 -13.613569259643555 4.364718437194824,-37.321266174316406 -2.0524790287017822 18.224706649780273,83.02545928955078 -37.95372772216797 -48.822879791259766,8.945322036743164 -5.7066192626953125 -5.346195220947266,-7.892735958099365 -8.818346977233887 -44.28984069824219,17.667171478271484 33.43709945678711 5.3452324867248535,10.251025199890137 4.766568660736084 -9.026344299316406,30.202556610107422 2.5968616008758545 40.74486541748047,18.646167755126953 -35.715599060058594 -6.05532169342041
-40.588260650634766 -30.848369598388672 19.262277603149414,-26.663442611694336 -13.86639404296875 4.818455696105957,-35.85606002807617 -2.1531496047973633 18.999013900756836,81.39408111572266 -29.38448143005371 -40.78263473510742,8.290334701538086 -5.593691825866699 -5.1092705726623535,-7.045151710510254 -9.805829048156738 -44.273406982421875,17.57950210571289 33.23721694946289 5.284691333770752,9.603294372558594 4.686181545257568 -9.585742950439453,31.442134857177734 1.1138859987258911 38.689666748046875,18.700138092041016 -35.843772888183594 -6.0963921546936035
-39.927284240722656 -31.263141632080078 19.90163230895996,-25.654563903808594 -14.076078414916992 5.122997283935547,-33.95547866821289 -1.8583892583847046 19.600391387939453,78.89109802246094 -22.26273536682129 -34.309757232666016,7.864126205444336 -5.5586371421813965 -4.715331077575684,-6.48788595199585 -9.600692749023438 -44.80328369140625,17.418659210205078 32.872344970703125 5.174973487854004,9.133699417114258 4.627232074737549 -9.61226749420166,31.019330978393555 -0.13798077404499054 36.94588851928711,18.739763259887695 -35.938106536865234 -6.126632213592529
-39.37746810913086 -31.210716247558594 20.324220657348633,-24.59943962097168 -13.945590019226074 5.416266918182373,-33.2496223449707 -1.6618854999542236 19.208999633789062,77.33031463623047 -19.45992660522461 -31.91701316833496,8.104668617248535 -5.697352409362793 -4.626633167266846,-6.593082427978516 -8.877766609191895 -44.93010330200195,17.24263572692871 32.47524642944336 5.056682109832764,9.34878921508789 4.525390625 -9.374719619750977,29.597980499267578 -0.6718761920928955 36.579933166503906,18.485919952392578 -35.336570739746094 -5.934651851654053
-38.819942474365234 -30.325408935546875 19.875465393066406,-24.10736846923828 -13.420541763305664 5.965891361236572,-34.48672103881836 -2.0573601722717285 17.544153213500977,77.91613006591797 -20.112903594970703 -33.11598587036133,8.895491600036621 -5.983104705810547 -5.163854122161865,-7.608484268188477 -8.902182579040527 -43.78226852416992,17.289318084716797 32.58033752441406 5.087874412536621,10.20212173461914 4.343485355377197 -9.420028686523438,28.92024040222168 0.5927168726921082 38.5667610168457,17.851707458496094 -33.85995101928711 -5.474155902862549
-38.09149169921875 -29.170839309692383 19.208951950073242,-23.48624610900879 -12.642340660095215 6.511727333068848,-35.97154998779297 -2.207306146621704 15.71424388885498,78.89147186279297 -21.731910705566406 -34.893524169921875,9.764362335205078 -6.2527689933776855 -5.467434406280518,-8.986532211303711 -8.613569259643555 -42.65902328491211,17.329360961914062 32.670616149902344 5.114721775054932,11.087642669677734 4.203232288360596 -9.157227516174316,28.08446502685547 2.307119846343994 40.63676834106445,17.269926071166992 -32.53670120239258 -5.074911117553711
-37.82665252685547 -29.467281341552734 20.337900161743164,-23.239871978759766 -12.363449096679688 6.626333236694336,-36.738250732421875 -1.9411884546279907 15.581626892089844,79.6560287475586 -26.22293472290039 -39.62714385986328,10.076297760009766 -6.441188812255859 -5.323670864105225,-9.885929107666016 -7.182163238525391 -43.18385696411133,17.166128158569336 32.303550720214844 5.005909442901611,11.368694305419922 4.028794765472412 -8.958086013793945,27.991735458374023 3.0198590755462646 40.04895782470703,17.085124969482422 -32.122093200683594 -4.952456474304199
-37.79254150390625 -30.30420684814453 21.950212478637695,-23.481760025024414 -12.413433074951172 6.295261859893799,-37.35382843017578 -1.2969779968261719 16.540029525756836,80.32862091064453 -32.95420455932617 -45.61623001098633,10.141565322875977 -6.542862892150879 -4.917415618896484,-10.131181716918945 -5.924975395202637 -44.55147171020508,17.164474487304688 32.29977035522461 5.004812717437744,11.353267669677734 3.9669926166534424 -8.431407928466797,26.445493698120117 0.8022106885910034 36.69462966918945,17.608421325683594 -33.30313491821289 -5.304588317871094
-37.648529052734375 -30.285507202148438 22.254131317138672,-23.816144943237305 -12.195497512817383 5.6920952796936035,-37.97545623779297 -0.5664852261543274 17.532224655151367,80.85614776611328 -38.519554138183594 -49.014583587646484,10.138530731201172 -6.519480228424072 -4.418318748474121,-10.205668449401855 -5.740438938140869 -45.31697463989258,17.39495086669922 32.818603515625 5.158872604370117,11.234394073486328 4.10580587387085 -7.530709743499756,22.968963623046875 -2.8464062213897705 33.56304931640625,18.418418884277344 -35.177528381347656 -5.8842997550964355
-37.02683639526367 -29.504825592041016 22.10812759399414,-23.30598258972168 -11.476184844970703 5.787807464599609,-38.74517059326172 -0.3827179968357086 16.687152862548828,81.2330322265625 -41.40433883666992 -51.598724365234375,10.625972747802734 -6.681224346160889 -4.333486080169678,-11.195555686950684 -5.395044803619385 -45.231719970703125,17.376195907592773 32.77629852294922 5.146276473999023,11.68012809753418 4.0339531898498535 -7.085564613342285,22.172964096069336 -2.460785388946533 34.26628112792969,18.109359741210938 -34.455284118652344 -5.657980442047119
-35.7475700378418 -28.80474281311035 21.90102195739746,-22.599637985229492 -10.570977210998535 6.057446479797363,-39.19818115234375 -0.2456173449754715 15.634989738464355,81.3776626586914 -43.57680892944336 -54.074623107910156,11.155896186828613 -6.850423336029053 -4.216655731201172,-12.652606964111328 -5.046501636505127 -44.82407760620117,17.289934158325195 32.581748962402344 5.088290691375732,12.175968170166016 3.9006447792053223 -6.818463325500488,23.087690353393555 -0.8694992661476135 36.9180793762207,16.948856353759766 -31.818204879760742 -4.863508701324463
-34.951942443847656 -27.390518188476562 20.735424041748047,-23.04606056213379 -8.991272926330566 4.323967456817627,-39.93232727050781 0.8522434234619141 17.039125442504883,82.0772705078125 -52.26975631713867 -59.16730499267578,11.023228645324707 -6.624989032745361 -3.0254454612731934,-13.315507888793945 -7.168026447296143 -45.60667037963867,17.809024810791016 33.76191329956055 5.444186210632324,11.804850578308105 4.2149658203125 -5.363811016082764,22.61676025390625 -0.37919026613235474 38.93189239501953,16.642986297607422 -31.14116096496582 -4.667907238006592
-33.88255310058594 -25.27736473083496 19.409921646118164,-22.5604190826416 -6.823060035705566 2.655377149581909,-39.986610412597656 2.375485897064209 17.80962562561035,81.58863067626953 -49.69194793701172 -53.21571350097656,11.178949356079102 -6.45003080368042 -1.5492961406707764,-14.379783630371094 -8.474176406860352 -46.81751251220703,17.94370460510254 34.0718879699707 5.539327144622803,11.61976146697998 4.609315395355225 -3.0928890705108643,21.406606674194336 1.916409969329834 42.675804138183594,16.43072509765625 -30.675445556640625 -4.53536319732666
-11.662168502807617 -15.857817649841309 15.307989120483398,-21.79564666748047 -4.399341106414795 0.9598273634910583,-39.934722900390625 4.160617351531982 17.879518508911133,61.61321258544922 -11.418516159057617 -18.25372886657715,8.919269561767578 -10.54957389831543 -6.142999172210693,-15.35748291015625 -9.878528594970703 -48.442928314208984,18.131332397460938 34.50638961791992 5.673881530761719,10.213035583496094 0.5756589770317078 -7.266531467437744,19.48957061767578 5.26138162612915 45.365787506103516,16.55500030517578 -30.94775390625 -4.612651348114014
-9.576055526733398 -12.28520393371582 13.231847763061523,-20.167787551879883 -1.2032297849655151 -1.6119083166122437,-39.51108932495117 6.131514072418213 17.417125701904297,59.500648498535156 -11.173111915588379 -13.456270217895508,9.05085277557373 -10.073628425598145 -2.5002076625823975,-16.621034622192383 -12.317306518554688 -50.63492965698242,18.312965393066406 34.930057525634766 5.8063530921936035,9.591329574584961 1.2711213827133179 -3.009810209274292,14.66592025756836 3.647096633911133 44.355918884277344,16.999814987182617 -31.931692123413086 -4.8966546058654785
-8.336759567260742 -10.638442993164062 12.999515533447266,-19.144760131835938 -0.039908647537231445 -1.4780513048171997,-40.789894104003906 6.318222999572754 15.181365966796875,60.634300231933594 -12.475699424743652 -13.256882667541504,9.611856460571289 -10.40731430053711 -1.734011173248291,-17.913198471069336 -11.485509872436523 -50.58270263671875,18.279769897460938 34.852333068847656 5.781924724578857,9.948197364807129 1.0843918323516846 -1.6568739414215088,12.862654685974121 2.3384571075439453 44.102699279785156,16.693897247314453 -31.253385543823242 -4.700089931488037
-5.957015037536621 -7.895872116088867 12.084362983703613,-17.432170867919922 1.9641026258468628 -2.256258249282837,-39.817840576171875 7.490774631500244 14.494593620300293,57.151519775390625 -11.636452674865723 -10.198413848876953,9.378166198730469 -10.453113555908203 0.4322756230831146,-18.264482498168945 -12.630514144897461 -50.82244110107422,17.840076446533203 33.8331298828125 5.465952396392822,9.189014434814453 1.2813516855239868 1.4325082302093506,9.189718246459961 -1.2103550434112549 41.92808532714844,16.29703140258789 -30.383813858032227 -4.453176021575928
-4.574059009552002 -4.586462020874023 10.575551986694336,-15.165979385375977 3.9150311946868896 -3.1222777366638184,-36.17275619506836 8.065777778625488 15.092708587646484,50.21064758300781 -8.860724449157715 -5.5067009925842285,9.383415222167969 -10.109208106994629 2.80767560005188,-17.349323272705078 -15.190159797668457 -52.03399658203125,17.33441162109375 32.68197250366211 5.118096828460693,8.664690971374512 1.7114157676696777 4.21343469619751,5.502342224121094 -1.4303399324417114 42.594451904296875,16.926387786865234 -31.768264770507812 -4.84896993637085
-4.555202007293701 -3.421396017074585 9.801201820373535,-13.73344898223877 4.0996012687683105 -2.870990753173828,-32.867252349853516 7.7503180503845215 16.36178970336914,44.637638092041016 -6.296865463256836 -3.2761189937591553,9.515435218811035 -9.807997703552246 3.501678705215454,-16.01885223388672 -16.676284790039062 -52.90083694458008,17.08980369567871 32.13254928588867 4.955540180206299,8.703454971313477 1.9040260314941406 4.5034284591674805,2.880725383758545 -4.400146484375 42.877681732177734,17.817150115966797 -33.78050231933594 -5.449874401092529
-4.021459579467773 -2.4228055477142334 9.71075439453125,-12.660014152526855 4.344532012939453 -2.1649842262268066,-31.373517990112305 7.685031890869141 16.04278564453125,41.08921432495117 -5.501389503479004 -2.7464661598205566,9.396627426147461 -9.979985237121582 3.7353012561798096,-15.155755996704102 -16.836698532104492 -52.72740936279297,16.54757308959961 30.93147850036621 4.608011722564697,8.485200881958008 1.8348662853240967 5.1636271476745605,0.6713168621063232 -7.723395347595215 41.361392974853516,17.803401947021484 -33.748931884765625 -5.440158367156982
-3.1112852096557617 -1.264852523803711 9.84785270690918,-11.785818099975586 4.864930152893066 -1.2611689567565918,-30.897525787353516 7.715369701385498 14.830772399902344,38.887630462646484 -5.630118370056152 -2.7487261295318604,9.044967651367188 -10.368539810180664 3.848536729812622,-14.677029609680176 -16.415971755981445 -52.01624298095703,16.013748168945312 29.7699031829834 4.2823567390441895,7.996957302093506 1.6687390804290771 6.176469326019287,-0.9628181457519531 -9.778017044067383 39.53535461425781,17.386491775512695 -32.79946517944336 -5.15321159362793
-2.5595645904541016 -0.5146322846412659 10.129734992980957,-11.224546432495117 5.0796284675598145 -0.291640043258667,-30.4818172454834 7.483907699584961 13.973164558410645,37.25719451904297 -5.61042594909668 -2.9099202156066895,8.766584396362305 -10.76064395904541 3.64728045463562,-14.185506820678711 -15.916333198547363 -51.34379959106445,15.6817045211792 29.05735969543457 4.087766170501709,7.682365417480469 1.4315298795700073 6.582625865936279,-1.5905553102493286 -10.44237232208252 38.47407531738281,17.36887550354004 -32.7597541809082 -5.141339302062988
-2.5287485122680664 -0.18166577816009521 10.73114013671875,-10.415142059326172 4.884469985961914 0.89228355884552,-28.673492431640625 7.3076910972595215 13.830665588378906,33.71435546875 -4.8492255210876465 -3.7063026428222656,8.649686813354492 -11.249103546142578 3.2114601135253906,-13.140859603881836 -14.907782554626465 -51.0403938293457,14.936861038208008 27.48451042175293 3.6724660396575928,7.580528259277344 1.096558928489685 6.748459815979004,-1.0728942155838013 -8.555776596069336 38.04401397705078,17.604358673095703 -33.293800354003906 -5.301772117614746
-4.10856819152832 -0.32201245427131653 10.32929515838623,-9.193222999572754 3.741584062576294 1.1529743671417236,-24.013446807861328 6.202403545379639 15.987683296203613,27.887367248535156 -1.3350776433944702 -3.3556101322174072,9.058274269104004 -10.92182445526123 2.9421796798706055,-11.144302368164062 -14.838432312011719 -52.27412796020508,14.79505729675293 27.18889808654785 3.59660005569458,8.22579574584961 1.0763423442840576 5.0574493408203125,-1.1207751035690308 -6.278439998626709 40.48455810546875,19.117473602294922 -36.845314025878906 -6.42095422744751
-3.765230178833008 1.7832800149917603 8.929455757141113,-8.447375297546387 4.735215663909912 0.8985327482223511,-20.506074905395508 5.573516368865967 16.188154220581055,22.14608383178711 0.9172970652580261 -1.7645615339279175,8.580903053283691 -10.582807540893555 3.493696689605713,-9.182500839233398 -18.643882751464844 -51.757347106933594,14.499677658081055 26.576820373535156 3.4418444633483887,7.555660247802734 1.564538836479187 6.214537143707275,-2.650360584259033 -5.4180908203125 41.43146896362305,19.522981643676758 -37.83616638183594 -6.748753547668457
-0.8774542808532715 4.746182918548584 8.426759719848633,-8.80313777923584 7.5056939125061035 0.01421593688428402,-25.574871063232422 6.547082424163818 14.237994194030762,27.41970443725586 -2.579378604888916 0.14560802280902863,8.11315631866455 -10.663667678833008 5.3926262855529785,-11.181586265563965 -19.58099365234375 -50.85319519042969,14.63821029663086 26.863311767578125 3.5138986110687256,6.465453624725342 1.8308448791503906 9.693482398986816,-4.338427543640137 -7.808340549468994 39.68579864501953,18.586244583129883 -35.57353591918945 -6.009975433349609
-1.0618442296981812 3.821680784225464 10.056109428405762,-8.846561431884766 6.703963279724121 1.1924200057983398,-28.066879272460938 6.729055881500244 12.228018760681152,31.254535675048828 -4.906284809112549 -1.341335415840149,8.90457534790039 -11.374932289123535 4.668357849121094,-12.890852928161621 -15.142756462097168 -51.09773254394531,14.690340042114258 26.97135353088379 3.5412869453430176,7.3969197273254395 1.1564743518829346 9.135571479797363,-3.896339178085327 -8.160327911376953 39.5366325378418,17.95109748840332 -34.08894348144531 -5.544568061828613
-1.0650447607040405 3.5050435066223145 10.49901294708252,-8.799083709716797 6.169353008270264 2.1008973121643066,-27.69578742980957 6.392899513244629 11.941569328308105,30.216026306152344 -4.7186150550842285 -1.997999668121338,8.381681442260742 -11.715163230895996 4.056101322174072,-12.313508987426758 -14.638501167297363 -50.637718200683594,14.522268295288086 26.623489379882812 3.453528881072998,7.0089802742004395 0.8344703912734985 8.490642547607422,-3.6927998065948486 -8.806175231933594 37.81273651123047,18.158052444458008 -34.56857681274414 -5.693223476409912
-4.0727667808532715 0.3564058840274811 11.003049850463867,-8.32135009765625 2.430300235748291 5.487325191497803,-19.606033325195312 3.310000419616699 13.718899726867676,19.888206481933594 1.037248969078064 -4.211050510406494,7.620731353759766 -12.039982795715332 -0.2832024395465851,-7.833748817443848 -14.400777816772461 -48.20835494995117,14.06628704071045 25.68755531311035 3.222443103790283,7.279195785522461 0.4089840352535248 3.4403717517852783,-2.4097342491149902 -9.907295227050781 38.767269134521484,19.280290603637695 -37.2411003112793 -6.551097393035889
-3.635679006576538 1.860636830329895 9.010981559753418,-8.243722915649414 3.38205623626709 4.883594512939453,-16.002012252807617 3.0013959407806396 14.613859176635742,13.895636558532715 3.596003293991089 -2.3838906288146973,6.666486740112305 -11.346521377563477 0.030088987201452255,-5.00584077835083 -19.579648971557617 -47.34673309326172,14.139366149902344 25.836814880371094 3.2588093280792236,6.12053108215332 1.4047350883483887 4.883700847625732,-4.633086204528809 -13.294736862182617 37.994754791259766,20.06416893005371 -39.18772888183594 -7.2064619064331055
-2.523371696472168 2.3712379932403564 9.098149299621582,-7.991490364074707 3.9557902812957764 3.8176262378692627,-17.009706497192383 3.7968599796295166 15.718395233154297,15.055109977722168 3.344663619995117 -2.4632601737976074,6.379820346832275 -11.328750610351562 1.2673979997634888,-6.287513732910156 -19.339582443237305 -48.429054260253906,14.180870056152344 25.92172622680664 3.2795815467834473,5.6240434646606445 1.2940720319747925 5.595357894897461,-5.413131237030029 -13.604655265808105 37.28879928588867,20.053308486938477 -39.160308837890625 -7.1970534324646
-1.6949310302734375 2.4016363620758057 10.162062644958496,-7.748507976531982 4.169511318206787 3.7300102710723877,-21.13091468811035 4.679954528808594 14.289482116699219,20.568279266357422 0.010674403980374336 -2.6605045795440674,6.873364448547363 -11.727879524230957 2.131039619445801,-8.742799758911133 -16.14438819885254 -49.319610595703125,14.160049438476562 25.87917137145996 3.2691731452941895,5.984574317932129 0.7657564878463745 6.026064872741699,-4.709930419921875 -11.829093933105469 37.039485931396484,19.639333724975586 -38.1237678527832 -6.845167636871338
-1.959762692451477 1.203713059425354 11.995343208312988,-7.81588888168335 3.185847282409668 5.175053596496582,-24.903608322143555 4.632493019104004 11.4406099319458,26.256877899169922 -3.2027018070220947 -3.9562184810638428,7.627719879150391 -12.548935890197754 1.1319334506988525,-10.828102111816406 -11.564337730407715 -49.18966293334961,14.358942985534668 26.286888122558594 3.3695998191833496,6.959560394287109 -0.06756237894296646 5.022050380706787,-2.5803656578063965 -8.82155704498291 37.893898010253906,19.129878997802734 -36.87542724609375 -6.430801868438721
-2.1356136798858643 0.6544398665428162 12.072526931762695,-7.704287052154541 2.479811191558838 5.986046314239502,-23.78357696533203 4.282073974609375 11.276676177978516,24.469797134399414 -2.6204140186309814 -4.3707404136657715,7.3332037925720215 -12.617795944213867 0.38133150339126587,-10.173820495605469 -11.466141700744629 -48.422515869140625,14.354757308959961 26.278392791748047 3.3674755096435547,6.807875156402588 -0.08302658796310425 4.435606002807617,-2.5340049266815186 -9.283249855041504 37.132484436035156,19.15750503540039 -36.94230270385742 -6.4527106285095215
-3.6123995780944824 -0.15233050286769867 10.40526008605957,-7.450589179992676 1.227018117904663 7.104985237121582,-18.044776916503906 3.0477194786071777 12.067703247070312,16.44209861755371 0.9988206028938293 -3.5675601959228516,6.832244873046875 -11.764476776123047 -0.9608586430549622,-6.491476058959961 -15.000161170959473 -47.08125305175781,14.799251556396484 27.19770050048828 3.5988612174987793,6.596047878265381 0.795968770980835 3.121676206588745,-3.552034378051758 -12.697452545166016 36.766788482666016,20.28639793395996 -39.753047943115234 -7.401487827301025
-4.731013298034668 -0.4618709087371826 9.125874519348145,-6.965512275695801 0.0013629170134663582 8.000177383422852,-14.064114570617676 2.142794609069824 11.74136734008789,10.85033130645752 3.0968809127807617 -2.630821704864502,6.546088695526123 -11.099199295043945 -1.7263243198394775,-3.6796765327453613 -17.431602478027344 -46.45502853393555,15.266990661621094 28.177400588989258 3.8529934883117676,6.48813009262085 1.4445019960403442 2.2569940090179443,-4.236965179443359 -15.096696853637695 36.068023681640625,21.524168014526367 -43.02431869506836 -8.569095611572266
-3.9304544925689697 -1.2688034772872925 10.691276550292969,-7.21503210067749 0.06656165421009064 8.134330749511719,-17.589712142944336 2.8856515884399414 11.176057815551758,16.103504180908203 0.7245504260063171 -4.152347564697266,6.51027774810791 -11.730245590209961 -1.5102380514144897,-6.2676310539245605 -13.718979835510254 -46.76059341430664,15.322038650512695 28.293550491333008 3.8836452960968018,6.46601676940918 0.6772446036338806 1.9200215339660645,-2.6936631202697754 -13.2150297164917 35.0963249206543,21.13602066040039 -41.97455596923828 -8.187214851379395
-3.606968402862549 -1.3723043203353882 11.011197090148926,-7.259103775024414 0.3533976674079895 8.395773887634277,-20.907026290893555 2.7788755893707275 9.160076141357422,20.3529109954834 -1.444114089012146 -3.8743131160736084,7.318961143493652 -11.996211051940918 -2.1213631629943848,-7.675248622894287 -13.18843936920166 -45.715579986572266,14.918183326721191 27.44554901123047 3.662417411804199,7.309236526489258 0.6113370060920715 2.2102787494659424,-1.7492154836654663 -10.528179168701172 36.559085845947266,19.653507232666016 -38.15899658203125 -6.85702657699585
-2.6923444271087646 -1.8057069778442383 12.606660842895508,-7.547908782958984 0.5787521004676819 8.290572166442871,-25.363554000854492 3.6393625736236572 7.452319622039795,26.516849517822266 -4.404248237609863 -5.276427268981934,7.501694202423096 -12.746699333190918 -1.8718658685684204,-10.855596542358398 -8.685514450073242 -46.279998779296875,14.790318489074707 27.179073333740234 3.594115972518921,7.441538333892822 -0.1528393030166626 2.421837091445923,-1.5432937145233154 -9.846270561218262 35.299625396728516,18.448102951049805 -35.247371673583984 -5.906428337097168
-2.7112786769866943 -2.1479413509368896 12.47647762298584,-7.6203532218933105 0.3983246386051178 8.298238754272461,-26.211212158203125 3.2866244316101074 6.711645126342773,28.041059494018555 -4.693405628204346 -5.169617652893066,7.532021999359131 -12.672687530517578 -2.3434643745422363,-11.1117582321167 -8.887606620788574 -45.74898147583008,14.940634727478027 27.49245262145996 3.674520492553711,7.582123279571533 -0.09720265865325928 1.8846086263656616,-1.046425461769104 -9.058396339416504 35.40287399291992,18.185935974121094 -34.633522033691406 -5.713479995727539
-3.2229154109954834 -2.4570305347442627 11.80363655090332,-7.366785049438477 -0.033541057258844376 7.967848777770996,-25.58616065979004 2.8213491439819336 7.019496440887451,27.82411766052246 -3.92122745513916 -4.739758491516113,7.463838577270508 -12.233620643615723 -2.52413010597229,-10.441375732421875 -10.535011291503906 -45.77111053466797,15.362272262573242 28.378681182861328 3.906151056289673,7.623350143432617 0.1781887412071228 1.0445301532745361,-0.2989181876182556 -6.787421703338623 35.714752197265625,18.566221237182617 -35.52611541748047 -5.994873046875
-3.7505619525909424 -3.0694806575775146 11.555009841918945,-7.3849382400512695 -0.4651910662651062 7.4910383224487305,-25.284008026123047 3.0260438919067383 7.547570705413818,27.784399032592773 -3.5969207286834717 -4.906822681427002,7.449981212615967 -11.922439575195312 -2.3979480266571045,-10.306344985961914 -10.992620468139648 -46.46333312988281,15.76626968383789 29.2381649017334 4.1367878913879395,7.637185573577881 0.3580503761768341 0.6426863670349121,-0.17782361805438995 -6.511693954467773 35.408905029296875,18.93328094482422 -36.40107727050781 -6.276105880737305
-3.916609764099121 -3.887829542160034 11.980156898498535,-7.580802917480469 -0.7473222017288208 7.123227596282959,-25.55463409423828 3.8620612621307373 7.67875337600708,28.237350463867188 -4.181961536407471 -5.719089031219482,7.554196357727051 -11.957173347473145 -2.205396890640259,-10.747061729431152 -10.053382873535156 -47.21141052246094,15.857275009155273 29.43315315246582 4.189877986907959,7.698470115661621 0.3261479139328003 0.8527973294258118,0.3426116108894348 -5.7268853187561035 34.727684020996094,18.78087043762207 -36.03609085083008 -6.1581549644470215
-4.110992431640625 -4.40657901763916 11.774847984313965,-8.125800132751465 -0.7215446829795837 6.3465576171875,-26.955516815185547 4.238523483276367 7.6533379554748535,30.898860931396484 -4.77715539932251 -5.727408409118652,7.705792427062988 -11.676772117614746 -1.9334310293197632,-11.321626663208008 -10.434677124023438 -47.66755676269531,16.16375160217285 30.0943603515625 4.372265338897705,7.827561855316162 0.5184780359268188 0.7832064628601074,0.8329127430915833 -4.979150772094727 34.96425247192383,18.72347068786621 -35.899288177490234 -6.114170074462891
-4.092427730560303 -4.752414703369141 10.846963882446289,-9.278050422668457 -0.5674650073051453 5.939629554748535,-29.013090133666992 3.955916166305542 7.18710994720459,34.87903594970703 -5.139828205108643 -5.105615615844727,7.980988025665283 -11.143550872802734 -2.1914753913879395,-12.018061637878418 -11.75049114227295 -46.62713623046875,16.600263595581055 31.047147750854492 4.640992641448975,8.149234771728516 1.0631787776947021 0.6022449135780334,1.1663846969604492 -5.017931938171387 36.076202392578125,18.37734031677246 -35.08106231689453 -5.8538641929626465
-4.314995288848877 -5.7179765701293945 10.953978538513184,-9.945295333862305 -0.795358419418335 5.273269176483154,-29.68002700805664 4.45571756362915 7.602437973022461,36.51394271850586 -5.47343635559082 -5.775509357452393,8.041057586669922 -10.957036972045898 -2.1041581630706787,-12.648324012756348 -11.403426170349121 -47.149742126464844,16.763538360595703 31.407146453857422 4.744312763214111,8.226180076599121 1.161642074584961 0.34254521131515503,2.093301296234131 -4.19569730758667 36.181678771972656,18.291202545166016 -34.87921142578125 -5.790381908416748
-4.961083889007568 -6.780064582824707 11.2630615234375,-10.170390129089355 -1.2475941181182861 4.66976261138916,-29.083513259887695 5.136099815368652 8.258997917175293,35.879451751708984 -5.484974384307861 -6.487977981567383,8.111163139343262 -10.839446067810059 -2.0421693325042725,-12.539704322814941 -10.565067291259766 -48.1085205078125,16.6743221282959 31.21023178100586 4.687694072723389,8.303884506225586 1.2264915704727173 0.19976361095905304,2.868642807006836 -3.4030964374542236 35.8981819152832,18.346237182617188 -35.00812911987305 -5.830904006958008
-5.932670593261719 -7.729766368865967 10.92697811126709,-10.645427703857422 -1.7742949724197388 4.409363269805908,-28.46113395690918 4.9847025871276855 8.858738899230957,35.14117431640625 -4.7024149894714355 -6.519495010375977,8.229647636413574 -10.489280700683594 -2.6965386867523193,-11.694860458374023 -11.472115516662598 -47.8469123840332,16.70449447631836 31.276796340942383 4.706815242767334,8.544214248657227 1.6077057123184204 -0.30376288294792175,3.371854305267334 -3.7333574295043945 36.34438705444336,18.237781524658203 -34.75440979003906 -5.7512688636779785
-6.469120502471924 -9.060015678405762 10.775187492370605,-11.840397834777832 -2.319037675857544 4.150020122528076,-29.867813110351562 4.983457565307617 8.883536338806152,37.898109436035156 -4.951980113983154 -7.092162609100342,8.314359664916992 -10.157604217529297 -3.3488125801086426,-11.93652057647705 -11.73045539855957 -47.37006378173828,17.007625579833984 31.949142456054688 4.901743412017822,8.76821231842041 1.9242678880691528 -0.985718309879303,4.058014869689941 -4.940530300140381 36.44966125488281,18.098112106323242 -34.42935562133789 -5.649923324584961
-6.760836124420166 -10.73403263092041 11.41134262084961,-13.949239730834961 -2.731452226638794 3.584362506866455,-33.95185470581055 5.396470069885254 7.931957721710205,45.33639144897461 -7.218717098236084 -8.831841468811035,8.592467308044434 -10.126259803771973 -3.7707509994506836,-13.894400596618652 -10.01381778717041 -47.33134078979492,17.679107666015625 33.46440505981445 5.353482723236084,9.170723915100098 1.8438183069229126 -1.807315468788147,4.718288898468018 -7.4981818199157715 35.293983459472656,17.905467987060547 -33.98366165161133 -5.512162685394287
-7.875305652618408 -11.656034469604492 11.037097930908203,-15.332415580749512 -3.303018808364868 3.474330425262451,-36.28470230102539 4.614381313323975 7.0812859535217285,49.27800369262695 -7.610630512237549 -9.087035179138184,9.382145881652832 -9.91404914855957 -5.270969390869141,-13.665688514709473 -11.054702758789062 -45.7851448059082,18.185203552246094 34.63178634643555 5.71291446685791,10.201658248901367 2.2153823375701904 -2.5441339015960693,4.075479030609131 -9.903056144714355 35.176361083984375,17.831302642822266 -33.81302261352539 -5.459774494171143
-9.219231605529785 -13.041894912719727 11.420405387878418,-16.42690086364746 -4.2846479415893555 3.307417154312134,-37.55094909667969 4.257750511169434 6.820720672607422,51.689517974853516 -7.920684337615967 -10.180952072143555,9.840960502624512 -9.877973556518555 -6.473628997802734,-13.573687553405762 -10.424398422241211 -45.41620635986328,18.370954513549805 35.06601333618164 5.849129676818848,10.89513111114502 2.2675716876983643 -3.573542594909668,4.175375461578369 -10.696422576904297 34.58839416503906,17.938514709472656 -34.05990982055664 -5.535665988922119
-10.716559410095215 -15.102980613708496 12.890519142150879,-17.851356506347656 -5.5026068687438965 2.9257235527038574,-39.03462219238281 4.516236305236816 6.814220905303955,54.78944778442383 -9.065821647644043 -13.002128601074219,10.066195487976074 -10.085762977600098 -7.319007873535156,-14.1611909866333 -8.23516845703125 -46.265716552734375,18.412254333496094 35.1630859375 5.879775524139404,11.328974723815918 1.9288445711135864 -4.846693515777588,5.653682231903076 -9.499442100524902 33.373512268066406,17.782541275024414 -33.701080322265625 -5.425557613372803
-12.287269592285156 -17.305299758911133 14.541609764099121,-19.453689575195312 -6.778234958648682 2.5895838737487793,-40.488624572753906 4.785242080688477 6.981361389160156,57.82987976074219 -10.38835620880127 -16.159944534301758,10.192729949951172 -10.312496185302734 -8.326068878173828,-14.487640380859375 -6.387942314147949 -47.18768310546875,18.343847274780273 35.002464294433594 5.829116344451904,11.674169540405273 1.632792353630066 -6.020042896270752,7.777340888977051 -6.719101428985596 32.69179153442383,17.35459327697754 -32.72749328613281 -5.131681442260742
-35.1950798034668 -25.530654907226562 17.790952682495117,-20.715240478515625 -8.111058235168457 2.5658986568450928,-40.428627014160156 4.1049723625183105 8.038053512573242,79.45465850830078 -30.25061798095703 -34.315677642822266,12.612053871154785 -6.342729091644287 -2.3978111743927,-13.490352630615234 -6.907033920288086 -46.96658706665039,18.46282386779785 35.28205490112305 5.917372226715088,12.82197093963623 5.789583683013916 0.3731181025505066,9.791370391845703 -4.2824883460998535 33.57249069213867,17.71800994873047 -33.553348541259766 -5.380550861358643
-14.600606918334961 -19.442626953125 13.078697204589844,-21.105640411376953 -9.18903636932373 2.776092052459717,-37.663230895996094 2.8201425075531006 10.30958366394043,55.40450668334961 -5.945615768432617 -14.823773384094238,9.559906959533691 -8.890040397644043 -10.325132369995117,-11.582483291625977 -10.401086807250977 -45.83242416381836,18.711986541748047 35.87192916870117 6.105397701263428,11.510912895202637 2.7624776363372803 -8.938420295715332,13.10521411895752 -2.4951560497283936 36.62038040161133,18.359420776367188 -35.039039611816406 -5.840646266937256
-36.380615234375 -29.16327476501465 18.360977172851562,-24.001115798950195 -10.002986907958984 2.103023052215576,-39.54863357543945 2.470370292663574 13.03839111328125,81.60224914550781 -36.59305953979492 -44.26732635498047,12.067230224609375 -5.962978839874268 -2.9731318950653076,-13.801970481872559 -7.986923694610596 -46.737892150878906,18.696245193481445 35.83453369140625 6.0934224128723145,12.659537315368652 5.437567234039307 -3.0959155559539795,21.984228134155273 4.723443031311035 40.5311393737793,16.265047073364258 -30.31422996520996 -4.4336652755737305
-37.41564178466797 -31.476240158081055 19.87200927734375,-25.89744758605957 -10.896756172180176 1.5382803678512573,-40.83893966674805 2.3586106300354004 14.475187301635742,83.61192321777344 -55.734580993652344 -63.86520004272461,11.997882843017578 -5.915261268615723 -3.330742597579956,-13.925153732299805 -6.92581844329834 -47.29692840576172,18.91853141784668 36.365684509277344 6.264657974243164,12.672550201416016 5.442833423614502 -3.6056253910064697,24.330514907836914 6.131849765777588 41.199920654296875,16.377107620239258 -30.558345794677734 -4.5022478103637695
-38.87623596191406 -31.550586700439453 18.995595932006836,-28.81035041809082 -11.447361946105957 0.8192193508148193,-44.398101806640625 1.6274981498718262 14.72232437133789,84.39608001708984 -117.32495880126953 -123.81007385253906,11.996850967407227 -5.968413829803467 -4.647965908050537,-13.811691284179688 -8.549396514892578 -45.623104095458984,19.628341674804688 38.096561431884766 6.836036205291748,12.814303398132324 5.734926700592041 -3.5052030086517334,23.495647430419922 3.619900941848755 40.9954833984375,16.863420486450195 -31.62841796875 -4.808341979980469
-39.665374755859375 -34.37525939941406 20.715089797973633,-32.36781692504883 -12.159722328186035 -0.37150251865386963,-49.252220153808594 1.9961687326431274 16.130483627319336,76.78591918945312 -157.29092407226562 -162.91561889648438,12.10548210144043 -5.844827175140381 -4.764376163482666,-15.841301918029785 -7.104704856872559 -45.838890075683594,20.30465316772461 39.799659729003906 7.417629718780518,12.943157196044922 5.864322185516357 -3.5892891883850098,28.044553756713867 7.542266368865967 42.621734619140625,16.478971481323242 -30.78097152709961 -4.565234661102295
-41.10825729370117 -33.488590240478516 19.061677932739258,-33.021484375 -11.888031005859375 -1.3952083587646484,-47.992977142333984 1.714361548423767 17.05998992919922,78.03143310546875 -157.06671142578125 -161.74337768554688,11.41836166381836 -5.472660064697266 -4.48757791519165,-14.40416431427002 -8.938124656677246 -46.44306182861328,20.482471466064453 40.25697326660156 7.5769805908203125,12.24478530883789 6.116475582122803 -3.818232536315918,29.527851104736328 9.927755355834961 46.03066635131836,17.316062927246094 -32.640533447265625 -5.105790138244629
-42.78851318359375 -30.775691986083984 15.845791816711426,-32.27897644042969 -11.360457420349121 -2.176330804824829,-44.24956512451172 1.2383716106414795 16.63846206665039,83.57523345947266 -143.19085693359375 -147.00730895996094,10.751435279846191 -5.078790187835693 -4.1845574378967285,-11.548039436340332 -11.503388404846191 -47.11017608642578,20.426658630371094 40.113006591796875 7.526665210723877,11.543635368347168 6.448019027709961 -3.8024935722351074,27.851808547973633 9.629825592041016 48.423851013183594,18.598949432373047 -35.60359191894531 -6.0195746421813965
-43.43897247314453 -31.04593276977539 15.478164672851562,-32.691490173339844 -11.428997039794922 -2.718564510345459,-43.899600982666016 1.344041109085083 16.638620376586914,83.77949523925781 -144.54393005371094 -148.49583435058594,10.470627784729004 -4.864599704742432 -3.95089054107666,-10.981680870056152 -11.137923240661621 -47.62458038330078,20.42119026184082 40.0989875793457 7.521791934967041,11.238941192626953 6.602219104766846 -3.8288896083831787,28.828937530517578 10.447693824768066 49.36402130126953,18.866716384887695 -36.2413444519043 -6.2244086265563965
-43.68358612060547 -31.99078941345215 15.270013809204102,-33.598697662353516 -11.726325988769531 -3.607445240020752,-44.02381896972656 1.607666015625 17.64851188659668,83.13945007324219 -149.42471313476562 -153.03286743164062,9.526774406433105 -4.544458389282227 -3.608017921447754,-10.410780906677246 -11.727140426635742 -47.93818283081055,20.462209701538086 40.2047119140625 7.558690547943115,10.267533302307129 6.825333118438721 -3.934652090072632,30.513015747070312 11.357682228088379 49.767173767089844,18.676712036132812 -35.788177490234375 -6.078558444976807
-43.64406204223633 -29.424118041992188 10.940988540649414,-33.25525665283203 -11.353419303894043 -5.418447494506836,-40.603336334228516 1.7385896444320679 18.969850540161133,87.4310531616211 -105.49112701416016 -106.44320678710938,7.203092098236084 -3.909029483795166 -2.868011236190796,-7.3964972496032715 -16.153202056884766 -48.395381927490234,20.542741775512695 40.41292953491211 7.631620407104492,7.840022563934326 7.410918235778809 -3.607445478439331,28.77358627319336 9.577656745910645 49.770626068115234,19.23247528076172 -37.1246337890625 -6.512673377990723
-22.223255157470703 -23.030418395996094 4.871143817901611,-32.11075973510742 -10.523956298828125 -6.183102130889893,-35.74104690551758 1.1793643236160278 18.83930778503418,63.01215744018555 2.315823793411255 -5.3109917640686035,4.06480598449707 -1.0686832666397095 -9.772308349609375,-4.52877950668335 -19.119234085083008 -48.86740493774414,20.557161331176758 40.45027160644531 7.644765377044678,6.129594326019287 9.862380027770996 -11.639656066894531,28.283931732177734 9.979172706604004 51.884986877441406,20.38822364807129 -40.014129638671875 -7.492180347442627
-22.241174697875977 -21.49843978881836 3.39976167678833,-30.240171432495117 -9.399517059326172 -5.892638683319092,-33.263580322265625 1.0246765613555908 16.71796226501465,58.156314849853516 4.467053413391113 -3.885728359222412,4.608597755432129 -0.7749027013778687 -8.766554832458496,-3.7906761169433594 -18.613359451293945 -49.033180236816406,20.13878631591797 39.37690353393555 7.27150821685791,6.5024800300598145 10.046913146972656 -11.119479179382324,27.996801376342773 13.485547065734863 54.797332763671875,20.655860900878906 -40.70697784423828 -7.735086917877197
-21.99449920654297 -20.983976364135742 2.307720184326172,-29.681045532226562 -9.274794578552246 -5.837421894073486,-33.19424057006836 1.2385625839233398 14.957181930541992,56.71829605102539 4.692884922027588 -3.4225518703460693,4.666074752807617 -0.45067110657691956 -8.505828857421875,-3.704163074493408 -18.489734649658203 -48.426849365234375,20.18097496032715 39.484066009521484 7.308435916900635,6.482045650482178 10.523026466369629 -10.317096710205078,25.65228843688965 10.862631797790527 51.50540542602539,20.736141204833984 -40.91658401489258 -7.809170722961426
-22.23249626159668 -22.090221405029297 2.5075080394744873,-30.713022232055664 -10.38000774383545 -6.067148685455322,-34.42723846435547 1.3427859544754028 15.124933242797852,58.655487060546875 4.221129417419434 -3.8065741062164307,3.8282036781311035 -0.08446406573057175 -8.990995407104492,-3.7200450897216797 -17.122201919555664 -48.029380798339844,20.375619888305664 39.981712341308594 7.480885028839111,5.742359161376953 10.904248237609863 -10.778970718383789,24.171051025390625 3.137155771255493 43.74346160888672,21.451990127563477 -42.82731246948242 -8.496929168701172
-22.28940773010254 -23.422502517700195 3.5154898166656494,-31.65751075744629 -10.651450157165527 -6.445618152618408,-36.279945373535156 1.215767502784729 15.507265090942383,62.358219146728516 2.9349987506866455 -6.2735819816589355,3.454167604446411 -0.10122900456190109 -9.604020118713379,-4.436470985412598 -15.466975212097168 -47.65052032470703,20.4209041595459 40.098236083984375 7.521522045135498,5.517438888549805 10.714452743530273 -11.997627258300781,27.496152877807617 3.2168262004852295 42.28266143798828,20.755538940429688 -40.9672966003418 -7.827140808105469
-22.116106033325195 -23.47603988647461 3.750171661376953,-31.248600006103516 -9.910259246826172 -6.569085597991943,-37.83327102661133 1.4487018585205078 13.880873680114746,64.09294891357422 1.8073803186416626 -8.473611831665039,4.004744529724121 -0.2938936650753021 -9.421133995056152,-5.4651618003845215 -14.197338104248047 -47.51884078979492,20.50518798828125 40.31565856933594 7.5975518226623535,6.036689281463623 10.465458869934082 -11.985716819763184,30.504901885986328 9.73086929321289 46.57227325439453,19.7330265045166 -38.35662841796875 -6.9236321449279785
-21.80790901184082 -22.204830169677734 1.5524396896362305,-30.259180068969727 -8.853469848632812 -7.829756736755371,-36.75286865234375 2.196026563644409 13.38713264465332,61.986106872558594 3.116363048553467 -5.251315116882324,3.9608638286590576 0.46277740597724915 -8.05756664276123,-4.600615501403809 -15.941370010375977 -48.324317932128906,20.632755279541016 40.646724700927734 7.713847637176514,5.713672161102295 11.39153003692627 -10.174657821655273,28.004777908325195 11.929790496826172 49.28883361816406,20.06254768371582 -39.18363571166992 -7.205087184906006
-20.767337799072266 -19.821277618408203 -2.448523998260498,-27.205644607543945 -7.594374656677246 -8.317548751831055,-32.28487014770508 2.5736875534057617 11.514657974243164,52.9582633972168 5.861815929412842 0.38701537251472473,4.402710914611816 1.6172308921813965 -6.446788311004639,-2.455320119857788 -19.24484634399414 -47.988155364990234,19.986804962158203 38.99241638183594 7.139572620391846,5.792458534240723 12.801766395568848 -7.730005264282227,21.908464431762695 9.084280014038086 51.04314422607422,20.20907211303711 -39.555660247802734 -7.333155155181885
-19.803592681884766 -19.544633865356445 -3.7147371768951416,-24.7501163482666 -7.718441009521484 -8.199520111083984,-27.180927276611328 2.7734146118164062 10.810013771057129,44.22024917602539 7.2000813484191895 2.1275084018707275,3.5928683280944824 2.26798152923584 -5.519059658050537,-0.8178780674934387 -20.09031105041504 -48.237388610839844,19.320219039916992 37.33845138549805 6.583283424377441,4.880782604217529 13.213255882263184 -7.898862838745117,20.947816848754883 4.985393047332764 48.004608154296875,20.86288833618164 -41.24946594238281 -7.927358627319336
-19.461700439453125 -19.865833282470703 -3.9514660835266113,-24.69794464111328 -8.113216400146484 -8.517989158630371,-27.74402618408203 3.402432918548584 10.533151626586914,44.708126068115234 6.63142204284668 1.893568992614746,2.8910934925079346 2.504302501678467 -5.182219982147217,-0.5618463158607483 -20.287439346313477 -48.49099349975586,19.665302276611328 38.18824005126953 6.866861343383789,4.1187238693237305 13.482649803161621 -7.563446044921875,20.175148010253906 2.986668586730957 42.8126106262207,21.685535430908203 -43.46756362915039 -8.732283592224121
-19.228246688842773 -20.423877716064453 -3.8137881755828857,-24.914531707763672 -8.12474536895752 -9.123452186584473,-29.37281608581543 3.8729820251464844 10.366966247558594,47.25398635864258 5.841953277587891 1.2563128471374512,2.9861960411071777 2.5245461463928223 -5.239200592041016,-1.1345105171203613 -19.38980484008789 -48.39206314086914,19.852245330810547 38.654415130615234 7.0244269371032715,4.203450679779053 13.579326629638672 -7.3138298988342285,20.45819664001465 3.521378993988037 42.512027740478516,21.497201919555664 -42.950592041015625 -8.542000770568848
-17.999805450439453 -21.30561637878418 -3.1661481857299805,-23.443273544311523 -8.190374374389648 -8.079893112182617,-30.60393714904785 3.998853921890259 7.606077194213867,47.153228759765625 4.164271831512451 -0.9742519855499268,4.523476600646973 1.995320439338684 -6.11228609085083,-2.683457612991333 -16.862003326416016 -46.42960739135742,19.014142990112305 36.5955924987793 6.339349746704102,5.850691795349121 13.172130584716797 -7.443707466125488,19.971651077270508 4.420310020446777 45.38394546508789,18.76296615600586 -35.99334716796875 -6.144408226013184
-17.751554489135742 -20.75874137878418 -3.308987617492676,-23.050762176513672 -8.009954452514648 -8.294646263122559,-31.824283599853516 4.495445251464844 6.232475757598877,48.06498336791992 3.165830612182617 -0.9118292927742004,4.931349277496338 1.8299404382705688 -5.717013359069824,-3.3072803020477295 -16.761144638061523 -46.65304946899414,19.196243286132812 37.036346435546875 6.483635902404785,6.13714599609375 13.162096977233887 -6.447158336639404,17.570186614990234 4.203752040863037 43.90176010131836,18.530757904052734 -35.44230651855469 -5.968206405639648
-17.24847412109375 -21.568708419799805 -3.1231751441955566,-22.798721313476562 -8.499058723449707 -8.593753814697266,-32.3623161315918 4.95412015914917 5.898204803466797,48.40293502807617 2.584397792816162 -1.3867427110671997,4.667917251586914 1.8800883293151855 -5.853065013885498,-3.3897650241851807 -16.2458553314209 -46.36994552612305,19.02367401123047 36.61866760253906 6.346889972686768,5.89935302734375 13.22674560546875 -6.5468902587890625,16.5406494140625 0.9036481380462646 39.978759765625,18.625465393066406 -35.66651153564453 -6.039658546447754
-16.909042358398438 -22.233539581298828 -2.7207014560699463,-22.689237594604492 -8.759549140930176 -8.603922843933105,-32.845699310302734 4.95052433013916 5.79647159576416,49.072444915771484 2.3025729656219482 -2.049391746520996,4.720269203186035 1.7890387773513794 -6.1551594734191895,-3.7931528091430664 -15.268136978149414 -45.918495178222656,18.757648468017578 35.980682373046875 6.14033842086792,6.030913829803467 13.050822257995605 -7.13676643371582,16.69443130493164 -0.6606302261352539 38.70701217651367,18.352081298828125 -35.02174377441406 -5.835176944732666
-16.90280532836914 -22.36852264404297 -2.492811918258667,-22.815750122070312 -8.610394477844238 -8.760295867919922,-33.59233856201172 4.808608055114746 5.930899620056152,50.49135208129883 2.1960294246673584 -2.2640531063079834,5.064777851104736 1.6821190118789673 -6.283848285675049,-4.362968921661377 -14.554665565490723 -45.85237503051758,18.674991607666016 35.7839241027832 6.077188014984131,6.4104509353637695 12.883898735046387 -7.440865993499756,17.38265609741211 -0.26306843757629395 39.8874626159668,17.95824432373047 -34.10538864135742 -5.549647331237793
-17.169084548950195 -22.32969093322754 -2.643822193145752,-23.167741775512695 -8.224560737609863 -9.5172758102417,-34.822235107421875 5.021578788757324 6.470027446746826,52.799957275390625 2.0576958656311035 -1.8585574626922607,5.442294597625732 1.7783321142196655 -6.084536552429199,-4.491755485534668 -14.930100440979004 -46.33650207519531,18.712602615356445 35.87339782714844 6.10588264465332,6.734918594360352 13.020699501037598 -7.064804553985596,17.97755241394043 1.1932895183563232 41.91923141479492,17.70903778076172 -33.53269958496094 -5.374246597290039
-17.4080867767334 -22.210817337036133 -3.4192707538604736,-23.51337432861328 -7.767046928405762 -11.163307189941406,-36.21000671386719 5.851596355438232 7.640887260437012,55.425559997558594 1.8244837522506714 -0.4400232434272766,5.510346412658691 2.2115745544433594 -5.444686412811279,-4.079281806945801 -16.87401580810547 -47.410247802734375,19.00465202331543 36.57281494140625 6.331995964050293,6.62957763671875 13.639089584350586 -5.768482685089111,17.15076446533203 1.6561468839645386 42.75082015991211,18.047487258911133 -34.31184005737305 -5.613453388214111
-17.1676082611084 -21.835817337036133 -4.345955848693848,-23.43338394165039 -7.342751502990723 -12.891499519348145,-36.212730407714844 6.560116291046143 9.341197967529297,56.30193328857422 1.8937418460845947 1.725603699684143,5.185420513153076 2.6502437591552734 -4.540261268615723,-3.734797477722168 -19.037561416625977 -48.802127838134766,19.29305648803711 37.27218246459961 6.561331272125244,6.1190924644470215 14.1296968460083 -4.773429870605469,16.009984970092773 1.5410147905349731 43.070430755615234,18.803733825683594 -36.090694427490234 -6.175755023956299
-17.566347122192383 -21.687040328979492 -3.7340738773345947,-24.128324508666992 -7.115448474884033 -13.632055282592773,-36.333839416503906 6.346889019012451 11.346909523010254,57.78090286254883 2.039865016937256 2.2865355014801025,4.741552352905273 2.4982552528381348 -4.206926345825195,-4.063676357269287 -19.396053314208984 -50.30735397338867,19.499618530273438 37.77854919433594 6.729528903961182,5.689884662628174 13.73423957824707 -5.450565814971924,17.4490909576416 2.798859119415283 43.5321044921875,19.515214920043945 -37.81710433959961 -6.742409706115723
-17.892789840698242 -21.741474151611328 -2.949453115463257,-24.550256729125977 -7.060489654541016 -13.768754959106445,-36.85295486450195 5.876035690307617 12.794036865234375,59.50034713745117 1.9953010082244873 2.1421263217926025,4.779298305511475 2.2164080142974854 -4.345359802246094,-4.760085105895996 -18.92057228088379 -50.82081604003906,19.533252716064453 37.861534118652344 6.757265090942383,5.813930511474609 13.237600326538086 -6.393179416656494,18.946460723876953 3.7363691329956055 44.007965087890625,19.64942741394043 -38.14891052246094 -6.853621006011963
-17.27400779724121 -21.6599178314209 -3.1108434200286865,-24.1970272064209 -6.747520446777344 -14.148540496826172,-37.988128662109375 5.973858833312988 12.687226295471191,61.17336654663086 1.3347936868667603 2.1443512439727783,5.359311103820801 2.0958127975463867 -4.4430646896362305,-5.540043830871582 -19.37352180480957 -50.45114517211914,19.36771011352539 37.454681396484375 6.621763229370117,6.3841681480407715 13.19124984741211 -6.133607864379883,18.39499855041504 2.763615369796753 44.05252456665039,18.76490592956543 -35.99802017211914 -6.145889759063721
-16.2825984954834 -21.4979248046875 -3.44325852394104,-23.71942901611328 -6.355236530303955 -14.80409049987793,-39.99203109741211 6.57029914855957 11.794242858886719,63.57490921020508 -0.09577926993370056 1.627182960510254,6.1557745933532715 1.91166090965271 -4.511897087097168,-6.547571182250977 -20.400171279907227 -50.012088775634766,19.2775936126709 37.2344970703125 6.548925399780273,7.096127510070801 13.309453964233398 -4.952906608581543,16.72760772705078 2.3040449619293213 44.24488830566406,17.730236053466797 -33.58134078979492 -5.389069557189941
-15.83950424194336 -21.025304794311523 -2.869725227355957,-24.016681671142578 -5.7050862312316895 -15.650348663330078,-43.090152740478516 7.30643892288208 11.481905937194824,67.9574203491211 -2.677114725112915 0.12869557738304138,7.115062236785889 1.351914644241333 -4.222975254058838,-8.259459495544434 -20.956443786621094 -50.833396911621094,19.47137451171875 37.709083557128906 6.706369400024414,7.916276454925537 12.97913932800293 -3.7016031742095947,16.27422332763672 3.568645715713501 44.89790344238281,17.1778564453125 -32.32975387573242 -5.013626575469971
