5.7 80.9 0.2,-8.4 40.2 -14.1,37.0 -11.6 12.6,-63.0 87.9 -59.7,-18.7 -2.7 9.0,83.4 124.3 68.9,28.7 109.0 39.4,-18.5 4.3 -12.8,8.4 -44.2 51.6,13.9 -25.4 -3.2
4.606314573887479 79.89833058101672 -0.029028266909438827,-8.251445461902062 40.932501209101936 -14.418699660572992,35.5265011871061 -10.47367188645053 14.10685193096616,-62.05672312039254 84.33838582695059 -55.09278064716795,-21.762190013252475 -2.6808645437069907 11.370217659257444,79.80862000991502 153.03716948121573 99.32137304067402,29.445665332512764 101.84872215067298 35.90962698285891,-21.700073901693777 3.648624703690469 -13.477463900997869,10.851356092978563 -45.62736876371879 47.129594502952166,14.657279247621547 -27.00444580884552 -3.551421193836891
3.9659650173949257 80.58433919284849 0.4462271589628287,-7.947146134777836 42.77074094362185 -14.459637700724995,34.64999858516506 -11.03279989516833 13.718659731779276,-61.97812521462341 81.35315004442926 -52.400418179487744,-23.12597101585095 -2.4849051910790765 11.232335277379102,78.43649603341427 162.89512591978087 111.0738514034595,29.656009782295058 99.85678190316443 34.940516949374896,-23.005492588849638 3.6617716100982136 -14.537853263752934,12.332339437373928 -46.84241170059591 45.59584107673249,14.749969377213473 -27.17844258516155 -3.5821783468048425
3.704561562199263 82.11433830002773 1.2562473580791753,-7.615388841890729 44.89815710776909 -14.311097795659457,34.30460986737364 -12.5133215290225 12.285951681830625,-62.37409202611426 79.27593467882673 -51.31775472880495,-23.221371987029755 -2.214031963163452 9.60484279382761,78.65728353980933 159.61640780166218 109.4466230727939,29.51346042175834 101.26824013647764 35.63531898916808,-22.93148281737269 4.073083507872964 -15.647880457541904,12.986130944857925 -47.67112308656726 46.132623213833625,14.423515725895577 -26.451778268744324 -3.4119423117982977
3.7477144399774165 83.64464036708688 2.031513410901972,-7.384460406504148 46.498187605752996 -14.061363620579826,34.42445270692866 -14.151174290882155 10.659256060511487,-62.85450929828678 78.43838175653377 -51.53963242696516,-22.478421906023204 -1.9701548810073102 7.506230148065601,79.84463799841178 148.9435536128264 99.72887603311487,29.200444323314088 104.327157729616 37.136682191858604,-21.993271343168058 4.616203185664448 -16.47425785164149,12.955911527102376 -47.93949719756881 47.87382440674825,13.923363630787659 -25.35424079939006 -3.1603839417116997
4.021033882406311 84.33155785855836 2.402506397893591,-7.382647651881505 46.75427034178293 -13.798718850689554,34.94364477702687 -15.182295683616408 9.68910114721315,-63.02926277456265 79.17213330394112 -52.76089340581399,-21.327149752065626 -1.8551839656578446 5.954987279555714,81.37221487853327 136.61910183924036 87.20979826885997,28.89938855937376 107.27759556158286 38.5872556470666,-20.70608492214085 5.024773432122399 -16.683697815328394,12.384862095779114 -47.47352830953646 49.95332814796906,13.49495842900953 -24.41561811689501 -2.9471740894394927
4.450130121162868 83.33140323897457 1.999707399516404,-7.738237401286202 44.849843220068216 -13.611447161192089,35.796303750865036 -14.84262321009436 10.226015221326884,-62.50823819836353 81.80883134743951 -54.67637979719698,-20.197584504391337 -1.971029238162248 5.969604127760583,82.61366964948533 128.38559096687072 77.17857776446672,28.792720202348832 108.3636145113815 39.12968844441218,-19.585150310196187 5.032437035896542 -15.942912717879327,11.41616356255996 -46.09921069840614 51.50501792998871,13.38374545768099 -24.16569816105539 -2.89198360787612
4.948230314941152 80.08971726815346 0.5731132771497,-8.527500759147934 40.304117553759944 -13.564730262449483,36.88529380930133 -12.617580620765093 12.839075217933225,-61.03826740549213 86.40733586562614 -56.92162812908764,-19.448097209811937 -2.3891940798678393 8.234414087435647,83.02390797892632 128.4631587390593 73.60755262044896,29.00733852367571 106.35551843813407 38.16248108293514,-19.04807627260444 4.461041223703993 -14.034841638923101,10.193822624901973 -43.69961241118216 51.858813286181906,13.77225752718323 -24.998139273779497 -3.08396076397885
5.36105791748253 75.62870762340123 -1.4757640902406295,-9.543156133250529 34.466702422341584 -13.597814386559335,37.94310732576879 -9.352613210786288 16.56308555904714,-59.11271490803489 91.53949316156483 -58.80888296539172,-19.04643084289258 -3.015426502857478 11.612166780621578,82.50075381692635 132.7728970409721 73.29053213801572,29.36744472470119 102.89231357496341 36.47885394074692,-18.980327732230993 3.6132610725909924 -11.376009002702796,8.866347576923838 -40.46892709415006 51.41328279060238,14.500073106219208 -26.56451806783833 -3.445866399035439
5.511447264931524 71.50519729700196 -3.5244974848327946,-10.481775045470169 29.30785713111686 -13.60724363580828,38.644467098859046 -6.3543216014254895 19.912610422066205,-57.47807909020168 95.27293379325397 -59.540767216079885,-18.82787443528453 -3.699270283578931 14.347950247444407,81.0922155909709 134.4218620434015 70.58723418628662,29.594601318607122 100.58572411224941 35.34494821340312,-19.08693058276821 2.9548104915869535 -8.597774989079348,7.583773111560934 -36.70684468352988 50.92935192169905,15.29048190182281 -28.264786508487656 -3.8440428013748775
5.274394015133276 69.10431549433892 -4.999312459734531,-11.071364258227623 26.549068463545453 -13.511535598830697,38.73044752691135 -4.764976436054315 21.5904965856075,-56.784455369052 96.02644836758986 -58.54850634676602,-18.643940621295492 -4.291938606056872 14.968592616832144,78.9578741143351 127.88065055089243 61.107859769086865,29.46210608892634 101.57411064824072 35.79859282698205,-19.10362546878446 2.8733309604126025 -6.310929907279072,6.497631640209562 -32.826743616251115 51.05052151185174,15.885677731159989 -29.541381865157923 -4.153287904683288
4.8581232410064725 68.71196758100707 -5.638279026884775,-11.241177357757337 26.319917309511048 -13.3697546356835,38.36615392007872 -4.675029946877967 21.5046796172825,-57.06498739666714 94.46399765448942 -56.723787277035264,-18.45043190883864 -4.655595642495284 13.803349176723714,76.96905653606152 116.34218219183377 48.460968190582456,29.07417668193602 104.96783413536019 37.417135456492026,-18.963233398533315 3.2570388715245904 -4.993793299949203,5.769012395685546 -29.967493013962375 51.668529203343795,16.149179109515757 -30.109357713946068 -4.302689843645866
4.601917184245202 70.18174065243525 -5.302113789501601,-10.999617122294827 28.123897335106218 -13.296241324878388,37.883460451831034 -5.761260372157016 20.03704941665657,-58.11017532509051 92.13255464210222 -55.53268782536996,-18.244167399646354 -4.656712524331492 11.890359214184349,76.27701565230679 106.42981485345085 39.40082602529691,28.66517957934327 108.68636107708987 39.2035250919617,-18.676085928009453 3.7977296683532367 -5.072584736481226,5.562763252452405 -29.553293217020006 52.37944859793003,15.992220842270678 -29.790986020735616 -4.242688769646626
4.7870228478892045 73.27456749974814 -3.9232173175047733,-10.371780566618398 31.430450330160696 -13.390972293957546,37.56998799513037 -7.665639109732464 17.610716774515524,-59.68762734922343 90.4022750319514 -56.192259044413625,-18.044221625286596 -4.200194121374535 10.196882500884323,77.79328021561778 104.03886863190834 39.84133356000335,28.446157152790764 110.8452226852609 40.25373478163855,-18.28184015250661 4.211510549517688 -6.842978449200876,6.006383866642278 -32.686367593499014 52.799418080967115,15.368744449821154 -28.496187589590622 -3.9450803063172155
5.256280439439822 77.06299192823111 -1.970385614176793,-9.506774461075135 35.464425077503705 -13.64500610118724,37.37785972177224 -9.776052826698468 14.949985605221647,-61.39731474682426 89.29891311847052 -58.0381505779925,-18.036148783363753 -3.479641460880656 9.144876433508783,80.62316857808906 109.53283885864114 49.3257007407295,28.450564914958875 111.05450377009753 40.37300585875138,-18.039098239878058 4.400687884738742 -9.620727265977909,6.946688817480803 -38.044620888646726 52.700649826353846,14.55271229402733 -26.791508832649875 -3.5417314483102804
5.653192921201375 80.30655720244428 -0.15630594796972483,-8.610091022825928 39.33945744833509 -13.999877830055063,37.106652838934274 -11.364859528665962 12.916107991224568,-62.76298670786291 88.23694327147643 -59.55056599163286,-18.4811989738878 -2.8199215479836024 8.908357285714812,83.05074128026565 120.75997995017161 64.50047652318266,28.631112195738428 109.60384110163616 39.689073713356215,-18.306013523829524 4.352230120609871 -12.276027889043199,8.102869229065051 -43.20365514466773 51.92632050801968,13.963595596539461 -25.542054353146582 -3.2372913333906688
5.645666624745598 81.91811400499066 0.88388153883608,-7.881541090831356 42.243226412997366 -14.384542281855756,36.572395259788166 -11.832279129309875 12.236155135768252,-63.35979798289268 86.65091879806025 -59.326008180400265,-19.59354425535509 -2.503515877804302 9.564379109248033,83.53200892417804 135.37846441616242 81.94435157806785,28.934573825486574 106.85469687751682 38.36552298353148,-19.376974183067844 4.079002542317587 -13.818411867299393,9.238085576129087 -46.01544683606604 50.37235495714149,13.956064398596688 -25.481635542823952 -3.206106535121823
5.127528987745955 82.18778127248548 1.2155248527269664,-7.467892193136176 44.02680463624361 -14.618301167154254,35.74422478050657 -11.720695036862459 12.437885921998031,-63.223430348619615 84.18128787368609 -57.033424935682746,-21.165335097586766 -2.4301261597527564 10.338863668304862,82.08876447192162 149.46870523286972 97.76217743541062,29.258565043259516 103.77683185733862 36.870296332059915,-20.974891665914445 3.8203673444842443 -14.516359595209309,10.512199267348468 -46.83890740026841 48.40055952122029,14.302043377990351 -26.1632000754579 -3.349806128067872
4.110996332710363 82.12740445715778 1.2710470920352488,-7.488115701261279 44.888901358455655 -14.46299495549135,34.67151299488466 -12.171015802923383 12.420586530377115,-62.63089443323745 80.57639325826126 -52.90375472567054,-22.76757102916872 -2.2988669480615394 10.011715955527093,79.5633139872674 158.284325906013 107.81050085892274,29.474940107683356 101.65877200878313 35.83082841322922,-22.523207866975444 3.934377343379926 -15.298075352539186,12.292953931845068 -47.346651273655844 46.61687529963711,14.468082584565515 -26.520890498008754 -3.4271077026094816
2.646455733205961 82.66963653630059 1.456511621032092,-8.026073059660149 45.049070776917375 -13.724671245281899,33.42731316071646 -14.182406596886203 11.199578417154196,-61.86189204977941 75.71543486499232 -47.29589667922954,-23.987565731001126 -1.8424036636894672 7.537145072702151,76.81023702902387 157.66250984086483 108.48084724271261,29.470100660438852 101.64867107692491 35.807051218122986,-23.48026399531371 4.724748404038799 -16.988340878340157,14.862127491155281 -49.05272474005903 45.59020580073222,13.978814648943546 -25.602058028962375 -3.2219984999938003
1.1780964215117538 83.83983531169092 1.864144954515544,-8.795833022237453 44.91551192834541 -12.683614727553927,32.32836577458076 -17.1948008850723 9.07954145556348,-61.20214650063791 70.85545486417158 -41.87349249749596,-24.606304785884255 -1.1679724477408375 3.75970812215097,74.73771514072719 149.70701790058698 101.86206426524133,29.28714654514461 103.37610268557759 36.62805795104101,-23.702502249516474 5.907805021374536 -19.253437551637653,17.57031828213399 -51.66674956914626 45.47383844767726,13.003413192926491 -23.712530234751387 -2.7998207482464257
0.3872955053750884 85.1168927764693 2.3971490071806643,-9.288737421029543 45.01004503637291 -11.90574410009952,31.838184673850606 -19.709003571825953 7.141738828190118,-60.941007844018486 68.083372740014 -39.0860331003157,-24.521422773921696 -0.608414180548808 0.6625228164485872,74.28621445500804 140.29598384298606 93.47450890117165,29.06355726481197 105.55599643052709 37.68275606485374,-23.286141898555776 6.84608462218763 -21.061879527370273,19.20727320269898 -53.81153881842152 46.17073421400215,12.099260244411662 -21.9161176554748 -2.395377380699127
0.8884937565819395 85.97213019153652 2.9384215836386494,-9.047328909596411 45.766615770311454 -11.911202179880226,32.37447576296866 -20.311848465013178 6.419577106831167,-61.32547653426196 69.30661807596165 -41.135478680573364,-23.655577187707692 -0.48001329302127643 0.0939348762116242,76.25759001990225 134.89879358020877 88.41675813164744,28.92811825620352 106.97885120557544 38.39510362080398,-22.340771133733867 6.948314536497237 -21.429372279277338,18.657801725957896 -54.16156729638036 47.564647307418596,11.793995348956907 -21.223453994208075 -2.2322126321294897
2.399223127459026 85.8760921203063 3.1446220968754433,-8.307463635671294 46.47642642549763 -12.585087814396676,33.74387455697114 -18.854284709891857 7.198625146210005,-62.06080615261507 73.99351764554144 -46.92304536291206,-22.23066579946936 -0.8478940195669539 1.9803546198790514,79.67696413152343 133.09941581808434 85.79566199573006,28.881956480321243 107.56133726286741 38.714201904574864,-21.104692310614247 6.2755233942032165 -20.09711877749113,16.119830597468948 -52.24224038396758 49.337878793140106,12.167064816850893 -21.832623666778904 -2.360259610326111
4.017489698720338 84.29878663443621 2.516139295877501,-7.783893301875049 45.64134701573418 -13.373853067711824,35.33092916646669 -16.060429536619363 9.247894483914617,-62.47804702078985 79.92762574431885 -53.070011443867955,-20.6752819685872 -1.6036955799813661 4.920645262567417,82.34220846376337 130.41655850745576 80.57937797452686,28.83802078379418 107.9980102730267 38.95188674830996,-19.90511509960982 5.339306842270034 -17.30744814795168,12.69830197516538 -48.16673057193996 51.03357909922779,12.9883324247882 -23.3804552573308 -2.7095322267936592
4.879539951086221 80.78782695574752 0.608531997013089,-8.150910237895458 41.885878139860665 -13.745640542117883,36.54113620653612 -12.668926867727953 12.303314480039328,-61.94731919342707 84.95449472772025 -56.34370699881164,-19.40648841817888 -2.6280704485962776 7.547410440781487,82.18529617683633 122.68533533703246 68.1447569201304,28.715774504217705 108.93345338450476 39.39738437437378,-19.05614984652336 4.635083089419745 -13.35133427406429,9.485747501004715 -42.13741538760303 52.21131070467779,14.020994120174404 -25.484492545092504 -3.20470202056547
4.909876631095562 76.10070692214131 -2.1141748354267587,-9.303581234298298 35.99092640590796 -13.642764319247783,37.23746056968298 -9.374027421884158 15.745351280729793,-60.5638333714413 88.40868368205095 -56.495310081275235,-18.597495431866545 -3.6842199648592944 9.430975659862504,79.6092475976533 111.93396201012834 51.52311424435278,28.563580076171416 109.99199296999987 39.87496917180197,-18.640136797333376 4.266340055262211 -9.122591162198054,7.099907982785805 -35.56489480156136 52.72962948441353,15.02033252210325 -27.635754880868593 -3.7243593954547376
4.656388257544914 71.95174417984094 -4.469503500711669,-10.520729182891307 30.44277379744542 -13.382532967488622,37.64465204980752 -6.834873929559735 18.673355968737276,-58.99623203432581 90.80232001888915 -55.63574957307538,-18.228664662815866 -4.442460235842139 10.883255799973247,76.97128971546832 105.08841635318583 39.79923363790991,28.531738690196956 109.99109399731734 39.84121232161148,-18.556122783261735 4.026610919376571 -5.99178380935505,5.783039930056428 -30.81528124088306 52.68354770083343,15.735372061190025 -29.225200845961524 -4.11065188090576
4.6606608971690004 69.99349209842634 -5.318434365652316,-11.097553139013637 27.653950159361838 -13.279349647394335,37.98909247234236 -5.668474930208605 20.22651664127994,-57.90300201668296 92.6624750901935 -55.848140920070534,-18.26817150453596 -4.5919723576644325 12.2210047228814,76.56371957414729 108.76421996328177 41.65952584973559,28.762324207988232 107.81661658752819 38.78491622348271,-18.696779707049103 3.710985748801922 -5.2564948427690235,5.736318747792203 -30.13062066539519 52.18208591357745,15.931806853656013 -29.67983002629258 -4.21464137278353
5.013536791385797 70.18008362349464 -4.740838815688752,-10.970887774775754 27.711909026196935 -13.393591753596375,38.33778826342977 -5.696180387102294 20.46215959616242,-57.44378919409982 94.18359407181075 -57.432914298022304,-18.550474051389806 -4.235492304200547 13.463149770253633,78.39292750465454 120.99323227345641 54.89801018028795,29.18463616464258 104.10183935628235 37.01174215312521,-18.928315858226387 3.3082009269376345 -6.552444463110325,6.565225640090072 -32.851327050245374 51.4801787313545,15.700752021110095 -29.175886096771393 -4.078878282203361
5.398162159770517 70.9294370896328 -3.919070381204181,-10.657924660680422 28.60108153047741 -13.555871371929403,38.61359142574403 -6.0196702025266005 20.268063531991412,-57.327039751563504 95.2592630681045 -59.07806804892188,-18.78908362520254 -3.8498148139808364 14.359235364624828,80.3977101831801 132.0434239609567 67.45658059302882,29.535520551511677 101.06057409288717 35.566197035282144,-19.093003291986456 2.9821451707044835 -8.012204825296813,7.336438743112828 -35.69329962282126 50.96473944787168,15.42766470798837 -28.567301071698907 -3.919113631162529
5.493471270830372 70.67422464682225 -4.024980644918596,-10.675418906817203 28.318521650464948 -13.59444498228947,38.73431648013347 -5.757285811502002 20.519904559531206,-57.258566309162326 95.76408280173635 -59.45720041846507,-18.706599144509294 -3.9047241411845186 14.651893293612027,80.52233410127006 132.28721975659684 67.40719495000046,29.55493933879524 100.8795129375906 35.47977651193454,-19.039806427654188 2.898493439605506 -7.79453661831955,7.139375612648194 -35.41650418178357 51.01094122984952,15.49156454579667 -28.694989410956417 -3.94796407315794
5.234528966336919 69.5608817261218 -5.002628850072862,-11.018280606890501 27.022193953440528 -13.48235967129012,38.62160146037601 -5.068560166950488 21.06603933561782,-57.27721529093858 95.37352996116844 -58.31210436407091,-18.35430536056917 -4.369156376859713 14.152039211538364,78.66590698398977 121.48893332390264 54.67906922509893,29.22854016900518 103.69025242976622 36.81512943422331,-18.80237498964544 3.112314172483365 -6.022373568495347,6.09391945132764 -32.169822156954936 51.5907104640775,15.854844015658408 -29.484732496719086 -4.1488689137390535
4.821242180322971 69.50789559612171 -5.52652219890882,-11.14182583342197 27.1044705367644 -13.342377753735375,38.20103795858963 -5.189630769745138 20.692563850071007,-57.76619407835091 93.55718458939542 -56.4890990181856,-18.12335212752923 -4.694164589585561 12.741195111890791,76.74886589528637 109.12420440326588 41.46196684191562,28.796012623749196 107.49939554868342 38.63310542293401,-18.60532552834622 3.5643073359749478 -4.84962793835671,5.385467330100823 -29.60631448634771 52.259011518584835,16.049098116015212 -29.916053105997307 -4.268295325235424
4.463253960469969 72.43884102846884 -4.259468719322286,-10.496695403916569 30.963519482046472 -13.30117090255186,37.40699203010664 -7.354521766836242 18.190358029447047,-59.10334379759345 89.82042388936377 -54.875686988603206,-18.40729391464159 -4.325098248070362 10.327054820443447,76.73226287682036 104.88840723601855 40.18397807457995,28.50447363139731 110.24861642934083 39.96365285968974,-18.675161290327843 4.186464051926778 -6.451296909627439,6.208885092721118 -31.424952159282387 52.56158881992366,15.602616131982945 -28.960769309061085 -4.050551228132499
4.291347665264328 77.84313814671464 -1.3524930492834433,-9.175497540778037 37.90859774326568 -13.390214801009602,36.44658544481101 -11.153184471944307 14.058142161303433,-60.991741386582405 85.10660422538795 -54.048864159657136,-19.17819398981504 -3.284827506978119 7.544718878343205,78.90568529944366 111.22751085881023 52.87996797324768,28.464708044054778 110.93105097117834 40.32316622193099,-19.018555460279934 4.801835866036472 -10.69679413694554,8.498887640770233 -37.64929175166458 52.36225401020496,14.569768567824893 -26.73216848967118 -3.5185097312840914
4.343074501984602 82.33241898608458 1.2839307328858207,-8.029808739998188 43.5970859829956 -13.528439331188727,35.849406397213386 -14.231859178000347 10.813736943065713,-62.33672139452653 82.05913799769777 -54.21852872498175,-19.909806132073182 -2.2789984292766143 5.889267032456633,81.58262541471336 122.0168489290604 69.29737368276703,28.626321626278624 109.7829295267384 39.80314263361728,-19.382286341507392 5.104680118245719 -14.72974885690488,10.700371891704718 -43.95761792873355 51.90085484121694,13.626887341447123 -24.693044233309642 -3.0243786394870487
4.6476659144467245 82.42719208009375 1.6779407191463107,-7.936607010732507 43.57277890370563 -13.62939495985017,36.14979205081949 -14.177598185741909 11.033907442721437,-62.02381866712768 83.3518233901264 -55.559529481519306,-20.05814968345673 -2.038413065240664 6.865737222388573,82.99088639288094 130.71958533563514 78.64514196616877,28.928857403314623 107.12350477452357 38.53412443553539,-19.50322057467577 4.790668656980254 -15.594874888661622,11.204058554821712 -45.86178303988182 51.43636273292419,13.472102172897468 -24.35360598346554 -2.932101692573701
5.109122082026636 77.8497896033192 -0.4268738280227275,-8.986848605604473 37.52992949251241 -13.654399239583913,37.29032762924421 -10.840628454230359 14.836147236203844,-60.05905196538793 88.76688651353618 -57.65591127052807,-19.55023788884888 -2.685061419498291 10.285577501185633,82.57078659373447 134.32921492078793 77.42970609376103,29.279650848762593 103.75134439284528 36.89552991118076,-19.335625869088076 3.9330663431489783 -12.831910668357809,9.759561613069776 -42.47790869310218 51.11720738812303,14.201286904882327 -25.92242712820093 -3.2949882626695133
5.462033373446513 72.65389292819626 -2.9663029985519778,-10.20817865010594 30.77742982264687 -13.629387875658958,38.41309071498586 -7.13274461141127 19.011107200235916,-57.96420345635959 94.17490506124616 -59.292493702142934,-18.950233096884283 -3.5173473591586504 13.669188687883622,81.40290545398 134.61497843202005 72.02936170963142,29.54246784319481 101.11342174148896 35.603450670147375,-19.127864815533016 3.115936687143385 -9.355803289734883,7.954772840629302 -37.79788434377754 50.94228036145989,15.095598267717946 -27.847259437461556 -3.746129099568778
5.43328761283559 71.15146603720426 -3.736366424454865,-10.564585661899605 28.95706426042015 -13.584872979984763,38.61475688617948 -6.146944634419776 20.152654531486327,-57.35056293217406 95.22309848228308 -59.21668297200729,-18.859703797089942 -3.783643617476554 14.40607561592982,80.67406798974811 133.66716373362402 69.44871609885169,29.579782093852938 100.68395802824665 35.388608477981535,-19.145259484968694 2.9520363143568047 -8.285738016133594,7.4878494770374155 -36.11322311351974 50.90017026897777,15.386855058442071 -28.469263947465798 -3.89313400714842
5.009132410036188 74.70431356395419 -2.0303258722989495,-9.729279160891673 33.77153688291639 -13.550743846718072,37.6772249688101 -8.809281633363684 17.216581654107173,-58.744276437262535 90.81681161345803 -57.334962161450115,-19.410983651340654 -3.238089187944942 11.789501109317637,80.96000003242234 132.499094458037 72.22704171529293,29.362098796093584 102.81050055621085 36.425650556393215,-19.418157467343473 3.600229128484294 -10.620254759131326,8.843694131364442 -38.92707572253929 50.99816892127787,14.816461396198761 -27.233456174676924 -3.604457417580867
4.577823042745884 80.10149315131137 0.5378315827894248,-8.474761220465732 40.81797731891821 -13.555924402498935,36.44448982303027 -12.68704417445862 12.81966509484962,-60.989517207121025 84.91148364264768 -55.350383524613186,-20.009092338650316 -2.4187607674258174 8.063552877386803,81.88922367702824 130.45479967832043 75.98234202446558,29.027371951851475 106.09425207618996 38.027308584146205,-19.61269590704057 4.515845314588619 -14.070893135072385,10.626664735457247 -43.42063116887497 51.272558080526736,13.915678649396805 -25.29582607993763 -3.1528629368965535
4.558644579528865 83.75938433039883 2.1652138488205677,-7.662911113520784 45.19827295797503 -13.628997029273783,35.84534405778218 -15.074719866858379 9.876867631156838,-62.79238614895828 81.86762198642063 -55.10525643186963,-20.002314846198995 -1.9275088445144717 5.711758434212368,83.00882508333697 126.75307434921812 75.78148555377452,28.72744857626166 108.99164365066854 39.43487359837215,-19.367766013580255 5.097163402003654 -16.08234278522892,11.290515127405765 -46.42216903656457 51.759773414356545,13.280547179219198 -23.952586099690908 -2.8442330412230197
5.05155002515007 83.95347782479007 2.0134641414854326,-7.689348188540772 44.70890633364725 -13.775301040290888,36.21826102043713 -14.71666748189524 9.798245404780605,-63.45363315059932 83.40688368501924 -57.067417370485714,-19.263132493228746 -2.036943665959932 5.9233647288406415,83.86984269035541 122.26364093191732 70.66942496420326,28.56821279805856 110.44927432910423 40.13264193531683,-18.68946883713931 5.054228584665907 -15.529177747785088,10.292730146788921 -46.45685406119142 52.28586415582263,13.222463974538293 -23.874313673804657 -2.835155190124266
5.588263502674142 82.26742158246707 0.960548217729095,-8.120015148702254 41.94120196028401 -13.95881634762688,36.851282573793014 -12.937189249420463 11.315979356065128,-63.33214401406362 86.55527767973096 -59.258925288187704,-18.596796994835955 -2.433815692903677 7.584537743994772,84.03034773919505 120.79393092813689 66.76983301655662,28.573761031869918 110.2859625170989 40.03732071929448,-18.23732943619204 4.65185284400858 -13.830350480527926,8.876863146689482 -45.0693384064563 52.302511718406556,13.546323222073921 -24.61831289832148 -3.016556892528516
5.644127991542124 80.62124954928301 0.05867907884640517,-8.436798022347778 39.971875730754654 -14.139266819885572,36.927322553508944 -11.322702023027249 12.88965451098901,-62.89517901362133 87.8667032159849 -59.458978491661966,-18.900548340360906 -2.7454690062899894 9.34678754962168,83.05276575428425 126.42945010040376 70.90303575652166,28.759372803372322 108.41402582617711 39.11193098153874,-18.7344751688592 4.211404570954585 -12.662281584969254,8.46533551428407 -44.11028422349905 51.22670466559083,14.005031391082754 -25.62770251887703 -3.2521426121223307
5.018472588109089 80.251401100582 -0.03520128562501513,-8.338519096079876 40.566860196265665 -14.277469312107891,36.095064093564595 -10.893444821743085 13.487988892421837,-62.50643565819434 85.65729902912139 -56.81406590673082,-20.456541016074045 -2.7448382396184114 10.268126522836184,81.03558660679698 139.59958782189742 85.00906922997335,29.08331674377552 105.27579931996969 37.576466797727996,-20.34948222266122 3.961123439277067 -12.990414594334178,9.705873230537023 -44.655313307338474 49.05118608680314,14.384582814152855 -26.430382498003592 -3.429534358036066
4.174115510304087 80.99438661036716 0.5263761065752266,-7.968263048980872 42.80774298541529 -14.336478999352797,34.95703633079427 -11.510184654841568 13.122350770376928,-62.317525923956396 81.85208297035501 -53.27074227829472,-22.28729979320779 -2.5030119989860027 10.239040546931786,79.1751029562398 153.2463958148938 101.03365443051314,29.387109233760007 102.39903745311825 36.177175717457345,-22.115264947031022 3.93853141137448 -14.32418759633678,11.659708449297272 -46.19284720513971 46.947783126986096,14.538732250107838 -26.727875716587274 -3.4853347295804884
3.6542226208925968 82.51426868591662 1.491289415533054,-7.5235494640415235 45.44753443688612 -14.279718523365757,34.23153416017041 -12.89092998844942 11.932836808271817,-62.453403160339654 78.81519830389784 -51.11466026650842,-23.262952086921995 -2.1277329881468106 9.25298031528302,78.79890979693853 159.4083012976033 109.71232369413494,29.498299997061938 101.44112444987667 35.72313214095594,-22.927625503567103 4.157541745189121 -15.994591393806706,13.195091532553686 -48.01644012851703 46.23021545679325,14.330129060897695 -26.244226537855404 -3.362429672410501
3.7522281212797726 84.18557131149636 2.4743195062260632,-7.212430903358806 47.26850723474626 -14.09674123513847,34.34953554723297 -14.533175376763504 10.35670904786346,-62.84596531795555 78.13856736599725 -51.58138208164497,-22.767500482002585 -1.7678540041652002 7.592530507024053,80.36253000028479 153.8041975346762 105.57302649110942,29.336472850797993 103.14364507769854 36.57304548806964,-22.22591109863673 4.560313356491054 -17.28556351416888,13.536942648796485 -49.27298163583423 47.51857019432732,13.788659245938916 -25.056671853732745 -3.0837127663967863
4.171252341717851 84.69840919596206 2.775632832758158,-7.267857707857978 47.12210418065881 -13.838868064699637,35.06286080511517 -15.41316620483116 9.533666874674653,-62.97076741034453 79.58874232201767 -53.42427382334484,-21.39964192364996 -1.6694035814280734 6.223728598126853,82.26008874380281 140.85283646181102 92.1082001238347,29.038761127615174 106.08342405880053 38.02105573817535,-20.734296732470632 4.919392772821327 -17.36981729724099,12.753275441537351 -48.76267645282302 49.79333091273551,13.339521542823482 -24.07732246737337 -2.8611990508935325
4.529362274532427 82.64566535474297 1.650818731807095,-7.926033016575439 43.871455626013606 -13.566346089071954,36.02528136668195 -14.4330043263705 10.703571592536928,-62.238094854295355 82.66824769965069 -55.03903833992922,-19.933232638352585 -2.092138730527865 6.2104150922092405,82.5893984297813 126.2280676133186 74.10510447518983,28.773637286839246 108.52552780862105 39.207996283859494,-19.362111953234148 4.983032703044453 -15.405136493005195,11.034127752514335 -45.23743157490708 51.79874151793997,13.46459193045196 -24.33797577676108 -2.934008402787971
4.5939262785512405 77.72759464807561 -1.0548152104677406,-9.190240024611024 37.52840589140323 -13.34180635442415,36.930373763419034 -11.276224143228196 14.21975665845702,-60.49951556908002 86.64654891811178 -55.432515294777005,-18.932624718595925 -3.0864552278860184 7.98972653241916,80.44156498598792 114.49307827829618 56.255196181617535,28.650659482380075 109.37986822062147 39.59694788135567,-18.717147668784865 4.640073571510841 -11.31978466620673,8.72890147359531 -38.65680527781019 52.691668583373065,14.356051276063887 -26.2505328814926 -3.39582116925839
4.540987386171565 72.6756018700464 -3.8817570723998047,-10.426202577902465 31.249112825066085 -13.2344054186157,37.58067090186995 -7.765333725107213 18.008910101476097,-58.81449655004264 90.15517111977668 -55.28437658483164,-18.388705756298386 -4.129675501451176 10.283356110848034,77.62658377030151 107.17089917432 42.98769475888739,28.618122879746927 109.32145834847222 39.533061821364015,-18.581809137247635 4.164179063604223 -7.151018716127371,6.6232172178250766 -32.28599532552828 52.75842871968233,15.413113456934484 -28.53008578071558 -3.942213823952524
4.615846364923261 70.73450235968521 -5.097073718948493,-10.891667902509234 28.722251215689415 -13.314386294568562,37.797226343884994 -6.085175750736147 19.586672336459998,-58.44708235354161 91.71775135358847 -55.557800387217924,-18.195127978196588 -4.6020505213542755 11.522374610125619,76.41512408236564 105.26879842904498 38.68650629407588,28.596993007614465 109.32443627695898 39.51097021991283,-18.598589223220777 3.8942098415960253 -5.293308668514397,5.576520344499398 -29.950057880136495 52.47680454824603,15.900651589745218 -29.60425939925699 -4.201317878700784
4.962891228233724 73.64508168789905 -3.740614137816628,-10.193609908156738 31.909055319883105 -13.597176373762716,37.52739617832411 -7.466723169715863 17.599004403613712,-60.02322339954094 90.62669187912795 -56.83819573806027,-18.247834962000177 -4.153502534794068 10.814224856276391,78.14935873576128 109.03788521912381 45.410089596320596,28.546573339935374 109.91311555376113 39.79958720338876,-18.517840878122932 4.022818858621229 -7.083024651631614,6.064201461968819 -33.711403195479086 52.207656263235414,15.396213371762277 -28.565339621626723 -3.9580641681431405
5.4056147973789495 78.36542054615884 -1.3096180595767861,-9.049517867629177 37.27762459280106 -13.923893372632902,37.120169310775225 -10.107712818548894 14.28620442656548,-62.139777330485124 88.6190122115552 -58.50969337949176,-18.45005661426114 -3.291488766010072 9.41716340309782,81.21890949185666 116.32473845110688 57.82215087159129,28.548079218256255 110.18140053246759 39.950060166883624,-18.432904256462358 4.277729224856489 -10.491856353314706,7.340385103771677 -40.0273561975116 51.94003927478716,14.471628843549077 -26.619185668727667 -3.4959939282478936
5.703869885014078 80.90509442514953 0.2113245735748138,-8.39711830786538 40.2066608468078 -14.101086251910369,37.004185778263 -11.604329650683367 12.601398900490551,-62.99119389433132 87.91654662931087 -59.7181858702357,-18.706467874309794 -2.693533174159782 9.015995758387762,83.42784624392557 124.49906382387593 69.11986208767028,28.706903113365655 108.93952048552504 39.37119072860782,-18.505140902800658 4.294459354745955 -12.824208702112687,8.416993178358391 -44.2436403106564 51.5892720874941,13.895914447746822 -25.390821422907823 -3.1975330213835687
5.701952911039072 78.65611298871758 -0.5100782250175403,-8.855722831807727 37.65603857293687 -14.005447889941523,37.452380639264085 -10.363974799902321 14.46297497822281,-61.45011213628531 89.95092844567472 -59.90042305485756,-18.92023326371624 -2.824312341496352 10.670584886108728,83.27647185774305 131.165958314661 74.11392692429116,29.06688648193807 105.63013908102864 37.78142411549977,-18.811333020681445 3.8499513656432214 -12.234241531953007,8.572602865121837 -43.201131560140965 51.13684188181187,14.18272023007028 -25.968872821264092 -3.3200703771168794
5.556944451853564 74.1311045108901 -2.3899679189906533,-9.865215177239094 32.4423901473264 -13.773488418511793,38.16094842722366 -7.7988425037376095 17.956583588373622,-58.90122469812619 93.22683948029292 -59.57050750813183,-18.988922626602474 -3.3601034744010687 13.125969303328727,81.8439776447146 134.8024222317769 73.59166673509765,29.44388215416085 102.03849469981367 36.04614394488063,-19.114975891159176 3.244989203393816 -10.023657516088281,8.073498367340168 -39.278840358621615 50.809328559145776,14.899803874845448 -27.455115826956575 -3.6578506701234623
5.498329446891407 71.02803584857 -3.785187056167524,-10.59246102285219 28.73809060540458 -13.601861369734404,38.692577775485596 -6.016686944832306 20.280660564970955,-57.310723114042275 95.57142065400058 -59.491931157116426,-18.808810731721096 -3.7946823531427167 14.591343923369704,80.80652497167253 134.08728709526315 69.72389109328154,29.600967361020317 100.4920930543925 35.296231116684865,-19.107044050236425 2.9016175399206197 -8.22276347752936,7.414601741081645 -36.13776370403158 50.89004693530115,15.395964616930412 -28.491403469652315 -3.8979083341779375
5.671071433821456 72.1086934047008 -3.4499321477984792,-10.405670867795815 29.709523311174003 -13.64034517598967,38.688863338851895 -6.597211881860666 19.3578508484718,-58.11410033778143 95.26832170219153 -60.12761765231005,-18.377338859926173 -3.7382752176567924 13.768167963262071,81.36865790815818 128.79772022940307 64.9750744240701,29.38294401153239 102.5282490698547 36.27921761523514,-18.629982237595375 3.122521553400149 -8.405939428364992,7.050513025120878 -36.59123397570394 51.49604563689396,15.191772650406904 -28.076410047708237 -3.8086289382425833
5.855004636976326 76.09059882590543 -1.854954054540357,-9.542857350105866 34.177225008264294 -13.836219581507404,38.13227085130075 -8.83896287350976 16.239355794872417,-60.4542511855982 92.57329346732811 -60.642046863831865,-18.128983863239004 -3.3041699643100437 11.484464130934624,82.69755133293567 123.4556587995088 63.07831239577876,28.987661585487174 106.27068284688563 38.08658236133866,-18.180580841540987 3.6947578465039324 -10.177978507687977,7.2616426425929435 -39.79070391461184 52.02610953459183,14.549842327199814 -26.750264474523277 -3.509831930864142
5.731387839163744 80.59942720078818 0.06557122365311896,-8.476857118787578 39.788466603365165 -14.082094938432025,37.09729239447832 -11.424631947844214 12.821005823717648,-62.8551284568008 88.27450292572051 -59.84915252849649,-18.61621085925246 -2.741468085052242 9.142372104357895,83.41034330166377 123.86400472756942 68.1091954986878,28.708283247161905 108.92153244739075 39.3627129140243,-18.43228659887435 4.266176684212255 -12.611936498712433,8.281374339662406 -43.89901376479108 51.685110919907885,13.933120669930865 -25.469248417379514 -3.216214790321637
5.088327444081241 83.5460209362634 1.4725809723078997,-7.640387347713304 44.36334965916838 -14.279197474398117,35.73336909777251 -13.186576939003453 10.751766743297198,-64.060347626036 83.32704405712029 -56.99099867332142,-20.175870163339383 -2.2798826977956494 7.9387449398995,82.46474639616503 133.96733649214553 82.35858246730378,28.773782158296072 108.29523163545629 39.049288732761596,-19.82930899709914 4.538295211442148 -14.820491530388066,10.169542731542458 -47.22735552743023 49.95429174660243,13.72491868477118 -25.026067826478897 -3.106459075940108
4.252689543952858 84.27919205637353 2.006633513590903,-7.263854471219274 46.5935227550742 -14.372201082743917,34.567846328804016 -13.711855922014651 10.435785870360746,-63.921166042165545 79.52765580249924 -53.46841491854728,-22.057620056298806 -2.051355280468616 8.035284941870152,80.5357768634824 148.34000886529572 99.11824961806039,29.08946222774276 105.29363195624296 37.587043211997205,-21.659973145977542 4.483243118082317 -16.116149216603453,12.110908836607097 -48.83502505719391 47.708432896785595,13.906987258416269 -25.38860696119201 -3.1776377709985026
3.720765405633944 82.59995466836213 1.4591148570782162,-7.514043733887451 45.444712150476164 -14.31944275838325,34.24690999378617 -12.82485953933667 11.885749180349649,-62.6371641041314 78.93775140487712 -51.3611035718279,-23.16922668364547 -2.1570808065170084 9.268167838127475,78.83849594580451 158.60969775349656 108.85000817781031,29.458842244085524 101.7894933355088 35.88812117528796,-22.849110158369214 4.1582503319673325 -15.87425544540444,13.015046980318642 -48.016576392899694 46.260545100344274,14.334797611847984 -26.26536623687727 -3.36971293276105
3.889984684877385 78.59050728338653 -0.2371818787215503,-8.469398897879236 40.3777258028473 -14.100131291603514,35.2406649657911 -10.522483040032228 14.925902136328341,-60.502764853763516 83.00227320415651 -52.31929248250523,-22.64560525219926 -2.649850445378356 11.374146341004003,78.39872495891838 157.94361925486749 104.01887281733127,29.705561418753714 99.4624302151082 34.76969315914369,-22.532910997363093 3.6418435675089618 -13.71452180445094,12.045932784958797 -44.414101596419364 46.66437393306883,14.857493187492643 -27.35018200820461 -3.6180839587942706
4.574361774372735 73.99040059585438 -2.3158194321987087,-9.687494050931718 33.77259734706898 -13.816540482766273,36.980497072943265 -7.818481591747762 18.269977734218003,-58.37098973802604 89.52986792224553 -55.4588608128347,-20.9620511657044 -3.297053141466766 13.504312282775151,79.12505309477753 148.5949919550307 88.9101302777617,29.772141139184463 98.85086392422697 34.48779048771469,-21.094874173299257 3.137967232952151 -10.697706525964268,9.868502474706245 -39.71884189248828 48.44366813200398,15.287170249995874 -28.25096552444893 -3.8313642310231417
5.374771614705168 71.14466677905558 -3.7058048210418884,-10.535613646531306 29.07584290630198 -13.615903547046319,38.518316284322815 -6.098100413274197 20.226004776396387,-57.298933298220064 95.00073219622008 -58.96981258123193,-19.083541738666213 -3.761811671130284 14.59579765099279,80.51791045553571 136.13642924226917 72.12737446891616,29.644534090320285 100.0763030196591 35.0934431561689,-19.374177819691976 2.896384658740515 -8.411026287332227,7.696039121298694 -36.37065541305068 50.563221760606666,15.42239059606236 -28.54423696398693 -3.908381380023038
5.92494986631011 71.99097630808285 -3.512208311727876,-10.48179349714662 29.194349341975933 -13.622382715717235,39.02599902201352 -6.510374371898116 19.40689450283781,-58.1363567912404 96.3678025347701 -61.20477707739539,-17.88847567145291 -3.7595905015031823 13.792424846230944,82.0729827551199 125.81887560850883 61.499583480751355,29.327453414854993 103.08403847357758 36.553366532007935,-18.144732765832703 3.11665096055276 -8.206485924857557,6.610823316215454 -36.42847051766014 52.068850985530425,15.10940993520295 -27.90577692495947 -3.77089038659499
6.088290961695944 75.64082001448769 -2.0620235763721495,-9.693472872686822 33.28848086883109 -13.799970153288562,38.50977628338851 -8.565358033556175 16.540275860610663,-60.29565559837191 93.87016799597679 -61.65163035989298,-17.65090085859892 -3.3692588970510844 11.671032843344799,83.25728298589466 120.63257947364013 59.44927228540833,28.95503917525704 106.60374159482869 38.25269624297484,-17.723975660798835 3.650282837020233 -9.802438733179045,6.782657762618173 -39.3065503681488 52.57296525122737,14.524787054746023 -26.698824656625074 -3.4994625699230477
5.825346234976154 80.01007640869155 -0.19917769668331847,-8.633972938986417 38.93363924247643 -14.04489824624689,37.32885188999592 -11.079737074184939 13.248406895146214,-62.58114898133 89.13712101233969 -60.27851343700468,-18.389195222847974 -2.823424138943531 9.414696769413364,83.52569417557106 122.61140416567429 66.11175732815234,28.71618535606841 108.85081707421 39.330531220538184,-18.236232232573727 4.201559701062688 -12.226123443107287,7.995322354211124 -43.300335300317485 51.92767069147834,13.984815111152571 -25.577448066435263 -3.241856333848593
5.1325342113635095 83.14866496493245 1.2778138243084314,-7.745297649962643 43.80702996437745 -14.257401003680009,35.860643824900684 -12.94319495792939 11.03871317381998,-63.89513978281294 83.82031734545255 -57.19451556058177,-20.045746306454454 -2.3452463237027983 8.108917881721272,82.45280831316695 133.05876745109535 80.94644032717014,28.77257975376032 108.29869694869501 39.05104711104413,-19.723370475553782 4.500356861363485 -14.530645291382665,9.973584998549063 -46.774817635662636 50.08664980648243,13.773508498400066 -25.12940480868403 -3.131256432081706
4.296364662839077 84.23611877682231 1.9564016275841458,-7.286716214095686 46.46355629944068 -14.372371659227854,34.62102151373339 -13.661828186703351 10.45466833616174,-63.95791307528039 79.71347269866087 -53.64583089421391,-21.949791465375412 -2.0762426309980997 8.02461502947549,80.5912345599696 147.340455991511 97.95929293850429,29.062118907443107 105.54313452622242 37.70710313787144,-21.559463166529607 4.489889304587049 -16.00053556420649,11.971531087545305 -48.695680271890524 47.826162305219,13.907181977298475 -25.39240713326438 -3.179863362409182
3.7450008317050294 83.00356872345904 1.612506169518118,-7.4282672576687725 45.886707123029815 -14.341627774620767,34.193461135271825 -13.042731816923217 11.56904193351115,-62.88918005244706 78.67967158242516 -51.433909434479034,-23.131162772972786 -2.1180634653780577 9.034941095994185,78.97115431713559 157.92287199325114 108.49334092768218,29.413420608295883 102.21622659809232 36.09387150409863,-22.792494270266275 4.217547190140396 -16.033332415081407,13.013408634347556 -48.321927279466685 46.32413777650304,14.27143081103664 -26.13557648894887 -3.340800211986977
3.8558000352334036 79.34564846295049 0.10121164310926084,-8.289755657679994 41.337768469333625 -14.130524197170613,35.06510099015484 -10.987957201933495 14.345335577975614,-60.8709335908409 82.24696660443077 -52.137384616097364,-22.740542469369228 -2.545984074823479 10.957661587670232,78.52458872236134 158.0929958704765 104.97000008736391,29.664516730951668 99.85879294231336 34.961402720631604,-22.58293470735029 3.742681719202178 -14.159713989941364,12.256953861058383 -45.111051455295765 46.617226830370754,14.747440280121621 -27.118491510108573 -3.5644255455676994
4.503950872113283 74.70689399951388 -1.9668136154105127,-9.509532302292921 34.744770697039584 -13.834628585597061,36.78407125523643 -8.300951789075967 17.717964409839652,-58.66312367976717 88.68873048765882 -55.136891832539824,-21.12063727014656 -3.1820343226508685 13.099357098628762,79.19994607712525 149.2886135362188 90.44697939038213,29.751941843799116 99.05811530250021 34.58903344418077,-21.203901410288683 3.233835367034206 -11.194519194573871,10.169959227716374 -40.42680765042868 48.34516038220876,15.182200138121068 -28.025797182186388 -3.778159574330629
5.282434227830744 71.40285217614938 -3.556279692830199,-10.455381586431807 29.534395493889573 -13.622685318668818,38.37080031017351 -6.291727694027275 20.043019732887462,-57.35049942303299 94.44927784477628 -58.577840191984095,-19.284045281673766 -3.705925767111831 14.479333608355262,80.39286602385926 137.52808331966807 73.95934933022228,29.66758685049913 99.86560813667137 34.99156955634109,-19.553793761508086 2.920913689911566 -8.67425687957298,7.956439825109656 -36.70422782888423 50.362631375170444,15.403483008777046 -28.50002743726119 -3.8965316620823875
5.804853320394908 71.54816202458345 -3.7133876031990622,-10.546688344150276 28.85985814628829 -13.646662856795526,38.916655642904296 -6.167017119689175 19.82077024500618,-57.90622292785452 96.23037356056632 -60.70749562715439,-18.184635124413017 -3.8201916808278615 14.203457606087989,81.52684217038535 128.54361172164718 64.02569833968704,29.41117943502011 102.26271957260552 36.151025709155675,-18.48044400092094 3.0127418630961453 -8.026481049114476,6.752773420795505 -36.18552810113441 51.5951845443165,15.255829530834093 -28.21740971741791 -3.8417569113438184
5.9610325360071466 74.80929653416389 -2.486569589328233,-9.837673977071733 32.50156683355592 -13.85404861275297,38.40589828598921 -7.867429685305097 17.302318170020712,-59.96426428366179 93.96312032070935 -61.11691170088815,-18.00693508338322 -3.511068057962344 12.421003157754955,82.42063777026665 124.14866937167368 62.38769957525867,29.066392848024798 105.48682127350013 37.70241961758976,-18.16299875183929 3.4651520177939696 -9.31884112189731,6.813867891402846 -38.73293517589575 51.893514035206444,14.78119309452857 -27.25130304432098 -3.62706379107088
5.819003466154154 79.27326673141371 -0.5708586867784518,-8.79213186589688 38.06392514979687 -14.060406742779,37.39884962335784 -10.516721730338881 13.8683357484901,-62.29459872970039 89.66206455340034 -60.264101737386376,-18.43912484009152 -2.9478249065766726 9.954410507793744,83.14802875173808 123.62851020810066 66.41482278934177,28.771058770301416 108.29523557056488 39.05690000494546,-18.349194562349165 4.0707549664653495 -11.741628719538587,7.8259408613487755 -42.673198728494185 51.70518458081845,14.148890155575467 -25.931280361944207 -3.3243990711454274
5.453550539314664 83.05081070840626 1.3310931183972259,-7.869740934583344 43.166487130462244 -14.090714680753747,36.44798870288167 -13.226159038269888 10.885365515410864,-63.711923434373105 85.33150392917628 -58.626951753608424,-19.16068596398577 -2.3072496491745107 7.623579484353638,83.76442805298933 126.12027718636978 73.32496448614981,28.653666544745015 109.52582263985963 39.663495565445764,-18.781674694678415 4.624217937857322 -14.458224039467128,9.442871466433585 -46.32824967098845 51.47075284977825,13.532475265523571 -24.59849756753062 -3.0089764664214576
4.9927486859757 84.95778565118363 2.5611195863705687,-7.376049336439416 46.1531664815485 -13.93353842655496,35.86005467940913 -15.122837467058817 9.25567127843513,-63.8638376284215 82.34216394884886 -56.759751516946444,-19.845103720480616 -1.82905816789775 6.0545626171846045,84.00667630576037 129.26816260466057 79.22725921681716,28.69837537916322 109.26376571492597 39.55744791167308,-19.232623056201675 4.987502796546355 -16.458884089988103,10.996485186390231 -48.31265991397383 51.391902540741036,13.135304190884474 -23.69713137519362 -2.788247105179728
4.604066286881862 84.33128748265791 2.493939268505895,-7.50266854529151 45.90333868131763 -13.69837205907038,35.76013065488423 -15.345554795799869 9.538312329174227,-63.01363911410942 81.59642035460246 -55.273270040225256,-20.161430782019032 -1.799484374389267 5.730116471102944,83.37611885023554 129.6127385054308 79.41122157770016,28.78265263604457 108.51629524162956 39.20733946872782,-19.4960606151452 5.072317005090723 -16.605889608173396,11.580538723168456 -47.45732769609206 51.49373747216183,13.182762377662518 -23.747513634988852 -2.7934926838960963
4.445642335002328 80.63238558143664 0.5791364352478527,-8.40946557001229 41.46592874218077 -13.49390772724173,36.24908166697316 -13.130656713742825 12.19728882455815,-61.45306882892044 83.87442621242948 -54.73961898440747,-19.80738337358567 -2.4760416359009603 7.068370617052492,81.42713084270166 123.96058709159085 69.59558466881195,28.787803002769532 108.26464653742563 39.07025209983321,-19.382902159990785 4.803902528367067 -13.8786269547701,10.362929285913538 -42.751769734096634 51.790508219741426,13.874468182161976 -25.2133698948743 -3.142232698496325
4.498068634563916 75.25736569998129 -2.4506219927956345,-9.752849839875484 34.608534628665005 -13.365858371764475,37.082139730931054 -9.398953385741143 16.189811913527315,-59.716459968160436 88.02996507854128 -55.038560915225375,-18.97883742619136 -3.600011553495728 9.426496548223568,78.7279951925096 114.17275754534379 53.26449670069933,28.704894231250822 108.66558579450194 39.22819455516244,-18.98774388482154 4.321680346836608 -9.336327681914506,7.892075625657433 -35.844442377051685 52.180207178524626,14.954893872111022 -27.547271018282846 -3.7039954030371867
4.591760082575469 71.23940129301185 -4.777383625438527,-10.763385110364327 29.398322654297314 -13.306666460394148,37.72218586110029 -6.496046138122276 19.198586994451073,-58.54334049959452 91.28741585798555 -55.464240306830405,-18.293033379525205 -4.476025108178369 11.264262628342546,76.70460078766885 106.38558058932308 40.47042179374744,28.617836306922253 109.17850841474329 39.44592291252899,-18.6451316919093 3.9462330936981598 -5.797444203235693,5.884099890916774 -30.632845359546707 52.462490666632945,15.78352993997645 -29.346510551577254 -4.138547590496702
4.561085660838163 71.51821611291341 -4.6353628826516715,-10.69495723433258 29.78000428059181 -13.307508426182851,37.649294165141654 -6.700308998866245 18.977260991085288,-58.64373949729849 90.9551464710479 -55.328665605108604,-18.35077082335541 -4.427843940376752 11.08799734796294,76.7442985969991 106.58590687000134 41.00187651243888,28.60983832867417 109.26337683711813 39.48787914588969,-18.68090556882322 3.9881272373199597 -6.002284308243635,6.01034650898684 -30.901442276735136 52.4434924327209,15.738031028039572 -29.247774252777944 -4.115126496761794
4.428634298756483 75.89075625041167 -2.1302755459141927,-9.59762147875104 35.47449178766397 -13.368490391718229,36.915741486676694 -9.860438082908495 15.687055246958998,-59.948288799649106 87.27415827389719 -54.730800503716424,-19.1088721929293 -3.4919372095326446 9.025753436369337,78.81374509531908 114.60227076078812 54.44282803154449,28.685536272071747 108.86853648654004 39.32828575485631,-19.068414365244365 4.417176389390709 -9.796558863194704,8.174531061756865 -36.44951672673559 52.13686141459502,14.852538499550194 -27.325367147013427 -3.6514201686000396
4.399023706235071 81.11456632779378 0.8222210169880879,-8.291413919578288 42.11783278608911 -13.49835444255094,36.1271857936556 -13.475371612085137 11.817572561313314,-61.63385992287884 83.32162219338379 -54.53067842289299,-19.901365274999055 -2.3940383225351938 6.773964069460241,81.50563353251214 124.30745744169498 70.50835500145016,28.77357751529134 108.41465126681194 39.144245399958166,-19.440110374543494 4.8736497761971975 -14.226594531509395,10.57088335554747 -43.222257860341394 51.756935888772176,13.796086452317189 -25.043925546543953 -3.102105781596382
4.674990879689754 83.9117988380505 2.2865377133796376,-7.605191357342189 45.303451815498995 -13.70421776199272,35.89293125768317 -15.021527248710182 9.883645651883574,-62.86477894569766 82.19379041068636 -55.58116186900585,-20.05854867813833 -1.8673431148219612 6.040776788497341,83.3895648785544 129.50030676566732 78.79764928363976,28.8017561807987 108.3276812300045 39.115179527604795,-19.427346046153232 4.995723574637584 -16.309092963521927,11.3794412357842 -47.11529819077271 51.520708019089106,13.245118871580482 -23.883946027956455 -2.825676104136409
5.200410041474069 83.47306008956308 1.8287840262381545,-7.738437742244718 44.07948966077373 -13.938294232999114,36.29520623193224 -14.018043276293485 10.456853360628067,-63.3129510267741 84.29649597927663 -57.67201559020671,-19.51430174291371 -2.0696161818290038 7.078824431163257,83.9541356619266 128.6891242892293 76.89803612249602,28.76045736880266 108.64433774706269 39.254528986499174,-19.017981025404335 4.737626552320197 -15.416772976698663,10.327194806103872 -47.0245456035969 51.49097731264134,13.360920310770041 -24.18762440558252 -2.9039275651031105
5.632959839882356 81.71804928285687 0.6753293483709044,-8.194809959940779 41.31357989636846 -14.09209730904098,36.83351037490222 -12.242465364046996 11.96033638294147,-63.21145465954967 87.06107687698982 -59.41765622097674,-18.869815418173417 -2.522432250980778 8.53154025960751,83.70397286344736 125.5889442900581 71.22842509298465,28.709266012786593 108.97098352195853 39.392228469948236,-18.594025031758108 4.403011425348236 -13.527137672701045,8.851426007911952 -45.162976402715486 51.56006972708635,13.735221242575875 -25.038664842005968 -3.1127444435507785
5.624624495818835 80.67403486863772 0.11525894758154763,-8.450878474865386 40.01653659993838 -14.057401042852433,36.98785213857115 -11.553601185491422 12.735035237860135,-62.822501399381174 87.8202006411575 -59.40818977779784,-18.74701759419883 -2.723766643554424 8.987399183182687,83.19127172189405 124.11069153044785 68.53965422248828,28.709785691431335 108.90304434326806 39.35375504468542,-18.54859963741247 4.307173436098725 -12.713649334638776,8.446715039367342 -43.87777410376139 51.61344386825386,13.937745372150498 -25.472731579625354 -3.216399232926765
5.161214759961975 81.1356303035748 0.5879962144896399,-8.309954437098545 41.20421939855093 -13.850551686970663,36.62878385095862 -12.506225870798183 12.183172779485842,-62.411681157516746 85.93009973208926 -57.57081822629086,-19.262622275136824 -2.513011530066748 8.07184885099994,82.78471292934556 125.47165922638665 71.00126773779223,28.76640454637015 108.45097333210141 39.14910270825744,-18.934802637513027 4.529574231957825 -13.627536312708163,9.464780844404713 -44.1446867138566 51.60813656933204,13.811676878565052 -25.1512037327258 -3.1336673984202204
4.65065697417226 82.33878655012788 1.4585875995868323,-7.988504708992507 43.36991615764492 -13.645414034476293,36.12069114694958 -14.006196867267075 11.048937764331182,-62.248855694704645 83.30575562364857 -55.52346909370169,-19.89451269765978 -2.1612724480151755 6.721563917941401,82.62092746205228 127.48310850478804 74.98987440807981,28.81116317978102 108.1500156563477 39.02158266456373,-19.375779966388865 4.851469570451888 -15.121646469500709,10.81222188988911 -45.20531513433577 51.59169360471757,13.545984111163584 -24.52666177168716 -2.9786896846073785
4.521757397380484 83.4225528325826 2.0290999468311006,-7.728146839898162 44.85776764258674 -13.622983449279545,35.85562796198282 -14.865049478597525 10.157945842219696,-62.595634581160844 82.00426656664406 -54.9683981314933,-20.08727682229662 -1.9643333845461408 5.947975719863361,82.81723025811768 127.77577521813444 76.56194619012891,28.773121309114302 108.5549178621109 39.22285587158161,-19.473070124838873 5.037114730543116 -15.946301821139075,11.318000570686536 -46.19407806063644 51.6163085491078,13.350310011734564 -24.098422564651763 -2.8770606620891215
4.891764012645271 83.68121834979279 1.9002902444627943,-7.702456024261227 44.649154681904854 -13.814770317725978,36.02402752861604 -14.470177784783836 10.101500578384126,-63.28513738536615 82.9755441845662 -56.394965863145735,-19.67180457682967 -2.0663741307594976 6.292090174064335,83.26832120554867 125.88896059861096 74.36158369664967,28.66477923821265 109.50856323408814 39.6719962638612,-19.128472113250808 4.9578050269656835 -15.497265931137678,10.56846817368832 -46.44974168710253 51.6759541855232,13.358510816829213 -24.163752554120666 -2.9001403577533624
5.426871218002425 82.63381852785292 1.105339430984526,-7.986500209279842 42.64801236530034 -14.035870505157542,36.524429883520156 -13.042666336046285 11.131683909381232,-63.53014402702132 85.5665881058922 -58.53658285604428,-19.03824847560954 -2.3920918915844003 7.613862210086715,83.54661276106853 124.12506133576288 70.77908615664228,28.61943706518931 109.82324623629871 39.806580152983386,-18.6784823394274 4.639801299733956 -14.104730193755437,9.246473820895893 -45.606913079947404 51.68031506315317,13.5947237545769 -24.727402862352697 -3.0407715923398966
5.76092367631067 79.82903818291958 -0.28580988318634554,-8.645233097881874 38.840594639812934 -14.086398118409095,37.23198419028928 -10.87151683131601 13.465650769869706,-62.506170534565264 88.99811110540644 -59.99996175756075,-18.617140849522162 -2.8487750990962666 9.716503510535759,83.20487543836614 124.9746005603012 68.47629690699709,28.77796675283092 108.24776160693504 39.034686619678375,-18.49027909290357 4.1224334451858935 -12.172868989223497,8.11567794922119 -43.33280708571639 51.533854740009126,14.073096322355553 -25.76871505068999 -3.2851549124028208
5.742545627284629 75.69309967341744 -1.9908624645085038,-9.56863307946446 33.94923681321113 -13.90878043676113,37.98210569783738 -8.439937977472315 16.71092168379781,-60.210006791534404 92.42999013670205 -60.17261165706675,-18.592303329366157 -3.326894624221153 12.152820251750542,82.20203276952422 128.8815449457782 68.53971670579483,29.14426276373679 104.77946016299022 37.3601159002197,-18.688046325691545 3.5134882657182906 -10.167753766154147,7.5755248777804365 -39.98256465949994 51.24114548880473,14.705711443774362 -27.08394865145532 -3.5833133102698134
5.576959053445451 72.10919771697657 -3.374954799003645,-10.356167672859954 29.918387373670686 -13.681726777147073,38.544239582433434 -6.553579663583908 19.462843401522534,-58.002000647454935 94.92109666283058 -59.738395109585916,-18.73794467648011 -3.688999202861056 14.059871267478105,81.17134265171484 132.8919709946585 69.44031081200569,29.494796319911735 101.48866579452765 35.77574187800601,-18.992525383463477 3.0344113134911255 -8.658223448513661,7.420752242675778 -37.05348794841597 50.972969713685394,15.235194605384303 -28.16539277644788 -3.8252043178264703
5.501757085193739 71.08713079163388 -3.7734438982573164,-10.58217587142105 28.796773125539953 -13.605154362332037,38.68291301412553 -6.044072834386348 20.229369020894286,-57.36299596843856 95.5259958255371 -59.49922449021447,-18.791140467258796 -3.7956898779287784 14.540485596287882,80.80616847314836 133.7510479472247 69.41409153658586,29.585975163997237 100.62843040117247 35.36159661980689,-19.08817452645222 2.9160718939164307 -8.219954562982586,7.390668010459162 -36.14239139813225 50.914679796989724,15.389617034837595 -28.47945655993424 -3.8957169838130095
5.612456329662759 73.41330124930074 -2.9151277956754127,-10.078054268148204 31.389029318891737 -13.757422468313003,38.31061085670574 -7.24073955947287 18.431920319331372,-58.85725777414708 93.89214023075787 -59.78253689352028,-18.657911070445678 -3.5854062957630974 13.26213667352184,81.40515801250646 130.41529388376497 68.02095540984861,29.33090390390229 103.0062881958281 36.505005737512946,-18.858894007148663 3.242460349711189 -9.104533708747883,7.404621902145195 -37.91704832134797 51.12651258922207,15.058747584691037 -27.808427069928978 -3.7473272494434227
5.733449248061667 77.53950877710807 -1.2796066878884618,-9.165741598790234 36.125695523897605 -13.984921754880096,37.622165137499714 -9.514347591149459 15.235088247319887,-61.29994679029625 90.79838761499707 -60.01032985067969,-18.566673627174715 -3.145127244768389 10.969806915634416,82.51372459385912 126.06113635165588 67.34716271328256,28.94171124235199 106.67129690831858 38.27140547215937,-18.569178553252097 3.817278398849058 -10.945087779102897,7.7255367061827815 -41.27234599785656 51.42994739720319,14.440922134917482 -26.537380160617587 -3.4614868928694875
5.659230698459799 81.65677529006054 0.5690534496792704,-8.222067143087468 41.171400576434834 -14.108352345044034,36.844085675262235 -12.12780562679388 11.998214895048807,-63.311943934209694 87.15096586887854 -59.5048683469471,-18.78109387300276 -2.5787813336755114 8.528942012529408,83.59286984839285 124.32797211380142 69.75153044567479,28.663588389985332 109.36735127013608 39.57997834273703,-18.525419884945595 4.4129488946605475 -13.304219668291132,8.653149923925167 -44.90400753504981 51.620184732353636,13.769109143907196 -25.119154160448385 -3.1341749483320585
5.301957873491463 84.3064165262983 2.060108345390058,-7.569425196070774 44.90356413757373 -14.027074897650104,36.18820611780358 -14.331319655555813 9.826476604868425,-63.9946599816931 83.88331530224895 -58.0037735644149,-19.364697417585727 -2.0391387696908874 6.664045283463013,84.16203951194626 126.55238382295249 75.297380664106,28.629508605064377 109.84101626055515 39.82710113934325,-18.854486824886493 4.84985284058795 -15.550818739630197,10.124997703189491 -47.54899049257123 51.605911133488334,13.262834697737706 -24.001673424266563 -2.865972947045035
4.832565330759611 84.80015714752228 2.6081260035952756,-7.410489991484482 46.167601418843766 -13.81344992120289,35.8340824868024 -15.347158320489127 9.266057389644715,-63.50634561425805 81.98872509814714 -56.15816872079733,-19.940837281818386 -1.786388163718985 5.7896423864159665,83.86921672747117 129.0063243194284 78.99950282166027,28.72564173058965 109.04405162753278 39.45865452697013,-19.288419531614508 5.053846656319501 -16.627735919608448,11.282018774253299 -48.034940269457785 51.545405460010414,13.112060776871148 -23.62205489649783 -2.767584793226039
4.456277034831053 82.55424971526914 1.6270239528881507,-7.931475524970281 43.8739900878792 -13.562836416152846,35.95661317794107 -14.395511320044044 10.787242205556822,-62.14621261775738 82.46655370761817 -54.7401586432312,-20.074827407723557 -2.094490644469136 6.278062600600171,82.38054080839059 127.29370769721876 75.20959385688401,28.805439116028836 108.22070380784307 39.05973501261525,-19.50704668959001 4.96500445030162 -15.423238871239004,11.160529950860196 -45.204436261546945 51.62991418923511,13.502365027113425 -24.414982688799356 -2.9508171742525766
4.314781821715045 77.81730419532234 -0.924222020649663,-9.098652080889833 38.093034180702865 -13.359489033814272,36.57955095442697 -11.381599200926424 14.233042828256188,-60.34014455934348 85.52378634221418 -54.2715002378703,-19.55964093455271 -3.018391731987305 8.10861186999352,79.8003949975886 119.53736589994121 61.96990914532186,28.776386766313408 108.19347816132299 39.02081175196114,-19.331208458641346 4.598472168581852 -11.71126509003621,9.381708680348433 -39.096886178887026 51.94564359706131,14.431465303425831 -26.399588327162856 -3.425334080385003
4.388222433272021 72.95430444999411 -3.7007566249086628,-10.319055260422006 31.844042857866697 -13.259428214416337,37.34234170658759 -7.952420018119736 17.8515496949304,-58.83610401934415 89.35269910918265 -54.637409181925335,-18.767103282874537 -4.056162081336369 10.261284637081596,77.34745311540014 110.26479785351515 46.70641531423366,28.683360626979763 108.71255005858792 39.23748926228817,-18.940284496242086 4.160275392149255 -7.51767955469119,7.053814487697435 -32.794784979743454 52.31172197193975,15.419422200171619 -28.538408369540576 -3.9410887853130165
4.63143766672774 70.66072742573576 -5.141213232869624,-10.912376175829055 28.606971565516787 -13.314223888942644,37.82438367406874 -6.027108034487588 19.64177395491916,-58.43217152329682 91.83073489652597 -55.62341179562813,-18.159560270219842 -4.618856386903162 11.559970316425343,76.4143992160455 105.00481496156716 38.31179545508807,28.592739764061797 109.36021833983067 39.52789474310486,-18.569745945839117 3.8862532349593133 -5.220230726746574,5.517583638795459 -29.85597101863547 52.50551957626609,15.911681272047542 -29.628916967828264 -4.207460033884208
4.989698205829791 72.50994315831925 -4.304724970589174,-10.477025809900816 30.458509585519188 -13.539084692396553,37.76640580494818 -6.774812588974861 18.428212572534715,-59.53532504005643 91.63592527678513 -56.997092410240896,-18.049449165875245 -4.345489533901788 11.293410763172174,77.80626964996179 107.32597656761136 42.38198862873663,28.557866641124036 109.7655030865284 39.725835532400765,-18.391191054931223 3.918168645070019 -6.278014551923685,5.639710850907396 -32.391622772398215 52.38272236865832,15.5771608434479 -28.948967479174257 -4.0491292875434555
5.380056822191258 76.76604715585569 -2.0803789620281115,-9.433405063777618 35.33688761902556 -13.841983924685488,37.38492736537591 -9.15285633874343 15.469853516854489,-61.39911792606832 89.8073671681136 -58.47312153347871,-18.307102716410668 -3.5473678315147 10.121272764945237,80.59503276946646 115.0157420606157 54.790303243900794,28.59363667531451 109.69521286734414 39.71136222927693,-18.387846583811005 4.120338761676048 -9.440872321645143,6.888865744952951 -38.24648506716409 52.02998194581925,14.743836532994113 -27.193129130160145 -3.630824343226515
5.714389912800566 81.08607212856846 0.30704566606240774,-8.352703023592714 40.42116567163128 -14.111223328699868,36.98374796022344 -11.71281811926172 12.472274759819745,-63.06551602320055 87.81727807830539 -59.756463009707495,-18.721752748458478 -2.6591246533364536 8.954709505629555,83.53473796939097 124.80106929546828 69.62650049459464,28.707892447465277 108.9414325656885 39.373008429104125,-18.508383887618116 4.306185270124726 -12.961651893612169,8.477260213908531 -44.482655920120024 51.576318902641376,13.86058331705431 -25.315857564260817 -3.1796520716235492
5.904573874646166 83.12705078668111 1.632769786931333,-7.806108775479318 42.89040374893193 -14.235104647330129,36.866667194362286 -13.006276765998257 11.141054273371616,-63.57648517332119 87.13787551515438 -60.55208068329331,-19.08263108865105 -2.1153933729615653 8.704874169110116,85.37943464456701 133.4089161270576 80.9803415748328,28.908476538408394 107.29624706497216 38.599307727253176,-18.70147432149221 4.289129855763391 -15.093201125526122,9.617106150750605 -48.162233348453256 51.150753834017216,13.37627617199661 -24.271608424951104 -2.9227193434247045
5.862485104716496 80.54601584041711 0.6720142738275512,-8.364811405570677 39.923661856522976 -14.101929623466694,37.337484672663976 -11.584811114421507 13.181770029451327,-61.97399121829831 89.24137698645461 -60.564938398602145,-19.178969563620768 -2.350807363984573 10.282919939271945,84.88317218982615 137.56624041027212 82.94158767862982,29.203231528975955 104.55174124860575 37.27879371909486,-18.915789240572956 3.8825942039393677 -14.088367875088286,9.520615448455612 -46.34731536935086 50.88230733483925,13.739790074189138 -25.01483735570589 -3.0871330293201384
5.5 71.0 -3.8,-10.6 28.7 -13.6,38.7 -6.0 20.3,-57.3 95.6 -59.5,-18.8 -3.8 14.6,80.8 134.0 69.6,29.6 100.5 35.3,-19.1 2.9 -8.2,7.4 -36.1 50.9,15.4 -28.5 -3.9
