-0.9 -11.7 -2.4,-0.7 -10.9 5.0,-13.0 3.5 7.1,25.5 3.4 3.8,2.6 -2.0 7.0,67.7 -41.0 -47.2,30.0 89.0 29.5,2.7 5.5 -9.4,50.8 46.8 49.5,25.7 -123.6 -46.1
-0.7699911639296829 -11.548573289430236 -2.091364755802149,-0.4921913919978271 -10.84056573876737 5.447567206820686,-13.196736746170982 3.301503472546379 7.072951544055608,25.94353653978744 3.3128835373435055 3.2874473174376617,2.863737398798261 -2.0862175380022894 6.821244399110066,67.60281310849413 -40.125740510578254 -46.15111878590873,30.003420180180942 88.00320955796701 29.0275531994629,2.9637374011285234 5.355483624059469 -9.510147081879081,50.834306469061204 46.55281229370092 49.70061944455176,25.71232263727306 -123.74270434844729 -46.12806844825909
-0.711356748105669 -11.414418466765696 -2.053082435812256,-0.517676035548593 -10.771731631101023 5.5065902464051035,-13.134662191067786 3.2890260108733775 6.9235599144372815,25.8898697406773 3.208168012813417 3.273965264429092,2.9847778508099694 -2.0754794930540954 6.920906586981521,68.49298489993191 -39.165055723050315 -45.40498079439979,30.002818640953148 87.322771398927 28.703145400274956,3.0847778527303875 5.297187863776977 -9.533737547118514,51.21143198549545 46.16573928967633 49.41106450283506,25.787229787129814 -123.4952339373768 -46.00973303652316
-0.6997739703805038 -11.304823858236514 -2.1900088565081064,-0.6889040898267863 -10.703316225998703 5.314123161667838,-12.91376622475503 3.3928278158581793 6.711467408311061,25.52378886790774 3.1049052167957285 3.579090395402541,3.0012693744257155 -2.0045794641211594 7.18420238703842,69.92059475954615 -38.24385595202391 -44.91872118169047,30.000155970528358 86.91442238600838 28.506968827891548,3.101269374531982 5.298788540603157 -9.502495498607505,51.76948838756969 45.72268344215135 48.83364232112659,25.894211499685703 -123.02685446660823 -45.811129522678485
-0.7109200486067332 -11.227077790072816 -2.4069998343674848,-0.9183257140068953 -10.64513807245816 5.007219995523483,-12.634038737297324 3.543169088377971 6.496316322842994,25.03008318671694 3.0221469396764378 4.022359264786255,2.951359988036087 -1.9103110501692244 7.49634762270483,71.43572207256969 -37.48805151210672 -44.64947510399808,29.997392757118348 86.73389938233956 28.419215707768057,3.0513599862597 5.333961475988644 -9.44814503923527,52.34658751355087 45.307547205351085 48.17066004570308,26.002757825056186 -122.50683163596119 -45.59839366461131
-0.7204722006369028 -11.188468588504739 -2.608911185868177,-1.1183910672634088 -10.607015719477138 4.722934790886626,-12.39546961875929 3.6703100293099364 6.337748955199121,24.59354196234307 2.978944971841539 4.423308427008482,2.873197710031672 -1.829467850164033 7.742558117404808,72.58844622423538 -37.02355271790651 -44.55437771753993,29.996489588934885 86.736939251049 28.420078265359855,2.9731977076399323 5.376382491384071 -9.402410271891016,52.78084120170596 45.00423303350064 47.62442482284126,26.082358813356716 -122.10443114525548 -45.4376612202079
-0.7041076443235581 -11.1962845797624 -2.7005987274879657,-1.2015503087708144 -10.598767716053388 4.598321590671855,-12.298048759205535 3.7045108395312623 6.295407602545487,24.398954460024296 2.994351103677029 4.6014744364974725,2.804930558803059 -1.7988434630713275 7.808049694562417,72.92884659977602 -36.976269884030955 -44.590564178533285,29.99940705418973 86.87927885526504 28.489748726122315,2.904930558399069 5.399727408240071 -9.397015299463956,52.910361290301886 44.89664338082514 47.397243798817804,26.102504514702733 -121.98891869431066 -45.395067947354526
-0.649995246810904 -11.250001912574007 -2.6124346562315077,-1.1053694269251404 -10.625660162253311 4.73243604929967,-12.412747254646852 3.6009960346612866 6.406180049496788,24.58150759274869 3.073646739810554 4.4254138241653305,2.782576365325412 -1.8439031759342674 7.620294359411455,72.1693660408289 -37.40146115330731 -44.71053200930922,30.006688653490695 87.09521820012543 28.5972934137323,2.8825763698825764 5.3839774696209854 -9.450931537999377,52.63175205378191 45.0411126152141 47.634248612189985,26.044560092087856 -122.26827942870773 -45.511845972920504
-0.6143994609934361 -11.306510301278006 -2.4138883241416487,-0.9043280443842198 -10.668142445046422 5.017193638044395,-12.652346379019718 3.451077815422438 6.5829126651213326,25.00599153467512 3.1470469375581636 4.030905161360625,2.830540694136979 -1.9283583778183186 7.337114760621283,70.90753745281393 -37.96923928786976 -44.84149765132583,30.01115293390275 87.20219879054557 28.651128150005814,2.930540701735781 5.343486591739678 -9.5136118267517,52.16047691884285 45.34369350897226 48.16889070638445,25.954625376315274 -122.71644050548208 -45.69347054317349
-0.6766745519642112 -11.308259276441305 -2.2215940668912073,-0.7193303804621248 -10.698249114544913 5.274272853567053,-12.875988492031826 3.3922129168259025 6.696391926377659,25.44551048869315 3.119313300201276 3.6443365157893,2.9692916291262192 -1.994980981446635 7.194440711050279,70.04100957283639 -38.21912217484909 -44.90210525162453,30.002999069669873 86.9780378181436 28.539103419339675,3.069291631169568 5.304263757125233 -9.5109366857901,51.82011789082667 45.659481437082384 48.72893718285062,25.90075039225716 -122.99405689032297 -45.799384539093154
-0.8935054166571497 -11.208950865866129 -2.134916821221707,-0.6532210368096558 -10.69047567528471 5.352463298851894,-12.9675576299065 3.531510865668523 6.642478520745464,25.70717894302393 2.9200295811884 3.4621699035629345,3.2072429771343147 -1.9967834225914463 7.380424395940705,70.30504175556626 -37.793048221751604 -44.83293841177673,29.9750426635701 86.26599464778252 28.182090048693166,3.3072429615831616 5.288247495501294 -9.385933125068656,51.8811167629936 45.85492156170541 49.06742388201937,25.938912185794866 -122.82213482837818 -45.71490956791071
-1.1766873021327164 -11.034221994253953 -2.1426928657661897,-0.6932732995625488 -10.635077116614807 5.274053096096586,-12.969219152830679 3.782040604065048 6.47737836466508,25.815779892483636 2.637429418053046 3.489287020507362,3.4758481190185653 -1.9522839071731712 7.777698854672423,71.39629844522375 -36.98770479269072 -44.71473415635965,29.936821799683713 85.32745821940851 27.711938637934683,3.575848091064323 5.291321601557823 -9.191250221188541,52.273994999938786 45.869203580073574 49.099302291843586,26.047874434359002 -122.30767861583226 -45.49087073165093
-1.3810312084482057 -10.838001158110265 -2.1902882080922077,-0.781306936295733 -10.528506540558325 5.129566314525926,-12.985389534639577 3.980556053589963 6.32036020991983,25.881704075129264 2.4221425145047446 3.655222149423091,3.6762923528051994 -1.9057636751834544 8.148738243729062,72.602970817131 -36.3572881649489 -44.68335102678677,29.904451415619647 84.58826537526224 27.3434768905603,3.7762923430000774 5.299122695959184 -9.022650764727546,52.79558540052482 45.67012718715367 48.803204372001595,26.176033251764757 -121.70950331176566 -45.24318468329096
-1.3835675265483358 -10.675950797863496 -2.22903626817028,-0.8644653221613295 -10.376354991090963 5.000809901443024,-13.099272990562616 3.9886958698235295 6.276433125087317,25.991794985145578 2.4034072544460297 3.8893331043815573,3.7210757053031216 -1.8948704437991302 8.286004482998232,73.29223216586763 -36.367269363817066 -44.83528292585431,29.891667497275925 84.41032673732926 27.258860004329378,3.821075759516647 5.2993387581206 -8.965067056981553,53.256274898449036 45.254676226900884 48.191355165947705,26.275267067411022 -121.26683601254143 -45.077631720349245
-1.229297623910862 -10.616252725780697 -2.2558884950404616,-0.9307082647746701 -10.252760400081073 4.902867414784277,-13.233575192193294 3.8564434329639785 6.342331523736227,26.054433597016146 2.5486154875661975 4.121006567698339,3.608256151069281 -1.9069474335562018 8.209434383312733,73.43203594044213 -36.811848194141405 -44.97026469302611,29.894213417126142 84.67228360295742 27.3932648973499,3.7082562548799434 5.295254990341018 -9.021280837351666,53.57069379153129 44.83859652311903 47.52723784422023,26.32416486313639 -121.06899917505588 -45.02266181422571
-1.0395968477873472 -10.732781131891558 -2.288538197446128,-0.9865542147483847 -10.263027980420958 4.820484249934948,-13.238025438787584 3.719419752312966 6.465558895841481,25.896856552129837 2.7515697793484666 4.279642347663161,3.374793629188483 -1.9064651360926388 8.042394306721187,73.26350165884662 -37.180007121015926 -44.753099102903086,29.89965156589267 85.03304167953152 27.5695710270376,3.474793673505709 5.297248427149201 -9.156721169901502,53.7008703313772 44.73710181585015 47.188579022933645,26.313460523630464 -121.13715577925915 -45.07156395265052
-0.9247272656671858 -11.081996060083661 -2.342436032229487,-1.0374493030470997 -10.494095245315288 4.740212293515546,-12.98617088604843 3.6985228051674963 6.596022894059172,25.378831946487505 2.9145157053874295 4.304856033800571,3.0620205461595664 -1.8626112545976656 7.898540533255503,73.01514427891573 -37.01284570837501 -43.900121448039634,29.89722607786072 85.18489053881193 27.62873935925407,3.1620203578068247 5.314597338231419 -9.336180114073539,53.62002343539939 45.2134859755417 47.496435194232674,26.237749470829836 -121.47736321490618 -45.213303625214216
-0.8927109735133806 -11.56524988415347 -2.4121622820800965,-1.0784739792824156 -10.868173070467398 4.666024594021444,-12.566620459978393 3.7798969382035343 6.707212213805932,24.65303957384855 3.0180692153322686 4.227105130028163,2.748410629388938 -1.7875438893923707 7.800556796321986,72.7911742986398 -36.32856188427421 -42.591949383217056,29.891501747798387 85.12681125721377 27.577541928561597,2.848410244597928 5.346492117971031 -9.52045621657326,53.39876321430197 46.064902521194405 48.26282049999601,26.12542204188689 -121.96440348859882 -45.399973101124154
-0.8979935049952609 -12.002614284790862 -2.4813605785501203,-1.099276790411468 -11.221151034501263 4.611023368809104,-12.180681380226087 3.879071882526628 6.784972666678567,24.02565302875513 3.08391449432586 4.124450806546826,2.5319006818645597 -1.7159388129406303 7.72345470815422,72.63066325385182 -35.39536626597402 -41.25249731428515,29.895071818726294 85.0184997104501 27.50964033843171,2.6319004895936966 5.386836836122112 -9.668255313391043,53.158735447679966 46.84423458319263 49.032996863943715,26.022578040743124 -122.40426668888473 -45.56434206606841
-0.8982060769338552 -12.228940554365996 -2.5348073874484767,-1.0908003484011832 -11.40221915220108 4.586766093632041,-12.012245336417127 3.917616807834008 6.817387365704389,23.775459600130727 3.132726654831513 4.069256895553013,2.5012721059828857 -1.6796701499991595 7.644336800535881,72.56557395356047 -34.46527525326507 -40.27282640805414,29.91895657135196 85.01062565438558 27.512521284955177,2.6012727565410114 5.4294436451463435 -9.742266403961542,53.01138523467177 47.1412390714874 49.38877101629819,25.971367999192136 -122.61995930503407 -45.645179978680765
-0.8897682899946249 -12.243422661518157 -2.5703150305172464,-1.058219453022231 -11.409691935613592 4.587574254855151,-12.049971922499479 3.887747161451094 6.815115706751102,23.876454097338367 3.1706455723940037 4.069016876801409,2.6463848927118834 -1.67879541605471 7.566931554089138,72.55855094971008 -33.59521188320963 -39.67284048724835,29.956743704309485 85.14312628674092 27.600069500152614,2.746386315217739 5.467643141247508 -9.747620456586699,52.9552031836683 46.959564204237886 49.32444992530588,25.970402505647105 -122.62138906379292 -45.64669503248085
-0.8924620707048433 -12.144238517383457 -2.593547353176833,-1.015280980946734 -11.331701897788104 4.597388065876084,-12.16493202709642 3.8242287935634325 6.802414828726734,24.11905417282013 3.195056518532037 4.092152679177414,2.8975184570983545 -1.6942089153459472 7.511004314896701,72.53048826098737 -32.72459404669492 -39.248894519004025,29.99152123507473 85.38924435059705 27.741839096971404,2.9975192676943387 5.494475878273848 -9.715011327438994,52.92064717370061 46.55214581242345 49.08279032751103,25.992067948272563 -122.53103470366707 -45.61250930980933
-0.9239982811289881 -12.026279742782847 -2.6106586722135843,-0.975117204664935 -11.25265506438176 4.6002012326326245,-12.234300993275882 3.761169916721943 6.801761399045713,24.30288631706653 3.2037841978060357 4.109226128985242,3.1851107987356917 -1.707407780012197 7.495123701188248,72.41194287124067 -31.799496529676826 -38.807961568769585,30.007566447012362 85.71845324984204 27.906664680369794,3.2851085669050715 5.503849381762331 -9.674192115239139,52.84271406364452 46.16104922708015 48.894538252178066,26.009718456483768 -122.46629525910686 -45.58468738181938
-0.9715230582536971 -11.925067318912689 -2.632691481595354,-0.9415022599674377 -11.193571813736638 4.582513837309425,-12.233899982521958 3.716804364758915 6.810494932522831,24.37747540302597 3.2018053026713535 4.1250017187191,3.452088185112933 -1.710956551735299 7.519751501619294,72.26426870559953 -30.871683917212437 -38.33193830255597,30.00619581291952 86.0637758814942 28.061971742429083,3.5520829403865255 5.500799591515239 -9.63840696470333,52.72634238562017 45.84567161405751 48.79335000853415,26.013678014094342 -122.45989848070965 -45.57847231561608
-1.0010704287444399 -11.83511287745285 -2.6740647079476605,-0.9117462947012209 -11.13168987031892 4.532557202653427,-12.20768822711175 3.698400990341773 6.808591845253942,24.39588628901741 3.199036650419044 4.167868902656506,3.65000296129258 -1.705064413875892 7.5728424928384435,72.23916565000182 -30.065924385680578 -37.9235471534453,30.00049536171284 86.33305751966361 28.174212452341575,3.74999961545207 5.498049227080805 -9.609496716335386,52.62478179896442 45.539234934102886 48.67674523511828,26.005992268936776 -122.48608674152756 -45.59058063991742
-0.9812785486739963 -11.7499529072136 -2.746591099854047,-0.8830386178685166 -11.045082318281855 4.441878679928066,-12.200586014530108 3.712040867487625 6.77688502259944,24.413960681555768 3.203875011365313 4.262852240398147,3.734744071728858 -1.690693045343137 7.642076729348898,72.47744857679278 -29.507040767157243 -37.686398684215426,30.002813624387173 86.43670759288683 28.21084267665093,3.834751669424537 5.507233228648332 -9.58846016369124,52.58899652279996 45.178417976030296 48.44765483598941,25.989506886312 -122.51757836369211 -45.616474731381935
-0.9279273964666638 -11.660643443145748 -2.8204108402052737,-0.8526898719089867 -10.938424235327151 4.353179101850307,-12.25135979415501 3.7486909779058566 6.714943675079034,24.498710307205315 3.1994902523699578 4.375196182359519,3.7271240519701836 -1.678162886971527 7.714731260251734,72.92223285074846 -29.298063869882764 -37.70047036516133,30.010352325550418 86.33291524598424 28.155265884452337,3.8271433379902335 5.520645901229583 -9.566707254163656,52.61934020548568 44.792921379964795 48.13558727949413,25.97590247164146 -122.52147545419088 -45.637813658833984
-0.8940786603238475 -11.556278874334696 -2.832707717286883,-0.8181066547806605 -10.837428659793064 4.349613597439423,-12.393909304769219 3.7873654517856172 6.637154476815571,24.725980608006537 3.149101757975314 4.422868587388063,3.6992997081112633 -1.6851956769694978 7.777764421248942,73.36028486037262 -29.524790465151707 -38.02704963613081,30.00833446663856 86.0176558065512 28.00349757085758,3.7993132950622694 5.51528617278837 -9.528064677606311,52.676141555385556 44.48601132699942 47.87015382552749,25.983846667695683 -122.46043858396985 -45.62534026234455
-0.9304188076537568 -11.426390745540015 -2.724380810705468,-0.7776581498329703 -10.766677163086745 4.5091815134922575,-12.656978711552203 3.807143060072767 6.558013502330584,25.162173570445752 3.0188804775042968 4.328788883096493,3.7203629271252368 -1.7284730708948113 7.81849492814021,73.5824675314332 -30.265855185883634 -38.72231610527919,29.982724842079435 85.49733152754632 27.756542029916577,3.820337292595927 5.469347946183764 -9.457691597102553,52.72088049653947 44.356015456545954 47.77471376457695,26.030784233576618 -122.30038298865077 -45.55179080913023
-1.0220630747960289 -11.269993180601405 -2.5255129903373033,-0.7482635348132735 -10.717785654653454 4.788906308132221,-12.972255999164235 3.7946591289502076 6.4863117332295,25.68654797102066 2.8425600355719802 4.136506335840202,3.7730861543105148 -1.800672938480941 7.831373526568898,73.54130830040889 -31.470588577536812 -39.75361024580641,29.94014348308032 84.95989096844082 27.50514988113704,3.8730154217628385 5.392187656016735 -9.37049702408706,52.75840356957704 44.36701074775346 47.798991975729386,26.106842369059304 -122.0724595686823 -45.434182226711606
-1.094817776808454 -11.094677258938747 -2.3468535145117033,-0.7636203846348248 -10.652552732010037 5.03638922273602,-13.183642217713317 3.7433838591702635 6.425679916954791,26.00909228691062 2.71498423156358 3.9986794279163957,3.7621662385804746 -1.8727618193441906 7.817301855194782,73.33555951954655 -32.971366145688606 -41.00791788183918,29.905893001490156 84.75749061078578 27.42124694335063,3.8621117769938444 5.321348124605926 -9.30829859112701,52.83278224971687 44.36164498419546 47.73566169408457,26.17743964866761 -121.8668246274459 -45.329583126152265
-1.075815988443907 -10.909828172408869 -2.297625689993478,-0.8555895100582835 -10.534166537741227 5.100996403173859,-13.1396513950212 3.6484569222967265 6.380166963559949,25.848551625504392 2.7290441703119335 4.064927397023695,3.5942674182431027 -1.9158234476208236 7.7775562031276015,73.06503854682641 -34.59823829989324 -42.370372607319155,29.904958334725166 85.23003895761525 27.67063921276871,3.694353006405787 5.294158774190762 -9.311704354764768,52.98509003042878 44.18808247385209 47.38441852823008,26.208123808135912 -121.77328860065235 -45.29469290607091
-0.9768639036552687 -10.761135680701567 -2.378698691445489,-0.996351625720499 -10.386047141351428 4.97161758118236,-12.878889269896666 3.5398099680764092 6.368589346924515,25.286829180740867 2.876069618646109 4.314468901607424,3.2929175541431484 -1.9229297331403656 7.716889700742358,72.72680388506807 -36.22742922490631 -43.751604102491456,29.938102992986092 86.27339538846331 28.19802803037304,3.393176287140401 5.317905801722844 -9.368051950376165,53.14856224372562 43.93629937823954 46.85495818327296,26.18936329965997 -121.82123515528286 -45.341907841546764
-0.8973207396890194 -10.73182890314257 -2.4789022181751306,-1.0963775093213115 -10.293895148959754 4.781411553802263,-12.636518695817381 3.483349970007845 6.425033379477356,24.78133797436961 3.042374698808269 4.55032635240688,3.0024828979016305 -1.909888623767138 7.643650574085047,72.2116601453659 -37.782907344197575 -45.08860530738326,29.98104523951411 87.32426715027911 28.719489865255294,3.1026988865837506 5.368810347990851 -9.409596757370565,53.14492826611533 43.946308222779514 46.57752019131078,26.137394895883116 -121.97756595292988 -45.437814245254465
-0.9374181199271877 -10.903519961576745 -2.4848585713866163,-1.0659858247649976 -10.343629150991624 4.667366776487749,-12.650276914906648 3.5441079825335065 6.582715784255285,24.79417386100464 3.112479220055258 4.572681499467382,2.869158673160344 -1.893388346786855 7.566041184218338,71.41049057925144 -39.189856920026635 -46.318453279797374,30.00887017935098 87.81316489509773 28.948258699064446,2.9688764808422463 5.421993404846225 -9.368272238823966,52.79697288676032 44.557539863567456 46.98335297705267,26.069514383658664 -122.20634300933062 -45.54736289621802
-1.0968368138571938 -11.251502386906447 -2.3772285219853786,-0.9010575675937034 -10.536860676045443 4.676723041005766,-12.951713500209252 3.7066130882691333 6.824881138014476,25.386052371620607 3.067766581075867 4.349626810640138,2.9201999985676284 -1.8847585522075496 7.482367375728099,70.37231299896195 -40.34212462327618 -47.342279150864535,30.01324887186929 87.64644217757524 28.84221740975869,3.019256085377365 5.463154889610844 -9.246475714412606,52.12431634643017 45.724712804878145 48.0662076550878,25.998891324814533 -122.47300542782374 -45.65068560113623
-1.2563809822697503 -11.625374173466001 -2.247850159935995,-0.6986301076947851 -10.775528925623506 4.750614458654545,-13.328611911348183 3.860220624074017 7.075694267821828,26.143155705811004 3.004137507581604 4.047767803874543,3.042244625817662 -1.8889936927760014 7.3792348009978985,69.33310036993659 -41.09650814470277 -48.018716850610616,30.005461180608663 87.29301953559067 28.648485912956012,3.141395650689059 5.490501692296247 -9.129910651735745,51.37928830657086 46.94771798924232 49.30260257144526,25.933817036800455 -122.74462037851838 -45.74586199128246
-1.2921825086772545 -11.869738131096204 -2.193429037925513,-0.5601841142438716 -10.95709574042787 4.824802129277728,-13.55788482259955 3.8908518765504696 7.256932394340358,26.630266400221075 3.0223720788707626 3.8426813238166684,3.115344143655172 -1.9105433515074557 7.243159822734869,68.53621369842563 -41.31245299975795 -48.20814666084122,29.99777231660983 87.24668815567553 28.62677832949859,3.2162603276745116 5.5030525226575975 -9.107468953023583,50.82420545665613 47.70798548216124 50.14678321189307,25.882156683558225 -122.98864501467446 -45.83198638710258
-1.1738985719610444 -11.925745339520859 -2.244436722702439,-0.5275575125112253 -11.03355715851973 4.867223603855095,-13.553204023789439 3.7723845345574594 7.3340567576851425,26.66824976585146 3.149296241931309 3.8036325981911965,3.0849902276123005 -1.9462204905975973 7.085670871543747,68.07963602667985 -41.05361219566474 -47.95012360108763,29.996176567698104 87.67636359164243 28.86155640449048,3.18842457940963 5.503646941695539 -9.198842312796188,50.574163509661595 47.81984421665416 50.377011251550535,25.845613889667586 -123.18516123225004 -45.90722523613671
-0.9977050973445755 -11.865155031251842 -2.3417450547259304,-0.5619049734930216 -11.03068175463532 4.889343954380098,-13.413245712182363 3.597681570051708 7.331623277698865,26.424393666483102 3.3116925910965724 3.8560710833698124,2.985200312035426 -1.9825074372136904 6.952132095535887,67.86468662081917 -40.65988567103146 -47.5265859210415,29.998185069194374 88.31147753781364 29.200204728834752,3.088512000392882 5.5002932651056895 -9.330110066568867,50.5451012199203 47.547960622253115 50.2098695909289,25.8175570990221 -123.33132937226688 -45.96848978201093
-0.8678557432374644 -11.768643033545091 -2.4203679160131175,-0.6188731775980503 -10.979549709733998 4.905669935605779,-13.24906797550925 3.4672064626442975 7.278375522143395,26.089593835125083 3.429915160873427 3.915711607344248,2.856172797331945 -2.0053037458248424 6.889704237993718,67.7792441569934 -40.48684133387919 -47.23367721828311,30.00072558056392 88.85231247989336 29.474533949630775,2.95325562268123 5.501245191642365 -9.421461168968555,50.638907118081136 47.18723325472738 49.89208459803665,25.790806222960008 -123.42577499063509 -46.012705708545305
-0.8344277477908245 -11.695623759498584 -2.445444841855483,-0.6672574819149644 -10.915742052492536 4.927826563640222,-13.126712841545501 3.430697585317887 7.202633061169592,25.795812526776455 3.4646867188694497 3.9266993357861573,2.7319348903852494 -2.0095405444152403 6.909238214989091,67.74233838239847 -40.6535959720661 -47.1875573982694,30.00185286004288 89.1219499688539 29.591624196534426,2.8194734733770384 5.50746579700626 -9.43835459094745,50.76266118959048 46.92851127293036 49.612190740060875,25.76076856106199 -123.48229983444492 -46.043010995608704
-0.8635248977550976 -11.67255643026547 -2.428810130119754,-0.6962336923862039 -10.881816125549678 4.962972159691819,-13.042447445135437 3.4592693957810887 7.1320582686312495,25.583665105520822 3.4393015689983115 3.8772464577710744,2.6369484481165264 -2.004147899917444 6.965304710417481,67.72128320435175 -40.91276713719797 -47.225411643666135,30.001368513962273 89.13381010683328 29.575223297164182,2.72411532190305 5.508617691164953 -9.416417828761904,50.83149017483074 46.80136727049586 49.46852503791555,25.726861864684512 -123.53822874711592 -46.07217268194566
-0.9141661262257156 -11.722478616764347 -2.386342331913741,-0.6969091040606202 -10.920322397479085 5.01769971889083,-12.986537633097772 3.5173237666336887 7.093949218813536,25.485447886680014 3.3823586372202503 3.759822377037826,2.5947336796508127 -1.9992028724820123 7.007999528173126,67.68834278954932 -40.98702573543575 -47.16169592973525,29.99923687445515 88.91825761692466 29.459274940952483,2.7038666806904152 5.4934925652124935 -9.397073581983795,50.76244342914823 46.82041366344962 49.54991445108387,25.688959302771707 -123.63225938528393 -46.113543786215885
-0.9578387034610385 -11.81566659762556 -2.336392595423673,-0.6764256372715777 -11.019234486762977 5.082319263777629,-12.949325976326007 3.5738268424244604 7.0879313563279185,25.491984039291008 3.3154547065232074 3.60884180893513,2.6181269918374284 -1.9996379302923992 7.020365813852342,67.68742355181472 -40.74112268342846 -46.92493321386411,29.996542543449205 88.5570353835627 29.292102891853517,2.770633596605371 5.459978223566036 -9.400093277073363,50.58320281164491 46.90253274105143 49.78773320518704,25.65686350971784 -123.74458403145054 -46.15868872207032
-0.9882164261786305 -11.828511653658314 -2.301711880918695,-0.6704576969564009 -11.069410357021951 5.118166415777256,-12.921291570792617 3.605866567669577 7.064388633321516,25.520298194111664 3.2477267404103 3.533358191979969,2.7009537190163884 -2.001231103028474 7.04407418348967,67.88991423005784 -40.292630254099485 -46.646620601795014,29.996363563947373 88.22331010505037 29.14761924205586,2.892228805496287 5.422148362657203 -9.406721427279445,50.51831291778857 46.79070292590919 49.833179492727076,25.658045903256635 -123.75128878184186 -46.16040061752522
-1.001255949905707 -11.628611167811519 -2.3054076239754577,-0.7174603048705218 -10.952396294051017 5.083786417779367,-12.892871847227008 3.5915374162363976 6.968916320606872,25.480019304632332 3.1870179319750176 3.649502056287368,2.8348548081952956 -1.9988056400993788 7.126626092850013,68.47946514634285 -39.78488818382234 -46.4782595715744,30.00194993960027 88.09847714245163 29.101823458319682,3.0318309217132984 5.395693631340224 -9.394378498277351,50.81144450950983 46.21193785355106 49.31082500930676,25.721629520801507 -123.51846413529664 -46.06775618828307
-0.9922949479084952 -11.214137267287079 -2.3562497075095963,-0.8321684647280345 -10.65302436609723 4.966731182873687,-12.846271433978963 3.533941780016067 6.789540550078437,25.312042761344603 3.139786428094233 3.9822887976856425,2.9782862401775887 -1.9855430616833958 7.284114585027559,69.50979857846917 -39.31780059445015 -46.435645359390556,30.011599336996 88.18734307536492 29.14942742178981,3.1394937479830403 5.388692794164342 -9.362258687840438,51.53389845625476 45.18300333551994 48.178289100806815,25.851667920062486 -123.02090474556766 -45.87122475304299
-0.9554034835922655 -10.850665272946454 -2.43364623094062,-0.9807411051819449 -10.367644942632792 4.81395520076078,-12.746835055427745 3.487395608196674 6.601181345921512,25.021294293503665 3.109653948249857 4.370139704249941,3.0217447131715587 -1.9512628010409452 7.468311613276534,70.76855798339626 -38.90232008732755 -46.256661246252435,30.013467562945984 88.13307943368264 29.118674680682037,3.1383928682434905 5.393636285909791 -9.354146482118397,52.40398041384813 44.31404683368761 47.075237291598455,26.000875029677978 -122.4560198183593 -45.646043280622784
-0.8845499776928517 -10.835814027410162 -2.5134228881468395,-1.123401339292904 -10.31801958454155 4.679648474650115,-12.558029140716831 3.512337098650744 6.489242339632111,24.62074873017843 3.0998715627772095 4.628896044679973,2.8477981187748957 -1.8854286418529176 7.6231749248784855,72.01083247855671 -38.53853180249604 -45.64607560207997,29.994508151960606 87.53566283200996 28.81795213829543,2.948732462098026 5.401115701681672 -9.41913185695263,53.09716728904344 44.28623073385294 46.723334823315376,26.115745628870634 -122.0481545346089 -45.477709075292424
-0.788690169767992 -11.271807907532503 -2.5749776245436107,-1.2237387034359863 -10.589391513733176 4.607376560484127,-12.295386475652993 3.6276452674084125 6.495474212815978,24.18184624686402 3.107158723844088 4.64918558788926,2.4487989987943055 -1.7931769201405823 7.70987546298766,72.99882057228574 -38.23326831365724 -44.56430022461232,29.952736348303148 86.29866310213392 28.202922235686202,2.580153981989804 5.404480550350439 -9.563128606501389,53.398998154510636 45.32157637327966 47.421016976438466,26.161541808688234 -121.93161104510517 -45.418438912693205
-0.7122067137833555 -11.798999283790945 -2.606152447553012,-1.253300260748597 -10.944302902822127 4.615591023608732,-12.097513918394569 3.753961840995986 6.558441124006064,23.914226976518563 3.112795492455955 4.498415883980144,2.076608046726353 -1.7166906363028869 7.730272597028261,73.51152589903842 -38.00931172875503 -43.57603497297725,29.9123149846934 85.04328149796156 27.577376250863047,2.2537100505268812 5.40359947713579 -9.689990983044424,53.355176224205415 46.5567908431739 48.46629115059817,26.147887694348707 -122.02784844578389 -45.44178129876535
-0.7045521554180805 -11.991331013505407 -2.596029435500724,-1.1848296627129982 -11.098878442152953 4.719070514516738,-12.12064651934063 3.797806510966127 6.601846103447588,24.04724280428214 3.0958524383538584 4.26952175504966,2.020328979129799 -1.703461697967077 7.6921168733644105,73.33069374375428 -37.8917337408675 -43.33275038604687,29.901161825768533 84.49385344255646 27.29513677957009,2.2207718562599847 5.399284733037266 -9.688926075851846,53.04902872936633 46.97255266958066 49.013205567588166,26.09082122009265 -122.22760361059692 -45.509927389858525
-0.7828643886412363 -11.632864593538248 -2.547433158609706,-1.022969187456971 -10.903557293474611 4.902055675891961,-12.419088363608786 3.7123230431700143 6.5796536916331725,24.639586509511638 3.0494943248410324 4.049049682580165,2.40363006859438 -1.7720782503725603 7.612328624949965,72.45084169885101 -37.895848492465554 -44.132494593820354,29.932144748136754 85.01484790477313 27.535515845188655,2.5831188182094524 5.393625424836041 -9.514066929684047,52.59236251963972 46.057896063974574 48.59350540848658,26.01010425001074 -122.43786967367801 -45.5895841586819
-0.8758281334923989 -11.0828080745822 -2.5008047777727085,-0.8596755238004966 -10.576430462875154 5.065197089153592,-12.768133337421814 3.5782767972246874 6.528661648280536,25.282814796512646 3.005465200114039 3.9060596837535058,2.8973419637494335 -1.862011710389006 7.532928152870771,71.44889765439059 -38.01026130276777 -45.305911401995296,29.976936371982312 85.98569058729883 28.00014698184278,3.033060777093781 5.392205728594813 -9.297264947062068,52.17494018632944 44.69335016294331 47.772785611811955,25.935691962906837 -122.61013716378584 -45.659819481396895
-0.897146223762488 -10.797823723517814 -2.5029531740181468,-0.8016927300779614 -10.397887765447626 5.09499297533563,-12.895811420008169 3.498060033176344 6.4997041833608655,25.489359767090434 3.002040858221431 3.9066306854592177,3.0955788509478235 -1.8993301463929426 7.500186367614936,71.00044222936931 -38.219032071259356 -46.01972190998419,30.000229147099585 86.61888516396259 28.309717062126918,3.1935412984576788 5.401200037280409 -9.200479527224589,51.99971360243231 43.99522147100927 47.29183523689971,25.899264287586302 -122.70344295139616 -45.70179753954682
-0.8048167922912802 -11.050465216437086 -2.571861979212817,-0.9075543466106314 -10.538839304628173 4.9357730166583735,-12.653037776384178 3.5397622622110494 6.519813269492246,24.998066732810276 3.0508419821490707 4.07273090206012,2.774222044308724 -1.8419496487058982 7.545791988535867,71.50619292387718 -38.46048428383036 -45.74103317061955,29.980047633665976 86.40409400281594 28.2168089038706,2.86032360786592 5.420194780953985 -9.315000286244555,52.19062907474763 44.63197533024244 47.60469652361847,25.922580617858085 -122.68065324768894 -45.69777868185076
-0.6976937896604017 -11.527834349307675 -2.6338526369223536,-1.0824879854539735 -10.82205769200376 4.715766720640016,-12.28149349264999 3.662392757989937 6.540331501899484,24.267758485762425 3.078727947332023 4.286059701844127,2.2871590565745943 -1.749060692761351 7.6550634315720965,72.49282258288335 -38.52750296956269 -44.89215764262747,29.93681152973013 85.71232388897636 27.893424803309546,2.378724835173342 5.427827148509894 -9.507392088106151,52.620400976396134 45.84797487524976 48.253577756357075,25.99585377036933 -122.5168112877693 -45.633508988634496
-0.7025654773886609 -11.800925809889751 -2.597068431609654,-1.2013175889494105 -11.001272588090641 4.599674420805688,-12.10035628804889 3.80332770438826 6.497590943986567,23.90004359514158 2.995748639278273 4.400498584589114,2.102907329074354 -1.6999384986746884 7.804122720763944,73.31366275174344 -38.184131996650514 -44.084846289253306,29.89934839346253 85.08937105369284 27.594746935640323,2.203049315562211 5.3985798067943955 -9.599652385374764,53.11191858791187 46.605154558832446 48.599851916321754,26.103040006579537 -122.18937609483193 -45.49542620779325
-0.8933232529465917 -11.58480455839302 -2.4134364168898976,-1.1790423443924014 -10.906257002314275 4.689095672754129,-12.31608148437102 3.911248085039033 6.360831549514113,24.286390209260293 2.759355736949523 4.324851833865462,2.512653413012997 -1.7462631056476425 7.967047736855342,73.51610067701145 -37.375235695996594 -43.80413970303313,29.888310923128277 84.91424001980441 27.498297781912147,2.614066712456249 5.321170777630757 -9.476327079695084,53.50826734213326 46.21440383653426 48.233159603434835,26.22163198364629 -121.72622405322784 -45.29314352547938
-1.147925375197245 -11.128180434907215 -2.197061338088725,-1.0794729419868783 -10.648453042827912 4.851900988025626,-12.717593921747035 3.9767085359688226 6.221186060379285,25.039893827077805 2.502579988768642 4.171360999386653,3.150739668561224 -1.8375003573122464 8.110344731930757,73.3663174937746 -36.71544817447046 -44.06573570781724,29.894071648446317 84.94812887662248 27.49394368530364,3.249763917433934 5.237046686513167 -9.25364525778594,53.727340424304714 45.279162301800234 47.58865828865041,26.30518078297622 -121.34198045935437 -45.122117333071515
-1.2989748194850634 -10.803293249986648 -2.0995893959496748,-1.0008674755419675 -10.40450455916467 4.901856467160138,-12.997167034078304 3.9999567517126637 6.198003384484135,25.593469542924208 2.3990957960491786 4.099359995893086,3.499459880933796 -1.8994552002586234 8.198767251171738,73.2968832432416 -36.97444417319605 -44.77668703305059,29.899993740539298 84.8092237342117 27.40496334699621,3.5993342332754596 5.199859959271739 -9.101466834822311,53.704347778050035 44.70207354380157 47.29722862521812,26.30169540685763 -121.29449989646069 -45.09767530527922
-1.2299555151537627 -10.875545574031847 -2.2220296498642105,-1.0143452383602187 -10.308211100377555 4.715540948952713,-12.93413797999411 3.984191977319966 6.364265086667048,25.53556489426998 2.561178198357554 4.216728930200375,3.201888555459055 -1.880111177402939 8.20838309983668,73.60755747593083 -38.60917929895512 -45.80835579030722,29.89456442728229 84.25099656319722 27.11895884992525,3.309624391383434 5.245375734602664 -9.138255680751007,53.41267471499869 45.11376202686877 47.78423608161348,26.182198991004725 -121.74077192374402 -45.290665044784255
-1.0441552212007637 -11.148807071913076 -2.4466405911416484,-1.0737869145066516 -10.308286430286485 4.440881966244154,-12.683955972142645 3.945364046331164 6.592647533550013,25.12652179065532 2.8358592751831 4.409069371809484,2.5956669309418885 -1.8232625432466318 8.16413726608083,74.02436336013078 -40.72567412426508 -46.8779219488442,29.888406671221446 83.61134922224424 26.801406894825266,2.708538073659842 5.332086735786924 -9.260446660906057,52.99062271730245 45.96973970899262 48.58722816861406,26.017134871925176 -122.40205294639907 -45.57978189676302
-0.9042030279425175 -11.302345498220623 -2.596623733070312,-1.1014218052423221 -10.30347595264565 4.29906415927746,-12.503610719740252 3.9028651203723737 6.701749885042981,24.808076190155386 2.99856238837464 4.501973452038794,2.2059512440802784 -1.798569958663816 8.104170309350394,74.1184301261974 -42.06523181164611 -47.66094029966244,29.898119508964854 83.38596447708203 26.6928031199349,2.3078466689996904 5.397624138733009 -9.304532569794429,52.6210163544963 46.40826865908914 49.00406458235952,25.903787260939346 -122.88196272289287 -45.79184508214833
-0.9351454681486268 -11.10209901678214 -2.5385777863054875,-1.0409607218161832 -10.221891971265256 4.45162257028166,-12.585669292167715 3.8744190895632484 6.560818870798034,24.911980239560542 2.882692871112208 4.367393105360487,2.4227564140274818 -1.8563738082506207 8.060087627011587,73.5828405139862 -41.6834990061017 -47.89168533756932,29.934371876337053 83.92581328949035 26.962858043689717,2.489280099798707 5.394084314649035 -9.153147374827467,52.45563381263546 45.80645242209946 48.52461431063271,25.915715702633065 -122.87722717907259 -45.79392350611139
-1.0725239222874567 -10.751029078535886 -2.3579254321128182,-0.9444320135749202 -10.139725842812451 4.7593185601273165,-12.797856000971363 3.8693377385223577 6.2944829552635415,25.215406430355976 2.6140210251369713 4.111042497214346,2.9546669028929564 -1.9495948649718495 8.030541686008938,72.72560898612075 -40.22114805798022 -47.60051399168731,29.977931215085782 84.85218176618689 27.42436033116421,2.9788528191023658 5.346502342455598 -8.921584881713281,52.489706286433 44.74571686582571 47.60692318807696,26.006852035793436 -122.55404565080217 -45.656038945153334
-1.1922855877325267 -10.589528995625578 -2.2089035006701923,-0.8979269306327844 -10.179735732726114 4.988328399942984,-12.905741002244012 3.8942874749518284 6.107681167944898,25.321127132881905 2.4102579319281343 3.912147615931379,3.295975946767566 -2.0005181005906723 8.00382215868634,72.04812919957614 -38.81729851522502 -46.91089301209879,30.00016176556198 85.55689010055646 27.777856494533815,3.2963747136736115 5.302850528105567 -8.798304046731896,52.66923522696864 44.18621426282604 47.013502165873845,26.093508460290042 -122.22625401055133 -45.512036298401696
-1.1929166414695345 -10.884783725886612 -2.2174392505080345,-0.9672537586343131 -10.433743504082642 4.95118519956736,-12.724627763644225 3.950111873043956 6.16588409468098,24.920803389518333 2.449696312636842 3.9145608233989466,3.0502234137707007 -1.9479826424772915 7.968138658684952,71.95295218745943 -38.377739626684026 -45.93261930657274,29.979407487708656 85.5565237009971 27.785693423249754,3.065289651166438 5.303166042712682 -8.932420694111514,52.933513515135274 44.87707506782392 47.352346943422994,26.106465226866177 -122.15516681359284 -45.47364535863537
-1.1059584104873479 -11.47192560345165 -2.3423520473440753,-1.0985257615683686 -10.811019490216864 4.734021788076001,-12.363348998809407 4.003319201820507 6.401618628652929,24.230705369624456 2.6779555362946357 4.0533551968769785,2.4657081623012336 -1.8285240758460168 7.9112509470539445,72.25927414053648 -38.43108873127724 -44.694669507409614,29.935196482566294 85.10398270647664 27.574936224149283,2.5206816652501605 5.340638086315476 -9.24086137868337,53.18237523639847 46.32208299640466 48.31952193338929,26.061910973219188 -122.29202880711526 -45.52203151976753
-1.0115613404709038 -12.02824491524201 -2.481411629004242,-1.194127948524619 -11.15414236332049 4.522925346009093,-12.037972638940635 4.007873992428689 6.662310202439806,23.65875901328137 2.9556522750038257 4.18733035087336,2.026279243953162 -1.7143694921430994 7.820754439922066,72.57317387100791 -38.00284011832468 -43.19649412662663,29.90210267843542 84.72116556331952 27.405892731759025,2.1210856626224155 5.391340861249574 -9.555726808584298,53.30123897054459 47.57005848419718 49.27793513804323,26.007236634882975 -122.47480674715177 -45.590661004639834
-0.9780531982555581 -12.274226227916698 -2.5476963568391167,-1.1720293044168815 -11.325966195237903 4.474931821416669,-11.933443053298632 3.9285863707441724 6.813624570515111,23.551284683063283 3.158283932224302 4.198442885013426,2.1389761963587937 -1.6672377620495604 7.691033183181628,72.56572592080157 -36.29262307538922 -41.467237344279624,29.909211117165242 84.84899626920512 27.497278611778214,2.2516873754257243 5.434042384717421 -9.73009675380051,53.20017432269232 47.80501488766638 49.67134417796023,25.983526436565594 -122.56178936699939 -45.621542535132924
-0.9914216470960555 -12.230982700626956 -2.5608835360853863,-1.0585269114292615 -11.33038454310724 4.544946412919796,-12.018153604029843 3.805474101247656 6.848367106254855,23.82617500732469 3.265229497268397 4.129734790427471,2.676711879479954 -1.6757390852098493 7.563467713655196,72.36012045555898 -33.710670843191664 -39.74190174621128,29.947455860032797 85.36509828237064 27.778523035347508,2.787623957643133 5.466333699793937 -9.76314692488848,52.96004681780597 47.151497882303644 49.50659864893721,25.987887079452676 -122.55310335301732 -45.61630834163907
-1.0028204561636307 -12.0468081018986 -2.58574704290045,-0.925745939184286 -11.230957569750503 4.6023631185161795,-12.16888597783373 3.7103714607086857 6.813129464884103,24.220076712760044 3.299814954915451 4.092395063436167,3.286437424933844 -1.6975551149983579 7.499320384147719,72.27081467927947 -31.17936138959773 -38.34257809998315,29.99163123617184 85.90879136121737 28.05667282681606,3.388257049547557 5.4937689108213865 -9.715858766166857,52.733977014825626 46.131944350416745 49.028763613732764,25.998820619729187 -122.50887978819675 -45.601814317019475
-0.9709613339867003 -11.857755204575408 -2.6751605352619134,-0.8387836335171617 -11.088832061990153 4.537377791341606,-12.276530586017062 3.7042476870279386 6.751738612161094,24.498102963567575 3.283994956780529 4.179127259311131,3.6508997814731 -1.6960605686208332 7.548817133784082,72.56177537404373 -29.54500516034733 -37.563955835452276,30.0186252417533 86.15677033051192 28.15988483602072,3.747583271968342 5.520027817460457 -9.645375667049338,52.654700247711155 45.23344379521986 48.475697068510726,25.997741277297106 -122.48208398690178 -45.601440620197906
-0.9172985145290038 -11.696192046063114 -2.7834921772092187,-0.8040024209610491 -10.94370303953792 4.41257118922707,-12.349878026235384 3.7584084912210343 6.683872221926496,24.66314306036498 3.2272416216699207 4.329675059976372,3.7517863754969736 -1.68202824945871 7.6714691419280685,73.07903077822536 -29.017719153257463 -37.47439547007248,30.022895985867347 86.09792849508624 28.09229394878186,3.8487618256870824 5.5332503236580886 -9.57569145402259,52.6863565244166 44.64278884975034 48.01944315909568,25.990390000527846 -122.46540684535405 -45.60944478818356
-0.8939238210081214 -11.543856723161786 -2.8170092499820774,-0.799084128149937 -10.824790482649519 4.374700756660198,-12.455290335247849 3.800376292370502 6.617415709398819,24.834193960442093 3.1329317652380513 4.409090831706305,3.716759241566197 -1.6893757591876188 7.782490972059141,73.46452698102411 -29.496962906819057 -38.03173961966138,30.007481179700765 85.87360773801421 27.943966287298316,3.8161519076712 5.513988099725083 -9.514612803217862,52.71075964252382 44.40013520345987 47.799908693838056,25.994386639854394 -122.42210686360163 -45.60586358950337
-0.9452390578548203 -11.385220892162385 -2.6962335711646066,-0.8026976759836486 -10.75743945824522 4.549366033315919,-12.649159160260327 3.7662635336299988 6.560092633829647,25.115592598546826 3.0071345706530774 4.301188669692652,3.667040778061756 -1.7468915088082673 7.806227101786751,73.40594654044679 -30.83390108444755 -39.15907323688129,29.976080099612258 85.61890331027395 27.799944171221505,3.767901582388795 5.447107950735527 -9.46889893959975,52.62329851568904 44.52240319690431 47.92849799794555,26.024605611983567 -122.32161075643982 -45.5738590081879
-1.0390334039649678 -11.234599593561247 -2.4831285250446102,-0.8049714210751189 -10.730092721140801 4.851386439854176,-12.887372815244538 3.678389567837278 6.518830896021725,25.4618341720798 2.882438042085816 4.076694649658203,3.6517954951597686 -1.832085833873616 7.758500072894217,73.04806246431643 -32.43159621624586 -40.44955796037989,29.93824633067313 85.3982996955713 27.69089049761673,3.7526313149626116 5.359835921149378 -9.436210974517092,52.45646047378519 44.810739357388215 48.24222529101783,26.068507863215967 -122.19511578182222 -45.52784454827504
-1.1000414371519653 -11.123079189721599 -2.319144528084923,-0.8024736694557159 -10.710454742930615 5.077127631945868,-13.069338963761863 3.6075201244042736 6.500111254327388,25.743206136154388 2.806333174584572 3.911375246386767,3.6796929635946602 -1.893651925670063 7.7065410759783255,72.79252248362384 -33.44128734422631 -41.31094582335747,29.90682344996938 85.2365996881282 27.616908130784548,3.779888597449465 5.303203011087385 -9.409097080692803,52.3197791243454 44.9450301015135 48.42390362208446,26.098148575797165 -122.10853287675667 -45.49979637684605
-1.0602946020204067 -11.081387543442144 -2.332804379660438,-0.7937857184110897 -10.670505069165808 5.040979089065767,-13.10093161137413 3.619291359716987 6.509468061761184,25.83558646754953 2.8208028203989124 3.9649833989697076,3.751612835047308 -1.8847693552588545 7.712914244370002,73.00446592915279 -33.12140201910249 -41.22060771992861,29.89344443300318 85.1513766882121 27.575428113490627,3.851390841391307 5.323060228632589 -9.381522461367384,52.31581076790581 44.649963010945655 48.19414142868937,26.08835080396817 -122.12091456944994 -45.51806196490095
-0.9422169363903817 -11.133916600790275 -2.49207047538196,-0.8000572693831551 -10.634602226710866 4.782172095001736,-12.970498356152577 3.713444525892312 6.541491520202135,25.69073015175075 2.901870868415998 4.197534051633984,3.7831125310649227 -1.8144976187286066 7.779282561531305,73.59141072153187 -32.00899239028254 -40.48920535593658,29.895243649760033 85.08129282538341 27.536772660845696,3.8828825055922467 5.401963438682064 -9.364586349886078,52.456039220481024 44.186716895422 47.73285516404974,26.048105920640744 -122.2070962643931 -45.56653451993212
-0.8265502801564968 -11.300970619619646 -2.6613178535931388,-0.8569982845598056 -10.660897633600175 4.484997162130736,-12.719595565529387 3.847208033583206 6.583711088861206,25.309345083086576 2.9830070376117654 4.4401789261134,3.6347028731084836 -1.7279477767017257 7.868017946492769,74.16563516193476 -31.466029703106614 -39.96500741253365,29.900001531182497 84.9140997319723 27.453774421731545,3.7346416277352095 5.48163292988389 -9.380442192564942,52.693191856458945 44.162593937629524 47.51628903343,26.008449375288443 -122.28757973787393 -45.600427079427085
-0.7894642845680663 -11.594359770469723 -2.712035860999656,-0.9953504281581416 -10.800427651436072 4.326731216650708,-12.393738306818902 3.977033877576319 6.623270694260925,24.70429633850914 3.0016162764260863 4.531851114425219,3.1839018386549114 -1.6688815777084591 7.941536960517765,74.35484183000575 -32.75472831039031 -40.44470288230196,29.89642536273315 84.55525718838418 27.287380127761786,3.283958257483489 5.506824001314843 -9.448201582254173,52.975896458554374 45.12510685157632 47.97983922445401,25.998238521872423 -122.28925856170929 -45.57873440519282
-0.8290231937040604 -11.907190232579575 -2.6402615650392294,-1.1724438033092732 -10.996057995770304 4.351784907338739,-12.08171805624199 4.0584179285325925 6.643540770084217,24.048224000320808 2.9605342570934896 4.4513636517872515,2.560747200331053 -1.6535869674722072 7.972110550067272,74.07335057790421 -35.538248874006776 -41.872102608986815,29.88847614281398 84.17164912022457 27.116953338866857,2.6608092231597382 5.474636965880413 -9.541527303825134,53.20882211577023 46.69819171898033 48.91386230397688,26.010470034012464 -122.24183066088544 -45.52046182925852
-0.8855541060684708 -12.044819719693507 -2.5341003052892175,-1.2913411564674164 -11.11069238510184 4.506351360275653,-11.904317113849983 4.046149270222878 6.625102305424945,23.631877166285925 2.910964407189296 4.2809317441015295,2.0819446286896084 -1.6780426838186606 7.939294228616501,73.44735472195819 -38.29769822523093 -43.560552125145556,29.891390732490564 84.12340963224857 27.109393803606785,2.181962688704442 5.420866662166755 -9.600485435627176,53.264142734124185 47.82305751725194 49.63188810130487,26.011631622680234 -122.25098908184968 -45.48897574845648
-0.901555307806251 -11.82609777761796 -2.4794777001193915,-1.25986581705816 -11.014913528955784 4.733337349422744,-11.975623867774502 3.9005391805760894 6.551762109252507,23.73136033986932 2.902586061874542 4.103336346012559,2.0493898417163128 -1.7370565174135477 7.825728547135316,72.61151522170614 -39.566088356330745 -44.83734649936187,29.919353673087635 84.74236206199663 27.418014598930306,2.1493771518362954 5.381016344322199 -9.567714333835172,53.02447099231532 47.495308521804304 49.47947294064369,25.970492266284317 -122.41432835973548 -45.54356174909732
-0.8805622144445588 -11.339131608648003 -2.4871972851723125,-1.090309608138837 -10.744741123147326 4.9586133503186325,-12.280822649916391 3.6778124503677407 6.464320193690816,24.321232975050787 2.939050657289066 3.9691778620837166,2.4327376420011615 -1.8134040269239249 7.664519683598045,71.76111242937257 -39.255131700651646 -45.5272875668477,29.963749136646214 85.79162612264746 27.925315006972887,2.532725042272356 5.369831405268777 -9.444034937965451,52.566377280720296 45.929662230959174 48.550342876375645,25.906086801382884 -122.65835171189556 -45.65482998067091
-0.8777380221643174 -10.899777907383518 -2.504521167315147,-0.8833282147150614 -10.476128450255237 5.093639818125519,-12.696065299858803 3.5153215684334516 6.451783828003825,25.12099499352849 2.985077289558164 3.901837029149536,2.920619440669467 -1.8796834012635608 7.531459773656131,71.14270113850391 -38.44270372508361 -45.875989387787456,29.996675780372108 86.55328799463156 28.284728570079395,3.0206172062848555 5.384499362630667 -9.279481472645019,52.13048960998664 44.37201357063829 47.57105750391474,25.879967049280776 -122.76484609665249 -45.71838516485804
-0.9467605032972354 -10.81769913786677 -2.4789340167545215,-0.7391146784277509 -10.382734422104575 5.054989361491335,-13.09567282346937 3.54586312424442 6.599215502573251,25.84752817511502 3.0056609863800774 3.921302286717399,3.2035458542261583 -1.909490021790636 7.499744742113943,70.98927836806962 -38.20370757477792 -46.13374213578907,29.99105614329344 86.33191674325283 28.160870782653433,3.3035434691417205 5.421207928619632 -9.125003733115372,51.951162577122716 44.04863836940788 47.26024873710298,25.95109692393892 -122.52511543377966 -45.63374719107564
-1.0738685625390783 -11.112829855189126 -2.4061236136947275,-0.6875095903576706 -10.492961046775948 4.879864794792215,-13.388724023401652 3.748110795460503 6.873273961653572,26.33510168983777 2.998355915489876 3.992625759009324,3.2046085718015065 -1.9049788728465726 7.557162822310037,71.20500698150833 -38.75249144814231 -46.36489062162169,29.950834431002242 85.24773978481201 27.617079418913594,3.304595896063875 5.4664633915720415 -9.017796271696074,52.01478912597124 45.056636807011806 47.73270233518139,26.09332796204193 -122.03551636371724 -45.43649302012519
-1.1800805209525058 -11.524906800051212 -2.328395291053869,-0.690315212260092 -10.694731401266877 4.722131217777282,-13.517912201953806 3.951684952473217 7.126108888219459,26.531510844347757 2.9922044084995485 4.027730289297571,3.0718300061631796 -1.8959251233961796 7.6089038932596536,71.37603211310598 -39.471155051839965 -46.45395064181773,29.909956112004576 84.20981322686862 27.10229925848439,3.1718177469749564 5.497409069512225 -8.98175085252485,52.06795681358526 46.40107567915119 48.519220369523026,26.198198946295083 -121.68742407004251 -45.29378132398122
-1.1867371206811177 -11.788791694447617 -2.2886203047443376,-0.7071749819709863 -10.872420914206009 4.735116496152027,-13.431205192668312 3.98569942852264 7.209970163342017,26.39435864759411 3.0163422622669227 3.939929745762212,2.95929851946577 -1.9121942359878654 7.560098888580532,71.08943845304212 -39.72733006561209 -46.28563471708747,29.902563663918695 84.13068904938639 27.06696771572426,3.059317648656233 5.4917262093912536 -9.038495183826189,51.85632979440295 47.070239554914025 49.13757879988409,26.157860141225004 -121.86975955232163 -45.37199578532049
-1.0981752158186915 -11.822161265156636 -2.292450195220051,-0.7150615082119164 -10.971432475110854 4.924786589163866,-13.184799657385545 3.8344352519362754 7.109895165665319,26.02456666893756 3.0667496447597764 3.7414650915052885,2.9340881604446416 -1.9547994814168963 7.408019819167946,70.31944546295824 -39.4319771267743 -45.95428216342992,29.934205892922524 85.1243583574855 27.565155281596414,3.0341505049981943 5.452656216194014 -9.161922106985639,51.3722037938313 46.82645597437143 49.40703779909107,25.9748860947462 -122.56838295571781 -45.666620774052525
-1.0104911650471124 -11.744810312635616 -2.3043868325331203,-0.7101063229120668 -11.004640201317324 5.134185902097904,-12.95454875068287 3.6537244383709555 6.957729536371124,25.68150775687268 3.10275025884442 3.5539498976593156,2.9670709979614958 -1.9928554937913254 7.251808764340085,69.46828415833217 -39.096754842751096 -45.78599316409556,29.97881878545972 86.42193294378177 28.212713936928246,3.067125669379222 5.411699498649849 -9.273149367907775,50.880547440092975 46.28782509005063 49.480174865112865,25.773935116290204 -123.32353518553012 -45.98419643239339
-1.0220973648212388 -11.68505593021132 -2.2877297519950623,-0.6895834816024687 -10.98858103315626 5.201243513937706,-12.918499812797155 3.604719038584599 6.890536876241606,25.626898653771754 3.0831423371445674 3.5020187920737835,3.0242937934270433 -1.9946134848770969 7.193432041129503,68.95152280374113 -39.2525903437246 -46.10981400033955,30.009162300987274 87.22445743019233 28.61067054348726,3.124228421903834 5.401161831156005 -9.29256046467824,50.65445952961806 46.10492328092662 49.52466369124147,25.683379650916876 -123.66216724808787 -46.12560359055379
-1.1423296314495996 -11.700271667611627 -2.2397303180607007,-0.6562981935908309 -10.946060215584662 5.085312688609352,-13.108295789086784 3.718290064123957 6.958250144986287,25.90801644020831 3.0169471982155613 3.613669418564417,3.07741184093205 -1.9571560755813386 7.245229251128296,68.86202881012944 -39.99766007269667 -46.92347922286851,30.014838938305395 87.30503562844966 28.64761118388739,3.1771803373768774 5.429288833680837 -9.213662120079313,50.74803238381565 46.495852801698355 49.629336514686614,25.736246883924732 -123.4690320662781 -46.042540943853076
-1.2678885951925507 -11.758124675654102 -2.200571163829779,-0.6200496786607224 -10.907809113496073 4.899284641757338,-13.370454800536368 3.8605712963233967 7.100627709266857,26.300984419150957 2.9766920408175155 3.794704286626604,3.1051722887992 -1.914022507926561 7.306209177076537,68.88462214626178 -40.882937671630465 -47.80578769414224,30.006748180778967 87.16012639119118 28.575733636282514,3.204956396826671 5.4739026415237575 -9.122423609952891,50.93842992137429 47.13186281314458 49.78333245400044,25.845002220463286 -123.08131445219692 -45.877412738587076
-1.2897782600661 -11.820665627195833 -2.212475312649302,-0.5910386387772129 -10.90455130306286 4.764723558262954,-13.541333044072186 3.8891465678726935 7.250577011169082,26.566883716064552 3.0374932593715562 3.943922178132584,3.087190587900401 -1.9006099060110202 7.269850244634989,68.68359918846312 -41.42932664375951 -48.31355899659912,29.997059314072995 87.32462267825281 28.666496903983024,3.187401566407138 5.511061201811826 -9.109460729861095,50.98842871696131 47.65185171043101 49.968588208764146,25.915411189941562 -122.86101668073556 -45.783068438702664
-1.1758485471675248 -11.856897266356839 -2.28179740437174,-0.5770939661931026 -10.941065357137337 4.744055898152968,-13.5434314705789 3.7630260379665463 7.351908729310778,26.585035611381688 3.199847394471361 4.002099794511646,3.0238552093427993 -1.9281490503077523 7.117075430690025,68.20736655093562 -41.410707376470825 -48.24967007710216,29.993095279050983 87.93286606300678 28.987068435702202,3.124697552300122 5.526246781698532 -9.200805740384908,50.830571683829874 47.83195335953682 50.12648723521412,25.905221573629508 -122.95872709507356 -45.82245770744527
-1.005201843274373 -11.845887088892137 -2.3629641917828828,-0.5826108030201788 -10.984568378801285 4.814092412062222,-13.423965741199066 3.5880582319373393 7.364218531209099,26.405941706913158 3.3562212690325057 3.9707867088332405,2.9456284369821586 -1.9728842780681042 6.955404183400106,67.81564696836476 -40.96720355531433 -47.773223555012855,29.995162797248565 88.53930616010776 29.30885580077621,3.0464682556399056 5.518585559167279 -9.328991106906052,50.64317827710493 47.64698211704746 50.139702670485995,25.847437638903283 -123.21896284976532 -45.928379188044346
-0.8651805869541582 -11.767959161993035 -2.406719584236111,-0.6115656260777159 -10.999643092305144 4.944765242437356,-13.240049722414742 3.4807696639765484 7.249204957887543,26.094044014127242 3.3917375494217628 3.8566311595387317,2.8851433226809 -2.008483070726804 6.901271994239502,67.89659964047264 -40.26800913137446 -47.07129918352042,30.002965803610316 88.65675251141163 29.382021362213514,2.984479308164771 5.488383985458504 -9.419677979896989,50.62212418044885 47.089302295870276 49.88822826135826,25.780882083016103 -123.46291629739576 -46.02375284377126
-0.8091423427001513 -11.637554486684065 -2.391549883563387,-0.657025510911583 -10.973090747112865 5.093057617558326,-13.058802156510929 3.498440012742486 7.031688709670395,25.75330354366509 3.272340759776262 3.691190403038183,2.861721305013511 -2.0203524818286365 6.998935059331252,68.56515557452674 -39.51189628822238 -46.33806242841591,30.01230311859535 88.07050529738558 29.095144925196113,2.958668836266805 5.4441304230385805 -9.431008781696187,50.84108954207983 46.296835998010835 49.39144265853346,25.73917725381451 -123.55759656183554 -46.05387405891089
-0.8340197133689364 -11.525758283959371 -2.342001983961803,-0.6939446941915496 -10.928601928516388 5.194453731061128,-12.963952844331391 3.5999816534057043 6.841291976191312,25.55329455538514 3.098163657920154 3.547378046811879,2.8725825998913193 -2.0133907333862755 7.172810555761297,69.48260601312647 -38.946745840218725 -45.779443138105215,30.012489915421707 87.01827990522676 28.5666202658928,2.9693378026411215 5.407897631539215 -9.375054471053534,51.170873711406664 45.64917438824197 48.900144756892914,25.74731137812024 -123.44608218408662 -46.00118804709665
-0.9312371302523494 -11.50845406684674 -2.286936512600649,-0.6958152360840395 -10.893182655006022 5.182836153149302,-13.03997345869611 3.7351136543294703 6.816558384789116,25.668197026594378 2.981444289818672 3.5016815502225023,2.9127804240570283 -1.9943135534127958 7.336373355478226,70.26911843028108 -38.82312409484806 -45.6010047077591,29.992330097662542 85.78061734562155 27.936613356669827,3.01480844229633 5.4028885562365065 -9.269058375853723,51.46384565597408 45.54591678388431 48.68518619704578,25.829187765781224 -123.07947080139333 -45.85193879751023
-1.0708270035208185 -11.599890868258088 -2.251915916636858,-0.6640374463180028 -10.875357072935056 5.04043154965787,-13.277657447912079 3.8627727645890797 6.986972480652498,26.092565377533866 2.972317454513142 3.5936104513664975,2.967910283065191 -1.967542150437073 7.4436183667866676,70.73203734713033 -39.170590931020804 -45.84060548015031,29.951996025116795 84.6574171035756 27.35717004963069,3.0789391980739116 5.435190736306032 -9.140241993146722,51.651693316389206 46.07103060744299 48.81667309398447,25.977926548399626 -122.50512138686777 -45.62602855518954
-1.1819994222268815 -11.696700852416537 -2.2562087375321065,-0.6532688523024613 -10.848380434943769 4.841721459620665,-13.48903242319592 3.959485801998676 7.173901733585474,26.478175189086386 3.0024065362513537 3.7921094470083347,3.0055195643906485 -1.9331191092635789 7.52586474549673,71.03589660696794 -39.59696041199182 -46.21607281719045,29.91335444391697 83.9855203747693 27.003006530959208,3.117987307437051 5.478230439698309 -9.034868126249052,51.81746875966479 46.70616401050986 48.98162955922005,26.127904423273463 -121.95408809332127 -45.40758950029797
-1.189624192488858 -11.682592797521355 -2.3182614332459823,-0.7239406409750345 -10.781632460174725 4.671412003769726,-13.466667455167672 4.003802452165819 7.175893698851063,26.4394467828229 2.9902507361035253 4.058145067840199,2.9912899067991723 -1.8906185406995606 7.622994770933011,71.38486950858689 -39.66374649099209 -46.40995923005811,29.900644332173652 84.10452502710676 27.050671461101597,3.08532374297681 5.501823409596586 -9.001211112376815,52.06095210444881 46.866771062479536 48.82504452570269,26.207103343904116 -121.6773160122444 -45.28770456665137
-1.068351540197924 -11.501571706386972 -2.43380073161886,-0.8936605157894021 -10.66251499417235 4.584386613768309,-13.131293419832677 3.9831696880898884 6.907601355337154,25.82779828992945 2.902718944673914 4.344190263330273,2.9234768800792272 -1.8443710184847735 7.7485625228913,71.87805170568956 -39.15663109080777 -46.246853435634165,29.924700744327396 85.07620633190304 27.534200661946898,2.977584850940229 5.488195186004986 -9.061748788322378,52.42353257568138 46.27448817289529 48.19956729513786,26.185508488486985 -121.7733500971765 -45.303331923333594
-0.9023148653084103 -11.230253397184846 -2.5485853574357082,-1.0858535494047448 -10.518066342174397 4.569939024100581,-12.685510275684383 3.9046024829730284 6.539030898364927,25.01588234626419 2.812972603650456 4.584037862614129,2.8719766182481705 -1.8091681100898578 7.858217891830809,72.38343927186045 -38.354313688961845 -45.863727507611834,29.966879190150635 86.35131820227998 28.174198329431974,2.8865614671607878 5.446864448511996 -9.182224179098732,52.818179019192044 45.324345318379876 47.41455919380223,26.125483652781835 -122.00555832029177 -45.372391951773785
-0.7901318742994107 -10.962880240357581 -2.601794610716492,-1.2114895474530045 -10.380610452658214 4.6086281018666995,-12.369214975115243 3.7777553003774322 6.273998300187088,24.44530982846975 2.808207142694413 4.7090599797798935,2.916089734102765 -1.8011704674109403 7.899960899145503,72.7383838529984 -37.600832819280576 -45.43893465964785,30.004626935679934 87.29980632243755 28.64981748804072,2.9165484672265283 5.390986487319891 -9.320837068108613,53.14079293140769 44.500663351069576 46.83987486366034,26.1015945900097 -122.09305352130289 -45.397088277900224
-0.7940086358746592 -10.784076726726292 -2.562262543975316,-1.214876322597824 -10.286779043177804 4.67878159235671,-12.331290494212784 3.626961267293634 6.242797232139188,24.38451916133256 2.9284799057278064 4.677990269501006,3.0806354195689627 -1.8268438788549126 7.845515156482568,72.82758393249914 -37.12400818410706 -45.06938781213264,30.021774988493963 87.50658119822178 28.750687822909264,3.104832502472136 5.335423764961656 -9.43903140732392,53.29751432722341 44.14857722374694 46.72341291750627,26.14954972354025 -121.90311464983633 -45.332418122372765
-0.8835700278642369 -10.75401267263319 -2.474224165813698,-1.125087783754572 -10.284156878595368 4.7530543316814775,-12.48920527164537 3.5138758676193675 6.388781623469998,24.661635924655922 3.093993696204942 4.519132561435991,3.25190696845669 -1.868003717136621 7.726924501978075,72.6561233119525 -36.856158418597026 -44.64492764711862,30.018385825841758 87.10312856251792 28.547339891307615,3.3183233453350325 5.299379445379489 -9.506499857313,53.22051594871931 44.25932414928805 47.00298335073947,26.206257804671065 -121.67975171572375 -45.267613092694916
-1.0139474088640952 -10.92898755906159 -2.3937085350524145,-0.9844681520404394 -10.422012695621378 4.803222735264475,-12.724208984451497 3.5059705896999303 6.626039225687528,25.035883775506584 3.206210851774455 4.271688251152838,3.29455283537311 -1.9026109062871386 7.585673056789528,72.2479596569585 -36.68336311169836 -44.023054467119636,29.99706529895445 86.30652696841028 28.154290377634105,3.397304458585848 5.302727547481759 -9.494241345738248,52.846100210855056 44.76868427750593 47.56782356914329,26.19318354516825 -121.72586226006523 -45.31288458084349
-1.1447375179776755 -11.31450464436554 -2.360829581707207,-0.8315709456946297 -10.711046616324927 4.8133101603216994,-12.939880781644645 3.6357504426042335 6.8765662710318045,25.32331012631298 3.2004551587417964 3.9794342157210756,3.1310335015357045 -1.915457322004291 7.45686177306192,71.65545651799772 -36.53249683772703 -43.16614840839445,29.962545154977324 85.34075221010154 27.686495893898055,3.2473239085270578 5.354385877885403 -9.391354207385477,52.17651387675032 45.5618650989414 48.28691215241876,26.06501115720721 -122.21541157369757 -45.529232478054254
-1.2487062226945889 -11.766260921516958 -2.3687649502601555,-0.693770287876728 -11.048213688410877 4.803458173599818,-13.105653031855486 3.832598640062401 7.085682378837166,25.507544822509505 3.1119132849642615 3.699641166211897,2.854306452710419 -1.9114804198190993 7.356766606482399,71.01475098831776 -36.45074517225028 -42.34589717760709,29.925826751491428 84.45012115992802 27.260210469692773,2.9664056191270083 5.430960603460185 -9.24031485215016,51.408484243894605 46.37492716320412 48.969481129847814,25.874394525442792 -122.94212291567811 -45.83252401100093
-1.3010351731350553 -12.112472493085965 -2.4020821585385845,-0.5963895214925264 -11.30960323735028 4.800433969652765,-13.203038406940228 4.006981438302742 7.202985677370136,25.602959511036318 2.994091031321583 3.4920551612552555,2.5886056335207335 -1.8993132181288181 7.298210201468704,70.47734781979828 -36.507363885503665 -41.8907287480658,29.89906156137375 83.88268211586039 26.9919261366093,2.6878818369799924 5.503130551332564 -9.093391516913124,50.77441467603983 46.91657107786771 49.413802452375435,25.69195937185743 -123.6299668576527 -46.11200285467616
-1.2769060194192985 -12.181355461642715 -2.4453487243698184,-0.5647519894478116 -11.371304588614226 4.831004743034486,-13.213549578755083 4.069365093553579 7.178074294897247,25.623925838833564 2.900494198693492 3.4164222594810933,2.4581649885901187 -1.887588735330704 7.294015202438579,70.19475176431902 -36.771608747722716 -42.129071093078714,29.894401057501284 83.88648337586937 26.998134926238656,2.545084808680293 5.541574548629015 -9.0028524385552,50.506708536937865 46.895497450505786 49.41814807094667,25.58833141843355 -124.00291397126728 -46.25691268407263
-1.1515004116675382 -11.801125929757344 -2.483132165581182,-0.6241810346483738 -11.109407067673772 4.921937688298918,-13.118699219156271 3.930215862043224 6.960546359685022,25.58481545284141 2.88462858795972 3.5324885195193607,2.587218462542051 -1.8849399898220127 7.357004253809764,70.3184675737597 -37.312735529142984 -43.38935218595407,29.923996712751038 84.7095732379257 27.395328870171888,2.6713467808222013 5.516971422476004 -9.020965853957215,50.83776919034062 46.02040688869201 48.780789936506515,25.634136387153596 -123.78493482816774 -46.15649717418303
-0.9 -10.8 -2.5,-0.8 -10.4 5.1,-12.9 3.5 6.5,25.5 3.0 3.9,3.1 -1.9 7.5,71.0 -38.2 -46.0,30.0 86.6 28.3,3.2 5.4 -9.2,52.0 44.0 47.3,25.9 -122.7 -45.7
