-46.48872375488281 -35.212642669677734 23.927536010742188,-39.18818283081055 -12.221539497375488 4.8600544929504395,-38.498626708984375 -6.204992294311523 23.62153434753418,81.9732437133789 -138.68167114257812 -153.2274169921875,8.97787094116211 -6.677042007446289 -9.084638595581055,-17.77894401550293 11.296993255615234 -44.72946548461914,23.442583084106445 48.60476303100586 10.70485782623291,10.83644962310791 4.34419059753418 -10.284310340881348,46.773040771484375 1.5615134239196777 43.950740814208984,22.88705825805664 -46.91318893432617 -10.039400100708008
-46.602787017822266 -35.057037353515625 23.886823654174805,-38.84174728393555 -12.120859146118164 4.814115047454834,-38.51710510253906 -5.810737609863281 22.940553665161133,82.47770690917969 -136.86993408203125 -151.0950927734375,9.029512405395508 -6.718279838562012 -9.078243255615234,-16.999324798583984 10.564699172973633 -44.649810791015625,23.97557830810547 50.29667282104492 11.385199546813965,10.838685035705566 4.532158851623535 -9.40655517578125,44.11305236816406 3.3876874446868896 46.15489959716797,24.529495239257812 -52.13713073730469 -12.14128303527832
-47.135860443115234 -34.0627326965332 22.6679744720459,-38.645843505859375 -12.140023231506348 4.751070976257324,-37.86271286010742 -5.764621257781982 22.476179122924805,83.75128936767578 -132.35047912597656 -145.8525390625,8.919533729553223 -6.600609302520752 -8.907058715820312,-16.193164825439453 10.224797248840332 -44.65958023071289,23.890087127685547 50.02033996582031 11.273137092590332,10.6936674118042 4.669447898864746 -9.187929153442383,42.651126861572266 3.2341413497924805 46.79698944091797,24.85257911682129 -53.25428009033203 -12.607932090759277
-47.46200180053711 -34.80018997192383 23.203739166259766,-39.77748107910156 -12.511899948120117 4.756026744842529,-38.62954330444336 -5.957671642303467 23.640649795532227,81.57904052734375 -143.22119140625 -156.6342010498047,8.114988327026367 -6.347598552703857 -8.5840482711792,-15.949546813964844 9.360989570617676 -44.861454010009766,23.098012924194336 47.54740524291992 10.287096977233887,9.900163650512695 4.632308483123779 -10.055068016052246,46.38311004638672 8.248924255371094 48.765140533447266,23.653209686279297 -49.264732360839844 -10.968546867370605
-47.57012176513672 -34.78398132324219 23.015960693359375,-39.874061584472656 -12.630300521850586 4.674593925476074,-38.58131408691406 -5.822192192077637 23.789722442626953,81.5751953125 -143.90194702148438 -156.9307403564453,7.9054036140441895 -6.248035430908203 -8.3727445602417,-15.670616149902344 9.309905052185059 -44.999080657958984,22.90745735168457 46.974098205566406 10.063094139099121,9.660318374633789 4.703197956085205 -9.992130279541016,46.528472900390625 9.383633613586426 49.330142974853516,23.87230110168457 -49.963130950927734 -11.24995231628418
-47.36854934692383 -34.556270599365234 22.52135467529297,-39.194305419921875 -12.66136646270752 4.453524112701416,-37.95072555541992 -5.559165000915527 23.384483337402344,83.21446990966797 -137.59896850585938 -150.2064208984375,8.527462005615234 -6.339236736297607 -8.371577262878418,-15.976184844970703 10.386981964111328 -44.95318603515625,23.254655838012695 48.024688720703125 10.474959373474121,10.245500564575195 4.752202033996582 -9.418201446533203,44.395050048828125 4.49032735824585 47.02663040161133,24.672971725463867 -52.62910842895508 -12.346087455749512
-48.10527420043945 -33.93147659301758 21.7731876373291,-39.6447868347168 -12.6078462600708 4.072232246398926,-38.35638427734375 -4.923336505889893 23.078908920288086,82.88859558105469 -142.99615478515625 -154.07260131835938,8.11760139465332 -6.161137580871582 -7.889155387878418,-15.30346965789795 9.069190979003906 -45.15638732910156,23.837966918945312 49.852813720703125 11.205322265625,9.716458320617676 5.082157611846924 -8.440929412841797,42.16393280029297 6.829070568084717 48.14712905883789,25.74612808227539 -56.543949127197266 -14.01413631439209
-47.79313278198242 -33.966094970703125 21.625328063964844,-39.19519805908203 -12.701090812683105 4.017539978027344,-38.03337478637695 -4.6882829666137695 22.8447322845459,83.69267272949219 -138.60183715820312 -149.72506713867188,8.176081657409668 -6.19303035736084 -7.938843250274658,-15.244976043701172 8.413952827453613 -44.71390151977539,24.292625427246094 51.3390998840332 11.811457633972168,9.751569747924805 5.184818267822266 -7.968436241149902,41.01631546020508 5.787713050842285 47.26589584350586,26.351118087768555 -58.974796295166016 -15.081746101379395
-48.069480895996094 -33.68330764770508 21.034759521484375,-39.31059646606445 -12.915486335754395 4.005537033081055,-38.0926399230957 -4.6017961502075195 22.74728775024414,83.6971206665039 -140.77206420898438 -151.3275604248047,8.033855438232422 -6.08642053604126 -7.760622501373291,-15.007125854492188 8.001838684082031 -44.54268264770508,24.521160125732422 52.108673095703125 12.129464149475098,9.580570220947266 5.277782917022705 -7.87183141708374,40.82963943481445 5.933974742889404 47.439117431640625,26.671428680419922 -60.344940185546875 -15.693367004394531
-48.645896911621094 -33.22233581542969 20.337265014648438,-39.85873794555664 -13.152316093444824 4.140178203582764,-38.35791778564453 -4.853394031524658 22.77338409423828,83.11287689208984 -146.12742614746094 -156.1732940673828,7.808332920074463 -5.920471668243408 -7.53203821182251,-14.713044166564941 7.757247447967529 -44.596439361572266,23.984224319458008 50.324615478515625 11.396551132202148,9.363056182861328 5.241742134094238 -8.453741073608398,41.93698501586914 7.264720916748047 48.53782653808594,25.873708724975586 -57.04121398925781 -14.23065185546875
-49.031593322753906 -32.58991622924805 19.374256134033203,-40.17372512817383 -13.520919799804688 4.2889323234558105,-38.2477912902832 -5.005579471588135 22.90475845336914,83.05943298339844 -148.93798828125 -158.28086853027344,7.360952377319336 -5.723904132843018 -7.288430213928223,-13.863258361816406 6.934018135070801 -44.420902252197266,23.591541290283203 49.07037353515625 10.890654563903809,8.909717559814453 5.291344165802002 -8.82924747467041,42.756446838378906 8.964789390563965 49.78950881958008,25.696449279785156 -56.35240173339844 -13.930990219116211
-49.05508041381836 -32.44330978393555 18.811628341674805,-40.488468170166016 -14.041513442993164 4.32140588760376,-38.008975982666016 -4.915818691253662 23.503978729248047,83.10166931152344 -150.69729614257812 -159.115478515625,6.7524590492248535 -5.540482997894287 -7.050299644470215,-12.585737228393555 5.599117279052734 -43.89311218261719,23.76224708557129 49.61064910888672 11.107604026794434,8.27318000793457 5.437246322631836 -8.809781074523926,43.406211853027344 9.854270935058594 49.794368743896484,26.60097885131836 -60.03795623779297 -15.555750846862793
-49.15890884399414 -34.34688186645508 21.04651641845703,-41.6485595703125 -14.828923225402832 4.6696085929870605,-39.599830627441406 -4.906167030334473 23.630062103271484,80.44257354736328 -155.1751708984375 -163.7035675048828,7.268479824066162 -5.732676982879639 -7.337544918060303,-12.976827621459961 5.990108489990234 -43.677978515625,23.320446014404297 48.226783752441406 10.554818153381348,8.826144218444824 5.287842750549316 -8.8604736328125,42.302001953125 7.513856410980225 46.57050323486328,25.777751922607422 -56.666412353515625 -14.067365646362305
-49.43731689453125 -33.80426025390625 20.5902099609375,-41.583770751953125 -14.987131118774414 4.726713180541992,-39.547245025634766 -4.724562168121338 22.862173080444336,81.0960922241211 -155.0190887451172 -162.9665069580078,7.420992851257324 -5.780553817749023 -7.386409759521484,-11.769746780395508 4.3405375480651855 -43.101234436035156,23.55727767944336 48.96272659301758 10.847615242004395,8.949014663696289 5.398901462554932 -8.288090705871582,39.40475082397461 6.384622573852539 45.47490310668945,26.343408584594727 -58.94260787963867 -15.06745719909668
-49.52958679199219 -33.208343505859375 19.854148864746094,-41.621368408203125 -15.000659942626953 4.488745212554932,-39.369319915771484 -4.5353474617004395 22.849103927612305,81.3609848022461 -156.03704833984375 -163.07359313964844,7.2549662590026855 -5.6854634284973145 -7.114898681640625,-10.437565803527832 2.113966464996338 -42.78060531616211,23.68413734436035 49.3625602722168 11.007805824279785,8.734724998474121 5.492088317871094 -8.065982818603516,38.841033935546875 7.0992536544799805 45.82233810424805,26.4764347076416 -59.50318145751953 -15.316793441772461
-49.83277893066406 -30.962329864501953 17.570987701416016,-40.79922866821289 -14.507072448730469 3.8402533531188965,-38.688011169433594 -3.793642520904541 21.319744110107422,83.7767562866211 -154.5262908935547 -159.6946258544922,7.51214599609375 -5.657869815826416 -6.707879543304443,-9.08177661895752 0.37234947085380554 -43.03303527832031,23.957443237304688 50.237918853759766 11.361350059509277,8.836652755737305 5.8143391609191895 -6.553150177001953,33.37371063232422 6.843843936920166 46.98763656616211,27.263145446777344 -63.063697814941406 -16.926454544067383
-50.011749267578125 -30.65349006652832 17.003080368041992,-41.26183319091797 -14.301190376281738 3.525235414505005,-38.62154769897461 -3.9985058307647705 21.830245971679688,83.35311889648438 -157.3169708251953 -162.1660614013672,7.313930511474609 -5.520581245422363 -6.496320724487305,-9.131797790527344 -0.3143473267555237 -42.898887634277344,23.70339012145996 49.423606872558594 11.032320976257324,8.64968490600586 5.765552997589111 -7.090018272399902,35.302913665771484 7.252985000610352 47.779048919677734,26.696949005126953 -60.45684051513672 -15.743617057800293
-50.23441696166992 -30.993837356567383 17.294992446899414,-41.927433013916016 -14.045979499816895 3.334441900253296,-39.424766540527344 -4.055118560791016 22.171194076538086,81.6330337524414 -160.87850952148438 -165.6305389404297,7.3365912437438965 -5.4781975746154785 -6.387426853179932,-10.187424659729004 0.9788700938224792 -42.97612762451172,23.651309967041016 49.25863265991211 10.966065406799316,8.676048278808594 5.712928771972656 -7.352294921875,37.36287307739258 8.555536270141602 49.05106735229492,26.468183517456055 -59.468223571777344 -15.301213264465332
-50.19053268432617 -29.941186904907227 16.364656448364258,-41.58192443847656 -13.292044639587402 2.8981590270996094,-39.05277633666992 -4.265336990356445 21.644311904907227,82.53079223632812 -159.88865661621094 -164.89459228515625,7.748810291290283 -5.529443740844727 -6.461101531982422,-11.636673927307129 3.407871961593628 -43.14796829223633,23.332420349121094 48.26372146606445 10.569449424743652,9.105422019958496 5.629960536956787 -7.506875038146973,36.94963073730469 7.68271541595459 49.46929931640625,25.33390998840332 -54.98687744140625 -13.342768669128418
-49.46918869018555 -30.217416763305664 16.62035369873047,-40.89381408691406 -12.752289772033691 2.6568562984466553,-38.61198425292969 -4.597477912902832 22.389251708984375,82.45748901367188 -158.10446166992188 -164.04098510742188,7.795003890991211 -5.526154041290283 -6.4623332023620605,-13.258922576904297 7.5181803703308105 -43.66287612915039,23.943286895751953 50.19195556640625 11.342700958251953,9.200543403625488 5.431955337524414 -8.271464347839355,41.27849578857422 9.38673210144043 51.87555694580078,25.919002532958984 -57.219573974609375 -14.30852222442627
-49.394615173339844 -29.63392448425293 16.130332946777344,-40.37925338745117 -12.261425971984863 2.262409210205078,-38.345855712890625 -4.4055986404418945 22.052799224853516,83.15628051757812 -157.27069091796875 -162.9302978515625,8.079062461853027 -5.511861324310303 -6.166772842407227,-14.004240036010742 10.398710250854492 -44.40855407714844,24.20503044128418 51.048152923583984 11.691938400268555,9.43265438079834 5.424651145935059 -8.065620422363281,40.83546829223633 9.489667892456055 53.21901321411133,26.00900650024414 -57.57709503173828 -14.465049743652344
-48.474281311035156 -29.20158576965332 15.247777938842773,-38.761558532714844 -12.142131805419922 2.4162981510162354,-36.904212951660156 -4.416479587554932 22.070829391479492,85.45140838623047 -148.54583740234375 -154.77012634277344,7.930735111236572 -5.378739833831787 -5.828362464904785,-12.487009048461914 7.861952304840088 -42.88949966430664,24.53362464904785 52.15125274658203 12.147163391113281,9.263163566589355 5.395308017730713 -8.388187408447266,42.798709869384766 10.255497932434082 54.52244567871094,26.430965423583984 -59.3104133605957 -15.230912208557129
-48.37212371826172 -28.023584365844727 13.51284408569336,-37.92472839355469 -12.142268180847168 2.0546631813049316,-35.447086334228516 -4.0272746086120605 21.667911529541016,87.96212005615234 -129.36334228515625 -134.41006469726562,7.387760639190674 -5.124307155609131 -5.2183451652526855,-9.747108459472656 3.4034953117370605 -41.686912536621094,24.606128692626953 52.399085998535156 12.25015640258789,8.619466781616211 5.634800434112549 -7.93192195892334,41.02482604980469 8.087782859802246 53.20328140258789,26.905885696411133 -61.39051818847656 -16.16461944580078
-47.937835693359375 -27.815914154052734 13.179603576660156,-37.627628326416016 -12.270020484924316 1.7860468626022339,-34.9856071472168 -4.003817558288574 21.074735641479492,88.58528900146484 -95.89463806152344 -100.88008880615234,7.783630847930908 -5.232466697692871 -5.47564697265625,-10.022333145141602 4.582130432128906 -41.68259811401367,24.604076385498047 52.39201354980469 12.247220993041992,9.026385307312012 5.654181957244873 -7.649567604064941,38.48936080932617 5.147811412811279 50.251895904541016,26.91295623779297 -61.42245864868164 -16.1790714263916
-48.0373649597168 -28.106855392456055 12.908145904541016,-38.375 -12.64529800415039 1.3304383754730225,-35.625946044921875 -3.6074416637420654 21.402070999145508,87.80803680419922 -140.93124389648438 -144.68617248535156,7.0491509437561035 -5.05692720413208 -5.192787170410156,-8.558464050292969 0.41368362307548523 -40.9540901184082,25.38200569152832 55.16470718383789 13.418953895568848,8.230895042419434 5.897294044494629 -7.193531513214111,37.45881652832031 4.130011558532715 47.49853515625,27.564834594726562 -64.56466674804688 -17.617576599121094
-47.46798324584961 -28.002708435058594 12.637947082519531,-38.076412200927734 -12.900066375732422 1.0729507207870483,-35.473731994628906 -3.2602083683013916 20.989164352416992,88.24219512939453 -132.91587829589844 -136.1115264892578,6.896020412445068 -5.110548496246338 -5.315450668334961,-7.883456707000732 -1.5489314794540405 -40.39467239379883,26.126331329345703 58.04943084716797 14.672587394714355,8.0398530960083 6.079233169555664 -6.419558048248291,33.79585266113281 1.7360690832138062 43.96002960205078,28.326358795166016 -68.83379364013672 -19.619009017944336
-47.35123825073242 -27.383438110351562 12.003662109375,-37.827022552490234 -12.710836410522461 0.7418144345283508,-35.155052185058594 -3.0315709114074707 20.743558883666992,88.84733581542969 -116.87739562988281 -119.38135528564453,6.829667091369629 -5.114370822906494 -5.268128871917725,-7.936214447021484 -1.6821717023849487 -40.56554412841797,26.53293228149414 59.74462890625 15.424578666687012,7.929394721984863 6.2049455642700195 -5.88601016998291,31.31228256225586 0.7552412748336792 43.42198944091797,28.715864181518555 -71.400390625 -20.844650268554688
-47.27478790283203 -28.320205688476562 12.94023609161377,-38.34496307373047 -12.139081954956055 0.510104238986969,-35.9022102355957 -3.412827968597412 22.087194442749023,86.83448028564453 -151.441650390625 -154.6079559326172,7.11611270904541 -5.078946590423584 -5.146236896514893,-8.8312349319458 -1.3647129535675049 -41.34169006347656,25.860191345214844 56.98812484741211 14.20746898651123,8.274370193481445 5.9297003746032715 -6.937358856201172,37.50439453125 5.4832377433776855 50.333045959472656,27.48668670654297 -64.16719818115234 -17.43389320373535
-46.89290237426758 -27.444517135620117 12.460592269897461,-37.10651397705078 -11.877812385559082 0.3584609925746918,-34.35383987426758 -3.2273879051208496 21.065757751464844,88.5411605834961 -49.612548828125 -53.26799392700195,7.3085408210754395 -5.231052875518799 -5.387263774871826,-9.79648208618164 1.2083098888397217 -41.65849685668945,25.836589813232422 56.89567947387695 14.167166709899902,8.445810317993164 6.01483154296875 -6.23388671875,32.80035400390625 2.1142306327819824 46.72085952758789,27.945205688476562 -66.59734344482422 -18.564271926879883
-31.791099548339844 -23.16275978088379 9.892135620117188,-36.28916931152344 -11.513761520385742 0.18776027858257294,-33.486934661865234 -3.0461368560791016 20.525602340698242,72.62358856201172 2.06888747215271 -6.527937889099121,6.236275672912598 -4.585849285125732 -10.304906845092773,-10.801669120788574 3.483018636703491 -42.145896911621094,25.751251220703125 56.56362533569336 14.022687911987305,8.312283515930176 6.650496482849121 -10.729425430297852,30.000978469848633 0.20922517776489258 44.8130989074707,28.09636688232422 -67.4570541381836 -18.9681339263916
-31.578516006469727 -23.198291778564453 10.186781883239746,-36.333702087402344 -11.103780746459961 -0.06478473544120789,-33.98593521118164 -2.887028932571411 20.663469314575195,73.3968734741211 0.9544659852981567 -7.681240081787109,6.454561233520508 -4.751437187194824 -10.286630630493164,-11.637361526489258 4.084479331970215 -42.4315185546875,25.7222843170166 56.4517936706543 13.97411060333252,8.519159317016602 6.510656356811523 -10.597484588623047,30.217079162597656 0.1528332382440567 44.439491271972656,27.986677169799805 -66.8300552368164 -18.673377990722656
-46.27520751953125 -27.465839385986328 13.148942947387695,-36.83506774902344 -10.811332702636719 -0.2296496331691742,-35.052486419677734 -2.810030937194824 21.030778884887695,88.41959381103516 -78.75010681152344 -82.59062194824219,7.995819091796875 -5.433724403381348 -5.364564895629883,-12.199675559997559 3.748302936553955 -42.450626373291016,25.827617645263672 56.86076354980469 14.151969909667969,9.083858489990234 5.94541072845459 -5.644657611846924,31.871477127075195 0.6469581127166748 44.51300811767578,27.784860610961914 -65.71920776367188 -18.153810501098633
-46.471214294433594 -27.326074600219727 13.041336059570312,-36.88425827026367 -10.669656753540039 -0.23373523354530334,-35.0296516418457 -2.9742655754089355 20.949647903442383,88.4736328125 -82.95642852783203 -86.88864135742188,8.12514591217041 -5.435065746307373 -5.404608726501465,-11.870331764221191 3.227465867996216 -42.25261306762695,25.97823143005371 57.45441818237305 14.411299705505371,9.231701850891113 5.90097713470459 -5.837368965148926,32.75846862792969 0.7326300144195557 45.35186767578125,27.713056564331055 -65.33650207519531 -17.975629806518555
-46.7172737121582 -29.203205108642578 14.835244178771973,-37.636844635009766 -11.082341194152832 0.25414013862609863,-36.186397552490234 -3.3140342235565186 21.64899444580078,86.63483428955078 -138.49786376953125 -143.5345458984375,8.317619323730469 -5.455821514129639 -5.509618759155273,-12.44511604309082 4.210536956787109 -42.337955474853516,26.012653350830078 57.591651916503906 14.47144603729248,9.500690460205078 5.665632247924805 -6.743288516998291,37.216121673583984 2.454582929611206 46.877288818359375,27.10393714904785 -62.305301666259766 -16.58000373840332
-46.708011627197266 -30.62092399597168 15.93890380859375,-38.05142593383789 -11.689905166625977 0.722007155418396,-37.49583053588867 -3.273773670196533 21.749664306640625,84.24234771728516 -151.6754608154297 -156.91737365722656,8.214311599731445 -5.412353038787842 -5.443681716918945,-11.53219223022461 1.9370346069335938 -41.64621353149414,26.265846252441406 58.62031173706055 14.924650192260742,9.403091430664062 5.645015716552734 -6.935798168182373,39.323299407958984 4.54127836227417 49.28483581542969,27.497657775878906 -64.22262573242188 -17.459453582763672
-46.77920150756836 -29.759340286254883 14.418525695800781,-37.87953186035156 -12.103472709655762 0.7264405488967896,-37.26229476928711 -3.395709753036499 21.06679916381836,84.88652801513672 -153.33331298828125 -157.9208526611328,8.05112361907959 -5.283421516418457 -5.415902137756348,-8.664549827575684 -4.212881565093994 -40.0467529296875,26.441144943237305 59.353599548339844 15.25014591217041,9.240817070007324 5.757215976715088 -6.986515998840332,39.036991119384766 3.3403401374816895 48.44742965698242,27.49655532836914 -64.21696472167969 -17.456899642944336
-47.09996795654297 -28.97425079345703 13.258685111999512,-37.365081787109375 -12.453863143920898 0.7122359275817871,-35.5855827331543 -3.387378454208374 20.674264907836914,87.78751373291016 -133.74118041992188 -138.05677795410156,7.466526508331299 -5.152879238128662 -5.390793323516846,-8.364319801330566 -3.892451047897339 -40.33228302001953,26.713241577148438 60.528438568115234 15.77583122253418,8.64293384552002 5.944223880767822 -6.793528079986572,36.14215850830078 1.5831971168518066 46.0139274597168,27.94854164123535 -66.61591339111328 -18.572952270507812
-47.495792388916016 -28.057771682739258 12.074386596679688,-37.04421615600586 -12.742936134338379 0.6512311697006226,-34.8165283203125 -3.0434634685516357 19.678518295288086,88.75746154785156 -56.230628967285156 -60.03321075439453,7.055425643920898 -5.108499050140381 -5.443209171295166,-8.798171043395996 -3.3041179180145264 -40.374698638916016,26.969205856323242 61.67955780029297 16.29555892944336,8.176259994506836 6.244749546051025 -5.895834922790527,30.776546478271484 -0.973886251449585 41.91246032714844,28.670557022094727 -71.08350372314453 -20.692537307739258
-47.54888916015625 -28.855182647705078 12.743558883666992,-37.16109085083008 -12.875137329101562 0.6903854012489319,-35.28921127319336 -2.799443244934082 19.722227096557617,88.68865203857422 -81.22947692871094 -85.4666748046875,6.968313694000244 -5.131374359130859 -5.486871242523193,-10.260329246520996 -2.5614511966705322 -40.8305778503418,26.90150260925293 61.370479583740234 16.15556526184082,8.071914672851562 6.315331935882568 -5.5850510597229,30.288801193237305 -0.7003142833709717 41.571407318115234,28.74068832397461 -71.57644653320312 -20.9293212890625
-46.98406219482422 -30.73659324645996 14.842977523803711,-36.75288391113281 -13.06171703338623 1.053128957748413,-34.95927047729492 -2.57629132270813 20.473064422607422,87.97454833984375 -65.0301742553711 -70.84166717529297,6.911172866821289 -5.232019901275635 -5.538877487182617,-13.058773040771484 1.2156487703323364 -42.199092864990234,26.882442474365234 61.28398132324219 16.116437911987305,8.020421028137207 6.232043266296387 -5.571403503417969,30.670066833496094 -0.36392778158187866 41.47822189331055,28.654958724975586 -70.97584533691406 -20.640886306762695
