-46.89182527330951 -33.83083653044406 20.855208796602774,-38.36609474315056 -12.530174179576612 3.4431568108619883,-37.406374230520164 -4.802540696466938 22.50770247439785,84.2430340603433 -120.82097162322847 -132.09924073307988,8.186225727221089 -6.154676851870693 -7.6897629917258925,-15.999882043450018 7.39543038417405 -43.80415295424847,24.792788994342178 53.53504088693606 12.802273773961817,9.748052134713612 5.051754207644761 -8.387414429264913,40.92638935838158 1.8748290698047825 43.731186275637825,25.241705528546206 -56.475692820658494 -14.22018357737441
-46.55024206391886 -34.90710759245347 23.067877165529882,-38.81857317590575 -12.326761878036248 4.344343025231298,-38.185431858770976 -5.526751742426382 23.14961719846351,82.5627225991229 -130.4464962967626 -143.82602872106952,8.618083852595964 -6.489286303507138 -8.564485640721657,-17.052881559993807 9.786001025667883 -44.45400338136768,24.149282811811542 51.10219507125305 11.754421486234028,10.353706341190431 4.66577772564385 -9.336366610233588,44.03957109285295 2.8718268708138996 44.83039256372519,24.333166737138455 -52.29529591248283 -12.330696482774488
-46.30413485119287 -35.403277846020714 24.34008744706847,-39.04762464679292 -12.155666112863795 4.935320867747419,-38.65998617220254 -5.987778334722279 23.38204223676054,81.6149240235708 -135.97134861079323 -150.6608347795213,8.96353933169162 -6.722014315420139 -9.194990433949245,-17.51167264817265 11.152722298094762 -44.80640944036823,23.765265582572965 49.60879921225705 11.104941627720578,10.815915218531163 4.433869300522693 -9.874304559971055,45.59755574541338 3.3582187648261472 45.691470090414505,23.914447037764926 -50.08263657307046 -11.298809272370029
-46.28152218855996 -35.347138092484705 24.599842372303463,-39.0260993568265 -12.049340154522024 5.161354073840546,-38.74907516319344 -6.1405940206892815 23.228414286250633,81.63049672279647 -137.6538561181047 -152.73254134485666,9.181212583145417 -6.8288248547287065 -9.47112880922438,-17.43761364047378 11.522023057602695 -44.88261676594539,23.661745314383065 49.15244041150864 10.898618585695846,11.074346405172243 4.372194192049467 -9.935419791607288,45.52422422226889 3.2917225675995456 46.19285687461104,23.980046714994888 -49.91043392700114 -11.168589771892036
-46.51006585950639 -34.932333915838164 24.096096816355754,-38.839595787552064 -12.021940474400957 5.089025862037509,-38.51997377755511 -6.049306645627343 22.85865480856287,82.41389121316921 -136.6856315683469 -151.40330777995234,9.247106732965003 -6.818945388225492 -9.40681309918547,-17.026931159293095 11.186561528968536 -44.78359888301595,23.75709257651389 49.45795045848777 11.021956143324822,11.114168431864657 4.442812812944442 -9.64295311547402,44.358867663201856 2.9359951578191685 46.38768311576049,24.35120735299563 -51.14326056102104 -11.673635708261308
-46.89942255265638 -34.432150495358655 23.275363256210497,-38.64921303055942 -12.066984167709682 4.866217533653067,-38.1594904031468 -5.849667667822616 22.513521235041573,83.42625898166727 -134.831411553069 -148.8165560021905,9.158352209407504 -6.726630473673987 -9.125314362572912,-16.520073512170335 10.543892877380852 -44.641068756892004,23.90589800228796 50.011152843907226 11.25883262005115,10.964292754658082 4.574126605438461 -9.24933369213128,43.005827094416794 2.7561565360221696 46.47694291173356,24.756728798656646 -52.72976762604378 -12.360313057976358
-47.289894626742914 -34.090150665330064 22.589831598956252,-38.6151222098075 -12.16221450028769 4.652975854644785,-37.8882943425038 -5.684567424162022 22.39787200211285,84.05024863563071 -133.82499615402264 -147.12211933132428,8.937686292219619 -6.596763069185184 -8.797633459463327,-16.10957364846621 9.93145262139322 -44.56278154151119,23.96367714258002 50.28883017391813 11.387370065902957,10.68628012827128 4.692280109311851 -9.016079075251486,42.32432682771103 3.1935265180557524 46.70240621797254,24.950638695091474 -53.65898169942248 -12.78468739907346
-47.537528746489045 -34.034107388815976 22.32313058326879,-38.81809946380398 -12.278981434774671 4.55617019019129,-37.85923104189178 -5.643508080455888 22.593226756221934,83.89914118605884 -134.7291595444708 -147.6673759779749,8.634699641772345 -6.470303899417375 -8.56571364438506,-15.88496235619289 9.529081365551178 -44.59565761998505,23.847866102215043 49.979375575430694 11.273476448120094,10.357854598897978 4.7493664594121086 -9.093123233258092,42.7536473012555 4.429139078914344 47.21341125057657,24.813690553938873 -53.37605808861474 -12.694956919576285
-47.585870678727275 -34.246290335294574 22.506627091436165,-39.218730952772844 -12.391927530522784 4.596402241659535,-38.08962717371293 -5.733173364766828 23.030543516054315,83.00640114187267 -137.54186556133993 -150.51190320878646,8.318973985877156 -6.374322227715247 -8.48806529714507,-15.831053648714432 9.355385890355542 -44.7200837794412,23.56800175581135 49.09568184264464 10.919262410063657,10.05491332556591 4.7369057291560015 -9.457354984989315,44.150570464530205 6.2600801536074835 47.97887614374384,24.394070309601304 -51.974490085804945 -12.119053915545361
-47.48479332122733 -34.59627220053245 22.95331288267638,-39.675759277697686 -12.485266951196982 4.717986686104572,-38.46090960652065 -5.88935291008776 23.533983458388057,81.79545381866954 -141.25709321330697 -154.5071219657938,8.063534085827158 -6.318628461630503 -8.531555507620457,-15.869337442995818 9.334437836032958 -44.87361970008192,23.213225688912154 47.93567238528182 10.447175903768585,9.83545234414253 4.680742303774877 -9.938664356864178,45.907914319358504 8.160720837895042 48.79372804220251,23.872035369429497 -50.08982719687289 -11.32294710267173
-47.349691424020236 -34.91497941813699 23.38110892592588,-40.01504454569465 -12.553994635425758 4.83151560181801,-38.78477492645653 -6.019746060090133 23.911162904510064,80.8483882141037 -144.38307950807143 -157.92153200104846,7.922886408169958 -6.298311094734148 -8.607914994466675,-15.914559748987644 9.380424082884524 -44.98953754784584,22.905604374122262 46.91916292493234 10.031720086412985,9.728440355472095 4.622264857395451 -10.315876895943621,47.281537535761544 9.507767890020112 49.378836202427884,23.468971294644426 -48.561194689381104 -10.666474100037792
-47.289270725043956 -35.07311456080565 23.55946122876177,-40.11449965600531 -12.600820122217332 4.86433108259938,-38.901343752587486 -6.053253789250887 24.04334626755151,80.60024227839251 -145.6861997049583 -159.31761285432236,7.914625107380759 -6.299788189915793 -8.630950654836456,-15.917079385205628 9.451264225804598 -45.03073276931721,22.74317824208064 46.38603800613764 9.81456028532849,9.730118533953942 4.596452481809581 -10.42960452975111,47.752690452627164 9.862503018892431 49.52288475058028,23.346067702202447 -48.031975927543556 -10.430115831600208
-47.346311694319546 -35.029431826745785 23.409274891120347,-39.96202354409377 -12.631293670617415 4.793588197930994,-38.758929674805294 -5.970870986692502 23.931466287354137,81.12293034464905 -144.79750951751348 -158.24994378943933,8.013761016184898 -6.307606268320251 -8.56238296770944,-15.874517824986587 9.550721431259987 -45.004006054975015,22.759837197296363 46.45311809716726 9.844199824516572,9.80888866096994 4.617295573319 -10.253109471467425,47.244699671061475 9.171624101739202 49.19154232868394,23.539881641271673 -48.67961084444909 -10.695579156646136
-47.4845766549678 -34.83203116975065 23.015841599633934,-39.657494645235985 -12.649828223020476 4.648553902097213,-38.435494813863684 -5.805454538238238 23.678877138340827,82.11005291682282 -142.37521364877855 -155.4395423935157,8.16374014214964 -6.3098230694849295 -8.423929492315338,-15.814857492510004 9.692640656800517 -44.950549418090006,22.91909475998858 46.991538874539934 10.06642645199655,9.917656920323601 4.676141899999044 -9.88805946990085,46.098987969297816 7.787669168854855 48.54668291139178,23.961405290941023 -50.19047552990651 -11.331964958230358
-47.624735451258914 -34.57930672587175 22.560502799096668,-39.358984562277364 -12.658253350554702 4.486048465917157,-38.09288760000779 -5.615130667903982 23.425447369651533,83.06165401459091 -139.74126531484055 -152.3499075909895,8.300032816530896 -6.300823669376238 -8.27406486418557,-15.767182717281042 9.8609635625422 -44.920061978450775,23.14121888655545 47.72308018658036 10.364904087296278,10.009861055109134 4.751437182114445 -9.494312080010783,44.846268538722526 6.30082058870317 47.86667633234903,24.453050845661977 -51.96950805857219 -12.084626285836894
-47.70221135029484 -34.36495035459054 22.215492295383584,-39.202122205410085 -12.656908008102814 4.356096586522934,-37.89001884751919 -5.448286003145371 23.271771144502246,83.55977995541026 -138.18690875199454 -150.40330372653648,8.375650851575164 -6.281393360976738 -8.167467031909329,-15.739307142913727 9.996036755207479 -44.94286673038557,23.3470964698962 48.37579446882771 10.626677092122126,10.053723154869719 4.822901875870674 -9.197744706189564,43.912706912044214 5.268229201001288 47.41122973152056,24.870610677486383 -53.46062924004919 -12.713781865547745
-47.7084721158613 -34.23563012748458 22.059274612931908,-39.23478167473437 -12.646977003520727 4.2775186942919685,-37.90169955180116 -5.320333463303161 23.234395046473523,83.48111528001517 -138.31828981377535 -150.26099563424341,8.376819225796151 -6.256615736501505 -8.122735350633734,-15.713885640498123 10.01667566815635 -45.01395808856259,23.495523452445997 48.81520582186431 10.797178427970504,10.039716762962492 4.881967882655836 -9.028751492880764,43.42336714413592 4.975522342783889 47.30224606456446,25.147928758809456 -54.40900542743679 -13.109315501728496
-47.69055747569716 -34.17993842114984 22.052615800530454,-39.40015557309582 -12.632373796103957 4.235098772282906,-38.08535101960173 -5.213523174475443 23.252915247808367,83.03467381526463 -139.78906948752717 -151.54626994894514,8.322148522556352 -6.23265795972614 -8.116296795662699,-15.662117335690823 9.863219694592335 -45.09599680208241,23.59601678176124 49.0871468816599 10.897782133319565,9.978999200243253 4.93345465362936 -8.92288441979036,43.19844927957851 5.343520109813487 47.48102064371588,25.31420585125985 -54.93856740920827 -13.325770318829449
-47.71211057946479 -34.14919903797124 22.07989911210005,-39.574990929677185 -12.619995536402357 4.196611081737108,-38.31113887513778 -5.096849943724646 23.239642659951738,82.61434458912467 -141.55311648296222 -153.13941123118937,8.247280957602221 -6.213726811710545 -8.103156109409753,-15.564290956887705 9.534115317471748 -45.138672787605714,23.693179083077837 49.35893013116218 11.000450580547097,9.89449038472814 4.988880065056829 -8.777616119341552,42.923299804685136 6.014767272858284 47.75909449868725,25.460060583842328 -55.42150198147727 -13.52631173720311
-47.80430803745119 -34.09440152007505 22.025736589120278,-39.64060116831641 -12.618192838994123 4.137176839807893,-38.436966240943484 -4.9519323823930534 23.139448299750647,82.5590970204026 -142.48488318677795 -153.8589666458193,8.184297350205016 -6.200343589110734 -8.049047793777774,-15.42407568045052 9.093611299773325 -45.10423308868508,23.833473521079885 49.799045427637964 11.176683010890706,9.809404561370677 5.0563805764037575 -8.527417604879453,42.37720443862539 6.562394245206151 47.929835917244844,25.674604166513674 -56.22464148796103 -13.872042872708596
-47.94097484574793 -33.99694704703732 21.841418782021115,-39.54781051675882 -12.634221394925753 4.055819257095543,-38.38655098326982 -4.788622612692185 22.963970309364434,82.96025529128848 -142.0172143563566 -153.13893126122142,8.147088093220477 -6.189532463498949 -7.952945633936847,-15.268664704568465 8.646085707292203 -44.986654217433944,24.033410801823923 50.464328833335 11.45003836835097,9.738673540539475 5.133590728181722 -8.191133617094183,41.58144316096007 6.706823106651318 47.878038560652826,25.98871992122576 -57.475357247754296 -14.419000174008664
-48.05547434481693 -33.87658043846747 21.565676284880983,-39.3416827333778 -12.671859263833904 3.9752947013642563,-38.18860736776954 -4.6415279272529535 22.78162335860123,83.62164327538237 -140.44585226927046 -151.3285245802138,8.129472833113722 -6.176661803078817 -7.84635059589195,-15.135595170704665 8.291524721793447 -44.815565298726334,24.265968088526996 51.2545506023941 11.777501592898721,9.686488648934327 5.207563894393475 -7.864569537138349,40.7841204493665 6.431878348595858 47.630717384602136,26.35388787720822 -58.97034087652609 -15.077402432152468
-48.088733589903796 -33.773947056061225 21.29229410369146,-39.134610776379255 -12.730201052927775 3.92693546107362,-37.95741592032719 -4.550609914686742 22.67202779314802,84.18685763757217 -138.74435673191627 -149.4651685774712,8.114881417711551 -6.157870768819176 -7.771006089743079,-15.05404060930786 8.085653854316227 -44.643514017436544,24.47143648169459 51.955004926244975 12.06811429519561,9.64942585325124 5.261468833634239 -7.6650225401413605,40.300987677748694 5.95377260139607 47.32851816427899,26.665583543727642 -60.26919126437119 -15.652272595388293
-48.03632047306527 -33.71969143879135 21.107006785834933,-39.044348751691 -12.804084645313162 3.93086913578571,-37.82720623805483 -4.5383132129333426 22.674451155767244,84.35260466345034 -138.00980747147898 -148.6708694930942,8.08971879905581 -6.131699263125487 -7.750062813487622,-15.030209985433528 8.023241362166576 -44.52286830133304,24.585889599370987 52.34051914826152 12.227272769723093,9.621542093385857 5.283934065230122 -7.66278740873691,40.31670437587851 5.577400077873442 47.14173311165728,26.816860153429484 -60.91674785358668 -15.94132021208799
-47.96180046816344 -33.709196567642316 21.031685615060514,-39.13162429938713 -12.885979531320046 3.983815868026302,-37.87724461503177 -4.597026421470854 22.76255529210664,84.04208844893215 -138.86086905027508 -149.52645297124647,8.051110833694306 -6.098981981224522 -7.771234655928785,-15.043192171504522 8.048807134875005 -44.483098234392344,24.571897265002914 52.284289438124645 12.202534183267094,9.597290643868416 5.275627760761995 -7.841049795075985,40.77043032278192 5.529508294469739 47.18239421418099,26.753281893175203 -60.67490865122572 -15.837669593480896
-47.964457628547116 -33.69845911734633 21.007698296238992,-39.37070875065602 -12.968704166253847 4.06122703240111,-38.08840340072413 -4.693787659032292 22.861033872029928,83.44120039153401 -141.12389150651396 -151.7746858311039,8.004280118020324 -6.061117553460114 -7.792468196493143,-15.051898290863422 8.084801974162303 -44.51859494247256,24.435987407275803 51.81626212208692 12.007613781301764,9.57039192189002 5.249471181038558 -8.107125889377262,41.39414382798499 5.859804946295956 47.46009067015076,26.50151185342406 -59.646231312607284 -15.385201116730627
-48.11891175972401 -33.62455399051991 20.927148466363548,-39.667157748156306 -13.04812784996703 4.131569456641982,-38.353861891214024 -4.788558644350305 22.893874602834707,82.88310363688385 -143.9672635613661 -154.5015862294643,7.952333028837792 -6.017919185508133 -7.766448552332897,-15.009064947427674 8.061221357279909 -44.59209058997371,24.225054156357366 51.10523092151938 11.714005114859141,9.530393433175574 5.224564405082997 -8.34655891006443,41.87693563513649 6.452586136361368 47.89865508534888,26.15875115399884 -58.23259370007814 -14.760925353391116
-48.423549506591144 -33.440375324347634 20.693983514594972,-39.91095154167092 -13.125025969293098 4.173585855046908,-38.53691695233513 -4.854585178499666 22.834495965581965,82.65401622465222 -146.3852686848188 -156.6677332018867,7.886867461666593 -5.966703334658702 -7.668766111806619,-14.876567696695313 7.934463970521473 -44.65161696377632,24.004857383855157 50.378914970160764 11.41673521903477,9.461105446032898 5.217292279768612 -8.486307995076782,42.05169640712124 7.124375107847941 48.393506571315015,25.85025931348084 -56.95723121523504 -14.196475694033216
-48.791333930781185 -33.14525372142934 20.281258498021383,-40.03483452395195 -13.20545171750203 4.1863169428201905,-38.54398621987531 -4.888846905717337 22.72649515146867,82.83445588981765 -147.74107866164428 -157.67008402059903,7.787785861489783 -5.903686574225816 -7.512681932838143,-14.637343622724966 7.692564862775181 -44.6530104258091,23.832153687623705 49.82554475211545 11.192997208776658,9.344554788403476 5.234338657456818 -8.52908590509622,41.988035357033546 7.736996663419308 48.86786483031242,25.676933298307755 -56.242759049257785 -13.879584153790159
-49.091820094244795 -32.79482690400944 19.75394529113081,-40.04644980786751 -13.29934579722867 4.186733704609293,-38.37391878831952 -4.9073248359412 22.661112835747108,83.26423009972484 -148.0614801283237 -157.61607536968546,7.634789074263643 -5.827350505493534 -7.341981391038373,-14.301378724431798 7.35165973414079 -44.57780645918122,23.733891051055274 49.525028525557104 11.073963729966325,9.170564932139262 5.270946783589634 -8.53971582748399,41.93376283506635 8.255351717679627 49.292156775629905,25.677613942665417 -56.25093293728134 -13.882591903339433
-49.221881975046145 -32.48405968133912 19.24584700782936,-40.01872709648457 -13.41760721755238 4.197557903095589,-38.11868218249957 -4.929386228306832 22.72349091696971,83.64414143430498 -147.93595705358263 -157.17627189765741,7.424787575661545 -5.74197624637097 -7.20684532060192,-13.904898620942467 6.950011179957361 -44.43879863716815,23.70203930619656 49.437862975127 11.041274259287285,8.94757983733572 5.314707271318477 -8.594224403034566,42.14092626526758 8.721445202819083 49.65921303328857,25.821380562074612 -56.85029737857774 -14.147676764144004
-49.16403428661128 -32.310887585670244 18.90329667033309,-40.046399096079654 -13.568397265435483 4.233443699209904,-37.91699676199616 -4.96205666057696 22.938960864455172,83.70854114558864 -148.10922504582607 -157.13364231505253,7.184158863389402 -5.658972562852142 -7.137646334037327,-13.502723777440114 6.541754797973948 -44.271355232554434,23.70420803938213 49.448466919707876 11.046178500372719,8.707845330855932 5.352257637234561 -8.724911945052977,42.68430822471393 9.172662909184906 49.939358114647966,26.029572455604534 -57.71077919425489 -14.528648917256394
-48.997205455347235 -32.33747574271954 18.824364535554327,-40.19427110047168 -13.753846391640415 4.293930560517408,-37.88681317369151 -4.994455544514022 23.251478391536388,83.36630483267993 -149.02768258878663 -157.91588257071038,6.9661474611945655 -5.594441234643612 -7.132122027288121,-13.154494865813081 6.1875462213801455 -44.11511109784945,23.702834493293583 49.433971233732 11.038605213525145,8.501597525773603 5.375117511254937 -8.896257712995821,43.38670220031109 9.567599603425236 50.053870778137,26.213928771123747 -58.4660661926286 -14.863090114031758
-48.85238650736389 -32.566760090127616 19.02243709278944,-40.465504513828314 -13.968349250658099 4.366657109518502,-38.07185335175767 -5.005719650006427 23.548147796570554,82.73264716453585 -150.6088005542764 -159.3866613595199,6.831542946761055 -5.563362392084414 -7.1624728216960785,-12.907059533875795 5.938624185847338 -43.99492382317801,23.672899246358128 49.32197029889141 10.990658292881978,8.380230136470866 5.381924216397197 -9.02655515104551,43.901736843757334 9.775925125168971 49.89335188451507,26.312179882411353 -58.8627480893067 -15.038689682283632
-48.8384115323047 -32.943766577137175 19.428445411225365,-40.805115353111084 -14.199149896652346 4.437574103748954,-38.42769213017782 -4.980801526575393 23.717013540005038,82.04279429127594 -152.35091551437415 -160.99716220298197,6.820811824692432 -5.5728371132601975 -7.196376042686483,-12.777647858830768 5.8158220086738215 -43.91007896357192,23.610564101770812 49.11257985048377 10.904536384395476,8.374849275583909 5.376748818219165 -9.041131077169085,43.90921476705507 9.645270889997676 49.37687186530187,26.306789971302525 -58.8351614949296 -15.026460640595582
-48.98133475164069 -33.378795240552485 19.925619062957157,-41.13333510726437 -14.42906122943695 4.500602944926077,-38.850475290711636 -4.923248104546886 23.70556300439956,81.5083284783451 -153.6875536799533 -162.1736188200785,6.932133469913877 -5.61778663127763 -7.217595159866979,-12.744144814531262 5.792178844295099 -43.83663513333258,23.530771004554847 48.862276474013846 10.804521597870394,8.480453126980102 5.365425630045937 -8.922863249163797,43.30738867497932 9.105809431029067 48.51795606611143,26.222644964473456 -58.490142103900766 -14.873779456015708
-49.21314146131986 -33.77953469319202 20.395681075762024,-41.38740840350259 -14.640294999244302 4.559948831810656,-39.22919829804637 -4.855780000503252 23.54636236178193,81.20661472755647 -154.3472033448658 -162.67930198730642,7.118160359407439 -5.68167100795946 -7.232863943594657,-12.74794857970748 5.790964869156811 -43.74144126276198,23.457334285068715 48.646229322223626 10.720735302527036,8.654565996703825 5.352616474779326 -8.726960001626782,42.284432215211766 8.245083380151392 47.45391862597445,26.109410083509037 -58.029602196531826 -14.669822912287378
-49.416175790407266 -34.07658506342683 20.753219067038106,-41.547620506090915 -14.81794353725789 4.623458107668238,-39.492386806537176 -4.807199495361343 23.334802106544053,81.06737833199728 -154.4910096466397 -162.72146253625357,7.305087331716732 -5.742425908610754 -7.26118947947575,-12.710790851148742 5.70609793292794 -43.600742131571586,23.4116933341532 48.5225835669315 10.674782463915088,8.832662001860987 5.341334587184793 -8.548986513125147,41.22036205180066 7.299710273137352 46.41292043693832,26.019346053473285 -57.65953919409411 -14.505243788738058
-49.496228301139155 -34.23254364061026 20.955315623208094,-41.634642901459785 -14.951919246355008 4.691619508793823,-39.626487510746315 -4.793112018425276 23.171504237577782,80.95659276930286 -154.55414213474563 -162.7491050302786,7.425593901822923 -5.781107694662421 -7.3134920037964655,-12.560772955148556 5.440444666241465 -43.41410897301509,23.40553391090185 48.51516439736061 10.673891128645844,8.954243232596498 5.3346562701645235 -8.46452590422448,40.47109181642117 6.5589695283458465 45.6286141912116,25.99027165366483 -57.52621800424686 -14.444284425716
-49.43995648535719 -34.23507411738642 20.989310771059476,-41.68332085831709 -15.037023216213681 4.75006058249288,-39.6613562099185 -4.8025542621801165 23.102605405624466,80.79668394836824 -154.911119765462 -163.09164988583592,7.44915959646622 -5.789169717607268 -7.377031643622536,-12.257784993615838 4.945901762822135 -43.206771037637886,23.439222745353426 48.61688724083219 10.713771419655938,8.987514282515697 5.337700375847588 -8.477572521070583,40.15889797088738 6.229004714131872 45.24428971763075,26.038202708962608 -57.694588780437755 -14.515822249844891
-49.32185945596045 -34.08323093232007 20.853357991690473,-41.7119041105681 -15.071820422469573 4.771572359475333,-39.63692481599855 -4.799846342911987 23.09278410053196,80.64101616214184 -155.59715258747366 -163.6910716745187,7.39395556782376 -5.770816714295788 -7.416161064916604,-11.807578606796802 4.2452342906481295 -43.01917498652701,23.504678004596492 48.804240564431545 10.7853845795425,8.94066975977274 5.357719092524517 -8.510977489989116,40.09443860756451 6.332838936334963 45.25736008945792,26.158661963472632 -58.158677119644175 -14.718361720125058
-49.25681081361897 -33.778802614419256 20.545893900549693,-41.707424082619 -15.057559881319612 4.72786600918408,-39.573921112480015 -4.7422460203084835 23.04734436323472,80.65160671140013 -156.27667460126128 -164.1163292667277,7.313982769035212 -5.73933109979728 -7.3903794163079235,-11.258274256351843 3.4232262768660653 -42.88894399025698,23.58969792170801 49.05000526922312 10.879862617912494,8.854222002703688 5.4014517793289 -8.447749726791335,39.88223791345551 6.7039641593657056 45.53454120166855,26.33263270005929 -58.862660199710135 -15.02912896426942
-49.327554372266285 -33.329435605757894 20.071407842847606,-41.63687775838289 -14.998127374870558 4.604993105525352,-39.46624014026905 -4.604376980445891 22.871389946022106,80.99186614484091 -156.48430433835244 -163.86032569187495,7.268352378471869 -5.709376681023343 -7.279125157732615,-10.681181121594815 2.5905538254778913 -42.83417293741388,23.68129281860633 49.32698269390781 10.988778250538939,8.778387768998074 5.470892379298169 -8.201177341054963,39.15551395095866 7.07933782712538 45.88938308662733,26.533297624904908 -59.71697800885278 -15.410272554032804
-49.53214693914576 -32.76104949022803 19.457058711364002,-41.47707102003434 -14.90106260044423 4.4135361966557305,-39.29736938592798 -4.3957017681292445 22.53233111613996,81.70154183178111 -155.97985284120364 -162.72774294296704,7.289287486759617 -5.689375222913824 -7.097629693264682,-10.145338285218376 1.8390071975737452 -42.846247758856904,23.76728344944747 49.604550451910825 11.101241047574797,8.74726409240671 5.560011859224398 -7.773133888899239,37.80874939862354 7.241231605528771 46.17923397754093,26.731694407642053 -60.60764128955721 -15.811777944873214
-49.784316510219696 -32.12929157127262 18.765910095480276,-41.243648030959854 -14.778580841081128 4.187134041849674,-39.06773674413098 -4.160510292635272 22.089288847997423,82.63467749928492 -154.97695387891153 -161.05180709929175,7.366083527004476 -5.677944760976258 -6.892920639509365,-9.697930743871936 1.2118858386887734 -42.89545958332358,23.83691780211489 49.845643445366505 11.201802665910883,8.76313173936151 5.654822883670597 -7.265139580455003,36.09330637336092 7.129477618085511 46.36853416017931,26.901199373258844 -61.406894032155485 -16.175434036540693
-49.96713401808991 -31.518421001105775 18.09323468424135,-40.99941038985624 -14.647040644489293 3.9693021752070847,-38.81319288967015 -3.9593788924294206 21.6711512231804,83.50486902573925 -154.07970926582803 -159.57820775363194,7.45340589559952 -5.6661093672091205 -6.720994777017219,-9.35895645352811 0.7047139827125655 -42.94611568085504,23.881594921564524 50.01069666064095 11.272345144177315,8.798731362543732 5.73747742391509 -6.833265168823062,34.515984515817266 6.862665689198775 46.52565986667538,27.02114298037215 -61.992586674821474 -16.443713304751103
-50.00707542018296 -31.022287944255055 17.542054736685937,-40.83380013678793 -14.523842119606282 3.7951178732735045,-38.600604541578896 -3.8414639299956335 21.41390387103515,84.01767603546202 -153.94851494996834 -159.06523665359992,7.498800759519793 -5.643783578365566 -6.617969874432962,-9.130210749278904 0.293443893133325 -42.97306660959191,23.8960506888925 50.06874306941442 11.29785932009969,8.8156464416378 5.792801669288244 -6.610508514716972,33.591048516952576 6.658953986343583 46.75952790444778,27.07917257831738 -62.27417047402057 -16.572702429299238
-49.92209434565802 -30.712703366899166 17.187024247859483,-40.822469905030744 -14.422171770535133 3.6772780646168233,-38.500830444909234 -3.822323592836629 21.391049606520617,84.01690771794077 -154.89661021895728 -159.8378987235158,7.473696958463572 -5.606689503249765 -6.582261183292135,-9.01057262135889 -0.02927324988697988 -42.97112936665707,23.87940871978148 50.00937249861899 11.272795419582064,8.78825961887247 5.814137922312641 -6.6396971650416345,33.579908615011576 6.704104518405397 47.13692151616196,27.071451673612586 -62.213878809564946 -16.543404091721097
-49.81249103001076 -30.609430313054588 17.044210636649176,-40.988195104503546 -14.345584548772596 3.6035871468838465,-38.553443854681255 -3.879069004771494 21.575266794711947,83.56180940941819 -156.67513433366608 -161.57722326316807,7.390439981185813 -5.55970299734531 -6.578630018399793,-9.006523960850133 -0.23392675382163475 -42.95305548978686,23.83521683614682 49.847544391924885 11.203835991065924,8.71988235999251 5.805516887931318 -6.85461796734917,34.361216263268346 7.04321802083418 47.63157618351721,27.000398381749545 -61.830793472517435 -16.3649408576454
-49.79840802029625 -30.667811725261952 17.063169285724214,-41.28476388511257 -14.28517217905656 3.5465397672425683,-38.743145451198046 -3.96510726817218 21.852431337454618,82.89169660861981 -158.5950718323758 -163.48994525850676,7.295983652239153 -5.51473786828646 -6.561868159405753,-9.130713084802844 -0.2636986640414815 -42.93821705338522,23.770221316035645 49.61759064523041 11.107106064822151,8.642182029510812 5.77900076455379 -7.119784729304804,35.50225463127587 7.557104618562054 48.13568007772279,26.871233178997823 -61.184774846419586 -16.06745702258225
-49.941456678516275 -30.7929677414888 17.14726633378369,-41.613595587513444 -14.221388251205664 3.479073132677338,-39.001783436446416 -4.035963137046422 22.080338317076055,82.29942770503017 -159.92344821706178 -164.76774907553005,7.246158688082187 -5.48445269807371 -6.505838553033147,-9.389871274857743 -0.06754393193801539 -42.93943465872483,23.692630164156856 49.360006927554814 11.001485010858493,8.59843521103529 5.748535577707989 -7.305820801360771,36.49078549181798 8.033989602045757 48.52594646830777,26.68985781940897 -60.3503101809534 -15.688993260434458
-50.199321413311786 -30.87673393114867 17.19405077298477,-41.865388202870484 -14.130621827654467 3.3875725418245777,-39.235955716973336 -4.071772375233282 22.160105003076552,81.98645079510928 -160.31099275502885 -165.05661983791467,7.275366266331805 -5.475472932049138 -6.420072488611591,-9.771185941180375 0.36592492752140937 -42.95631568372034,23.61109681789783 49.10953756269136 10.90226000641297,8.620172002350186 5.723451280465925 -7.357364187799852,36.99834407654921 8.292094826296413 48.74296946710041,26.46417192375192 -59.39736727220637 -15.26459010270919
-50.44346781895808 -30.84162588121147 17.137215188374952,-41.96586400174212 -13.994243418166567 3.275434969142868,-39.36639772149701 -4.084325146639249 22.081895466252977,81.97982091070502 -159.9778346882661 -164.63925283296183,7.37890051577326 -5.485065309529872 -6.3435117186969965,-10.238175602017444 0.9985543143750454 -42.97940941002255,23.535101997387862 48.8919328088517 10.819020745687018,8.710380317688301 5.7048610110374804 -7.315416332569044,37.03111193251484 8.280722604492206 48.83431890617143,26.208599490501655 -58.3912343793527 -14.824163524792086
-50.53192851328294 -30.671563039489964 16.97076636196202,-41.90292144628246 -13.806339891720675 3.1564415241653556,-39.35943248283909 -4.105588149805362 21.921568053126506,82.15209439933247 -159.53029000089342 -164.2068774710295,7.517602237933354 -5.503138904835415 -6.318966492948936,-10.741496105993564 1.7666122203105146 -43.00258053788715,23.476123674295113 48.73015693358395 10.75859418050163,8.842592639280694 5.6865939542725545 -7.283126232399188,36.89058950870256 8.102445807275668 48.933765978724466,25.948645162704135 -57.40856639893881 -14.399043026643586
-50.394538480082275 -30.414685426589266 16.744843464555846,-41.72289127402733 -13.576620079421296 3.043216924381408,-39.235604606048824 -4.1651777398291 21.792364954301863,82.32327623993764 -159.51950224557675 -164.35933449461214,7.641566013457103 -5.518284511918814 -6.36393135449339,-11.24001730729423 2.6248912958914237 -43.03521318902398,23.447920798944953 48.65328765933894 10.730047129350993,8.976069116919644 5.659864937641178 -7.357115370349154,36.974711174618186 7.947033754005531 49.18792705625887,25.720880225954414 -56.55244865121117 -14.029922665292828
-50.07848753375223 -30.15685756374799 16.53644488227851,-41.5000530393975 -13.32703777929439 2.9385761738436265,-39.05301692618373 -4.270244898959917 21.780176224765516,82.37771836867465 -160.03110805439528 -165.1585018816382,7.718683164357386 -5.524167860662756 -6.456028655569504,-11.719237340927329 3.580124916830586 -43.1047808549395,23.464359068591722 48.69836167343874 10.746993662643133,9.078105428488392 5.6189805014012775 -7.566070266731366,37.53842458363738 7.979687191551305 49.67387262799325,25.565398179366678 -55.946213432647696 -13.766612388348728
-49.72444194255265 -29.97873246191451 16.410001092353752,-41.29690164759516 -13.083595617979949 2.8351893097560463,-38.87565227381636 -4.399344788023293 21.89862926572592,82.3253521922594 -160.5923816440252 -166.0436685644205,7.75122248660681 -5.5223948918071235 -6.542672491967663,-12.193418688371262 4.684686287367553 -43.24508287409751,23.53467772783062 48.89961973479872 10.824046102638865,9.140483371204605 5.565014897627931 -7.8529835630405405,38.55105497206803 8.251153602403562 50.35711610492826,25.512118301315912 -55.69813266150478 -13.654784676877227
-49.485119446532394 -29.91719648049274 16.3865406415422,-41.13583779025324 -12.86709047179896 2.7233390320268414,-38.74324579770839 -4.51338377783193 22.08743777748709,82.2762990330998 -160.4871949739769 -166.19420113155482,7.770891840049314 -5.520113015111738 -6.5696754158525295,-12.686256003122358 5.983855907545346 -43.47386042812528,23.658130866647408 49.26872860885665 10.968387313818452,9.18056857251801 5.505684661416061 -8.11051576441843,39.72698862550216 8.681145424166282 51.11500491968229,25.566985192695224 -55.85047849791125 -13.714419753081446
-49.43411845162279 -29.9494844236943 16.434748644789853,-40.99497139071248 -12.687019939795043 2.6011774956786122,-38.65638657086792 -4.576736445757698 22.25198930115615,82.35448604597013 -159.2931392041063 -165.12473208325014,7.815641231005487 -5.52384750361558 -6.511562922095632,-13.198278674948762 7.441201477913136 -43.771018042359636,23.821159115808985 49.77764623565494 11.17144023110394,9.226579348681927 5.451810081701251 -8.246729926737833,40.70310893519542 9.119918244415762 51.81047796530546,25.706008864632615 -56.34291493000071 -13.92270974539958
-49.52063629869775 -30.006552936999128 16.485893266582526,-40.8268030504394 -12.541203861640994 2.4801529365344694,-38.58109599315583 -4.5759471624044945 22.31893912282627,82.61321878221186 -157.2755499893268 -163.112036263279,7.902364566985694 -5.533464601303033 -6.384870632498612,-13.679727785434588 8.887865271286925 -44.07077650979701,23.999605364116377 50.35698127578738 11.406660795388744,9.295935192073513 5.412540940323222 -8.240310116681579,41.251716063076444 9.444804517402606 52.369880317505555,25.88235104454198 -57.01914129535096 -14.214776170898599
-49.599544641600865 -30.007554898552993 16.46346047906591,-40.586835753519075 -12.42072927772311 2.3812524131409267,-38.46709862988395 -4.52526979679102 22.274802680590362,83.01041970331279 -155.32069355311302 -161.11555208273072,8.012235342967763 -5.540229770743985 -6.235925831743313,-14.028266903084326 10.037503617747593 -44.27585178094994,24.166034547607055 50.91520197110952 11.636523519892114,9.379898090247138 5.391980316459696 -8.151213354450512,41.400444170308134 9.628409439997238 52.81557666473121,26.045115542601057 -57.684583373026676 -14.506940580602972
-49.52091316653993 -29.897168655530393 16.31280773328499,-40.25591534794019 -12.317153672477364 2.3235576542686136,-38.268878457810715 -4.4563795067056375 22.16615666924512,83.45767956825306 -154.36158759163288 -160.15262464497283,8.098103040293317 -5.530570155795542 -6.110513026434744,-14.119705979332615 10.577594178964713 -44.29118589347573,24.299236957221208 51.37176360808717 11.826335324162658,9.44434868039901 5.388802876932146 -8.080349045018158,41.38989360581884 9.735160068730277 53.2320076547871,26.161550432301908 -58.192272474106744 -14.733704398135654
-49.22570004724695 -29.667261021866437 16.01827177134361,-39.84619758545735 -12.227928092447705 2.3117142113708877,-37.96031806128022 -4.398996270268021 22.063708424406617,83.90448710456533 -154.59566575036408 -160.45888492609873,8.11038133993877 -5.493696310933393 -6.024566540737902,-13.861942211686715 10.304440203912328 -44.06400410617447,24.391315067299654 51.687653691316555 11.957919344245868,9.447279760758894 5.39862358778422 -8.103516510116,41.49921827977559 9.85030753995802 53.686096350476355,26.231215334861066 -58.512319384866046 -14.879213722119681
-48.78836167992764 -29.353749716564124 15.60290688266271,-39.3915034681624 -12.157242329387389 2.330074374514652,-37.53986165617979 -4.36429229242353 22.01398844927078,84.39242708847922 -154.99800826178296 -160.9734188336164,8.02673184689705 -5.4287344507206585 -5.955017922063057,-13.247194454011211 9.237468182962491 -43.611796956990474,24.44861995671885 51.87652467378792 12.035533016996865,9.363660760218732 5.41733609736801 -8.221091797491619,41.850127423575444 9.990572589297283 54.15357997517163,26.283773486313997 -58.74295523075145 -14.984065751409975
-48.37761344126309 -29.013225643535062 15.114752330508265,-38.931490617725686 -12.112243812050904 2.3476789772697915,-37.029013359859675 -4.3408558630349265 22.009138220648623,85.03262467294746 -153.54367363540365 -159.5807437135373,7.868123439269883 -5.3470147934180945 -5.8576316332721,-12.374410673031097 7.648505150493284 -43.02352113420593,24.48600020829739 51.98970903755333 12.08044558559613,9.203448739200693 5.4432760064416765 -8.35565336792369,42.31277672291101 10.059719698098316 54.50214451206408,26.360419593348183 -59.05002953480688 -15.120400901439218
-48.15627176015284 -28.69429577680591 14.608704433412319,-38.50054386754916 -12.097287355955036 2.3319750553648815,-36.46880933562625 -4.305052602768573 21.993498024771654,85.91274205837625 -148.1798449249651 -154.139392778672,7.691234917162244 -5.267764152569512 -5.701306737553448,-11.425658884183497 5.977711153953677 -42.430759622160075,24.51764821045066 52.08362686304646 12.117252646279557,9.011654896784094 5.477013965137938 -8.400200735925361,42.57496033549114 9.885581860415169 54.549008808019565,26.48825423039479 -59.56291576188801 -15.346468068889056
-48.18012895017074 -28.420066363186024 14.132647648207296,-38.126468884424405 -12.109991382617695 2.263961063503934,-35.91625865514305 -4.238733853057097 21.902718671559033,86.99321658563179 -138.12269437685958 -143.83758056901794,7.5605203802450385 -5.209220075919782 -5.496715555776664,-10.602333462190106 4.6637460548669765 -41.95954504451282,24.549993134301573 52.18929519872076 12.160262927651235,8.848982204614703 5.5192098093570925 -8.287711780168173,42.33576383477275 9.32292401726645 54.16381075455786,26.661811409120297 -60.284427448187145 -15.665794602711923
-48.35939871511576 -28.190156590775477 13.721697706138757,-37.8355196940882 -12.141748572219015 2.146448850691307,-35.43858196006267 -4.142791231069914 21.710792499583114,88.06956401344192 -124.76721034286646 -130.1268538517916,7.51493646749534 -5.179931479874857 -5.299097205802195,-10.048036252121298 3.962810784819496 -41.68318386047565,24.581103881162377 52.303418031423426 12.208706659745191,8.762384237788096 5.568247379683057 -8.038241918109462,41.506414006136325 8.361012304454912 53.3557141905516,26.843117762667756 -61.07114365745497 -16.016627753252205
-48.51031789789481 -27.997988210614327 13.398665556902085,-37.655112092884536 -12.182586364824687 2.000977740632385,-35.101441759753016 -4.0377326856186855 21.454966947541983,88.84329976967503 -111.59050817207716 -116.59715207483912,7.5476113762432195 -5.175077416255513 -5.180240893853593,-9.793660595020064 3.843071492069993 -41.59673917132097,24.60723117881661 52.40796077221809 12.254390807762011,8.76090723120342 5.619534732005332 -7.7521747403427925,40.292191588373576 7.165123533544907 52.28753560012392,26.981986830168957 -61.70542038976727 -16.302407984220153
-48.469170124194946 -27.849396722148654 13.175669436386947,-37.60741604334837 -12.227475592240882 1.8553622971376704,-34.950386978626625 -3.9506258547586075 21.221361761431314,89.0760285455391 -102.90023437214052 -107.65959047161832,7.609689281325236 -5.1798926802482645 -5.18447380986434,-9.75114581445103 4.008620749582268 -41.62435527097585,24.632517982769784 52.50690654203636 12.297481789945312,8.809904222741185 5.667295135013064 -7.550862129285417,39.096942751189616 6.015894103716021 51.19966465859656,27.046674411325547 -62.02821767092257 -16.45072319043353
-48.199674453936865 -27.76778223243445 13.052798342544087,-37.69468981969634 -12.2800051736904 1.7291001720100727,-34.99091234840639 -3.896448032013772 21.097782315199506,88.74101800892764 -101.90727558656776 -106.55510519557996,7.636204983703634 -5.1782645777442955 -5.295568390311365,-9.759470019310035 4.0449882023408525 -41.65574108341117,24.675293954095842 52.65588329387631 12.360051062661103,8.84724835770691 5.708022520099057 -7.499305522927151,38.29743902087634 5.170832441010601 50.28085270147784,27.0480197883763 -62.06148937317829 -16.46930654170111
-47.82412008876609 -27.779853809203082 13.013801915607932,-37.88542830556632 -12.350566550697732 1.6248325457823922,-35.17747312766367 -3.865770718263377 21.120716686584785,88.0745516512296 -109.0471092774305 -113.65358118435506,7.579750709495666 -5.161591185146398 -5.437526040455877,-9.661146115056905 3.6175855032133266 -41.595021051327045,24.765553075345313 52.961177107794505 12.486848363329687,8.813607878417523 5.743521460358016 -7.559027349281008,38.01657862020002 4.723062509032442 49.559569132343164,27.042163301539205 -62.04512405064556 -16.464778793315823
-47.552069243972625 -27.88950289402437 13.023027417031315,-38.11316150121283 -12.449251985842935 1.5302250103728594,-35.421106406017834 -3.827311153491621 21.248505324051838,87.47891544459223 -121.46396951261809 -125.97443120622584,7.4337377502207795 -5.132845548426317 -5.51318054678189,-9.372825680407137 2.627237905839155 -41.40011569821017,24.932886358110018 53.54030196259946 12.729211060082305,8.681450413549758 5.781372907722855 -7.603499853360068,38.03273353880434 4.5417381552569935 48.88492945138932,27.107490970996572 -62.35237346600188 -16.60645990797684
-47.54404415405402 -28.05730405110929 13.029252548403953,-38.29431751480672 -12.576902766510507 1.428369440700243,-35.617750533082784 -3.7450908486320693 21.378781212312838,87.31541554449353 -134.06131011046213 -138.3136722531963,7.233364196447482 -5.103622463968049 -5.460992700089159,-8.917257758418002 1.2482651727467626 -41.09610820787157,25.189883889671542 54.45890774101362 13.117873446143765,8.468208738057614 5.831882902647144 -7.491597325821417,37.88979480973996 4.337893636889191 48.019510944390134,27.305360688447973 -63.31156065402049 -17.046280462138096
-47.79316843193788 -28.202904067352954 12.97936240601263,-38.36047182499734 -12.719291098874514 1.309877536464821,-35.68818485061003 -3.600926559874021 21.403110022417493,87.69889465019126 -141.739337698243 -145.55376797212642,7.035193179116532 -5.086135014458076 -5.2965634797960215,-8.403860007442283 -0.16590052505491854 -40.75882645812285,25.519560997064378 55.67564262998648 13.638175057586837,8.22747807030817 5.902476075024407 -7.1580123977250265,37.15821040046217 3.8294559206419345 46.801850283196764,27.643941351498686 -65.01719704077757 -17.831674123255333
-48.105084014159594 -28.23599428008304 12.839134708404256,-38.290058765278594 -12.848278006543739 1.1791690174852933,-35.6120099782882 -3.409155442915909 21.269654309202373,88.41770290314838 -141.78422619479426 -145.07586842892556,6.888056933333939 -5.085194223441848 -5.11088846084211,-7.970972515352502 -1.2576756644526874 -40.47865522796594,25.874433027135538 57.02720901889181 14.222025235533625,8.023568304931013 5.992085646367737 -6.665841116616021,35.70634918583561 2.918989091427828 45.29042035171174,28.06451593906654 -67.22913121687506 -18.85673215834582
-48.202575755434076 -28.10424120195672 12.612763071144563,-38.12189437674087 -12.930408397735532 1.05135997601879,-35.437940062556066 -3.214296634165382 21.01850475716866,89.04071902813313 -135.20676848479985 -138.054168577735,6.812048134385465 -5.0952566088889535 -5.020873363131467,-7.720962679056788 -1.8297738396244796 -40.3226797812662,26.189582753272767 58.26838370616081 14.763818305108357,7.9029899288916585 6.08850146256758 -6.185418511272,33.827049679830964 1.7831377428669124 43.80157057845885,28.459293515603036 -69.42239690662058 -19.881783264580335
-47.904399787301735 -27.833144284162316 12.350515282138094,-37.94031585365509 -12.939500026341193 0.9421536832094606,-35.2623535031918 -3.0717480744349595 20.768040413717998,89.16610717725717 -126.27737133548843 -128.90103157526653,6.796496160925269 -5.10452191755809 -5.096691054524468,-7.680565632005577 -1.9169205156729132 -40.31210079793278,26.40502767177215 59.154516573885736 15.15566849970378,7.87718714622739 6.170587567080714 -5.905651438438488,32.13708462717224 0.8148514980596633 42.804541933100154,28.71416690350489 -70.97870883383403 -20.619280949420382
-47.27286059177456 -27.531885332016703 12.13700137174992,-37.836099656056376 -12.867440131480869 0.8574960559744991,-35.183416961297354 -3.0212607075022437 20.657028488471706,88.67540453054336 -120.37619993475111 -123.03289689206343,6.815770093295686 -5.103579867597496 -5.308148422835318,-7.8032559468452565 -1.73417991801549 -40.42273185666586,26.487633738643314 59.531293136390445 15.32703836922146,7.9239552821397705 6.2152089662578085 -5.925661665253681,31.28911286874366 0.43750159004830813 42.712356026890134,28.757004110682605 -71.43884958037759 -20.85041012709616
-46.62796755031287 -27.35331804571273 12.060289521740794,-37.8609089248157 -12.727945516475089 0.789789391733414,-35.25129366385619 -3.067254483000573 20.77166764524142,87.8378632658975 -121.14334245395402 -123.9938855699607,6.850858542947663 -5.092948545847474 -5.526483637806239,-8.007152067149338 -1.537266760913459 -40.60450066068072,26.442561545128346 59.39087716898712 15.270728744558518,8.004575026622433 6.2065398564387015 -6.190540103095353,31.639870383831994 0.8818484774067614 43.6677391397933,28.5887729869324 -70.70084500872156 -20.519548231614113
-46.39253308617311 -27.41963371226244 12.171483735479821,-37.998045389851356 -12.551288554773183 0.7231678457371529,-35.4385956868291 -3.1765028654614293 21.095832234026165,87.18229298588484 -128.32553385264382 -131.35541938782262,6.901564847874738 -5.084075567346269 -5.589727502368913,-8.223883989405765 -1.4750523951726962 -40.80744064566054,26.309075916344412 58.86861253739403 15.043222714594474,8.085634821278846 6.14412876704305 -6.514110646408043,33.04709264491315 2.0422684235840047 45.43427050006992,28.282913263078317 -69.07078037443915 -19.762155744255587
-46.830262273506705 -27.74633537327555 12.451078923605554,-38.165350035815386 -12.372321149278124 0.6444339951972076,-35.64668172072795 -3.2942910536367283 21.511291331787525,87.1832478468119 -137.44023713041645 -140.48879966600842,6.980737936453781 -5.092110031357024 -5.403045285102197,-8.430537185982997 -1.5145543284982206 -41.000601011888065,26.143046855053075 58.182786764306705 14.739570377500458,8.153122903328692 6.046244081013216 -6.683577005606672,34.90427989579918 3.492039909338092 47.45613181544279,27.95373722742551 -67.14139741304066 -18.8522114617924
-47.813918305901446 -28.204156425806637 12.798799473672021,-38.250369420579666 -12.217322888909184 0.5524770199642655,-35.74645686193871 -3.3701942991190093 21.848835935315492,87.92480220276478 -141.5274637805108 -144.42193934173827,7.094243813766277 -5.123986697205697 -5.020704487121898,-8.649160282765889 -1.4752933288263095 -41.17633363907124,25.99470861153507 57.54684365550574 14.455047332189505,8.212055985964774 5.946580483808547 -6.5920430642860754,36.40060458095823 4.657034232506337 49.06772039670562,27.709332207324067 -65.55423380852375 -18.092875905397996
-48.76670396172487 -28.545800454483906 13.05644462077087,-38.16153631359908 -12.095621849249124 0.4597840968855009,-35.63547831730956 -3.379741283883938 21.964994265422195,88.93933421369012 -134.24537914261083 -136.97327808832333,7.220781906068039 -5.169003074798852 -4.658949478343674,-8.918482314886814 -1.1480738773548702 -41.341498370772875,25.891994292154884 57.0949548893384 14.251478045370414,8.274048443960874 5.8847874459120515 -6.3235178900590725,36.878301056854326 5.0653835107472185 49.75912429552128,27.61100857004345 -64.75373425890123 -17.699940638223527
-48.8454358868479 -28.495950668648643 13.060483331156199,-37.87081919989566 -11.999402919138737 0.38461421722731726,-35.285066333698694 -3.331067559276424 21.806303056493192,89.3431636022599 -112.89143630377987 -115.71362576720074,7.307479793086866 -5.198711889715519 -4.620465073007453,-9.258435386534082 -0.42760604471707797 -41.50395154415215,25.836246536193457 56.85248055036235 14.142630147367536,8.342351811473371 5.893614382256905 -6.135333969271446,36.112600799205424 4.551282684310159 49.37441203669651,27.656771187780027 -64.84095901814788 -17.72918805180602
-47.31150964991225 -27.871557179619614 12.707545117507523,-37.427527097773165 -11.910989413379703 0.33847283885681967,-34.755924973822545 -3.2544147873419185 21.430302729004854,88.23837512300854 -79.93670162424537 -83.36466060418509,7.2887511671432526 -5.178359608167876 -5.156697966832735,-9.65074389706508 0.6162862156698976 -41.663694152004666,25.810392400927984 56.75832638328796 14.102643502932766,8.404898757448954 5.9869243612283 -6.336117305551578,34.38303444024902 3.314897593197056 48.152267561129335,27.7934830568488 -65.58248635185844 -18.0759899597077
-43.927290960737665 -26.6804263688283 12.007439601722774,-36.937435886944705 -11.813325033903713 0.3168582946442834,-34.17592041239734 -3.1818485906530984 20.975097253346814,85.1994098128529 -42.34856800111504 -46.97457708658617,7.121669359224302 -5.0855214416410135 -6.330526861279835,-10.04724938439122 1.766553522204581 -41.813343162096864,25.793487515834084 56.72019534616501 14.08987919038315,8.440357600734059 6.152881843516813 -7.11567695303813,32.31386668365588 1.8141863509023688 46.595818197224055,27.948375474912293 -66.55491629969646 -18.54054190649026
-39.18121303885382 -25.150248092066093 11.099499400075686,-36.51840852619537 -11.698203436735534 0.2996073575439149,-33.69128598957874 -3.1294159645007062 20.59500636606649,80.59735505922214 -9.007585478861401 -15.253537106161986,6.8193711601498865 -4.926635114883801 -7.948458296510697,-10.399313476961954 2.766259933319552 -41.945588474762985,25.77314865331708 56.6700320247869 14.072007942311533,8.433601507449623 6.355182981184474 -8.414361147668663,30.576052309007395 0.548551467231702 45.240480328694176,28.062573721676806 -67.34540888269315 -18.922847821616134
-34.2091468386653 -23.667488763351496 10.219921739877382,-36.254341567601415 -11.56848853890983 0.2613816341717803,-33.413777875250375 -3.091574667049033 20.39510986711602,75.57617763539693 12.607733525692822 4.709110894784857,6.462084842627227 -4.741841656614704 -9.603032013243116,-10.688000968226591 3.441740125624413 -42.06057826197729,25.74980618550522 56.59187782151433 14.039680957957707,8.390571314090794 6.542643125190226 -9.90503398700324,29.603638803036606 -0.15562459236622228 44.433513122622195,28.11089049253969 -67.71225282897262 -19.10186810880586
-30.41660506988442 -22.644796086117537 9.626821787298605,-36.16840475989492 -11.43409520069262 0.1864012951348608,-33.38607839312368 -3.049821001878595 20.395188573673593,71.6585816146359 19.004056909771876 9.889024547013278,6.175277189294916 -4.593558303768543 -10.815092231871763,-10.934233339190042 3.772001937187553 -42.16664327355151,25.73217668207557 56.513530961938216 14.004175559869818,8.342204112537566 6.664542550509045 -11.106589539334704,29.456171175531807 -0.25604602255536246 44.22537231591743,28.101463728229998 -67.64074573643802 -19.06623446111863
-28.95060709253015 -22.368928231428278 9.50856376686287,-36.22532887641429 -11.304877594429 0.07850403199412304,-33.577155376938315 -2.988898060273029 20.536269658121828,70.14373023183049 11.46714862261053 1.9359922134385386,6.0813922646110825 -4.542282164937004 -11.21700266626862,-11.181086238635647 3.8692065555769712 -42.27294459160649,25.728508612410337 56.474811497424156 13.983905464278715,8.333223433043795 6.686827851925018 -11.581356055834192,29.872728554663528 0.0396923228783308 44.41066568605956,28.060068335583743 -67.28821748876959 -18.891008811758095
-30.24924286886857 -22.89273708717054 9.911189665179249,-36.35752952624295 -11.184986485811788 -0.03992622059327955,-33.904666053300495 -2.9098567127010226 20.72091470424356,71.5692939504776 -5.114216081697705 -14.148405546094521,6.246623779797963 -4.620137938299812 -10.696335068038433,-11.45888372141843 3.8887063417037355 -42.378992483358545,25.740014097956674 56.49647039094554 13.99012648189458,8.400624245449501 6.603485242696334 -11.12465198089746,30.463076025495788 0.41909226999885485 44.680158826095074,28.01083454726636 -66.86539967268678 -18.68114688138548
-33.869287700827684 -24.017993832371975 10.716623855344295,-36.499228335009306 -11.072036745644523 -0.13993714897442888,-34.27056895449928 -2.8318176780851743 20.86335306576234,75.48708804712042 -24.67636514668409 -32.48054834131135,6.648671924658667 -4.814803433924683 -9.436388277541434,-11.756102048177159 3.9280125710301355 -42.469191275397485,25.76062254086111 56.569309290000945 14.020829671321824,8.553324220893886 6.4386592164253305 -9.856535238662557,30.920800491036395 0.6343651297890407 44.79495210570853,27.964468201051503 -66.5232573237413 -18.51463612137171
-38.66865095419621 -25.37749438704936 11.684736203689305,-36.61151493029677 -10.961375200190584 -0.20178752663155952,-34.593691239420096 -2.7817070112003455 20.924461135807473,80.65448811257197 -42.45460283916768 -48.690054783293704,7.1824433991858 -5.072219567336238 -7.837139053561575,-12.017137743898486 3.978084161218334 -42.51818354582328,25.782487636950485 56.667108296803676 14.06519075562096,8.764671308439802 6.23820462988379 -8.1728050099927,31.14985712192113 0.6087793045824235 44.69361693442603,27.918331400163023 -66.29811963906437 -18.412364903697643
-43.26011999922892 -26.581901114750053 12.545899284704657,-36.68895783220045 -10.852641826780472 -0.22469488904043156,-34.82867817915288 -2.7787952203862787 20.91816672527123,85.54684822757373 -56.42120434109778 -61.199630487797315,7.702399680741418 -5.317750902566445 -6.354629704680642,-12.172096430097794 3.9553966132352665 -42.50589932566092,25.8026846993749 56.77043584573024 14.113621379133331,8.982929504719856 6.053353929735923 -6.580264979984842,31.258243982033058 0.4364880555015245 44.48867547059429,27.864727695857752 -66.12782353326338 -18.343346110412185
-46.533335616304335 -27.368706055402875 13.107519017614027,-36.7495723450282 -10.754424950859427 -0.224122239584155,-34.96976865451168 -2.8239005027698383 20.89226213547503,88.94895259005412 -67.2282770116664 -71.00454735010703,8.082123087953189 -5.486498629308689 -5.331785669067504,-12.183020355651083 3.7906272348784027 -42.43399465356749,25.825834105115664 56.88199691482212 14.165164497487256,9.155065440071064 5.922516351257084 -5.495261287061083,31.449859153379847 0.29489634486796 44.372105400713444,27.79948179998468 -65.91280578716238 -18.254522337647863
-48.01995855509649 -27.690476442285373 13.32917030618499,-36.81799747031525 -10.683868903384003 -0.2179322454753918,-35.04443280728904 -2.89986260506716 20.898459828016556,90.35893464315531 -76.96345581031359 -80.32950052004293,8.263155864954332 -5.548847781120703 -4.892935296908766,-12.078091629551029 3.5116553085101723 -42.33254543871391,25.860389405535567 57.02158095292451 14.22660387957104,9.251621436746483 5.858381446297861 -5.097720084949284,31.893571417768268 0.3325764674435221 44.49501551418934,27.724574848333422 -65.57935852957898 -18.10442631101592
-47.960221241359754 -27.70732803216939 13.33201807014936,-36.91258375721446 -10.66095391027564 -0.21019449554541936,-35.102927371760245 -2.9825431260445865 20.968318932812693,90.04426125630167 -87.54453931835988 -91.02111151546222,8.270759685314315 -5.5195080715823055 -4.939893460728346,-11.949091342262722 3.2589946889801746 -42.24989668129109,25.911012305092164 57.20446371522021 14.304190142021291,9.279504350733502 5.845688159759428 -5.300437759992254,32.64456034087834 0.5987756790189103 44.89135114820411,27.644346207721657 -65.11265161388519 -17.883078497508034
-47.073304534760055 -27.69158428274118 13.335913028566232,-37.041489494864784 -10.700191462334335 -0.1837904779953432,-35.20638871628448 -3.0548916150546894 21.104376152209362,88.76694633272747 -99.61753240475284 -103.52390006175317,8.190980053101825 -5.446291290385861 -5.238040246473233,-11.907042478747334 3.212123022906952 -42.227875625040014,25.972641373434413 57.420301781154606 14.39473142384347,9.275818653701977 5.850706532957846 -5.834090800943301,33.647057070887456 1.045488728670077 45.4809300495823,27.560184997142166 -64.55313054625091 -17.61236356707999
-46.16692548142828 -27.89105540586008 13.550371649903528,-37.20542541586385 -10.803969189548688 -0.10827810764103152,-35.41232867509902 -3.1148324506195064 21.285401983401282,87.35044025804422 -112.41833138922047 -116.84926223527904,8.122488987703404 -5.384680020489058 -5.5414612078316,-12.016113453241084 3.462589230196674 -42.27414362110851,26.03125220460083 57.630748084919595 14.483809355740746,9.286039055792509 5.838368195341593 -6.3940011523474585,34.793128020589904 1.5845837798336224 46.13660821899526,27.469761137973016 -63.972560532396955 -17.33310352711009
-45.78009034402903 -28.413834439611485 14.068426187932726,-37.40061035899486 -10.960935983878084 0.03990825793987085,-35.756261638414 -3.172024113877877 21.47788891657983,86.31623486674009 -124.4734383204672 -129.3585724920437,8.128250835670064 -5.370949589715288 -5.695273906978011,-12.241950697752404 3.90991013922219 -42.34752050812034,26.072036969574903 57.79169370048629 14.554117409092163,9.338273350963243 5.789379475094322 -6.772228916823556,35.98352355706003 2.1510635944486802 46.764403933296286,27.372878493208212 -63.451621218415525 -17.089969452930355
-46.014515181734225 -29.184926857004807 14.813371009172016,-37.61723477725226 -11.150156847874774 0.2564338318125723,-36.23242002209897 -3.2361568908654648 21.6459154939141,85.75323416959677 -134.57870542427497 -139.76981827327012,8.21043304600538 -5.4068638883914115 -5.673375489238312,-12.447223326635624 4.253174681771555 -42.36750010547894,26.09041118242459 57.88789571304777 14.599381151082492,9.427446855641213 5.709401848471108 -6.916550773802341,37.14819711843393 2.7269107074999326 47.34367492179972,27.279875223150874 -63.06937121628059 -16.92180683247655
-46.60166389433729 -29.989983043251513 15.565628031547208,-37.83445413906709 -11.348797771597816 0.5010050730084037,-36.78193404116617 -3.3054082584916653 21.756648121642534,85.44128714449398 -142.42321024026552 -147.76074992757387,8.318588569839543 -5.462741971686133 -5.547636947065103,-12.444387562305268 4.103188306063429 -42.247414267763446,26.09842728771443 57.956066903948276 14.634142719638948,9.517794557946015 5.6258872770446455 -6.902912326451608,38.222964740020146 3.3130513493023996 47.90518925114699,27.21483855359337 -62.898145751482055 -16.857378349244954
-47.13345164741273 -30.580772224161805 16.05973003617116,-38.01797516862963 -11.539456885067391 0.7099157314514395,-37.29846580868555 -3.363917733471267 21.783996112313897,85.11359402647571 -148.51609131744277 -153.8570378429624,8.383506445218375 -5.496256164322227 -5.418845341223514,-12.084772860878807 3.171591091124557 -41.937578965152916,26.121065675359134 58.076276219138414 14.690833731042567,9.562070565715366 5.573988864822547 -6.853526440496462,39.11519055437229 3.8762942052858254 48.4672482209877,27.20799519308029 -62.9903656314228 -16.91164144329472
-47.315356839201506 -30.78988206921806 16.10704696948233,-38.1264289948174 -11.71377890984444 0.825125330978139,-37.65591195555092 -3.3912117058895785 21.714009310373676,84.68395335169265 -153.52882501901988 -158.74986569506189,8.356673523147764 -5.476526910262556 -5.353223821304233,-11.340791575631894 1.4428767842946617 -41.45741438972601,26.182825829244774 58.3301760126211 14.80305471369206,9.526847288132648 5.578410409260214 -6.85474335426881,39.69942604245401 4.317218073772966 48.97725922859835,27.278863440703397 -63.35286410207325 -17.079376514291383
-47.1104642702236 -30.600663584491418 15.685478008316124,-38.12719954512358 -11.871276808132079 0.8250844850611567,-37.7518019380482 -3.378004074062553 21.5519252481106,84.30894963757652 -157.51411666691598 -162.5165940467664,8.23420329546066 -5.400840719833605 -5.356712586596767,-10.33747758740392 -0.7668853246275686 -40.89860956259389,26.291654328367013 58.74746734230058 14.983542568622113,9.410099003788487 5.6403540288109415 -6.918322560109203,39.8587238900962 4.491342814437072 49.30210022001507,27.419633393545713 -63.92277701456688 -17.329526922973777
-46.71812026184461 -30.142425296540775 14.951248780308045,-38.01465732110523 -12.014965573206561 0.7394187702221888,-37.549260821623704 -3.3372881580372513 21.325812216719104,84.26825428883949 -159.51809187444684 -164.2487874429361,8.054184064971555 -5.295618480673113 -5.392005406847945,-9.312588600604673 -2.9095449044280097 -40.39427901577392,26.430280063167572 59.27431804522668 15.210729324006024,9.241622733465721 5.736493585468879 -6.996897235860734,39.54789677710357 4.278635810198477 49.27879698767137,27.59109464292509 -64.57092622206544 -17.60887526209204
-46.42529023965602 -29.618041056196862 14.164892113309623,-37.81938136849432 -12.14695178362945 0.6368031485839447,-37.096973790111115 -3.3011800755552123 21.08038878895403,84.757974009135 -157.85599579642 -162.3328976936532,7.871551550670953 -5.201712806589233 -5.417754347730705,-8.520238406689513 -4.427357506203505 -40.06580329082112,26.56200211992528 59.789358462932384 15.434790163589964,9.066299508954007 5.830979281584272 -7.030888274675548,38.83096444418099 3.6602860434397892 48.7979137915001,27.73811796381614 -65.15055017748821 -17.861706590364346
-46.43083968879459 -29.20330366690177 13.566218953565379,-37.599845985216774 -12.266698792521028 0.5897499378185564,-36.514315114939535 -3.3023817324232776 20.859303311894983,85.73775220286335 -150.93253795781672 -155.24820948292285,7.726355256331059 -5.152265278748457 -5.419804517813519,-8.123048490556908 -4.996060626208244 -39.97123380663518,26.6499367861956 60.16649953137996 15.603287568743022,8.919566434845025 5.894672031676224 -6.9896309901006415,37.856199159805755 2.751284271316165 47.87012957874889,27.820130234978148 -65.58107814907471 -18.061933435338638
-46.743622162020415 -28.969277066004445 13.260369086102951,-37.41756796004041 -12.372648758584734 0.6339159803388008,-35.9452068434366 -3.349706619616536 20.682737504700597,86.92971247752959 -138.18196444849488 -142.463934498161,7.62359271170832 -5.155038165234753 -5.414533194423798,-8.125900542891998 -4.6687555843157655 -40.08017087091846,26.679997112296306 60.35324254647393 15.693693428376182,8.808700826031357 5.9215901550025904 -6.880435562441669,36.77404116836422 1.7610921556603538 46.6352536072347,27.840664839043676 -65.92416117556795 -18.241471143194047
-47.20115351034285 -28.86544836722096 13.174176090583002,-37.30755119394398 -12.465516382060002 0.7447919935157774,-35.50113617349514 -3.413216143962332 20.533777680658464,87.96701795574526 -120.64177805922458 -124.97787294501347,7.535074289907853 -5.188590515106482 -5.426064131880416,-8.385324638067553 -3.8448459430382993 -40.288662109525426,26.673766304190796 60.417080739441985 15.733070294748961,8.710403465690403 5.933308313601487 -6.7259978382630115,35.648492406794226 0.8989261956887225 45.30690683631927,27.856431959479497 -66.39562909172689 -18.492818976118958
-47.58243951690806 -28.769871706935547 13.108836888969353,-37.26103018804139 -12.550336620210349 0.847370700664662,-35.221378633344635 -3.4315572147682785 20.365815102275675,88.59522876614037 -100.87242421485453 -105.24103734010413,7.420957149290924 -5.214367497854986 -5.457733958061819,-8.691324833313155 -3.0730903366361786 -40.468959606663056,26.681126810647058 60.523321711490865 15.789345314155444,8.586463159173984 5.9677436270021715 -6.534189736618515,34.42857336077968 0.277226274516853 44.08431052483775,27.954348204304395 -67.2782258661561 -18.93173861491672
-47.73871369737246 -28.578532755169352 12.866440297906417,-37.23270939375402 -12.635027590034797 0.857497320134021,-35.071331620852 -3.342595201380144 20.132904387951076,88.79825102607712 -82.26610560238555 -86.52357537808048,7.257974145373785 -5.198556397725583 -5.481925495276151,-8.881773791600235 -2.780730675039969 -40.53190281029436,26.752927963732823 60.842783768539256 15.93312895102388,8.40966396272193 6.056786469217483 -6.289068611985643,33.016742018564784 -0.12785261198842424 43.0816311739615,28.201908741586955 -68.75176221018678 -19.626622068127496
-47.664755569205425 -28.286458721155167 12.388078833517078,-37.17145367483951 -12.725456574655924 0.7356665117414056,-34.980424034884116 -3.1242441535043186 19.830316910522114,88.77006914319743 -68.0658161361791 -72.02193486080526,7.058556050522059 -5.132605142549904 -5.459280396165053,-8.932279080223601 -3.0591132797648046 -40.47275744421996,26.905903963582432 61.42992903934386 16.18674524195237,8.18658860887397 6.203581125321792 -5.975152447839093,31.4089623959116 -0.4321977004628552 42.31352201159367,28.59356333396774 -70.71434785591886 -20.52462004066593
-47.47668684296989 -28.0170717733948 11.830797991532393,-37.058795142370506 -12.81946817568622 0.5249091017808074,-34.89918842185995 -2.8236867640540453 19.522290843875737,88.7518444101095 -60.504728972153416 -64.06973500453884,6.870904025690001 -5.041981242277203 -5.377078671380927,-8.975768161020074 -3.610131346972282 -40.37825178817272,27.09875597018982 62.13725994815064 16.488017552359054,7.96530857895058 6.371527134944781 -5.620237730777459,29.82350772869071 -0.7405856095053811 41.740180146738766,29.02316835605313 -72.69619324380685 -21.416588397152605
-47.32060849163751 -27.9817665127266 11.53651700317888,-36.93253222932477 -12.903550689117509 0.3498622779932541,-34.842985213922816 -2.555826374472093 19.33587075080428,88.84017290704905 -60.35846729020596 -63.6958337990886,6.760712836776452 -4.978545586702573 -5.281060817815997,-9.240502555727648 -3.8800675134729894 -40.39028564913293,27.235258429367107 62.62319129009536 16.693068191022597,7.823250621016427 6.492244799699407 -5.323764192246466,28.72204381177359 -1.0490491685142187 41.33817679087208,29.3041601784905 -73.94246522510659 -21.973104609835502
-47.274955865272105 -28.38617462653019 11.897264056584543,-36.878433477980344 -12.95494934068333 0.3723442152144658,-34.89527003783954 -2.4657323968542295 19.41509548910654,88.89293941631158 -66.97366221075461 -70.57255072894954,6.784517262265475 -4.9998009761060125 -5.275557256261175,-9.935541574017162 -3.3170955119302015 -40.641984770527394,27.197924099654777 62.46844788739271 16.624867621722633,7.839940510462729 6.490873827903256 -5.2413915904590045,28.673502659634067 -1.2188104708299226 41.14748956540511,29.237112729920778 -73.6672804632694 -21.853005617929256
-47.30730541327638 -29.32637236259894 13.173295923917362,-36.98977818327522 -12.949414482455964 0.7209504469629979,-35.16456485509848 -2.6684895605587444 19.85180256781184,88.60081435223373 -78.63477928288441 -83.24118693025818,6.9677261260114065 -5.14435847280107 -5.484013724954294,-11.138644613091868 -1.6307425921444434 -41.19481351506618,26.899871105209254 61.359609753430576 16.15048564287738,8.066176694643573 6.318370865121828 -5.521610948663192,30.098924365261496 -1.0474930461053655 41.2606791442314,28.699037207254133 -71.38997651654233 -20.847449480621005
-47.308142652042925 -30.72455579103241 15.34798490009633,-37.313518961876774 -12.871738106823845 1.4269197821931494,-35.71563462358845 -3.193437346432767 20.625978349314575,87.68959089589762 -93.05506085517689 -99.46395943448645,7.2964069908915645 -5.414452531976378 -5.986082018082671,-12.740459281684112 1.0662476536855563 -42.005156371745855,26.33131021475026 59.25696713576638 15.252274840493738,8.502404063013586 5.976287016524654 -6.222274295648094,33.01593938718978 -0.4029455571214248 41.75789264709684,27.713486482360768 -67.2048967279285 -18.996468056980337
-47.1751520304847 -32.336521542749445 18.091151123167514,-37.8122702947754 -12.724412269305208 2.39771674695604,-36.5122788634507 -3.960474902551498 21.58931148936957,86.13330997862852 -107.83225320809379 -116.61431315946955,7.72389214325456 -5.772815785022994 -6.764019161177692,-14.47160371568907 4.294058529561868 -42.935361669701855,25.576964440305403 56.46124303994051 14.05677225146185,9.094556290299234 5.5221213793933615 -7.253729680045182,36.92521892677972 0.6594594853739588 42.62827074798018,26.464611721604715 -61.844317513691266 -16.6175940463806
