-47.82415008544922 -30.1030216217041 19.60274887084961,-36.706783294677734 -11.892502784729004 4.6393890380859375,-37.19578552246094 -5.08075475692749 19.10875701904297,86.74797058105469 -101.83057403564453 -111.00859069824219,8.383219718933105 -6.2651238441467285 -7.537059307098389,-11.83802604675293 7.072000503540039 -46.79856872558594,23.03422737121582 47.35466384887695 10.211609840393066,9.94000244140625 4.8647260665893555 -8.540534019470215,35.109493255615234 3.674135208129883 44.75296401977539,25.6262264251709 -56.08334732055664 -13.814482688903809
-48.48900081412973 -29.590174774988782 18.739250542226642,-37.74030408269789 -11.694019408677025 3.9626638870483317,-38.171063328541905 -4.983461396238764 19.491576906785454,85.38786818560999 -127.01896831836213 -134.88940195627754,8.224493703662525 -6.119408526979221 -7.282129170620396,-11.949765411796914 6.7240248328986425 -47.08365480694569,23.34777073126626 48.29904841632839 10.580762511835255,9.743829506602811 4.9733265865175476 -8.464453028154047,36.19334260000112 5.315704429798992 46.19395497965388,25.77521755799219 -56.75593741293308 -14.118584271262373
-48.8982526319878 -29.676139741770942 18.668060255598885,-38.33634718697582 -11.663650139815742 3.7411211753385305,-38.60816989947356 -5.0566975509428564 19.868586015531836,84.67291356050916 -139.83152521130765 -147.43286683871096,8.106786140377901 -6.036787489468491 -7.177132806342587,-11.983465578931456 6.70926768621954 -47.19745095273186,23.27362538585411 48.07513178054563 10.493078552233527,9.626782415762664 4.974599815409097 -8.688000011002112,37.5837154623242 6.39515665289717 47.21506394463291,25.57547446952185 -55.99140236276142 -13.787756942835111
-49.124138183095766 -30.084908830436646 19.045593189653808,-38.61517738288856 -11.742437776161797 3.809682620211972,-38.64589475266647 -5.219445477803827 20.1920842023325,84.47347502094277 -143.54464934499507 -151.50760214297418,8.007657960373598 -5.997556631906458 -7.173810483470627,-11.906153989510619 6.7787161323957985 -47.144316925661535,22.978023753498075 47.18561023495354 10.145517691873511,9.55011304481984 4.919945572598625 -9.049033768937669,38.94160124200564 6.984032163099526 47.79547176349901,25.216949358674704 -54.56483076293023 -13.163528608147148
-49.23889011152597 -30.540474349371934 19.528264523078875,-38.697059445813146 -11.871425115731828 4.0032699389240936,-38.42302740553118 -5.390687433585743 20.414371324237834,84.65992088210153 -141.4347453499385 -149.98222466649895,7.904670094943976 -5.982011854585044 -7.223902471210188,-11.684858084888468 6.683357240320483 -46.928612488451805,22.62719825271686 46.133180072977 9.735039661040831,9.475073269708387 4.860763677420749 -9.385413102883973,39.9279893384666 7.153871246081164 47.91435928503868,24.889594424365555 -53.25131120632809 -12.587427171723613
-49.314741061350745 -30.766828606962882 19.772489434561557,-38.702258151126614 -11.991654956542478 4.156804848730334,-38.07835737547824 -5.489405675052666 20.487747238298244,85.10261945917613 -136.77821785665205 -145.72535120671705,7.775383475383395 -5.970449057796173 -7.2791490387669375,-11.286605306419073 6.174178078886657 -46.55469740381977,22.387381302029155 45.42053758804091 9.458604190021116,9.36291496636234 4.848453949210088 -9.534996813764286,40.20386915112825 6.976214187517197 47.55090735803843,24.783361865509224 -52.825932285843564 -12.400980538089634
-49.42392367664243 -30.487963911595536 19.43468310278931,-38.75103827420598 -12.044170096610387 4.105209066886132,-37.750674179918185 -5.434582458968659 20.364511801564106,85.67193906735713 -132.85147149564975 -141.60559856106016,7.597359032986216 -5.943164141831764 -7.291290455346541,-10.678423095456495 5.002165716987386 -46.026931434482506,22.424805319953673 45.550379073570106 9.513171009099985,9.174890010715735 4.934416207301261 -9.335643702501864,39.430230079411736 6.52260127308273 46.68429683128476,25.08820388102051 -54.06378259436522 -12.945716611770331
-49.61630919285927 -29.534726162263468 18.304090727732852,-38.929993035365584 -11.979466509403032 3.732613632325855,-37.56168933164185 -5.175103153188172 20.022589415771314,86.23438204726293 -132.31878556904311 -140.02130637014457,7.371002768951033 -5.888349775180956 -7.225230772425089,-9.874978941460471 3.0667178151453407 -45.37901845600284,22.846055484955567 46.84396425149389 10.02437706116099,8.900788931324238 5.147578842645758 -8.690787716440258,37.44196826381926 5.889212772048673 45.39662921287643,25.89967833661386 -57.35911326172604 -14.395885824782933
-49.81987035293666 -28.32045102148571 16.89405229407201,-39.14216228966078 -11.799572156237979 3.1914037997293403,-37.54001721103793 -4.822863615046471 19.57959127174193,86.63537619628296 -134.50756753624836 -140.80719775681263,7.2212557542909535 -5.837246189018048 -7.1176336180937625,-9.150639986449352 1.076261004566295 -44.80462557264924,23.43256265400087 48.63348972452904 10.72905818908157,8.685974689287791 5.39437200415617 -7.861331852997333,35.02199568514287 5.306548616098647 44.331056230786075,26.798772342716806 -61.030120485625815 -16.01386082525109
-49.921246628811225 -27.455984447040446 15.963433431191435,-39.22834672222803 -11.523988435346027 2.724924309546155,-37.682704876183344 -4.5450332052496565 19.20049347670318,86.71320336776408 -137.6137602642332 -142.92872622397005,7.315286340135244 -5.835690157407083 -7.029494816565342,-8.867832181827449 0.013546996274986789 -44.55166012862345,23.855504543029767 49.915781139646626 11.232215781525708,8.728561656993023 5.539689207024017 -7.229389510266287,33.27467699210266 5.050653771084232 44.32097020006873,27.191992652894786 -62.69105294692197 -16.75281526482677
-49.83577137800721 -27.432272886245215 16.115757652288774,-39.07121760562469 -11.178528908683948 2.532255300511696,-37.97146978183877 -4.478945517006787 19.0309982093952,86.35206755991297 -140.0804997281881 -145.44320121775095,7.76877119550144 -5.916852652077475 -7.009539589272016,-9.294189657836473 0.6332284098769148 -44.80597899611618,23.85005225781065 49.883394790176496 11.216028916721575,9.169500048345665 5.477472764679649 -7.107444741695634,33.1058505293867 5.336015302863597 45.9861589732828,26.623677114318316 -60.503985922515724 -15.805518409238596
-49.6622353210021 -27.97354482829763 16.96124017522325,-38.821160126261695 -10.829227611040858 2.529326284209332,-38.29029464071453 -4.5711126290316475 19.09347668119656,85.72947651471932 -141.93537576852782 -147.9990234058855,8.368334279217521 -6.032943326646258 -7.028005444409008,-10.091535170537332 2.2318622094005294 -45.35689409497744,23.560618542356856 48.98058687157649 10.85622686684858,9.784407660389485 5.28738993688077 -7.362691255131727,34.15187295789995 5.983765819590074 48.58131363863881,25.519277004170014 -56.13314205960812 -13.896433847300004
-49.571581879961926 -28.502483099572373 17.719433908287403,-38.73384977808091 -10.557937052579803 2.5207052961554606,-38.484723666382884 -4.692997640866522 19.361794759498785,85.13829261128656 -143.82913461054315 -150.47706615655056,8.771185054798087 -6.104330224559918 -7.0242611342478565,-10.683429426121931 3.5325449145690944 -45.837758547918924,23.29256846969968 48.14389978787079 10.522649292130735,10.205219199630651 5.122152512275942 -7.687192684850573,35.54982125985485 6.660333935051425 50.82424075691022,24.650780328636095 -52.62011796527228 -12.352431535127074
-49.70541663013764 -28.534535421532958 17.733487530621943,-39.021445793418856 -10.439838156683257 2.342870277847397,-38.42438686394613 -4.730174110681706 19.809360767387854,84.83553661844155 -146.27296898200152 -152.7334395654212,8.685765095751561 -6.063856604146177 -6.94588561666606,-10.578306006819231 3.4395765766956035 -45.93426892510913,23.30248543406218 48.16109614640527 10.526565372615266,10.118312418537894 5.112810143290238 -7.811740312179623,36.529289109621374 7.071657784201813 51.59866652842546,24.66942220610127 -52.53779228798277 -12.29680358612222
-49.98361660078763 -28.287564570455462 17.282216278519776,-39.567252884708225 -10.499700161576914 2.0740579846719913,-38.1605750397736 -4.67558456139424 20.407017392225725,84.80685765800307 -148.71832563831063 -154.43401383811926,8.207777626287793 -5.938671327853744 -6.802700625007635,-9.926578652084315 2.229049046894805 -45.728210806937035,23.477535540666228 48.693223467524525 10.735682212092927,9.621708784644012 5.2263396937476845 -7.761256214854793,37.02397568211135 7.223313675922673 51.04461510425551,25.312924719650574 -54.91254481806127 -13.31241947653879
-50.22524205010403 -28.298811314554534 17.069869473292183,-40.10505035844521 -10.73937083951662 1.9024294169257985,-37.82717754581688 -4.5709906352187835 21.124440763824154,84.91451607887468 -150.1348001298134 -155.15815984678053,7.609008156308575 -5.798802655812732 -6.632828784667511,-9.17056021725036 0.8007881173133917 -45.48146573250784,23.536916182872815 48.88902817621969 10.816025637388288,9.000598224088307 5.355116497513452 -7.694399500421655,37.28772676546078 7.257119074009978 49.87333118952359,25.903648754136288 -57.1582134790676 -14.281740732631736
-50.27378070774741 -29.022070900963964 17.700245028210823,-40.404478596390916 -11.149623061979367 1.9908928846707732,-37.55794681079603 -4.458364002034922 21.917752726852175,85.0139917961547 -149.69783236983787 -154.61794597271623,7.142876003703395 -5.708543308792561 -6.475502404225039,-8.710624071695003 -0.03891355213725237 -45.42337776546744,23.239557233059898 48.016631711920844 10.480216832187834,8.52091028607654 5.402514691219061 -7.751931100095721,37.551669964921885 7.30197029097448 48.74856155542798,25.843483353279062 -56.98808981690056 -14.216092134355046
-50.19444843281683 -30.154822830757745 18.86485807238302,-40.56075691485225 -11.623772979625477 2.2728829965149764,-37.4817226548055 -4.379360057509855 22.62259759985531,84.90599038499322 -148.43486196861843 -153.70930541995764,6.891604499215483 -5.679265267185997 -6.378555467949403,-8.561144104433257 -0.3433971426580641 -45.48589914225041,22.705218510058167 46.4285999847509 9.86424230014799,8.268931171237774 5.373051120931802 -7.9094720365934865,37.83059268615819 7.365769254836221 47.88613030640182,25.26009247250728 -54.85045451788282 -13.304030800869675
-50.168652733937186 -30.998216313857554 19.77716241813833,-40.839716963138414 -12.004066735995552 2.561583818376019,-37.72477055565347 -4.375468460908582 23.011486157942247,84.36251415710518 -148.343827409265 -153.94854918093733,6.847705559032341 -5.694608585201883 -6.394329475189724,-8.534219840586799 -0.6164756553312699 -45.44514058722567,22.24274466727847 45.04577768925229 9.325943638385342,8.236809015489468 5.324244199442202 -8.056105470161642,38.02591410901272 7.393013502151992 47.26713772702176,24.66146611965106 -52.626797940315626 -12.351016035619466
-50.36113154131338 -30.921270584482308 19.72590593870707,-41.47499698151403 -12.148936155751644 2.6867726573345063,-38.385092531964396 -4.4815988282371455 22.884483373579837,83.2040597431197 -151.1929273230246 -156.66739334476145,6.99706113392443 -5.738310483385929 -6.5664395940784415,-8.456469247722621 -1.3043374473291829 -45.102989590299416,22.132757740228016 44.705228698229654 9.190689346905028,8.409518872230983 5.309439064087648 -8.08926154942062,38.04084091245501 7.333973410204669 46.8618976828692,24.514724914986985 -52.04869225700626 -12.098533656295222
-50.74897646546585 -30.049842979201294 18.84304380369591,-42.34285951188712 -12.0932495314064 2.6654422803560136,-39.26115984308139 -4.662886264168003 22.339794526028985,81.76814829034846 -156.2230962965415 -161.18178637851568,7.263606037321494 -5.797726844756526 -6.845526154058839,-8.327374680324127 -2.199945687760324 -44.54927394036288,22.33889555891014 45.30237681292767 9.418723530686337,8.70474130696483 5.332771419792961 -8.002977328390825,37.808118652060635 7.206065119044805 46.5482255715055,24.818022098300546 -53.12387638057744 -12.551974368924686
-51.19625934056104 -28.96563602892494 17.76839672580838,-43.10431895503193 -11.978143214290435 2.627345722989196,-39.971035736711066 -4.84244053720181 21.655195433704787,80.70370590913898 -161.153092421929 -165.5935756349884,7.533964190439663 -5.862393080414751 -7.126230542026963,-8.250535079769426 -2.702824629435609 -44.04724847912335,22.633875694012158 46.16549402221981 9.75037509713545,8.999625272397932 5.36873802596494 -7.849476405123671,37.27828421143863 7.0671468040578125 46.14822476700926,25.28705086140166 -54.82182079469707 -13.273377232482478
-51.569126899786106 -28.21982930386443 17.106426270409937,-43.443396875833145 -11.935816988285488 2.6926499823612877,-40.15940469669087 -4.948904518830202 21.097829649186465,80.60774209559466 -163.80274173660567 -168.08315601849347,7.702121360085485 -5.921893574616382 -7.309856702758046,-8.323977203683736 -2.2530144742276788 -43.844894528630526,22.802827996272477 46.65951989802855 9.940143277872723,9.179620348963207 5.39268092231949 -7.682917072852053,36.42558614922073 6.969117055261297 45.51232910973357,25.64873392175639 -56.15186507601326 -13.841598471749696
-51.78008291764036 -27.893560175959554 16.920624335852402,-43.37587865281756 -11.965626138245115 2.8392391317985917,-39.84277507741057 -4.988998134598319 20.76745843682248,81.35923567070914 -163.55052249021625 -168.04773048407992,7.762678777674952 -5.966055739873974 -7.392670607285943,-8.556248553676756 -0.8773220175017795 -43.964587580199364,22.823001174912882 46.71749216536327 9.962200413723783,9.243352143427705 5.395946902264037 -7.571960427952575,35.52411816490935 6.880626169490203 44.86273963082434,25.823074395710446 -56.81507864660917 -14.128220814521235
-51.77365157671936 -27.743291650858968 16.900816404012048,-43.14671037890881 -11.975165669422736 2.9467175193410347,-39.29448681133408 -5.023371825523996 20.64822633854881,82.34119689078915 -160.85152780046135 -165.72499329634988,7.779736248010218 -5.9848748567033185 -7.436531775076157,-8.894090221529703 0.9921460114483294 -44.27286939278032,22.80434706423637 46.66485354717383 9.942454642395258,9.267620849360492 5.380937794863542 -7.59528515338755,35.05508734368939 6.712821974794122 44.678449788835835,25.863442693822776 -56.99033260262441 -14.207023285460911
-51.51419638827641 -27.537312441254336 16.750420118780855,-42.99593681125162 -11.877503290257714 2.9005277839999044,-38.783153894663016 -5.109343806342712 20.72147073520657,82.95858679469333 -156.32663371269166 -161.51851772127964,7.815167766812697 -5.969575553352991 -7.498000602041819,-9.282916596992788 2.9244905002652097 -44.63688574753158,22.85350772378452 46.81709388006788 10.002928481156436,9.325602796993788 5.350528938861422 -7.820597143561191,35.46600739074095 6.384958663616222 45.40424046503175,25.825423418367247 -56.8650739402544 -14.155522346075518
-51.26540565067752 -27.328957530188827 16.500631195248648,-43.01612008634546 -11.699477452982768 2.70760429416163,-38.42405898980068 -5.235561348287858 20.9606323884755,83.11237447737896 -152.8470108421926 -158.1569091837842,7.874594444608859 -5.930493543051679 -7.530688816911794,-9.66663224846827 4.633351275313563 -44.98153392967717,22.984370830874852 47.21284193100829 10.158010256555423,9.40973737352244 5.311547760586369 -8.141450519526408,36.614935666479695 5.960488888331277 46.87193364165736,25.757748734178083 -56.61222848834989 -14.046777325106541
-51.52768612766786 -27.39698832238801 16.44186585191678,-43.183186962891625 -11.557901236174128 2.4709621204203107,-38.211223976234905 -5.336363890225316 21.332907085846575,83.09579279180339 -155.06345615054838 -160.20750504250938,7.919150275489054 -5.8930783782522145 -7.40679206943342,-9.987947714970028 5.9466755549114385 -45.27738351088175,23.13747004751238 47.6717732417281 10.336966709669158,9.448613840531676 5.273947161264275 -8.313672951652078,37.89376298799335 5.616903428507985 48.4285979622324,25.703731614145923 -56.39323813391206 -13.95032266570755
-52.74581569601175 -27.994829978840574 16.84399868238925,-43.46722065272811 -11.565308566019716 2.2920237930972105,-38.133492517844545 -5.346951848543141 21.800454893988146,83.19504520557749 -167.04107816506536 -171.66962996504265,7.909541878824562 -5.881096277529591 -7.013503183681839,-10.190559189698716 6.701201180795796 -45.49630563982181,23.254852077485374 48.018648239805714 10.471166939167759,9.373441401411325 5.2486299328046995 -8.109109201361477,38.69706731264814 5.524361990699405 49.43208569916605,25.70613832652126 -56.369351649847225 -13.935847286079074
-54.16470583553106 -28.767363400857512 17.44317641585809,-43.786933843579064 -11.704065498127264 2.190736883737757,-38.14363516349311 -5.247820819289209 22.231422991113234,83.35350635479863 -180.58826726060266 -184.5962599925884,7.821693086287717 -5.877809863311905 -6.570777481362943,-10.237839351593905 6.843213158933458 -45.611221593050466,23.346509622014384 48.292026291561434 10.577523443121859,9.199749410232236 5.263204891095117 -7.681789717743144,38.71734570027994 5.651184077770633 49.70442981974093,25.800030510947895 -56.70414616736735 -14.07788518591425
-53.94399357679157 -28.809043594039593 17.492791021836776,-44.01457478562162 -11.838801759781019 2.113355183280692,-38.16179447101859 -5.0604357108319515 22.408924266616264,83.20446354229269 -176.42726032319607 -180.23494569635056,7.645291638383808 -5.829846414197944 -6.599552657944908,-10.110958183760049 6.418081475610803 -45.596002483665856,23.483892270462192 48.72384706472733 10.750322388794313,9.019334466589235 5.360391385177455 -7.531430405159179,37.91656187024571 5.783125520120074 49.48751290888705,26.013501000718268 -57.563304808638364 -14.455352722110252
-50.31246070216183 -27.244392646240556 16.268510086913594,-44.02604982488206 -11.835114939756068 2.0055345677233216,-38.109527021372685 -4.808421935094235 22.124524766568424,82.39396183942947 -136.03200204256095 -140.56534257207542,7.3733840695098865 -5.685841098990294 -7.600908040487142,-9.795130841858908 5.480942930847276 -45.42696584496025,23.737215538154267 49.54184473077531 11.082095207638199,8.923702486148288 5.58012263994884 -8.142981268759035,36.280896802888954 5.707600919165635 49.03518077102869,26.371764169938242 -59.10018143622809 -15.141653099553764
-44.14511445234578 -24.417768603775514 14.015761617653181,-43.82761721885475 -11.685964621455717 1.8632232945555278,-37.971695346995816 -4.53213530203692 21.451335243382175,81.15304763823596 -69.01740781301213 -74.98159856865394,7.0690032462024694 -5.47578244447048 -9.32535905347273,-9.358785522198604 4.238421594650153 -45.13939810335957,24.09239570906881 50.70061702227922 11.554326519286677,8.93007750619613 5.880912652872323 -9.335945336050397,34.15120497793349 5.4133765121593465 48.52393232441946,26.835805294940236 -61.164872294400524 -16.071554340169545
-39.053191008031234 -21.93485456032522 11.982717554487147,-43.56032066873749 -11.516004222025998 1.7343725484052552,-37.79862109530713 -4.289231054344866 20.75358706089168,80.3176657298793 -14.096495081589975 -21.22477644111381,6.867548743889094 -5.313779327696938 -10.747329021950256,-8.956393705601606 3.053781195554004 -44.82956022978408,24.448182648425465 51.8723353100218 12.033677204814477,8.97887520867041 6.137086961325469 -10.241745458865527,32.235077537768284 5.097418548694212 48.050288877056424,27.300195992720447 -63.2939016039703 -17.03647401986292
-38.67010743588294 -21.416119413248257 11.43056474755705,-43.368200931445244 -11.453183385619734 1.66828882905007,-37.642810007106306 -4.136738799561598 20.401042001277172,80.72483206056874 -10.210122924918998 -17.257824147585666,6.90288490961968 -5.314289357500181 -10.834690635843305,-8.743021346332302 2.2892301884014645 -44.59475046961765,24.701174735052113 52.721847311600584 12.383777774326916,9.007775471407971 6.222552058385717 -9.986434131495825,31.241397205688155 4.963295645679281 47.7056927368653,27.65836931788866 -65.01676192642923 -17.824468847370962
-43.32545534632485 -23.103851709454517 12.564855676974013,-43.29301036692307 -11.537189116444841 1.681130722218559,-37.530219316078124 -4.086487467102449 20.51259952905756,82.3595261612727 -60.90983113224635 -66.56560335471688,7.154139022180579 -5.479623254921974 -9.484166349540033,-8.76657195380778 2.0440352413271783 -44.47588149374972,24.807350297869053 53.09520140019559 12.540250118248796,8.98011662128807 6.121229007637066 -8.533464002809481,31.382861243515332 5.119203369712532 47.537501763254646,27.864895580291794 -66.09903727739515 -18.32688047985696
-49.44286682033302 -25.610981319243304 14.343115291780784,-43.25557050986879 -11.70335959515507 1.7498675730223856,-37.45541918787628 -4.096867322079589 20.91057623134893,84.19940444627973 -127.90800947050191 -131.8711341939243,7.417499904816786 -5.679505679525284 -7.690614592524585,-8.948255851562829 2.1065991493328498 -44.44720392480572,24.792889825382147 53.0526710758253 12.523828195339512,8.889571778863408 5.947103994365569 -6.836307066538069,32.28554986647494 5.560582155606346 47.54095481780253,27.946624829690695 -66.58543164334385 -18.55715957627548
-53.27746451324762 -27.47690954114346 15.666002148147093,-43.17048084796996 -11.881658099573993 1.8493617383614585,-37.41099826919148 -4.123629328765629 21.401736058368034,85.18237355935815 -171.10775638803148 -174.1335333794423,7.482371981077777 -5.778186227169262 -6.496366616340617,-9.202477192424597 2.2495881518884198 -44.47932637584272,24.687929433994558 52.66759160485695 12.360591545973735,8.732138395538813 5.819908442355307 -5.88968783219408,33.544626964782694 6.27513185449026 47.707830171288926,27.934246957439317 -66.53686240902249 -18.53599078740228
-53.517891285126055 -28.118163831799787 16.082718819167738,-42.984819289928595 -12.029816055817452 1.9611338208958846,-37.38233656048059 -4.141576640049141 21.859995308847644,85.03208928021415 -176.296434297001 -179.47853924698424,7.299392317043675 -5.732966303992038 -6.263741844283165,-9.465396457252234 2.3401536447748925 -44.5517109557773,24.518409174716282 52.04276524135583 12.094986283294432,8.528237595580997 5.78405631280923 -6.009306749433157,34.88148964629729 7.198117044736121 48.01067463524855,27.844199154136586 -66.0182960148268 -18.29184368628324
-52.14479697963873 -28.137826595060794 16.019802460473166,-42.68959976297191 -12.143128966076299 2.075711536314326,-37.34506238078919 -4.151285746494408 22.250112346382874,84.5351497211718 -164.2770087549328 -168.07668415996955,7.037309578677124 -5.627025543352699 -6.435156226812015,-9.70260555865554 2.37326424666743 -44.655796567530956,24.3045927632833 51.320856464118094 11.796304373666164,8.33133025426052 5.782073934222526 -6.592297024147283,36.18830024747041 8.193869142224878 48.39601917059024,27.673637903227117 -65.10017636521708 -17.863719099590227
-51.34716814001228 -28.21523063911091 15.960489709701436,-42.2793212845516 -12.219482879401738 2.1841507962430646,-37.27418787567572 -4.155208192352521 22.54349125680708,84.5421553661749 -158.07225941143386 -162.25763703389697,6.878190494423762 -5.551424023272581 -6.395432501677353,-9.88210648219087 2.353023793066009 -44.78347778668722,24.06665962572043 50.6462999392792 11.534873095349319,8.196586984670823 5.750142960797723 -6.978195123425775,37.36908222584941 9.121490272868535 48.808271332545026,27.41895101011749 -63.85490782775989 -17.291981414783915
-51.79361175829076 -28.55122298402787 16.05343845053751,-41.77046579992442 -12.252212126169978 2.270838182715271,-37.14928696682736 -4.158530694643155 22.723385209233985,85.21680221165275 -164.7631683487749 -168.9032703718793,6.874253287668937 -5.533936046186769 -5.9916482366641555,-9.991157803796499 2.287278535959374 -44.902980660180184,23.843907185893585 50.099969281116515 11.33732052673054,8.141047134709959 5.6777016579122135 -6.962889810130239,38.312241149809296 9.828427861201032 49.175235241148826,27.11252168330024 -62.44919416376279 -16.653956301283642
-51.79614652218522 -28.604997678323993 15.928709498039117,-41.21358879244499 -12.227595872810962 2.3098228168947905,-36.957004328930765 -4.170679488177298 22.79141345186186,85.65808429838704 -166.72093141985664 -170.9513722378319,6.876450998954546 -5.504242962371662 -5.787375986111305,-10.046865814502654 2.1896754728938563 -44.94584501553733,23.70526576432234 49.6642184735273 11.162540986392148,8.122646591223134 5.636736038264426 -7.049615905569299,38.88197485950782 10.14406454462029 49.39897969188539,26.84252600605122 -61.19590319483188 -16.08425941554474
-49.479384332846074 -27.776884902627792 15.175259288218367,-40.660760094881965 -12.131299970143374 2.274457923205446,-36.684240978288045 -4.2008729452328675 22.750095713350095,84.87957206883625 -144.3569879543932 -149.43995911187585,6.719796110340504 -5.384307262796102 -6.402116773090415,-10.067757277520363 2.071977403491669 -44.84149473741828,23.72242853051533 49.31832502275807 10.966463185942402,8.094508215008723 5.705696857237131 -7.797000147989783,38.939780391156816 9.897539781272679 49.38025724904476,26.701633840716614 -60.42057885967301 -15.72259913260084
-44.34456957367387 -25.910873568442657 13.697294891509882,-40.03666719445676 -11.948413037925706 2.155481414420074,-36.28625750283195 -4.206848775922942 22.540864154796324,82.44903804917939 -92.9920588400452 -99.78746350045392,6.362715340292741 -5.160761804606475 -7.942364522368602,-9.96922061443935 1.7316644360187667 -44.612852132197546,23.986310778443535 49.526953702483354 10.96225656750429,8.03413448165775 5.905836862921515 -9.27318147572523,38.291550063394475 9.03585104496403 49.10052401589964,26.755036504234255 -60.458014100725926 -15.72347902254095
-38.34256702194582 -23.640412002973175 11.95998964437855,-39.0393296800986 -11.66299655396297 1.9745660299046766,-35.6620125801423 -4.054738483507832 21.99644991996712,78.92041827990677 -34.47687978926976 -43.001253827695926,5.983242335264776 -4.935315799684785 -9.601753215036503,-9.48311684336022 0.5849157450720963 -44.44921335226964,24.622032216621278 51.61848168932528 11.820832307272521,7.962409671535537 6.156628984207121 -10.673510386398208,36.64423152231918 7.715715834607606 48.684842350477545,27.019029180336943 -61.65945981014611 -16.267729661395233
-33.669930880010405 -21.678324033454757 10.484873355532347,-37.34544378890267 -11.259229722308007 1.7565725540834674,-34.70562818379803 -3.602044412442181 20.93966082418654,74.9489397028004 6.683895837506694 -2.6490974271850565,5.781397513972796 -4.821124436639058 -10.483019098521384,-8.324147650638698 -1.988010377993863 -44.55624627220806,25.756963308940993 57.00183681262092 14.256172395652417,7.904684657655587 6.367289158383701 -11.106922363033009,33.69762099502505 6.11573551621941 48.27271666346025,27.504437300640873 -64.3742802437124 -17.53714481888177
-31.51523641243421 -20.44140636683621 9.576424164029264,-34.933348073675624 -10.754319318395668 1.5262430438337014,-33.45406391894686 -2.826480002763339 19.382642807255678,71.13582792997853 17.93053933525857 9.130629753721198,5.861056940938383 -4.869836513163608 -10.161909976314933,-6.466853436917388 -6.106924569067539 -45.02462234464386,27.330132826921794 65.83293951493984 18.374533350040107,7.885523682861536 6.481707987027222 -10.207361451211202,29.6017268181044 4.453702773700468 47.95028841728091,28.158662139898347 -68.42259245852985 -19.454938104209695
-31.002825186475384 -19.740223641013902 9.094621466191152,-32.399112479504794 -10.233109072394207 1.3080764146394432,-32.23679567384138 -1.9519382375437686 17.725286157672624,67.9717195917727 11.165257721295026 3.6057301656883864,6.129203265259955 -5.007142277656787 -9.182851028633623,-4.417896663917338 -10.867831779181007 -45.70951257636943,28.8948657803946 75.70168432918999 23.037614531847247,7.927880055042811 6.514786097597678 -8.683933414269001,25.428543862319987 3.0276699432002596 47.694417429852486,28.799219042794665 -72.54067151782955 -21.414778449838792
-31.0055593472339 -19.31134852544033 8.845120071333975,-30.41336751522496 -9.78860583754262 1.1265189187040707,-31.418408437231403 -1.2321158475740719 16.414270186546123,65.93251437387828 1.2676150551915448 -5.106946278334995,6.468785664943269 -5.143403102022866 -8.208066692385767,-2.7483494052490003 -15.242140317788143 -46.437309992135205,29.95812767043651 83.88748776956092 26.956448658590812,8.054407453587695 6.49014069270234 -7.376240800802572,22.36097851162124 2.144777642034173 47.46865157233492,29.22808666938808 -75.3346640224043 -22.746734655167327
-30.752618804025367 -18.957801074958287 8.662002793321074,-29.34544256592622 -9.480630552216155 0.999612098032894,-31.165471787183975 -0.8257371576869463 15.703803604220914,65.15949994333683 -1.8796035037437546 -7.618307423928203,6.783720667874152 -5.215276685762473 -7.673312388183756,-1.820699933308345 -18.41450649032549 -47.05053132586629,30.26961854394708 88.70953804255664 29.323816109696097,8.25911606346409 6.437495090057648 -6.802057980627329,21.02792290644157 1.9054017705904136 47.25582466762248,29.349940782643838 -76.13295535131245 -23.12764010242812
-30.315444786211604 -18.63966918708644 8.446550354851611,-28.852453628249684 -9.290559532413166 0.9302580875971334,-31.1764879250011 -0.6670314154456438 15.393134525331776,65.00301052944833 -0.20496214551832423 -5.714700262461163,7.02748726994148 -5.221579794855644 -7.4790177354275205,-1.5043876596300745 -20.07366065250579 -47.42980641708435,30.152812588543462 90.94482806178945 30.47124885768189,8.468308787421313 6.401006197531044 -6.718424232832529,20.748694378067817 1.9211693065043984 47.084358529996365,29.312211804840317 -75.97115361529316 -23.054007753754984
-29.887109536109964 -18.339798413270568 8.109880309399374,-28.48894650211713 -9.188459028375899 0.9191677343975303,-31.08262089705149 -0.6578472509071466 15.215969565814136,64.69971269368885 2.6582542307694284 -2.795478357656,7.1607584708953755 -5.170120191862814 -7.448373118161371,-1.597780947975917 -19.981288017170733 -47.46140833182437,30.013821436293508 91.7246451202286 30.894443265899834,8.598566329251135 6.4268704606018225 -6.772689459419305,20.654001102033167 1.733439123466923 46.98922632788873,29.297280051958996 -76.13058754612803 -23.140324843132266
-29.635115461170265 -18.087399082576617 7.651022413845553,-28.021177798546404 -9.159057528689777 0.9641206137507413,-30.702329151533203 -0.7330881166349946 15.027810246332297,63.8855846702108 4.083698539070387 -1.3520997559335355,7.167555399866672 -5.076710807618222 -7.466346089524683,-2.002403515626981 -17.993175911439945 -47.12483198106636,30.09140157831712 91.67386687450644 30.862934362804875,8.60606642115691 6.530483136134647 -6.74940342779871,20.257535067750418 1.1098876868606493 46.98233089025583,29.40812550078685 -77.28555074122723 -23.708111523562266
-29.656974022593424 -18.038593358857945 7.309643814212621,-27.79490884872543 -9.227217685538891 1.0548726872135374,-30.3667421209914 -0.9181366691963537 15.017540789254078,63.28961925362733 4.201260904645956 -1.3908884901353837,7.095808776210767 -4.979076693439732 -7.587003555231179,-2.902140731429562 -14.222692364711286 -46.654743463737084,30.16621719754273 90.03120287260977 30.02719780801726,8.555373630905141 6.642929028936392 -6.808665784956256,20.12130944739548 0.43767854430059916 47.012425835330866,29.53038981124314 -78.44873187638127 -24.276964770838777
-30.038299423131896 -18.370980425975596 7.366161096465451,-28.2540747119822 -9.424595980896314 1.1798189157366827,-30.49384989798657 -1.25370216927402 15.430520862673903,63.82598206531287 3.6081445748614187 -2.4967805709646402,7.004281720345793 -4.91865198014659 -7.893063144625608,-4.528682991478338 -8.826977881005607 -46.32904276034348,29.941306679371316 85.80058959758694 27.93286787904867,8.529420876569338 6.681010318040794 -7.174210383514277,20.98495268413463 0.20895000806279102 47.01757254416092,29.512887664229776 -78.35128896147413 -24.23061006041945
-30.78347249446467 -19.146932921235575 7.956177923653887,-29.605194077493145 -9.75191909730804 1.3259217801004541,-31.316858663871766 -1.7394475596786065 16.36779487593953,65.97623421247626 2.812918830238749 -4.225661396601704,6.940612676297343 -4.919546153662776 -8.407967899767032,-6.916445893886554 -2.229742226610041 -46.33589598419543,29.251182787988522 78.71079698447818 24.470408594313188,8.584731568238155 6.59712149701316 -7.949911771056153,23.211985085444493 0.7377664914475474 46.977739633466086,29.27221999582004 -76.29920956768017 -23.2321961955025
-31.63855787770026 -20.06241147459561 8.754803434244367,-31.299818907014885 -10.111559212791573 1.4755885787035825,-32.48137525023717 -2.2445114884687953 17.471495249544816,68.84628602425123 2.0423034063707255 -6.041037537887578,6.917064429182863 -4.9507775937179375 -8.966672001758226,-9.472525578806861 4.297634035792133 -46.578122100833596,28.348437215445195 70.79551243810609 20.626817378240332,8.69384880830967 6.456838021650014 -8.85850065399579,25.96993054045718 1.7719304071073227 47.00615767048457,28.940543085630342 -73.42639731271521 -21.833417765637662
-32.29839122148623 -20.74071031427844 9.345821682265232,-32.639776176888546 -10.386382986524197 1.610323231375007,-33.516473198433474 -2.612147290859026 18.292743240551147,71.26922795367848 1.4671191612609789 -7.38809787860984,6.93888386005887 -4.970439031305788 -9.366748833443976,-11.479608926856377 9.315663386861754 -46.901949046071415,27.56857555349405 64.54553350306962 17.606555515526715,8.812660574368715 6.3481814205967835 -9.547119423310116,28.189122838608604 2.9469410954796618 47.24248501245172,28.6927621920224 -71.22926868150256 -20.762186036554088
-32.54716602055663 -20.934323025258127 9.453140792257956,-33.13774294740726 -10.495968074471124 1.7132284689673707,-34.07695974230145 -2.7388625478934285 18.52698531564088,72.40840678680428 1.1780777644636902 -7.922141680072756,7.008133917271691 -4.953179069106457 -9.478166732714138,-12.441794602462947 11.819843299769795 -47.169978944609745,27.162055122738963 61.74111399946007 16.26805867991152,8.9107838427557 6.329279510068002 -9.777234652320143,29.1265393899943 3.9281835874887734 47.74326343944092,28.64662587732819 -70.73184313680818 -20.517110305753416
-32.50006255984454 -20.87430531390885 9.319696801364692,-33.087397562544474 -10.495871853730032 1.7733291137001785,-34.28336721000524 -2.718421742652209 18.40425712386104,72.65045845989246 0.9691616747073181 -8.076729570516818,7.115084072555235 -4.934970245732085 -9.439049267764572,-12.68330371979235 12.416881597546451 -47.30546489316053,27.064309376128133 61.53061142297403 16.18806304908061,9.008688619844452 6.3475320129101185 -9.733776502754857,29.249065052976327 4.491741293667224 48.25716597358177,28.70817089360448 -71.20835340289372 -20.74745170743811
-32.348879096194665 -20.902492108800867 9.308572130832792,-32.96320725630761 -10.473128759585784 1.781020854073528,-34.364035592286584 -2.6902510710908616 18.278342875142503,72.66519013091897 0.5656654422791845 -8.465576822771201,7.247273802711328 -4.965980577499307 -9.44959351096693,-12.718202186454725 12.086454671710923 -47.24569968611419,27.137848947457282 62.45314276597679 16.64661254925943,9.138616548044133 6.324706928291408 -9.699699958731914,29.303658264778534 4.439322469981454 48.46159910750147,28.734426207662942 -71.52798549172921 -20.905861312672613
-32.24756245375618 -21.262130325744163 9.674755641404214,-33.126163791565396 -10.495741014285452 1.7347201550957736,-34.49141025982563 -2.7625316688110426 18.41055259426023,72.95502521202722 -0.1735515269027802 -9.479807656348848,7.3931158740117064 -5.078107950505295 -9.65693631812821,-12.946915899889536 11.655870895533043 -46.953454992802506,27.26544023849832 63.30375524734008 17.051091847660103,9.322203084125174 6.207091358512839 -9.887867114251474,29.845551591499305 3.6553631181257624 48.13633735464092,28.619676976850474 -70.84205685719267 -20.581140473272978
-32.18654267465244 -21.770570330673326 10.206276031078449,-33.44704911459377 -10.549492387321598 1.6674929380990768,-34.59647390265455 -2.9084671722968882 18.66271126406824,73.29929555626174 -0.8126346161946068 -10.548961215800123,7.544795630771432 -5.224323967535629 -9.97899638213863,-13.27895013844258 11.294214468096953 -46.50157027506486,27.417353815622825 63.98310514961529 17.358992878355455,9.535265357209429 6.046894019851316 -10.208341383879672,30.601728963850487 2.3816800257338 47.50338127257571,28.419153716536577 -69.52068229328273 -19.950254692184437
-32.1121045122113 -22.13018147070446 10.565094868934846,-33.664301239408196 -10.597969799054859 1.6217595786622536,-34.54502055164485 -3.0648207951865505 18.788793270517942,73.28211705591649 -0.7599554718744588 -10.84297362322264,7.695516915499831 -5.336292182580054 -10.271809438837955,-13.491274349965355 10.992866138714856 -45.99260044307031,27.58748409939762 64.69033451813814 17.67632226524522,9.741250736684531 5.9249197162801925 -10.489438394677899,31.075568669437295 0.956573520598164 46.90412097749033,28.231538013119486 -68.26302025481502 -19.348958533567053
-31.995745750519326 -22.120562481125233 10.49962053674684,-33.58514295664384 -10.613818068917185 1.6303915274362393,-34.25452323336895 -3.1787670383189606 18.607080433769024,72.63015810515259 0.31844139679873446 -9.840315702999522,7.8378369894086415 -5.361509787507597 -10.41776542817854,-13.4177112747957 10.747317131031847 -45.52019130359514,27.764336104375428 65.55496240536343 18.074296558934346,9.908626862931728 5.902858989925093 -10.594668334615983,30.906047770700273 -0.3050588091052607 46.620836673558806,28.13434271889424 -67.62280589987022 -19.04335939476659
-31.936097939486494 -21.91073068154313 10.194157390207838,-33.36363720577754 -10.615355914888024 1.6781114755248177,-33.903038287432274 -3.249979538361951 18.26011693394741,71.78888717177207 1.4572494067172477 -8.575186407835638,7.961052811907722 -5.327312740341526 -10.432143529547789,-13.178762346600035 10.573798690124363 -45.13306443679853,27.909238276261267 66.35542813252388 18.448700522548553,10.031175789121255 5.946021331515885 -10.565007444375217,30.415883242611304 -1.2063293326257507 46.63775247807265,28.098339311116895 -67.4204885164709 -18.94837405770862
-32.07177271835557 -21.792164876821737 9.970087137076064,-33.262918659079205 -10.635265245813361 1.734500647124944,-33.75056837247052 -3.294641473148417 17.99241858739015,71.42981567110085 1.28257961710712 -8.571018602016466,8.053436066734124 -5.286144105642764 -10.372012950572762,-12.985081600871975 10.495064230094647 -44.86581398327454,27.974972773758857 66.75976605545031 18.640150424126535,10.110640258316812 5.989407029346494 -10.497240180455748,30.14280954669524 -1.5874613205490864 46.84536202765562,28.06073202641381 -67.24591905866049 -18.868479468871506
-32.477275937203764 -21.99101306796067 10.079370228280595,-33.492350378311414 -10.700868487163117 1.7743678159894525,-33.99746085262466 -3.3275625994132403 18.00372045388268,72.05505125389142 -1.0413744252109436 -10.798835944422901,8.100504318733657 -5.278337245266518 -10.297017706095854,-13.007542682701258 10.524799286371273 -44.740408065583956,27.924083895941624 66.50144367768866 18.520548688382284,10.14610462964689 5.982013171656735 -10.483906858145842,30.519012535039998 -1.3304116117117226 47.15027072962209,27.972465014011068 -66.77351582149022 -18.64821832691514
-32.848954268768814 -22.34786184302321 10.364250206849096,-33.943934840146284 -10.807848823712161 1.8033845730430853,-34.492061018759465 -3.355417189639137 18.229437146482066,73.16713193376569 -3.1761207730744134 -12.97069621577452,8.071534526810982 -5.272752764335494 -10.281897157404744,-13.182214609469979 10.62319623560014 -44.704381454968946,27.776707965757446 65.70006755256897 18.146431100445092,10.120957925373071 5.95545022826584 -10.59239723576732,31.353727127002863 -0.5631868951551084 47.55430722693363,27.865587787279075 -66.17694151736042 -18.368664587129313
-32.74500126404258 -22.562440405104113 10.517288489206162,-34.39373298611251 -10.940330657231776 1.838497640937306,-34.95411703069488 -3.3819073749099053 18.508418929037543,73.9034223422172 -1.62349911837945 -11.608057214796785,7.929870459446566 -5.212140082381601 -10.406905457864696,-13.359385081427037 10.730904766266397 -44.67807614126408,27.574021435186328 64.61631264681006 17.641785663050786,10.012855180814533 5.971509865819942 -10.880912803402696,32.22860519964473 0.4963165989869347 48.094088125017706,27.801780131490457 -65.81224812463164 -18.19730431232902
-31.89652610305689 -22.41789038135678 10.304017138468174,-34.652686722446305 -11.085507294003538 1.8916636430898568,-35.14698286101028 -3.409053408918224 18.70602282687986,73.61810599566984 5.740501650524237 -4.569036200122196,7.656099159349361 -5.0547843068250815 -10.704499610716507,-13.405066385359719 10.768940436559538 -44.583355889884366,27.352306394597203 63.48238929885539 17.117257598049356,9.807470290993678 6.077353639258867 -11.360285405126492,32.7902356950722 1.6251375592091089 48.76740038171762,27.831489656842468 -65.97158676506977 -18.271614325861165
-31.23307138868682 -22.276221634946012 9.996642620321653,-34.77438883542719 -11.251934878304915 1.940179645120864,-35.13719111196295 -3.427262989851054 18.872087678647294,73.17004324796181 11.515389375958215 1.0229558176781754,7.350236187968078 -4.866784349824149 -10.8762008201452,-13.295002002427331 10.52259971978262 -44.352896937315705,27.113748346452603 62.33201779682816 16.590436457004103,9.546046915213818 6.218556631163225 -11.713520755597385,33.13706488207584 2.5661697723087804 49.30287426128131,27.927105608304483 -66.50288626766395 -18.520447202671008
-32.191175720923056 -22.744333626507004 10.081719472734472,-34.91508531053083 -11.457207080524103 1.9466800232342056,-35.11953378572994 -3.4220311365212117 19.134497159766468,74.0546464039874 4.271340825173784 -5.875164933753869,7.162821215799434 -4.759849640061383 -10.483528249149792,-13.05135707997845 9.719763273342632 -43.923949724540726,26.846108267618224 61.114947422151054 16.0395446881875,9.293337443020658 6.297717873992258 -11.484938070753518,33.55869679551767 3.047862060388131 49.31527357225816,28.027994721662065 -67.06614768838352 -18.784397249180227
-35.930880955743405 -24.316459554007345 10.961492314550961,-35.20941248503087 -11.713465423547586 1.8795271302939973,-35.26441477448471 -3.381281630260481 19.597681662933777,77.49872558145674 -25.242842517711924 -34.20612618930262,7.220219524894441 -4.827940924145885 -9.176008729313462,-12.701680683643971 8.156539300351485 -43.25464133185553,26.54194649883542 59.79943218820511 15.450816835439454,9.107009072332808 6.23264584800541 -10.3085078780612,34.29778418973844 2.848539603151299 48.49029315568106,28.080225839935068 -67.3588571312222 -18.921628083970024
-41.33928034240817 -26.559538686492193 12.34338962976675,-35.61252415420831 -11.988059927578933 1.754291722485096,-35.53931626137001 -3.3129173617055248 20.172250417310803,82.51683527469874 -68.36791107568462 -75.64462892665937,7.449889319771982 -5.018734047564803 -7.326014515113883,-12.31613724680346 6.187926392307472 -42.47346482742212,26.233440851324673 58.50730544832284 14.877071390519406,8.986177998716158 6.0666191056785905 -8.554431357861452,35.20794863292694 2.154289455181231 47.09624546569051,28.085567874571645 -67.3901268789348 -18.936368241351857
-46.19357132466874 -28.58770654762369 13.595556598131472,-35.99193160355283 -12.226468626449815 1.6095967308966355,-35.81263241978031 -3.2345971524233317 20.674168498737608,87.0432709568541 -107.69882526383284 -113.43328269365055,7.682161166258876 -5.208472973146489 -5.658888051613333,-11.985700568158167 4.441833005884105 -41.79210411564721,25.972114608606127 57.43539436111748 14.403640226392104,8.90136957686695 5.904184063819704 -6.9524159772181315,35.95284519757298 1.3503114856827843 45.68593898202687,28.07298844803904 -67.32123833401424 -18.9041707179774
-48.48845591321067 -29.599556434931383 14.145492486259695,-36.22731423998561 -12.37985440191486 1.4808014276213957,-35.962985297219305 -3.1626973541303562 20.938292317283043,89.21468427098165 -127.47459153200863 -132.39405132094308,7.7620858384785025 -5.284528693224216 -4.828684030355636,-11.787920554269265 3.4793280579133734 -41.40088545095966,25.80421197523739 56.759405806069346 14.106581200157786,8.824123327814409 5.84039993624981 -6.161556587981834,36.23004586879706 0.7937733893582848 44.767056976996656,28.06944474988736 -67.30237851636903 -18.895397005092363
-48.40153067336559 -29.642740720215926 14.018770476069728,-36.32214988414551 -12.4559650117057 1.3700905005753807,-35.974724856906214 -3.100512403873701 20.988958026534007,89.20172125263966 -128.4574148849475 -133.2239232818963,7.68389312956873 -5.246906357631665 -4.774716529980471,-11.668756035628162 3.1951499308675526 -41.27748200227608,25.72349455681818 56.44523466472121 13.969850086331459,8.737694937530383 5.87426719149634 -6.132327624080129,36.0786252019197 0.5568270575450813 44.390840629746684,28.08060451676926 -67.3661143040934 -18.92536164535495
-47.33713063033612 -29.24206419608272 13.577068062071262,-36.34948832708798 -12.494347662345618 1.2610052551010988,-35.891617812271214 -3.043984991993563 20.95698520514498,88.31808779940792 -120.69517246588565 -125.54129978560724,7.525648141909173 -5.1589090215488085 -5.034631212842742,-11.500214568420752 3.109573984373525 -41.28006060777767,25.694229899109814 56.34086611626016 13.925643326069098,8.631924317553972 5.950803407796473 -6.4169745173727115,35.72957464358224 0.5514518038833232 44.35202075835695,28.10017128367522 -67.47891265702765 -18.978444013809707
-46.62528835501721 -28.897365828995323 13.165205449229767,-36.37899155997175 -12.53302858481346 1.138315469079478,-35.75695717559328 -2.9890559315196934 20.966634764684624,87.80685310562235 -113.77332877022144 -118.52652423108235,7.3616440525744 -5.0806598937557235 -5.17031166701139,-11.164150687467918 2.769409180168055 -41.27383719218567,25.68215500672076 56.30074209714513 13.909060591797344,8.49753893852055 6.017645670991626 -6.591658627203024,35.40478594197017 0.6902497229165158 44.45088311122894,28.121699923855473 -67.60601462098896 -19.038425493648973
-46.5736657306773 -28.756565959737852 12.888582023392168,-36.431943460469995 -12.588241327960223 1.003482311124929,-35.60084720903033 -2.9325947169270687 21.052155900998926,87.94214881552487 -110.70125943020504 -115.11407113452427,7.211486364381972 -5.0271327009844065 -5.077338958917767,-10.666451192824578 2.078331819099754 -41.22142424975902,25.67390262171815 56.269608858014976 13.895643568519437,8.334732872963825 6.059862274902359 -6.562050880992687,35.19555397203117 0.9137714028632608 44.585453651228896,28.13856396595887 -67.70695603035293 -19.08613541154576
-46.8303306485678 -28.740540654462535 12.698132125812815,-36.498416220136235 -12.662159645715722 0.8687355890347577,-35.444883303694475 -2.8720699920101738 21.189725735274102,88.37298557329697 -110.24570210186243 -114.20882218452054,7.059498209661075 -4.9841724718713225 -4.866582850710902,-10.09302370082571 1.1702551949926192 -41.14827077123269,25.66958660711027 56.25047349736658 13.887025562255785,8.14980767851321 6.0866706797873995 -6.446409024278292,35.108917561462775 1.180598718184155 44.71681654410369,28.14401994211729 -67.73759193792002 -19.100498541580016
-47.047301747872176 -28.770541323047063 12.545581032936433,-36.56924914942594 -12.756248407808645 0.7462913029490719,-35.310816582409984 -2.8055996268179535 21.355518197426633,88.74961455048035 -111.21341680068313 -114.7550542219586,6.890948262937846 -4.937715551133957 -4.648779112659078,-9.529582432617056 0.18096211098673454 -41.07985598659599,25.668756874771198 56.244254100996095 13.883944182138265,7.949923128741812 6.107363944439651 -6.3621932084033315,35.15230180356439 1.4507299028586675 44.80912799616621,28.131113870182038 -67.65345323321147 -19.0603385098825
-47.08712683946891 -28.826416758520928 12.430064740554675,-36.65341709298589 -12.865287015094097 0.6456424753938186,-35.22458996673957 -2.7403070406951104 21.53929747638347,88.88654060365698 -113.97115782767668 -117.19817973479617,6.712710130064393 -4.881824099665106 -4.482226458768808,-9.040328337279949 -0.7814864132578802 -41.02733123831925,25.659853112056634 56.20875943138525 13.868392292447878,7.752895423203115 6.126629971275219 -6.3657121675906,35.35835662548931 1.6998829957136592 44.85501683413229,28.0899535364134 -67.40636826973112 -18.943501166815803
-46.96798128774782 -28.931332161367568 12.385766236772755,-36.77330106048542 -12.9791128304355 0.5742692470650848,-35.21524504327754 -2.6899727428026328 21.740873963905845,88.71968833828377 -120.03885978752548 -123.09328198184585,6.547628232618593 -4.816567051107704 -4.386461037680194,-8.673559304607236 -1.6295218784633283 -40.99125639566455,25.62310209669632 56.069930940338764 13.808506251220647,7.584418213734972 6.145752435093239 -6.468070233444329,35.77837867754465 1.9153964430966388 44.86815943940915,28.008474725013805 -66.94542840915615 -18.727109570506848
-46.72019551803997 -29.10652389337825 12.443528499732551,-36.94726834412915 -13.087565299680817 0.5389785165268973,-35.30739899700829 -2.6674877580596994 21.958098063818234,88.2074036866476 -130.65636759167057 -133.70710193905956,6.4184214184673305 -4.743131866698396 -4.375401411697435,-8.471751742039373 -2.280950744156542 -40.97200195539695,25.541383185699917 55.76357801360943 13.676660103170905,7.468939579052402 6.1652680634237305 -6.673880582874373,36.452028906686834 2.0848200712584735 44.864835447669385,27.877244372434976 -66.23306663793878 -18.394460825768935
-46.52140730344689 -29.322242180027228 12.562128518106077,-37.118739189680745 -13.18252622559899 0.5357359573708507,-35.4477947096514 -2.667637580038735 22.15080112329667,87.64700564113814 -141.74512753394478 -144.86273701898418,6.33915043799552 -4.679636766572508 -4.381423856455026,-8.383028827387433 -2.738337199487153 -40.97095884377431,25.44684398999512 55.40932777065259 13.524236185541325,7.406140333717773 6.174160859100501 -6.893701870965599,37.20990553866128 2.194646664588257 44.897859921996634,27.733274234882757 -65.46386094998287 -18.036060030175214
-46.67385319024897 -29.505611020362384 12.639386824477004,-37.16774046720855 -13.257604922658846 0.55133727745522,-35.51730568983808 -2.669893279591911 22.246656366467015,87.62253091779414 -144.72805984645012 -147.7788211101888,6.31655265724477 -4.6585207214571716 -4.267932739294919,-8.27570579381331 -3.0759370992837964 -40.990381109396004,25.413305289484367 55.28228812977389 13.46944538465233,7.374752094747499 6.151643042722414 -6.958537467824325,37.70577272423643 2.230474916846429 45.05095113228592,27.65286105773338 -65.02874738626794 -17.833093327254886
-47.44535547714739 -29.579562947299113 12.571401103504343,-36.976890366540864 -13.306431757744402 0.5722689975420673,-35.39926407525923 -2.653835217196467 22.17541579804754,88.67251395334897 -131.30682966183997 -133.96525976519212,6.354475750295723 -4.708732894327256 -3.9101765881627624,-8.0216268449124 -3.365879280688007 -41.032883064154795,25.51307716212954 55.65281924991267 13.628571299463092,7.3529103803867075 6.0800116069206664 -6.711906229863255,37.60004108486644 2.178883418816243 45.40587427616373,27.71049671273275 -65.31133865644163 -17.963469557097305
-48.27283459678548 -29.405633675125433 12.258545710597256,-36.528245689327605 -13.32191398404644 0.5845771409342181,-35.0752552523515 -2.6118674514582145 21.933837835507397,90.15360498348339 -102.29530281916266 -104.3879672962644,6.399140566430672 -4.773813271887041 -3.487182034867153,-7.623602113616719 -3.5852512680905337 -41.10829752886755,25.757278979774682 56.58223957090549 14.030504888784915,7.3201338171055506 6.015089061018328 -6.3228795944113445,36.817890392988254 2.0482978512918364 45.98096926579272,27.91473737294335 -66.40248015627262 -18.472162802695188
-47.7896401843448 -28.78598164083415 11.605330998285114,-35.900030989229 -13.296259526627043 0.5738817228713832,-34.621885986938246 -2.548795925913706 21.58348324991344,90.27944606355814 -67.31981590447447 -69.15782784939333,6.341036664089954 -4.714702050552779 -3.471761563847779,-7.211099766227079 -3.6192254914542996 -41.23343839300637,26.097852169766465 57.92970187646986 14.619619099850803,7.257278644664946 6.083804937316038 -6.275373095012871,35.540560452300866 1.8682723631324831 46.73323699208481,28.210372352624493 -68.1098800381381 -19.275585047069864
-44.6561553933435 -27.532411897791583 10.52359350919714,-35.17332866382931 -13.222369322496899 0.5263398167742827,-34.118445485517164 -2.469810841313152 21.1881184463371,87.28841583980905 -36.18874885177898 -38.56147458494768,6.07325732072147 -4.394816234419321 -4.328071904831406,-6.914158063705737 -3.3576315552317095 -41.42421904024047,26.484586351587293 59.54573456156829 15.336497357673773,7.146255959689369 6.410413945189263 -7.0460239953874275,33.95957012863333 1.6681041798153795 47.61586151195845,28.540059631488127 -70.2286434055231 -20.284192378829946
-39.195393464514964 -25.79188106807908 9.12380972235118,-34.399356566902846 -13.113172572720984 0.44349801028771374,-33.610791679427244 -2.3766869786329923 20.799153783108913,81.40314897608044 -13.757890694484574 -17.380753878609,5.624434946083327 -3.840094422623991 -5.946486156072793,-6.734838301924866 -2.923911954878575 -41.663633773759194,26.874735508319606 61.2710257417464 16.112502847163633,6.996735376606019 6.964201539402244 -8.552009277712706,32.26101505928657 1.4459717519903352 48.54573261585691,28.859699752883543 -72.52553899779005 -21.389098734284314
-33.56855149481632 -24.081885322976078 7.736070044769044,-33.59631467126103 -13.003741486563086 0.34391735315441585,-33.107821283701846 -2.267423071766997 20.4543389216789,75.04004975835288 0.5924945530385386 -4.311485949445814,5.173052386789649 -3.2561571378973375 -7.583009124017486,-6.533711981157469 -2.699788792451284 -41.89828195673161,27.233806133794857 62.93538423780812 16.868804966507177,6.849075993744744 7.543121028003089 -10.091973356016334,30.624995025233805 1.1656489865947481 49.39961358910281,29.139834079474124 -74.73600721044716 -22.460033598458615
-29.98995272317529 -22.929279338556665 6.695934298679306,-32.78153834635226 -12.929734311794267 0.2468446378000735,-32.61708077360865 -2.1401650865444193 20.190308567686145,70.68473856283669 7.786067940781652 2.271925729229237,4.901747064981382 -2.8540223940042453 -8.475834010965187,-6.167050047346505 -3.0725351198079482 -42.07382055197793,27.52821935058238 64.36997438126846 17.526896595262297,6.744427868662267 7.940007820466362 -10.946993892179616,29.229891307740193 0.7908014082642674 50.054517951467304,29.352232091126663 -76.59650160850832 -23.36688369756161
-29.13592124607242 -22.50143108081367 6.123070522980746,-32.00327212838684 -12.90630763910882 0.16439482270793168,-32.166715074272666 -2.005606195208292 20.028756452444824,69.20018586368401 9.499588097745454 4.231781276031003,4.861320788415668 -2.7018551203604257 -8.41306184304468,-5.601769783555929 -4.14324515930356 -42.170366489079775,27.742250192673698 65.47621443715326 18.03943371032625,6.694747515392337 8.084965671780592 -10.927013356405153,28.20251797325991 0.34632346140973763 50.47266360023847,29.485890722584127 -77.93994516477264 -24.02581800621739
-29.738018358510477 -22.51114624577713 5.864156806333056,-31.348844449062632 -12.922694208562145 0.09966483444250561,-31.810915353593117 -1.890305209729622 19.97248380578263,69.39756049078666 8.362087368251974 3.7296867895652825,4.935872411845634 -2.6871859684738664 -7.878138819544495,-4.944698096082897 -5.651146909295956 -42.211610494019624,27.882749534212973 66.24435707408365 18.39847727317123,6.675076916666397 8.081670847352763 -10.510711006744152,27.604483589510288 -0.06546791804472793 50.72400731196954,29.551590609556946 -78.72124409023702 -24.411528285313466
-30.416442207679182 -22.644652549620965 5.74954076694168,-30.90630523602853 -12.966420149637583 0.05514094391322031,-31.604202526417463 -1.8214323239637698 20.022484841919393,69.96740096334791 7.037981087372768 2.9259067750936225,5.0000349442688945 -2.6871512544034246 -7.3938192942040635,-4.311104583050831 -7.312534445853292 -42.22385473802372,27.958155184006316 66.67156145816814 18.599212597661086,6.658302787794063 8.043932567451774 -10.214068581074562,27.490530140919354 -0.33855033228874915 50.885150719438855,29.56164252102628 -78.9062412938894 -24.504022967906256
-30.46464206039389 -22.717984318972935 5.668986181354775,-30.673958203231585 -13.022822813262534 0.03169450684186495,-31.53369677382127 -1.8057326578104798 20.149850231789152,70.15286140727198 6.899770851342359 2.948329664059542,4.990176317090573 -2.6388747156047425 -7.216534876305025,-3.7894857491616527 -8.857792943096635 -42.22416015347148,27.983873248042936 66.81567650457897 18.666800273475456,6.6280092373931545 8.035203758253989 -10.271733610463727,27.78053687534703 -0.4302895029405649 51.019288827378475,29.535024776173017 -78.61713817248742 -24.361826585693173
-30.150755884252064 -22.735101355529526 5.598275633208007,-30.52017839776163 -13.07407078069618 0.02785891093172106,-31.48893992651891 -1.820381252165031 20.2823782626903,69.99713648612563 7.449610496216632 3.4302376930179364,4.932040222943964 -2.566325933706751 -7.217152617986365,-3.4295777749496885 -10.037707740335572 -42.216208814805626,27.985398074767335 66.82241375647571 18.66979712356983,6.58326735669672 8.046034814570472 -10.511056460733654,28.199137638666286 -0.38982030278633645 51.17020740599946,29.500368534926714 -78.20250165989358 -24.157134115089974
-29.817182242097626 -22.71463211494756 5.52012833500757,-30.304359543571863 -13.10223163876387 0.041952247796629094,-31.352844804434376 -1.84039291069086 20.345064354741467,69.60593155095447 8.047121082041242 3.8908949610206927,4.8582056198185555 -2.5001047087242996 -7.237398913244589,-3.2777687383681005 -10.606634886943562 -42.20266285820777,27.988840339755118 66.843327583313 18.679667168035238,6.524407413166334 8.061352542471104 -10.728771210463478,28.45772836212354 -0.27311740849552674 51.37969940715234,29.486851458005344 -78.02607924301446 -24.069784173687026
-29.65913347662826 -22.672352366337403 5.432138702827428,-29.972301225144776 -13.100070040661848 0.06994106893846445,-31.081664083709867 -1.851991589526119 20.305499569618917,69.07738916297298 8.3319768596286 4.064674272151126,4.789633198891043 -2.458679957755642 -7.194333393650064,-3.3575581054596046 -10.462577431118538 -42.18815992146075,28.007706096316017 66.95475585954826 18.73227900118404,6.455186805157641 8.072056176459181 -10.8133362504376,28.41635293388559 -0.11123723913829911 51.65508375777233,29.508445217981482 -78.26710009129897 -24.188462040551496
-29.627449189684636 -22.61930157381107 5.356598398604981,-29.613262359926637 -13.078110939603475 0.10388767244580463,-30.753416334470653 -1.8600117595039407 20.201996356270435,68.49709541120883 8.408823364096154 4.043092623600347,4.727993885609874 -2.4403797375358933 -7.130091188501512,-3.654443463956469 -9.742035005750523 -42.18061756040204,28.034573989694486 67.10815478918178 18.80440226261079,6.385052983865668 8.078960952035853 -10.805499510193059,28.181854899174972 0.10613547781014142 51.946442287812594,29.553875041144593 -78.79843828925249 -24.450511441505583
-29.650201758610528 -22.566202170212897 5.3182044150946925,-29.32990101368624 -13.048522691770284 0.13549565466115607,-30.457614678292654 -1.8710124131358523 20.079521268063186,67.9498452109449 8.42524624997708 3.9504672252427344,4.673181516157958 -2.441664434408979 -7.098425031427927,-4.150287261848506 -8.604114308106956 -42.18823947352256,28.05998920135733 67.24295136005715 18.867120521602235,6.324003244888661 8.083765185547845 -10.760282458444431,27.884445341874113 0.3930224194993034 52.19826107483705,29.60946301055185 -79.46376924863459 -24.77885152597005
-29.686500207134642 -22.5384968763638 5.350380636621362,-29.210476004723244 -13.019939143535353 0.15753747162457848,-30.285367542740836 -1.8881268517096894 19.98147758270296,67.56506279934042 8.42666079523742 3.8119462115510303,4.629819691998739 -2.4625494163012824 -7.133204649412458,-4.821020633443323 -7.2216476880773195 -42.216604125248594,28.067637677509385 67.26959939134252 18.878559750031535,6.28355395301415 8.082276264900516 -10.723063319408705,27.66551885025239 0.7413674512454277 52.33238291524979,29.65893774067021 -80.07103213888651 -25.07872158022901
-29.75468068567737 -22.58971908854351 5.503204444999474,-29.31576811638655 -12.994249248230755 0.1648252807000908,-30.330827672370887 -1.9079511416073105 19.948285384270147,67.55733839663651 8.26351089588317 3.4634337078399082,4.611557809587074 -2.509834010396875 -7.230357095509579,-5.631256007330559 -5.793660111747087 -42.26628025477331,28.028115909044125 67.04326330300633 18.772118980716836,6.278120307594825 8.059059939298892 -10.720818146639997,27.687811455948022 1.1009834251648893 52.22744050906322,29.681078738680377 -80.35997077982876 -25.2216224679001
-29.879615211132887 -22.776250263960222 5.828251504513946,-29.702997397660646 -12.972575765396433 0.15242368313772908,-30.68787698036126 -1.9263545830214173 20.01981127754927,68.14956899009549 7.7651543783726895 2.720523373897198,4.632971015309323 -2.5910087077351998 -7.381483661153098,-6.544127229683662 -4.521944245254494 -42.337227883347126,27.910700063522583 66.41366099774336 18.4787729369769,6.322339980976841 7.997515197838509 -10.77831598575374,28.115540034652458 1.4169326439674201 51.757704082466354,29.654207398939846 -80.06384126199946 -25.075843860181156
-30.061412422369468 -23.092670759168996 6.30265410188057,-30.33582535813072 -12.954512775746942 0.11998258266805678,-31.328509297456108 -1.9408732156387665 20.19258770706962,69.31207149167655 6.927849231542713 1.5918538331135452,4.69089249692059 -2.69930499711182 -7.566481197558601,-7.48187399055757 -3.5729466364157116 -42.42039349349785,27.714813972584952 65.38379018773703 18.00033776691088,6.410273361206912 7.900407942594197 -10.892979005999804,28.930217731454754 1.631759744408646 50.896189324206006,29.576213708251398 -79.15070664895083 -24.625542783091074
-30.245718315329395 -23.397640408339374 6.739819563249599,-30.9721481502219 -12.936292302973403 0.07723643979914784,-31.956647309032242 -1.9527087760401627 20.367841343890664,70.4596578884011 6.11492064880988 0.510631750864275,4.7431351616337505 -2.7965942295059465 -7.739504722675299,-8.276796561398218 -3.0353763362082655 -42.48689989343721,27.50618588975137 64.29376024753105 17.494432725050164,6.490724761574194 7.813098154084754 -11.002084788879035,29.711533351054808 1.6824722050373828 49.833084994579785,29.488025289955164 -78.10504615369794 -24.109705889116242
-30.37099383408802 -23.531918820266345 6.931621196320769,-31.342772176867083 -12.913703698258209 0.0352536095775885,-32.240925101549514 -1.9635449285217903 20.434252649130038,70.93398790048188 5.738059803472379 -0.034004770837551296,4.742376777278423 -2.8406261912376802 -7.85133403489481,-8.749457534958175 -2.987413471319519 -42.50528444666224,27.35929392723237 63.52815984032622 17.139233531822036,6.506544118044195 7.786549953251785 -11.034991526029218,29.986274534152972 1.505518487484432 48.78738833203664,29.43624851488427 -77.47948907722956 -23.800949153114143
-30.40225316813196 -23.415595757697965 6.777169168565309,-31.30226789541719 -12.884539469886708 0.0016386131602640366,-32.012859567026545 -1.9725786453331953 20.33830228018813,70.40330659982705 6.004998182999167 0.20655821350330902,4.665609581108986 -2.810984427634671 -7.87399274121725,-8.817628277518605 -3.4309303187297098 -42.466209807186715,27.317361518938103 63.309481129409015 17.037767923841848,6.429368137692075 7.844635640259768 -10.956757506020848,29.523109351541077 1.1117037149031412 47.93809220870482,29.44690533428652 -77.58376415723825 -23.852078898765097
-30.372025489297688 -23.170467925829477 6.448236916391828,-31.019891513313876 -12.851685406244455 -0.024811263731920226,-31.518117716312112 -1.9726841699185298 20.173435198504556,69.3662435900259 6.60487399650183 0.8693715831536291,4.551648421839718 -2.7427675757278824 -7.833519516896473,-8.646245747641007 -4.173776803486499 -42.416594976434716,27.344143129124667 63.448065440712185 17.10199039141866,6.3040275313118235 7.94234313698851 -10.823213025778559,28.705717437210847 0.7008942198221279 47.36247333945065,29.493679211083183 -78.1099947506155 -24.111270269669852
-30.32340104231714 -22.949883615069407 6.159249534838663,-30.714129774902748 -12.818823916163227 -0.04667634888079691,-31.067144933094177 -1.9557489286580971 20.056076162918473,68.45130346237333 7.145703466370937 1.495813163571449,4.44897859604409 -2.6797603754522816 -7.764410499544285,-8.438912558788386 -4.993450774206221 -42.41214903317536,27.39095894060297 63.68976659200447 17.213959037097002,6.186803143256559 8.023885842494513 -10.704383777687806,28.01395353397101 0.5024851460020312 47.121833814483374,29.54206413954979 -78.65366945176567 -24.37903377559274
-30.28587475279927 -22.8658952138801 6.069897561040258,-30.5470657758923 -12.788489140088661 -0.0646845373801726,-30.880407720987886 -1.9176821901040622 20.061682587525105,68.09696087077464 7.339048670119564 1.7393607043123105,4.393398094593243 -2.657194231674781 -7.700342248603622,-8.352709725491302 -5.704030936143234 -42.48504744690975,27.42104684409069 63.8429279781964 17.284751062444,6.120123836111829 8.048287696164566 -10.647469752664083,27.76859265726384 0.6518231051719737 47.21918773968045,29.565136056228905 -78.90311717354214 -24.501727952078767
-30.24884675427846 -22.908766825573434 6.178450479885288,-30.514439141573387 -12.759828789521844 -0.07410060111309069,-30.913010332455233 -1.8662542850005623 20.144892569528658,68.18126148923022 7.201845137238102 1.5840927380103988,4.3832879945279535 -2.6850753825710654 -7.672574255115259,-8.407518552637685 -6.227478849492108 -42.59806127214676,27.432791975927604 63.90018485080469 17.3110256793479,6.1055667407923435 8.018251313088667 -10.632354261071654,27.82125801121076 1.0068903969320848 47.48564854017133,29.558331270080075 -78.82046792391621 -24.46092456829213
-30.194362076790128 -23.04642136160318 6.453566236090947,-30.58147497457701 -12.73136935973875 -0.06918714099315368,-31.0713782085473 -1.8114113713130768 20.23818076458814,68.47944429446757 6.807046977908388 1.0747341518655391,4.410165507045191 -2.768782689488221 -7.711922616169222,-8.598052037406674 -6.5055464143592445 -42.701229818718595,27.43102698386031 63.88797948737663 17.305141508797057,6.137215029546233 7.944491849733717 -10.626571848583795,27.937510247904317 1.3747888170295073 47.720795687845445,29.52118794082433 -78.4180785679776 -24.26299929625437
-30.104465750369663 -23.246781733423163 6.863902774374436,-30.713398377534155 -12.701637346015353 -0.044206757933964676,-31.26193679031521 -1.7630996070070837 20.274021828362578,68.76674826321408 6.227608302312259 0.2560098330775523,4.465547843341924 -2.9136950137733377 -7.849203428855537,-8.919023176977413 -6.479985530851079 -42.74459239645752,27.420584515635415 63.83275416545956 17.279457171779853,6.209151874621632 7.837724462566616 -10.597657060873791,27.882910019437098 1.5626201612113995 47.724208654592196,29.453244228182704 -77.7083059708161 -23.91432780798701
-29.961202805052498 -23.477770852487176 7.37811803945296,-30.875434453075826 -12.669159243627632 0.006577947150874397,-31.391111518810078 -1.7312651500480614 20.18489041651098,68.81841237219726 5.536483220631543 -0.8273553311537581,4.540952214615128 -3.1251912167735085 -8.11523279026424,-9.365144968529053 -6.092548099074027 -42.67818831519578,27.406297218999516 63.7609511626008 17.246331289284647,6.315460448266675 7.708664308054267 -10.513144443614921,27.423017977901672 1.3774862252249112 47.295466912301016,29.354038291876243 -76.7035069975215 -23.421285775511578
-29.746618270874023 -23.707311630249023 7.964869976043701,-31.032808303833008 -12.632461547851562 0.08890437334775925,-31.365327835083008 -1.7258541584014893 19.903261184692383,68.40967559814453 4.806625843048096 -2.13063645362854,4.627895832061768 -3.4086501598358154 -8.540826797485352,-9.931130409240723 -5.2849860191345215 -42.452056884765625,27.39299774169922 63.699012756347656 17.218122482299805,6.450223922729492 7.568026542663574 -10.340568542480469,26.323394775390625 0.6264888048171997 46.23414993286133,29.223108291625977 -75.4160385131836 -22.79024887084961
