-47.82415008544922 -30.1030216217041 19.60274887084961,-36.706783294677734 -11.892502784729004 4.6393890380859375,-37.19578552246094 -5.08075475692749 19.10875701904297,86.74797058105469 -101.83057403564453 -111.00859069824219,8.383219718933105 -6.2651238441467285 -7.537059307098389,-11.83802604675293 7.072000503540039 -46.79856872558594,23.03422737121582 47.35466384887695 10.211609840393066,9.94000244140625 4.8647260665893555 -8.540534019470215,35.109493255615234 3.674135208129883 44.75296401977539,25.6262264251709 -56.08334732055664 -13.814482688903809
-49.132110595703125 -30.109485626220703 19.070716857910156,-38.62314224243164 -11.748333930969238 3.8179759979248047,-38.63962173461914 -5.228711128234863 20.20635223388672,84.4747543334961 -143.5501708984375 -151.54115295410156,8.00266170501709 -5.99635124206543 -7.1754913330078125,-11.898589134216309 6.7799577713012695 -47.13717269897461,22.959959030151367 47.131317138671875 10.124319076538086,9.546555519104004 4.9165825843811035 -9.068265914916992,39.004112243652344 7.002325534820557 47.81297302246094,25.197784423828125 -54.48811340332031 -13.129902839660645
-49.43986892700195 -30.419858932495117 19.353511810302734,-38.76327133178711 -12.043391227722168 4.081777095794678,-37.72352600097656 -5.417067527770996 20.338865280151367,85.73235321044922 -132.6198272705078 -141.3044891357422,7.575455188751221 -5.938695907592773 -7.288186073303223,-10.602869033813477 4.834613800048828 -45.96427536010742,22.45090675354004 45.63125228881836 9.5452880859375,9.1497802734375 4.950826168060303 -9.289042472839355,39.278106689453125 6.463308811187744 46.566139221191406,25.150239944458008 -54.31549835205078 -13.056463241577148
-49.92054748535156 -27.392972946166992 15.91118335723877,-39.22027587890625 -11.47434139251709 2.675302505493164,-37.71905517578125 -4.51954984664917 19.158357620239258,86.68618774414062 -138.05804443359375 -143.3076934814453,7.362044334411621 -5.842770099639893 -7.021550178527832,-8.886611938476562 -0.004965172149240971 -44.557071685791016,23.885095596313477 50.004093170166016 11.266560554504395,8.770586967468262 5.544427394866943 -7.174054145812988,33.13595199584961 5.0578813552856445 44.466217041015625,27.16975975036621 -62.61610794067383 -16.721757888793945
-49.57877731323242 -28.556941986083984 17.793180465698242,-38.759307861328125 -10.519370079040527 2.500453472137451,-38.49518966674805 -4.7099785804748535 19.439891815185547,85.04753875732422 -144.2816619873047 -150.96499633789062,8.798335075378418 -6.10620641708374 -7.015232563018799,-10.727025985717773 3.646388292312622 -45.89439392089844,23.26800537109375 48.06563949584961 10.491107940673828,10.234077453613281 5.105218887329102 -7.734302043914795,35.801570892333984 6.772339344024658 51.124183654785156,24.571998596191406 -52.28216552734375 -12.201519966125488
-50.25932312011719 -28.408571243286133 17.139488220214844,-40.209312438964844 -10.829998016357422 1.8969395160675049,-37.74675369262695 -4.541206359863281 21.324012756347656,84.94731903076172 -150.20713806152344 -155.1355438232422,7.469057083129883 -5.7690839767456055 -6.589609146118164,-9.013675689697266 0.5088918805122375 -45.4434814453125,23.499387741088867 48.7816162109375 10.775299072265625,8.855949401855469 5.37750768661499 -7.693922996520996,37.34910583496094 7.264068603515625 49.560096740722656,25.964263916015625 -57.398929595947266 -14.387007713317871
-50.1997184753418 -31.090816497802734 19.884737014770508,-40.99160385131836 -12.077714920043945 2.622690200805664,-37.883323669433594 -4.395802974700928 23.03228759765625,84.07235717773438 -148.8621063232422 -154.4886016845703,6.874637126922607 -5.705737113952637 -6.429966926574707,-8.52123737335205 -0.7727633714675903 -45.37696075439453,22.16295623779297 44.80485916137695 9.231620788574219,8.269813537597656 5.3143086433410645 -8.081746101379395,38.05378341674805 7.385366439819336 47.12240982055664,24.553340911865234 -52.218414306640625 -12.175031661987305
-51.34495162963867 -28.637304306030273 17.459901809692383,-43.28612518310547 -11.949679374694824 2.6347641944885254,-40.111595153808594 -4.89161491394043 21.429065704345703,80.53749084472656 -162.45684814453125 -166.78500366210938,7.61010217666626 -5.884885787963867 -7.207035541534424,-8.255842208862305 -2.6713435649871826 -43.93059158325195,22.71734046936035 46.409873962402344 9.844319343566895,9.0817289352417 5.379761219024658 -7.788147926330566,37.00617599487305 7.025796890258789 45.949310302734375,25.440570831298828 -55.382850646972656 -13.512534141540527
-51.69538116455078 -27.674453735351562 16.866891860961914,-43.06391906738281 -11.951314926147461 2.9510607719421387,-39.0672492980957 -5.050164699554443 20.656169891357422,82.66503143310547 -159.14718627929688 -164.16952514648438,7.789369583129883 -5.982939720153809 -7.457938194274902,-9.050567626953125 1.7996455430984497 -44.42216110229492,22.811630249023438 46.68871307373047 9.952225685119629,9.284372329711914 5.370102882385254 -7.662032127380371,35.10055923461914 6.600118637084961 44.84996032714844,25.85426902770996 -56.9648551940918 -14.19731616973877
-51.96138381958008 -27.600454330444336 16.561500549316406,-43.30229187011719 -11.537858963012695 2.3762319087982178,-38.159751892089844 -5.355734825134277 21.540496826171875,83.11479187011719 -159.30810546875 -164.25721740722656,7.923606872558594 -5.883529186248779 -7.260812282562256,-10.099337577819824 6.372669219970703 -45.389671325683594,23.198619842529297 47.85334014892578 10.40739631652832,9.431047439575195 5.259836673736572 -8.27441692352295,38.35599136352539 5.535586833953857 48.99271011352539,25.69535255432129 -56.348175048828125 -13.929166793823242
-52.584144592285156 -28.246253967285156 17.056825637817383,-44.05354690551758 -11.860976219177246 2.064619779586792,-38.14788818359375 -4.937560558319092 22.33016586303711,82.88597106933594 -161.03103637695312 -165.07298278808594,7.517290115356445 -5.770149230957031 -6.969986915588379,-9.972423553466797 5.995969772338867 -45.529239654541016,23.59601593017578 49.08437728881836 10.89625072479248,8.954924583435059 5.456332683563232 -7.728166103363037,37.17820739746094 5.781026363372803 49.26999282836914,26.178403854370117 -58.26115798950195 -14.765941619873047
-38.06450271606445 -21.31324577331543 11.42087459564209,-43.43468475341797 -11.460241317749023 1.6866108179092407,-37.7055549621582 -4.1889753341674805 20.491552352905273,80.3510513305664 -3.5539608001708984 -10.841673851013184,6.851626873016357 -5.288082122802734 -11.015820503234863,-8.804123878479004 2.550753593444824 -44.68231201171875,24.60945701599121 52.410491943359375 12.2549467086792,9.001314163208008 6.213061809539795 -10.286550521850586,31.521583557128906 4.98748779296875 47.83469772338867,27.521406173706055 -64.34306335449219 -17.515094757080078
-52.28668975830078 -26.91929054260254 15.274555206298828,-43.213958740234375 -11.815827369689941 1.8089890480041504,-37.42503356933594 -4.114023685455322 21.21343231201172,84.96541595458984 -159.60101318359375 -162.83792114257812,7.492692947387695 -5.759913921356201 -6.82525634765625,-9.101348876953125 2.198601245880127 -44.4615592956543,24.737131118774414 52.85126495361328 12.4389009475708,8.800612449645996 5.856411457061768 -6.108461856842041,33.04270553588867 5.969293594360352 47.62502670288086,27.948333740234375 -66.61492919921875 -18.572492599487305
-51.42649459838867 -28.145017623901367 15.952784538269043,-42.42902374267578 -12.1983060836792 2.1492934226989746,-37.30305099487305 -4.154369831085205 22.458114624023438,84.43697357177734 -158.20448303222656 -162.32577514648438,6.9096198081970215 -5.568153381347656 -6.466302871704102,-9.830501556396484 2.3654143810272217 -44.738990783691406,24.147247314453125 50.85749816894531 11.613896369934082,8.231502532958984 5.76761531829834 -6.908474922180176,36.99554443359375 8.828646659851074 48.67143249511719,27.513120651245117 -64.30110168457031 -17.4957218170166
-50.467838287353516 -28.131757736206055 15.473301887512207,-40.814048767089844 -12.166552543640137 2.2933974266052246,-36.77027893066406 -4.190315246582031 22.773054122924805,85.27640533447266 -154.17042541503906 -158.90272521972656,6.788863658905029 -5.431395053863525 -6.113072872161865,-10.064956665039062 2.107858419418335 -44.88934326171875,23.69753646850586 49.404972076416016 11.024880409240723,8.105997085571289 5.670923233032227 -7.489966869354248,38.98368453979492 10.033164978027344 49.415340423583984,26.723098754882812 -60.57193374633789 -15.795350074768066
-34.51955032348633 -22.067689895629883 10.77563762664795,-37.813804626464844 -11.363598823547363 1.8088688850402832,-34.96074676513672 -3.7401390075683594 21.23748207092285,75.87067413330078 -0.042536213994026184 -9.317461013793945,5.802150249481201 -4.831940174102783 -10.393669128417969,-8.665152549743652 -1.2373605966567993 -44.49724578857422,25.444881439208984 55.398929595947266 13.51943302154541,7.915439605712891 6.326841831207275 -11.137134552001953,34.50672912597656 6.500284671783447 48.36043167114258,27.37247085571289 -63.5974235534668 -17.171422958374023
-31.0166072845459 -19.379878997802734 8.881409645080566,-30.700183868408203 -9.858667373657227 1.1553341150283813,-31.520132064819336 -1.3388237953186035 16.60460090637207,66.19526672363281 2.6224172115325928 -3.9273431301116943,6.407752513885498 -5.122962474822998 -8.353690147399902,-2.9950788021087646 -14.530902862548828 -46.31123733520508,29.825634002685547 82.66112518310547 26.364259719848633,8.024559020996094 6.497744083404541 -7.558359146118164,22.7786865234375 2.2500452995300293 47.50853729248047,29.175289154052734 -74.99114990234375 -22.582965850830078
-29.93482780456543 -18.37776756286621 8.16281509399414,-28.543601989746094 -9.197659492492676 0.9173121452331543,-31.113161087036133 -0.6540530323982239 15.24036693572998,64.77295684814453 2.3502769470214844 -3.1090126037597656,7.151191711425781 -5.179664134979248 -7.449250221252441,-1.569822907447815 -20.099214553833008 -47.48064422607422,30.01891326904297 91.66714477539062 30.863637924194336,8.589140892028809 6.418494701385498 -6.7701640129089355,20.685697555541992 1.784610390663147 46.99596405029297,29.29165267944336 -76.0482177734375 -23.099231719970703
-29.994281768798828 -18.32787322998047 7.34135103225708,-28.184391021728516 -9.404114723205566 1.1692582368850708,-30.45819091796875 -1.2216321229934692 15.378188133239746,63.723854064941406 3.6654367446899414 -2.383281946182251,7.010690689086914 -4.921041488647461 -7.861073970794678,-4.372550010681152 -9.296072959899902 -46.342674255371094,29.97596549987793 86.24034118652344 28.14888572692871,8.52865982055664 6.682603359222412 -7.130163669586182,20.86630630493164 0.19965560734272003 47.01945877075195,29.522615432739258 -78.43223571777344 -24.269954681396484
-32.28641891479492 -20.7293758392334 9.33668041229248,-32.61558532714844 -10.38135814666748 1.6072070598602295,-33.495418548583984 -2.6057252883911133 18.278902053833008,71.22227478027344 1.4780230522155762 -7.36396598815918,6.937714576721191 -4.970423698425293 -9.360135078430176,-11.440896987915039 9.21767807006836 -46.893890380859375,27.584280014038086 64.66452026367188 17.663816452026367,8.809855461120605 6.349849224090576 -9.535109519958496,28.14773941040039 2.9180493354797363 47.23268127441406,28.696630477905273 -71.2648696899414 -20.77958106994629
-32.3453369140625 -20.90740966796875 9.313118934631348,-32.96326446533203 -10.473020553588867 1.7804436683654785,-34.366477966308594 -2.6906650066375732 18.278213500976562,72.66852569580078 0.5503218173980713 -8.484076499938965,7.250884532928467 -4.967868328094482 -9.45229434967041,-12.72094440460205 12.074484825134277 -47.24104309082031,27.140766143798828 62.47872543334961 16.659059524536133,9.142655372619629 6.322886943817139 -9.701461791992188,29.3107967376709 4.4281182289123535 48.45990753173828,28.733366012573242 -71.52407836914062 -20.904117584228516
-32.10428237915039 -22.143144607543945 10.575849533081055,-33.669219970703125 -10.600436210632324 1.620348334312439,-34.530731201171875 -3.0754661560058594 18.78621482849121,73.25389862060547 -0.7102850675582886 -10.809680938720703,7.706876277923584 -5.341526985168457 -10.288993835449219,-13.49625301361084 10.971936225891113 -45.95402526855469,27.601150512695312 64.75160217285156 17.70416259765625,9.755754470825195 5.919437408447266 -10.504507064819336,31.086082458496094 0.8503789305686951 46.86920928955078,28.220470428466797 -68.18896484375 -19.31355857849121
-32.11040496826172 -21.798521041870117 9.963737487792969,-33.27224349975586 -10.640823364257812 1.7407960891723633,-33.75875473022461 -3.2992777824401855 17.976377487182617,71.45310974121094 1.0946998596191406 -8.739846229553223,8.062448501586914 -5.283052921295166 -10.361844062805176,-12.974333763122559 10.492992401123047 -44.84199523925781,27.975252151489258 66.76592254638672 18.643285751342773,10.117801666259766 5.991650104522705 -10.490762710571289,30.151092529296875 -1.5905109643936157 46.880149841308594,28.05257225036621 -67.20449829101562 -18.849294662475586
-32.642005920410156 -22.562788009643555 10.507142066955566,-34.4570426940918 -10.96558666229248 1.8467497825622559,-35.01203918457031 -3.3868019580841064 18.551727294921875,73.9294204711914 -0.6853680610656738 -10.721712112426758,7.889695167541504 -5.191030502319336 -10.450347900390625,-13.379926681518555 10.74665641784668 -44.66825485229492,27.534955978393555 64.4119644165039 17.546934127807617,9.982952117919922 5.983659267425537 -10.956228256225586,32.357688903808594 0.700655460357666 48.208160400390625,27.799633026123047 -65.79873657226562 -18.190889358520508
-32.7944450378418 -23.003135681152344 10.208545684814453,-34.96678924560547 -11.511955261230469 1.9382621049880981,-35.13496017456055 -3.415961265563965 19.22226905822754,74.60619354248047 -0.4576992094516754 -10.408395767211914,7.152308464050293 -4.758498191833496 -10.26640796661377,-12.978519439697266 9.42670726776123 -43.7901496887207,26.77891731262207 60.81927490234375 15.906682968139648,9.243103981018066 6.296873569488525 -11.3013916015625,33.69727325439453 3.0651092529296875 49.203128814697266,28.045610427856445 -67.1646957397461 -18.830589294433594
-47.15580368041992 -28.998640060424805 13.838059425354004,-36.07635498046875 -12.279650688171387 1.5706003904342651,-35.87124252319336 -3.213144540786743 20.77720069885254,87.94595336914062 -115.70425415039062 -121.11917114257812,7.7247185707092285 -5.244711399078369 -5.3218231201171875,-11.914995193481445 4.0761895179748535 -41.64716339111328,25.91404151916504 57.200016021728516 14.30001163482666,8.879881858825684 5.8734540939331055 -6.6287522315979,36.08662796020508 1.1568726301193237 45.361515045166016,28.070209503173828 -67.30602264404297 -18.89706039428711
-47.010196685791016 -29.10149383544922 13.422996520996094,-36.356361389160156 -12.505654335021973 1.2221242189407349,-35.85051727294922 -3.025684356689453 20.95077896118164,88.05931854248047 -117.91893005371094 -122.76834869384766,7.468764305114746 -5.1294450759887695 -5.110335826873779,-11.410797119140625 3.0415472984313965 -41.28417205810547,25.68967628479004 56.32619857788086 13.919650077819824,8.590625762939453 5.976190567016602 -6.503451824188232,35.60960006713867 0.5855989456176758 44.37808609008789,28.107450485229492 -67.52149200439453 -18.998516082763672
-46.934322357177734 -28.75005340576172 12.636898040771484,-36.52537155151367 -12.6959810256958 0.8195593953132629,-35.38947677612305 -2.8471755981445312 21.251249313354492,88.5408935546875 -110.49120330810547 -114.2822494506836,6.9971113204956055 -4.967364311218262 -4.778385639190674,-9.87077522277832 0.7923693060874939 -41.12022018432617,25.66904640197754 56.24715042114258 13.88542652130127,8.074148178100586 6.09491491317749 -6.404802322387695,35.109432220458984 1.2860530614852905 44.75847244262695,28.141653060913086 -67.72129821777344 -19.092676162719727
-46.87184143066406 -28.99855613708496 12.397639274597168,-36.84250259399414 -13.027615547180176 0.5542084574699402,-35.24263000488281 -2.6762547492980957 21.834321975708008,88.53633117675781 -124.11270904541016 -127.14501190185547,6.485686779022217 -4.785243988037109 -4.371603488922119,-8.56419563293457 -1.9412429332733154 -40.98075866699219,25.593294143676758 55.95806884765625 13.760348320007324,7.526490211486816 6.154348850250244 -6.546172142028809,36.04157257080078 1.9956624507904053 44.86724090576172,27.95726203918457 -66.66462707519531 -18.59581184387207
-46.96731185913086 -29.560930252075195 12.630784034729004,-37.11061477661133 -13.285076141357422 0.561711847782135,-35.48908996582031 -2.6654446125030518 22.236244201660156,87.98287200927734 -140.62628173828125 -143.53367614746094,6.328028202056885 -4.673463821411133 -4.127669811248779,-8.176377296447754 -3.2199947834014893 -41.00794219970703,25.44162940979004 55.386802673339844 13.514256477355957,7.364253520965576 6.122958183288574 -6.88247013092041,37.74677276611328 2.2167892456054688 45.19446563720703,27.659996032714844 -65.05706787109375 -17.845794677734375
-46.49607467651367 -28.197513580322266 11.079215049743652,-35.516178131103516 -13.262665748596191 0.5535485744476318,-34.352394104003906 -2.507955312728882 21.37228012084961,89.14339447021484 -49.51674270629883 -51.521087646484375,6.228003025054932 -4.5815110206604 -3.8021981716156006,-7.030178070068359 -3.5191650390625 -41.32741165161133,26.303462982177734 58.77614974975586 14.993657112121582,7.20428466796875 6.2216644287109375 -6.565366268157959,34.7148551940918 1.7615184783935547 47.19573974609375,28.38715171813965 -69.21305084228516 -19.799135208129883
-31.085359573364258 -23.304912567138672 7.061480522155762,-33.11577224731445 -12.953751564025879 0.2852109372615814,-32.816219329833984 -2.194530487060547 20.286672592163086,72.08723449707031 5.633105754852295 0.24882744252681732,4.981016159057617 -2.9850587844848633 -8.242273330688477,-6.345491886138916 -2.82574462890625 -42.01205825805664,27.417211532592773 63.81926727294922 17.273479461669922,6.779841899871826 7.810966968536377 -10.719318389892578,29.762231826782227 0.9576725959777832 49.81685256958008,29.2749080657959 -75.89138793945312 -23.02252197265625
-30.244760513305664 -22.601036071777344 5.784212589263916,-31.03607177734375 -12.948383331298828 0.06865745037794113,-31.658443450927734 -1.839292287826538 19.992521286010742,69.79730987548828 7.378985404968262 3.122706174850464,4.985518932342529 -2.692659854888916 -7.531408786773682,-4.528839111328125 -6.71620512008667 -42.22122573852539,27.93798065185547 66.55705261230469 18.545394897460938,6.6655988693237305 8.054743766784668 -10.27690601348877,27.47353744506836 -0.2625686824321747 50.832984924316406,29.563600540161133 -78.90914916992188 -24.505090713500977
-29.902408599853516 -22.723834991455078 5.545896530151367,-30.385196685791016 -13.097025871276855 0.03582428768277168,-31.410953521728516 -1.8350844383239746 20.337413787841797,69.74508666992188 7.894646167755127 3.778747081756592,4.880722522735596 -2.5180556774139404 -7.238043785095215,-3.2996931076049805 -10.510376930236816 -42.207252502441406,27.986099243164062 66.82682037353516 18.67186164855957,6.5439772605896 8.057024002075195 -10.675633430480957,28.411470413208008 -0.31396251916885376 51.306739807128906,29.48711585998535 -78.03446960449219 -24.074016571044922
-29.643001556396484 -22.579151153564453 5.323093891143799,-29.38973045349121 -13.056180953979492 0.12806808948516846,-30.525400161743164 -1.8675620555877686 20.11025047302246,68.08208465576172 8.419151306152344 3.9746193885803223,4.686566352844238 -2.439645528793335 -7.100564479827881,-4.005216598510742 -8.926791191101074 -42.18439865112305,28.054170608520508 67.21366882324219 18.853605270385742,6.338229179382324 8.082670211791992 -10.772441864013672,27.959428787231445 0.3121730089187622 52.140655517578125,29.595012664794922 -79.28924560546875 -24.692705154418945
-29.848230361938477 -22.72441291809082 5.745267868041992,-29.598102569580078 -12.976644515991211 0.15679818391799927,-30.58506202697754 -1.9228912591934204 19.994802474975586,67.96914672851562 7.902474403381348 2.9134178161621094,4.624692440032959 -2.571276903152466 -7.346531867980957,-6.350439071655273 -4.760344505310059 -42.32097244262695,27.942533493041992 66.58250427246094 18.557313919067383,6.3085761070251465 8.014009475708008 -10.760534286499023,27.987348556518555 1.3583705425262451 51.88960266113281,29.66470718383789 -80.18450927734375 -25.135318756103516
-30.357980728149414 -23.528608322143555 6.926229953765869,-31.313610076904297 -12.917628288269043 0.041225627064704895,-32.2325553894043 -1.961879849433899 20.435476303100586,70.93062591552734 5.751526832580566 -0.004305947571992874,4.747795581817627 -2.8389720916748047 -7.840046405792236,-8.704730987548828 -2.959928274154663 -42.50680923461914,27.37494659423828 63.609710693359375 17.177066802978516,6.510555267333984 7.784686088562012 -11.037654876708984,29.99550437927246 1.5499743223190308 48.93843078613281,29.440013885498047 -77.52667999267578 -23.824264526367188
-30.32798957824707 -22.966941833496094 6.180845737457275,-30.740243911743164 -12.822088241577148 -0.04457090049982071,-31.102407455444336 -1.9585036039352417 20.062564849853516,68.52135467529297 7.104292392730713 1.4465118646621704,4.457586288452148 -2.6847140789031982 -7.771812915802002,-8.455936431884766 -4.912298202514648 -42.40892028808594,27.38664436340332 63.66758728027344 17.203691482543945,6.196823596954346 8.0178804397583 -10.713871002197266,28.06525993347168 0.5064448118209839 47.12935256958008,29.538026809692383 -78.60881805419922 -24.356952667236328
-30.197864532470703 -23.03756332397461 6.435901165008545,-30.576162338256836 -12.732847213745117 -0.06987835466861725,-31.061676025390625 -1.8141497373580933 20.23421859741211,68.4625015258789 6.832406520843506 1.1087620258331299,4.408021450042725 -2.763046979904175 -7.707785129547119,-8.585062980651855 -6.498176097869873 -42.69696807861328,27.43136978149414 63.88987731933594 17.3060302734375,6.134561538696289 7.949168682098389 -10.627154350280762,27.933706283569336 1.3586581945419312 47.71266555786133,29.52383804321289 -78.44629669189453 -24.276870727539062
-29.746618270874023 -23.707311630249023 7.964869976043701,-31.032808303833008 -12.632461547851562 0.08890437334775925,-31.365327835083008 -1.7258541584014893 19.903261184692383,68.40967559814453 4.806625843048096 -2.13063645362854,4.627895832061768 -3.4086501598358154 -8.540826797485352,-9.931130409240723 -5.2849860191345215 -42.452056884765625,27.39299774169922 63.699012756347656 17.218122482299805,6.450223922729492 7.568026542663574 -10.340568542480469,26.323394775390625 0.6264888048171997 46.23414993286133,29.223108291625977 -75.4160385131836 -22.79024887084961
