-15.4 9.0 -17.5,-9.0 10.7 -9.7,-10.8 6.4 -15.5,20.4 -12.2 24.8,22.2 3.4 10.3,-3.9 65.5 -38.4,29.6 100.8 35.4,20.0 15.2 12.1,-6.9 -54.9 41.6,28.3 -111.1 -40.4
-15.911651383336576 11.92622384480965 -17.464244300400207,-8.259436607809063 11.779845708000959 -9.108571350026306,-11.743209110673686 6.1204584226183005 -16.395271771996036,21.45246009081158 -12.771793590492605 25.743463882970715,21.71090744889072 3.1561716407602955 11.052735405240158,-3.615021855432493 64.61213905049965 -36.94317476025876,29.62165179624876 100.08764441451117 35.01803747728807,19.30952775365642 14.966548833909725 13.173426767949662,-7.561768498419312 -48.94569301713098 41.51887186364862,28.363160568846467 -110.92699792084922 -40.344472286966855
-15.966042102066863 11.756939084974094 -17.35713424130278,-8.236455107868343 11.495523089511629 -8.728015558899823,-12.34935790862547 6.004410521828276 -16.51329369266028,22.311367381622887 -12.55027181019652 25.36087758035525,22.074245637811828 3.149454192503466 10.88531582283686,-3.6111159629600027 63.741985536550985 -36.51862998912505,29.581519389268674 100.35914784672548 35.13794912327464,19.697219872827414 14.996543475114176 13.11924353055205,-7.14058755318965 -48.11194938954253 41.565039089815656,28.469876519711516 -110.2615424695584 -40.045940676172684
-15.718017119989401 9.639913618827535 -17.208218949101507,-8.670248433348117 10.370688859440676 -8.507893346545623,-12.688513066803711 5.9983337495980305 -16.128252587290795,22.971592509069175 -11.84363404445159 24.173023584955445,22.947760315056836 3.290436705431905 10.146830455901416,-3.7879124667153734 62.93850444579695 -36.77497655013068,29.5044864542725 101.24483762660013 35.57266864319357,20.736957582689495 15.187734711863722 12.351020945019918,-6.064908664725011 -50.61460732667344 41.6921535608573,28.593678479999767 -109.34894078890714 -39.62286956777598
-15.322421400902746 6.72291534470417 -17.04704755019017,-9.30000951741866 8.928999732696767 -8.39776543288879,-12.830741258156776 6.048705557895669 -15.514335281185653,23.428006109785713 -10.960079678597667 22.700684389573137,23.98919722891927 3.489708229748008 9.186368507545138,-4.0450415108314495 62.25066076588051 -37.360825306807435,29.41543666647298 102.37504108409235 36.13512974227879,22.002622108419196 15.43787333240873 11.282329668566028,-4.763183333439398 -54.66950503796249 41.85386715912977,28.708097077115873 -108.43450002167498 -39.19372336193525
-14.934099908605445 4.153712160938205 -16.903169170962567,-9.864931293250251 7.694112424188569 -8.3471925378544,-12.846109155633023 6.102003398689297 -14.945728599642905,23.675478820407747 -10.2078080979746 21.464642487010178,24.85630212769263 3.657857815654171 8.353019180879329,-4.282133239441073 61.72741948444464 -37.92478712268711,29.33925370108288 103.38008554915936 36.63826612576415,23.068094675193034 15.644710124999563 10.32674035840313,-3.663863059746809 -58.49248073284841 42.00383176698926,28.78666293846446 -107.76352731064152 -38.87696645880899
-14.707897606896033 3.0800719658638323 -16.806132937812475,-10.104206694013158 7.189683648824749 -8.305735381367532,-12.80468343218081 6.104704723947016 -14.696619367960615,23.708881277570534 -9.895018687922231 20.9856803700684,25.206820759670435 3.705474513352787 7.9958716790153,-4.39881779667709 61.41774558913224 -38.115472861301484,29.300821233314934 103.89029835175833 36.895011498883534,23.507256508187528 15.70599587788659 9.897823671743982,-3.1953993440612436 -60.29937262077001 42.09569926679194,28.802906691450154 -107.58132979858634 -38.791063258555695
-14.770700458091248 4.321392231351201 -16.787028686467067,-9.831044437616452 7.787317930630426 -8.244145915715432,-12.766595807685574 6.024162493585934 -14.965140722586897,23.539512906406507 -10.241994661389084 21.62697298003072,24.798308107539068 3.5746969281805443 8.36689856779684,-4.318930214448983 61.38355394851974 -37.69553800712117,29.319758693803493 103.61746967707533 36.75937064517044,23.01625019659056 15.55522172224511 10.298502787942468,-3.6673847997412317 -58.766155678663175 42.0886343828613,28.741857870061764 -108.03987074297886 -39.00956196188894
-15.096981837631192 6.907028457144876 -16.88534510392435,-9.262134647736886 9.029739414340549 -8.248695617211396,-12.737819705363865 5.941528086645556 -15.534835190692537,23.2682311999831 -10.989762800396774 22.89253100462415,23.932408098573543 3.379649396650987 9.188661592572966,-4.098253354187122 61.75735296987235 -37.04932819002327,29.38698859656851 102.71746724675116 36.30923865030401,21.95770031308138 15.320709714260042 11.228529548391275,-4.741477940596541 -55.077143212245296 41.971853932254604,28.651229867004748 -108.78226894064194 -39.36115960219708
-15.609535148327756 9.259369736745631 -17.143418754858832,-8.750979691930727 10.178615960615154 -8.44482625618469,-12.705964584229562 5.976539584916795 -16.048666153208167,23.02626094972786 -11.716843890974268 23.995040208766902,23.095254027626034 3.292773078460116 10.004210181023021,-3.837310871751888 62.69558787710506 -36.77199137817111,29.483702921587206 101.49673633903866 35.698427195329515,20.920221759418308 15.196845068533671 12.183132802814455,-5.8596361572175075 -51.26717445052046 41.744764778413945,28.599990881881432 -109.27910450024184 -39.59152921934752
-16.21609036751364 10.05675696232642 -17.57496478958616,-8.592835694342005 10.612786594834045 -8.91255360347629,-12.662078401476098 6.2152299279856855 -16.20827504529041,22.923891227506676 -12.063937194905378 24.28084225668927,22.70080014156794 3.4468886182867684 10.421881854090568,-3.6280172551651138 64.25159422497995 -37.3217299654364,29.589542319180868 100.26382147680795 35.08172561513191,20.406852325767787 15.335010981596495 12.725523289226539,-6.535858909434863 -49.097936590371766 41.42241991620985,28.64203177241978 -109.10904878165344 -39.498770695753656
-16.728446314401417 9.615214473094095 -18.010902287315922,-8.710282457001 10.460815470407669 -9.441593000930082,-12.619262675284299 6.528186091381132 -16.09075667074572,22.93755530840939 -12.069662731609203 23.951331311583445,22.701101144026442 3.7214923333318244 10.46788115989416,-3.507076594722994 65.82010764602593 -38.28110067705894,29.674290558307618 99.33989676575392 34.61977519491917,20.372953839545982 15.611631499905183 12.854110807121858,-6.745352024958173 -48.58233357564087 41.11973873416106,28.734847224601044 -108.54195269910484 -39.216219120796886
-16.920672648015927 8.89485787454191 -18.210257707762683,-8.879328376664326 10.146129223453116 -9.707486339314983,-12.5992924596445 6.701261420297561 -15.920869434721297,22.991041770040873 -11.929140413772462 23.544188654762728,22.866549365326893 3.896449572942191 10.33275729029894,-3.489479056063274 66.53684029747478 -38.88827394766249,29.703854754467038 99.05110345220486 34.475518757538154,20.558490393642696 15.794990853599131 12.738466386880294,-6.644711083005122 -49.045483183708534 40.990917485958796,28.7980198770948 -108.11950401978918 -39.009055618787336
-16.62184347270014 8.737235515252232 -17.983300422577074,-8.904566229972612 10.042584551146113 -9.450797694639657,-12.619415767041787 6.560897115808695 -15.894764046343255,23.01660063114986 -11.819623006620118 23.525080874569298,22.989086129787275 3.7902861433788986 10.192318473349554,-3.580797393671477 65.72135436767982 -38.51559131673683,29.6529085404788 99.63214830386083 34.766185772544446,20.725546281921332 15.693263602590713 12.540910107248278,-6.389649659127805 -49.84052583109248 41.155776110074726,28.76481837732606 -108.29508623384434 -39.098920225914064
-16.07498961665003 9.08145440444286 -17.526608350752188,-8.807994206932642 10.146290480957495 -8.90269109617486,-12.66271052947039 6.240016576041662 -15.990990976459223,23.011003894653143 -11.781303745399576 23.81254240461117,23.025828439471134 3.513796309876474 10.108661075111726,-3.71623664984999 64.0792347454528 -37.54968706254102,29.562062869558897 100.63065176631044 35.265495019256576,20.806279839035124 15.416286462234284 12.36620415909655,-6.125992901561523 -50.54351792174275 41.47514036336908,28.67202347899013 -108.85371700325659 -39.37793444170584
-15.711362058395492 9.456294493513246 -17.21240833462582,-8.710461602580502 10.28159962457056 -8.517399294233758,-12.696718036284613 6.010896232617368 -16.08916100681057,23.000360778833695 -11.7920568743851 24.07633458101401,23.008996294183934 3.3106645895146745 10.092178318488779,-3.7990066833407448 62.946270845862024 -36.838379738822695,29.501909443253975 101.28182604682088 35.59097592184527,20.810179612388573 15.211057577994232 12.29293999204534,-5.995069833297347 -50.83187254316765 41.692075084737574,28.603481397172214 -109.27651769022069 -39.58839244091531
-15.900034493872518 9.444209065872641 -17.360389681704614,-8.718689950781274 10.291835844814367 -8.685983024604814,-12.69276667404115 6.108196861451219 -16.082802029406377,23.007162872671305 -11.829524255638404 24.026909513535713,22.9699932131549 3.391358415742557 10.148025388951956,-3.74698323370542 63.47033785547726 -37.11436181702494,29.53286774089866 100.93217510557473 35.41583888942276,20.75001489517623 15.291031796430588 12.384203709537875,-6.113746075226752 -50.44759732582559 41.58619142815522,28.63156126365078 -109.11475214830125 -39.507461427859255
-16.448757239735098 9.12329044086695 -17.815200891737835,-8.8093494196299 10.19670588375073 -9.227775173006544,-12.656556126956698 6.425852986236994 -15.993624079154737,23.02042007159545 -11.872069155778586 23.747685543318184,22.929602544465574 3.66502180980763 10.237091841915,-3.6098877728984835 65.10011607604113 -38.06595107765807,29.623560897763756 99.93182584062671 34.91541733718258,20.664269226050234 15.565248654468503 12.56637289258715,-6.381550770936809 -49.70256426462109 41.26735190697501,28.724468276407247 -108.5570119495599 -39.22911498024116
-16.8711316946748 8.831359449964959 -18.172555991500268,-8.890959678003307 10.108345972374883 -9.662507477807837,-12.61179758632002 6.6792491858210195 -15.91050816589102,23.01159694103003 -11.898432877291047 23.517525593801757,22.903042373878154 3.882897022022427 10.297070822905791,-3.5065325696463314 66.39386086847432 -38.834184185526496,29.694508235390092 99.1568312242225 34.5281709714622,20.604901116836412 15.783225678646126 12.694186089460862,-6.584122761218669 -49.20726998399323 41.01847984691258,28.7958228618849 -108.12586595206255 -39.01334194499219
-16.733415778470892 8.873356815180216 -18.07101997208459,-8.880847135530855 10.127579291488972 -9.559557719510067,-12.582231899160236 6.613532423153035 -15.914215651474047,22.95848471226493 -11.889806314720948 23.585792225635526,22.904156688142816 3.8224600939696978 10.272831940087093,-3.542694435576407 66.06057792130821 -38.64900006519886,29.674643908073367 99.3895193752149 34.64558255643997,20.618385540970497 15.72099634081263 12.639065175327346,-6.529802491035104 -49.49786665712866 41.09231471238187,28.768788895445105 -108.28635670478951 -39.091623606983724
-16.18781028980062 9.181247421911253 -17.62688028364666,-8.796105380059586 10.226613308393555 -9.042825314551365,-12.590233523876558 6.306181934181208 -15.993119652785541,22.907614616678842 -11.853326215152174 23.870718111156418,22.932734732840817 3.554166996794496 10.187525397569495,-3.679444174156596 64.49127667387275 -37.73433766163729,29.586641690670184 100.36906143142586 35.13632654357208,20.691779809853077 15.450717864698257 12.456066286026184,-6.278339486635158 -50.29411697097674 41.405305651083914,28.67284516228523 -108.86221640817831 -39.3775878101819
-15.739430666118817 9.462352018061 -17.244157626711942,-8.713917982488777 10.300189973346143 -8.570199236865685,-12.657353940098224 6.034841387775822 -16.07994765079699,22.946920133505312 -11.811756567685316 24.09109568862617,22.98010055313658 3.3249361346439072 10.111449968440457,-3.7906958532108397 63.090040992226974 -36.91282424041605,29.50963493032794 101.20633286840902 35.55418882865688,20.77635385101282 15.22290343788612 12.310848862097703,-6.040907497179183 -50.824070493318864 41.67135343967322,28.60150414329679 -109.29091467948446 -39.59341859691097
-15.852275479886034 9.444933462779144 -17.296207525239055,-8.706630953105625 10.252948726430628 -8.568348037752596,-12.79564838388384 6.056883026682532 -16.11025132097777,23.146736479304156 -11.787674147895187 23.990733746961553,23.035017023989003 3.3626135975258262 10.11014119155965,-3.760735992478919 63.16077394088347 -36.94874429162415,29.516917945927496 101.08038001077252 35.487376293039034,20.823986302819783 15.268301513255734 12.355135769924026,-6.015658486835996 -50.393691414351146 41.62653715441129,28.63966960884712 -109.06167989174008 -39.48649761608223
-16.403014502314296 9.164282684093388 -17.71404565117841,-8.774228297556673 10.129593862515044 -9.006383581949844,-12.895981046235715 6.335519005662622 -16.065438728478266,23.345272075886765 -11.798519611865945 23.66810092363272,23.055008834859485 3.6203686321645536 10.179994721648525,-3.6216863807104946 64.54945692992948 -37.75579791120408,29.597264561959495 100.1516078712809 35.019192764634624,20.80061748777904 15.533804000402483 12.54315796743996,-6.207773056830424 -49.390817817629575 41.32587909943385,28.751006034911203 -108.39289865940147 -39.15977818482551
-16.862629234389765 8.867765491952992 -18.123148276689868,-8.866711087856837 10.071577304944045 -9.537367541684674,-12.76550528134506 6.630774955999928 -15.958592529187342,23.220397357834173 -11.858185920715306 23.466641651903092,22.976023382537022 3.8616417112383292 10.269648909615002,-3.5077837283745326 66.09503457362102 -38.660157202585616,29.68106738085472 99.25827977276766 34.57492261687648,20.681900618860194 15.77023329931753 12.692731936478872,-6.489139829057386 -48.950575417534125 41.04470667227827,28.815433733171517 -108.0066123556486 -38.96181924137126
-16.73157579857373 8.790682107783566 -18.167305972683174,-8.935525128038432 10.210067983629719 -9.826646202765975,-12.231389488565524 6.71342882634187 -15.80485163950549,22.480600280386874 -11.977347304852412 23.707227271612588,22.742012892589766 3.8620474484844354 10.328975908855368,-3.545742133897677 66.68462097796015 -39.0159769246902,29.701867822577338 99.19717753751742 34.558525974168056,20.449493307666376 15.741792317904727 12.631852397100255,-6.733225767386548 -50.128826688376854 41.04429080730912,28.720847300258495 -108.57681979725413 -39.21834512792787
-16.09559764349918 8.914472911352009 -17.870564959251293,-8.970140333079899 10.485934003904353 -9.829090570527047,-11.45876305052393 6.584890089212238 -15.641583386000349,21.361369814154276 -12.117604619411832 24.28287250900567,22.428402160272746 3.64582118524879 10.341893662146,-3.7133390702645834 66.26855864578256 -38.79584471189943,29.66039976760853 99.90821087936024 34.93548481983343,20.175637417836324 15.482076365245844 12.389485687917967,-6.879445177985061 -52.51408239814178 41.298455893225714,28.50542048759674 -109.87240737290138 -39.82295189629592
-15.503307728185169 9.01981538297234 -17.55769340669621,-8.990097663118993 10.689545680424551 -9.728539815471413,-10.880028922778283 6.428961198774292 -15.523734244608837,20.51496920632596 -12.201749457528699 24.748225321742016,22.214589945830436 3.4338178534854813 10.319244935604582,-3.870566745318756 65.63803522634092 -38.46143058509252,29.610535683086717 100.65363948355312 35.324514423821924,20.004212599295148 15.237727442635435 12.153534844997012,-6.919366262509598 -54.53441068176509 41.55370165970126,28.326174039686535 -110.94646099567736 -40.3274906103683
-15.488239573622199 8.89746135720949 -17.54529025604525,-9.013887423739867 10.620249388213145 -9.706140406871196,-10.911871007302361 6.425006845915696 -15.504658473422284,20.57003263791592 -12.156940260623953 24.674042965956087,22.27177397190632 3.4406239814515254 10.27356174357418,-3.8810453797529116 65.56828176887853 -38.4635805736889,29.604990717061806 100.71332547752574 35.35357175590252,20.07150279004493 15.24813473705471 12.108133499357097,-6.848646979446793 -54.66213234390549 41.5630912063345,28.335033739474547 -110.88315361374038 -40.29842316753214
-16.048283434046635 8.638777227463555 -17.8334058821134,-9.023829130687412 10.33025839715926 -9.770180694598137,-11.52618528782889 6.570390194593503 -15.597666493246845,21.478665531791798 -12.015198226341138 24.120927094761395,22.557811706488074 3.655942666495394 10.235810383524186,-3.7406562350079513 66.08248019415797 -38.785895643813305,29.646075452864697 100.06486646073121 35.01218395970991,20.32921239951141 15.50011313033466 12.280706620418124,-6.714452815112947 -52.83704973252286 41.32647379411147,28.522757308221756 -109.74509653803023 -39.76488277159045
-16.69684233011141 8.607034076364695 -18.135773723318074,-8.969525962185946 10.100503091624496 -9.772599537605892,-12.292558820834257 6.697854741602873 -15.779849231146308,22.581055702932474 -11.90339250397658 23.59254169680096,22.837595194108157 3.8660708248707114 10.253630889698632,-3.5649101650542647 66.5235869363333 -38.98935543472696,29.69050974276262 99.31695903002455 34.61691698279024,20.56209437758269 15.752025036084266 12.556936807912203,-6.610537612695043 -50.326296494926915 41.06691579891221,28.73432658761683 -108.47989474045166 -39.17448700805465
-16.94441595450964 9.1489754624631 -18.16535440485519,-8.804386638108536 10.204550285969885 -9.56596449102534,-12.778907736158175 6.6407501585571405 -16.024187440540395,23.2165085784977 -11.944020065125699 23.585521027967243,22.880735805066337 3.8583675410277714 10.369578513289992,-3.470948119921996 66.2331691059254 -38.63967536633995,29.694598164353792 99.08448149969057 34.487478403403806,20.56088384132813 15.763444600130791 12.816247775838624,-6.624494278922567 -48.42514166528721 41.00843759389414,28.814906400765874 -108.03279976430453 -38.973700758145256
-16.657262630884365 9.967818761298316 -17.868402684655003,-8.603667015965598 10.534503201320504 -9.15592409241748,-12.866652024317405 6.392240866402367 -16.23508597518213,23.241732371726467 -12.069153492559757 24.034402656397326,22.742177068780798 3.6253168755831515 10.487219104117493,-3.5103914839063326 65.1179691949808 -37.79058496593317,29.64464950885387 99.57756262894785 34.73232248261596,20.4096066911318 15.524787841458032 12.909903629391945,-6.652269896768769 -47.9475492776482 41.20177265324476,28.7425333723534 -108.51203325508473 -39.21221094233776
-16.06949938463357 10.101367537940863 -17.432402258834273,-8.568614358575577 10.588027116987092 -8.706414455697434,-12.761378437084502 6.110741658377374 -16.24604138406828,23.048435997494487 -12.01396426149771 24.29250941689536,22.77189939780027 3.3715045807654356 10.366401799884796,-3.6671136225784924 63.66912783525328 -37.000426215294226,29.557997285105202 100.58781527069662 35.24146501157434,20.495555023615267 15.26516405134878 12.660051099694366,-6.39164746324927 -49.20980820910473 41.51847371415573,28.63263516743858 -109.16031788019157 -39.52943129916143
-15.430299423535674 8.596778062138869 -17.053058805182406,-8.897666373802334 9.864569278151318 -8.38539204671005,-12.679507205367127 5.958470762512921 -15.895248804883263,23.04330816730218 -11.515814525705576 23.709330802598064,23.319614739601093 3.305680810707472 9.771755006562303,-3.9203705219058067 62.3979329879045 -36.8344443617109,29.453606126388056 101.88433651066143 35.89334905888311,21.20382673826064 15.218277768177963 11.89859453285105,-5.545899601136543 -52.46859633847901 41.823406881677954,28.60399395627002 -109.2012434395035 -39.55573939493459
-14.927966515597205 5.77279167222102 -16.83373991324489,-9.5155218463119 8.497908801276457 -8.256584292121358,-12.706537593231332 5.976332363606082 -15.273925606598542,23.32491775283232 -10.670025828899062 22.36401539368861,24.2943497487185 3.458113968250811 8.830138525906282,-4.202074330495739 61.59924079818797 -37.337885954949776,29.356776732766136 103.13448855428987 36.51900303499319,22.405647660721883 15.414078332688838 10.809845800055271,-4.282833929517502 -56.81721293762951 42.03162958415621,28.680634190518237 -108.51878545621784 -39.23561615247968
-14.678841314708006 3.451485727716495 -16.768646135602193,-10.023250734185158 7.37176593933004 -8.260493462118037,-12.773187080774072 6.061806682476245 -14.772425601241611,23.627557836841167 -9.995118491136086 21.19835385058293,25.084129306970226 3.6480617637768673 8.096661530281384,-4.388164774942042 61.312030118498164 -37.94122721420621,29.300300642048636 103.88535717888358 36.89339920020398,23.364716508980045 15.64162477032044 9.994751836639967,-3.3194562377967465 -59.97354873567777 42.11753812243691,28.774552668222917 -107.77766285032268 -38.88489231767093
-14.791013746836507 3.500515517418146 -16.84476494096151,-10.012259159730771 7.393177305480514 -8.330838777953636,-12.802451687113006 6.105767774065232 -14.78947218511796,23.6699265246297 -10.022121087568884 21.18315109523553,25.06086803048972 3.686106060825197 8.138228594976908,-4.354563052523824 61.5562455085758 -38.05059705659838,29.316449878908355 103.68982951999108 36.79462620252073,23.32659541124115 15.680243395194873 10.064003829213046,-3.3875621197854286 -59.63137967039167 42.06030197818653,28.792999216387056 -107.67420360457717 -38.834459026948224
-15.197895734608897 6.028576209026692 -17.010311087548505,-9.458919945316843 8.616449806100274 -8.415539356045274,-12.769231120764939 6.070589959654908 -15.343945975174263,23.402814548495005 -10.773158727933804 22.401918437614942,24.192652458347137 3.5325294771069236 8.969992397620121,-4.114275525092893 62.170201259561125 -37.54791518150813,29.39688411119377 102.64452954783232 36.27178712050097,22.259719361281025 15.48748143692378 11.017656389979242,-4.496994126896344 -55.843852661694385 41.89652738478643,28.716691950461197 -108.32986503230039 -39.142886149473796
-15.596599043466801 8.764884471848541 -17.161048553261832,-8.860379508121818 9.942338326721414 -8.481723585843582,-12.718639139690753 6.015371382940984 -15.940885508928172,23.090981905273292 -11.581924283399056 23.73785795602135,23.254056016360952 3.3501261719384767 9.860709059604886,-3.8657540331324936 62.746506649950646 -36.95873949395637,29.47832359756836 101.58163520646144 35.74060676705572,21.110408195215136 15.26197904774181 12.029709815469888,-5.680954282631599 -51.85581434711723 41.74051961727573,28.62573510078171 -109.08843337804305 -39.50035396309819
-15.671420815427986 9.299894636695333 -17.190339015141713,-8.74414416472967 10.2042810869973 -8.49822406708548,-12.700231613055436 6.005245464941449 -16.05544049161767,23.018036071730112 -11.742056968544375 24.00378165537552,23.066661689941547 3.3138738774929775 10.035827133246004,-3.817997266474004 62.865470372345804 -36.847198353103934,29.494414202172912 101.37463773010043 35.637388088992324,20.881887079494284 15.216826246283025 12.226458279323536,-5.916075326990121 -51.09564484621095 41.71062396208258,28.606223677333105 -109.24720385263007 -39.57500888676795
-15.344177685554996 7.032464558142097 -17.07079275776118,-9.241351513042737 9.10966770284021 -8.454314167581359,-12.73105107132773 6.055517745762231 -15.557872211187059,23.26124549193659 -11.07599356767677 22.901186365178976,23.837817061653706 3.467272730324902 9.301226678060665,-4.023006875897971 62.415817925771165 -37.35040715061612,29.428323789511975 102.2431184184965 36.071688588543275,21.82691209778041 15.405295859631746 11.389974786725368,-4.944322386344199 -54.410357998673945 41.83666796949257,28.680416306739353 -108.62609272007938 -39.28192854539808
-14.904841503129722 4.164477552597007 -16.897855407369057,-9.868767637006851 7.720512454363673 -8.370950445655462,-12.777744369997219 6.1042605500955665 -14.930864908775451,23.5780531092875 -10.225807098180509 21.509030393033388,24.822804839651525 3.650032593779831 8.36245658972973,-4.289439101656168 61.76432085920717 -37.94361117854018,29.339979324653925 103.39309817296093 36.64661032885007,23.03501225541279 15.63294406797025 10.31878953175783,-3.6939257859447765 -58.64584991043375 42.01127669877041,28.771625221415604 -107.85507887685813 -38.91893393315466
-14.673394002695963 3.1226007240179885 -16.77722429065932,-10.093912833167852 7.207530711501174 -8.272121780362658,-12.802824676919446 6.083622038630019 -14.706184395986305,23.700154835677118 -9.899430141117032 21.01666208973414,25.20040471904423 3.685731640920004 7.997384327846989,-4.406299488400388 61.317573774401346 -38.049753881314686,29.295549805729028 103.9483646403912 36.92416611533657,23.502220573039423 15.685665791067736 9.893194441736586,-3.188616669425727 -60.326250971928275 42.115789434364245,28.795286406319967 -107.62877285993181 -38.814369709898806
-14.820614801580628 4.864599005669862 -16.78629344491207,-9.708302527582738 8.037789448592285 -8.209410414967024,-12.786916085281561 5.990448552995818 -15.091907171096022,23.51793098198188 -10.386983167856824 21.885009671121164,24.634487970424086 3.5237072720190517 8.527804459979045,-4.277885621431275 61.36535562036923 -37.50837119422434,29.32875411314155 103.47820741147551 36.689068755957955,22.814998017463605 15.497507684926157 10.483177557571002,-3.863771648421654 -57.99125257090214 42.07799431506304,28.723955764769983 -108.18761284464247 -39.08074157855459
-15.251788874309069 7.73442953510286 -16.95209320042252,-9.07997862450836 9.426262955698217 -8.28349903789433,-12.742869802345338 5.936712283969516 -15.720127432508349,23.204129553396573 -11.235119473233445 23.27882910597208,23.65211210437295 3.337076561059644 9.463962013921414,-4.013649139630594 61.98958013231963 -36.90029600338891,29.41556843184863 102.34465535996607 36.12231000381358,21.610430436613566 15.266141969482138 11.550677151380949,-5.107831947673383 -53.76709471120892 41.90833193943177,28.631830065538615 -108.96386932635035 -39.446485043555874
-15.844646061115892 9.812717490431295 -17.295934940627312,-8.635036628371616 10.461694108085997 -8.599259852460461,-12.686857177490426 6.045557698073419 -16.16494137473593,22.960000191287307 -11.91539927256218 24.232450166108066,22.86751032582873 3.3211581440442064 10.234075140964238,-3.743935733306389 63.24888945166397 -36.87983218201303,29.52601435001212 100.99113804709278 35.445572689695126,20.631758720412535 15.215463787607003 12.465739853628639,-6.203201574895065 -50.14296957544225 41.62602917812046,28.603236924263303 -109.3090135751188 -39.60165594319206
-16.44926603553919 10.08206957145631 -17.761243762894953,-8.59627713030846 10.65198210410445 -9.132782643661086,-12.634766059254796 6.337442634733606 -16.20366637888728,22.8973402978677 -12.127674639997597 24.250916855252324,22.628462846717767 3.5433185168029575 10.507108875850376,-3.5616031411012252 64.92952120493923 -37.66644591789889,29.629771161571142 99.81424728137628 34.85713305582218,20.305203758116527 15.428703955797443 12.851381616818502,-6.710532542545383 -48.60969066231036 41.289635202383515,28.671312917549077 -108.94510114839271 -39.415233878559555
-16.859103869459435 9.37225473665933 -18.131941931515076,-8.770174353138085 10.363413727510963 -9.596424495784454,-12.60190371659416 6.622533638618154 -16.029795209954674,22.94475860003574 -12.039315104844826 23.80324587821731,22.73708247828298 3.8088917958314843 10.445052274676355,-3.482737762326676 66.25985753398349 -38.58910205063345,29.695817178288994 99.11465613352993 34.50733313958284,20.407763182850754 15.701027705419337 12.848672669563008,-6.760299193762287 -48.613498072504065 41.03822707440708,28.7643608166404 -108.3531048240396 -39.12261529399585
-16.861298400202738 8.737713422807479 -18.17300658969912,-8.912584971157669 10.066742751912946 -9.670997696528708,-12.603458035125081 6.68572001384806 -15.887419757246453,23.0085485505556 -11.874688995615745 23.475588908598226,22.928963410803043 3.8915835654044857 10.270048692026169,-3.51392879144226 66.40207054529331 -38.869307409938564,29.69314224673396 99.18028729829153 34.54014286107841,20.63725296854199 15.792800508832514 12.661983452140337,-6.552679202940593 -49.35079881170005 41.020352094214424,28.798010020446064 -108.10586304085703 -39.00354078020988
-16.41564173054174 8.812540289375566 -17.813096709551434,-8.879836826324475 10.054391034671978 -9.246500787763978,-12.64110503964083 6.443852178617639 -15.920178348652227,23.02719958205715 -11.789367238004816 23.6029441194629,23.022253594837085 3.6926100180758685 10.144501556687615,-3.6346223355794183 65.10475114792867 -38.170204967682785,29.617977078764213 100.01768924969322 34.95884209568383,20.77872999234505 15.596481942914648 12.458637060566428,-6.268829823048571 -50.16141796647748 41.275466978971735,28.73346477811932 -108.47987699871811 -39.191876990941225
-15.890042486952046 9.237219727662726 -17.367781170894308,-8.765750770483276 10.197240756299053 -8.707405246108054,-12.684581517332058 6.125709265589962 -16.034257919678364,23.015305748452803 -11.77629796105672 23.926634879722215,23.030240954562032 3.4145959878843564 10.089601498610564,-3.7601038709411796 63.50266271931992 -37.19887397234292,29.530944143996024 100.96830014070265 35.43414862199105,20.823470539185838 15.316774660850426 12.318384349963784,-6.044947974263312 -50.724191232121406 41.58516092547602,28.639658835860285 -109.05116810361072 -39.47667483664867
-15.711045153758295 9.509009100191607 -17.208247033072805,-8.698374894118757 10.305389404531887 -8.509279408468512,-12.699036700330705 6.004932569192236 -16.10162417289785,22.99844280521297 -11.804942057717541 24.102445979520876,22.994392794477054 3.3035316428826973 10.106120127778906,-3.796464234843581 62.92982682694349 -36.812585938796104,29.501915092543367 101.27805064288638 35.58902547694044,20.792550198599226 15.203310030612386 12.308254966625787,-6.010615771665498 -50.76721169759006 41.693961857411935,28.601028643462115 -109.29493464560652 -39.59735636117088
-16.08937557444286 9.331673450456615 -17.52083727102862,-8.751705146737121 10.262622884531941 -8.88265775670485,-12.667385577286655 6.221388047366928 -16.048290788806867,22.99406890219878 -11.847754915473928 23.935641294362522,22.949712862744626 3.4871107667477883 10.181183154497463,-3.6997085088360517 64.05554012944816 -37.45574688635289,29.5651787171359 100.57967317040806 35.23983726261337,20.71375511157698 15.38626714442686 12.44719736504227,-6.214074165369383 -50.21209751634928 41.4744046795778,28.661804227852194 -108.93338597039813 -39.416270496629274
-16.645010728878923 8.974240291331606 -17.98593099865775,-8.851783433031496 10.154430479279844 -9.442101594343072,-12.621172395347466 6.548765559000053 -15.94821409740534,22.997422300061544 -11.885388592127969 23.640645833675507,22.913512559239273 3.7692207547631393 10.26456409513232,-3.5624693750483454 65.72958321879763 -38.442648116811455,29.65762475135939 99.56467193299721 34.73233637809247,20.63323985397761 15.668854746281461 12.62254991584706,-6.480913269671575 -49.51019268710051 41.14941098409332,28.756160717432667 -108.36486162187376 -39.13224739510218
-16.897833521685236 8.801527232747985 -18.19817799165289,-8.899579713797714 10.100483975214592 -9.697802607848494,-12.600180903706848 6.698710179283393 -15.900420440766204,22.99997496616395 -11.899887686401335 23.50121859036738,22.900101216802458 3.898882723395057 10.299711632269059,-3.50052842000336 66.49344224740284 -38.89609265549352,29.699640098874628 99.10394353274266 34.501971740610685,20.60026607109592 15.798879007289223 12.699355756377361,-6.599002875293216 -49.2025790419146 41.00127082801696,28.799625234451277 -108.10226743142806 -39.00113188342176
-16.56733460916625 9.026626416783776 -17.92075585306388,-8.837247816166592 10.170678182964938 -9.363598109104688,-12.62765134912143 6.502756149822132 -15.96275326911953,22.996744716385937 -11.880748992978843 23.683120537065015,22.91785330145771 3.7294689423431864 10.253571625064115,-3.581533912554382 65.4949954027693 -38.30360316037954,29.64471068695261 99.70631473613363 34.8031571871858,20.64363224028491 15.629002919901355 12.598750505030788,-6.444390342770738 -49.605452425933436 41.1949108438724,28.742846597185284 -108.4452523379077 -39.17239333861395
-16.007742728078007 9.380154072594957 -17.452748375634993,-8.737903256092565 10.276620763438931 -8.800903634181042,-12.674216848152847 6.173676510381958 -16.06209744268554,22.99402490607123 -11.841166745752199 23.976887554896894,22.956270835949525 3.446180731716651 10.167809239046866,-3.720073684746165 63.810403281810736 -37.312484099433675,29.551574921957556 100.72925666090748 35.31462821399073,20.727065458504494 15.34532651464188 12.420239775635396,-6.173521268334226 -50.31988766090014 41.52205054083592,28.648158053658467 -109.01532392805332 -39.45723497195229
-15.69916808070254 9.497042152822269 -17.199520413059364,-8.700633801404749 10.298528054333024 -8.49956258823859,-12.700077452796732 5.999851655456778 -16.099366184376454,23.000345008657266 -11.799034994114622 24.098641021727175,23.001112900592766 3.300027793197601 10.098908137231067,-3.800380546952674 62.89824397632245 -36.80004803088132,29.499844919041404 101.3019031372032 35.60095157097141,20.8013876616629 15.200077093013263 12.298703728019216,-5.9984500853460805 -50.805135939774615 41.70039488153832,28.60004211830405 -109.29950076739942 -39.59977503123775
-15.958709236716588 9.168494276445543 -17.426797706106928,-8.783633070813773 10.172405030534865 -8.779398950405904,-12.678870049137753 6.168585505207092 -16.0163666403421,23.018099732469373 -11.774579900337057 23.877548698580128,23.033177815588207 3.452629162214015 10.09312179560685,-3.744373832783752 63.71492158525169 -37.33161723758265,29.54225633931363 100.84552497997265 35.37276253812702,20.822393828806426 15.35521509961623 12.33279161983002,-6.069876854590223 -50.666250664281684 41.54434495205497,28.652600088922487 -108.97146929804717 -39.43702756958401
-16.499659958450795 8.764553632845077 -17.88307439477737,-8.893620316229287 10.040901105693704 -9.330474607745378,-12.63400235794768 6.492788691800975 -15.906379486856967,23.026960250049303 -11.796665911850434 23.561508890516837,23.014888949870098 3.7344955161367643 10.158810467415798,-3.613566005114339 65.3567577940404 -38.31688341886189,29.631992855501764 99.86348581567101 34.88174294065447,20.764299387301094 15.638347158589582 12.486951286637249,-6.311241382336708 -50.04834531141151 41.22647004556643,28.747399425313024 -108.3963449076682 -39.15009824224157
-16.895543174053707 8.789255205815795 -18.197114051467324,-8.902250976972175 10.094500465943863 -9.697071930705032,-12.600403225695697 6.698705988608713 -15.89774901910756,23.00133761094311 -11.896157096340477 23.495349103435302,22.90441617482625 3.899491419474991 10.295562751071675,-3.5017830292726355 66.4894959498663 -38.89802889236565,29.699193500258666 99.10963587352018 34.50481793741346,20.60558379387529 15.799682510299487 12.69456515266532,-6.593376481729036 -49.22154834033038 41.002249475967794,28.799957863556646 -108.09929735800384 -38.99974422376081
-16.818318928577092 9.505550411940408 -18.091107773519987,-8.7387900333524 10.421367546246874 -9.542950188981436,-12.605237073087588 6.587975423491537 -16.061210043203854,22.934053351274976 -12.064342112526033 23.879998001022997,22.70739485574358 3.7743699990754975 10.468526619934039,-3.4874466053697497 66.113640223548 -38.46971572238163,29.68952679801865 99.17752089027509 34.53876043237817,20.374947265567695 15.664948979992452 12.867474590148248,-6.7758432221829725 -48.539521841889965 41.064919276943215,28.751842721686476 -108.43604889289011 -39.16331394966292
-16.36519195245547 10.134918620312497 -17.690850092652187,-8.581373540977989 10.667649260483232 -9.048004415180703,-12.64212629019248 6.287931080783984 -16.218626514217974,22.8974616247319 -12.12154532370099 24.29474659840701,22.634509526908015 3.500760261274267 10.494067827542105,-3.5824325804699244 64.67584909848549 -37.51730909213864,29.615748100365227 99.96817715494318 34.934088568272266,20.3180418368786 15.386111872011053 12.824464427562463,-6.669509159264889 -48.716790090256474 41.338826825710704,28.65715454331236 -109.03031477843525 -39.45783320378535
-15.748172008441065 9.6176687676136 -17.23109799659619,-8.675326288966524 10.36015925973901 -8.531472907040712,-12.695637789036818 6.013836530066298 -16.124673714256897,22.98538832831352 -11.841935168967568 24.151059873644382,22.951802678349118 3.3052995305907125 10.148384788155125,-3.7806511478097025 63.01320520281051 -36.82063572929696,29.508724461681933 101.19568137241026 35.54784068566791,20.739090904329306 15.203212146004784 12.359196640869838,-6.072095863127827 -50.565300786723384 41.675726538408256,28.600374923338222 -109.3081873882727 -39.60305000238063
-15.168200583188113 7.287264046100685 -16.913389364657736,-9.177375164596015 9.208445578997747 -8.257226237678871,-12.750337855342195 5.936659706280628 -15.622624815387011,23.252897186624708 -11.099354547159688 23.06528475027724,23.809030009053224 3.359254056981491 9.312888357397938,-4.059398535923629 61.846524897606734 -36.97126108853855,29.3993240424396 102.55194835040136 36.225974178536845,21.803880768372537 15.295382244609904 11.37608417217517,-4.90315189273654 -54.4595353371853 41.94398128524003,28.64383679295325 -108.8563382707769 -39.396233225866496
-14.770401153948171 4.4595700264679445 -16.771754595318278,-9.797509400968476 7.84345725672611 -8.20994634822006,-12.79079033032846 6.0040121577227294 -15.002490583942985,23.559601848208185 -10.27023307686318 21.68684641595692,24.769596322579716 3.5546888482306995 8.399499501061289,-4.312200702258105 61.310350735682206 -37.61146789182273,29.318419153251092 103.61716190382978 36.75858095442965,22.980159307883522 15.534631983054837 10.337975489311155,-3.6965084131500783 -58.5681550688757 42.095703556634064,28.73819169254763 -108.07113414544608 -39.02553863762034
-14.682343961915947 3.073863563343689 -16.787547569504056,-10.10523146744871 7.185898725576905 -8.28651799722752,-12.801558286486566 6.093265962998116 -14.694768531157385,23.70365226271877 -9.889050142774316 20.99004489405834,25.212515115995412 3.6958677640043573 7.986970092987652,-4.406240147036814 61.354858205151395 -38.085015426280435,29.296883409835363 103.9363695087699 36.91818475461726,23.516160425481072 15.696389517082476 9.88333174695708,-3.179171654353282 -60.3661512739619 42.10934280610957,28.79897042214784 -107.60356869939922 -38.80204522600634
-14.979727545995747 4.579903683096552 -16.931149168024337,-9.778007078110669 7.921978504752114 -8.391499008917329,-12.772767972713524 6.102395870357926 -15.021992926398314,23.535300088860993 -10.350746207531797 21.707164534136513,24.678668105530107 3.6281066903901786 8.501506830697819,-4.2477181380169 61.88625412063213 -37.871901961894906,29.354464110183702 103.20678052169463 36.55339026009581,22.857321792420002 15.604578127576483 10.479499512713174,-3.8810207365003198 -58.00553046386524 41.97996130354965,28.76034985892891 -107.95554366801002 -38.96600755334965
-15.43236739303426 7.539105680655758 -17.108338805567612,-9.130333117220193 9.35430801842719 -8.474889193993148,-12.7273552735446 6.051035024368124 -15.669666885659424,23.212206613393978 -11.226970656300328 23.142468129097303,23.66397502829802 3.439020736394023 9.4693001759934,-3.9730114457201333 62.551830549301584 -37.256257338461076,29.445289488426035 102.02307652923292 35.96153826413652,21.612591191283546 15.369335964273514 11.584274442299169,-5.168933467287249 -53.632586972207974 41.80054110735036,28.666550399943993 -108.749121465738 -39.33971834728866
-15.698330548842813 9.45768448273298 -17.201295004000656,-8.709433453035963 10.280028324406365 -8.503289711658926,-12.700242437613548 6.003262105349588 -16.090566547085466,23.004339269047662 -11.788599445291313 24.078518489951477,23.013260241154306 3.3047443331713504 10.087737113099822,-3.8025869967768413 62.90429007653041 -36.815985270165896,29.499515126270467 101.3078131924938 35.60390659622664,20.815982259710452 15.205364228639729 12.286632344144744,-5.98490767915465 -50.85285072665749 41.699837371668515,28.601994708143977 -109.28493227399673 -39.59277608475278
-15.503474423700197 8.312635342325365 -17.11702133070094,-8.959342228558272 9.723701998979557 -8.452630072292276,-12.719484550367731 6.012763867153012 -15.84065777292371,23.130511211845565 -11.444915231037708 23.527062333424016,23.411018141939014 3.369537323617345 9.70678623404359,-3.9143869934523203 62.59009010881453 -37.02473616948554,29.461030917542292 101.8032377320718 35.85161886578891,21.30508051092186 15.288181781111586 11.849172697055604,-5.4729146956574635 -52.58466473847556 41.78045841636625,28.63560874751926 -108.99312522988322 -39.45588484393572
-15.044082312565116 5.35074882521675 -16.93461579952229,-9.607376715915684 8.289399591403003 -8.363246377964842,-12.765475752341544 6.060833997948957 -15.192623288228905,23.454268611277044 -10.566405074605433 22.091720448567145,24.42828146321668 3.556100749716713 8.736033840510645,-4.191113709191996 61.90567955082183 -37.63145709597408,29.369048546433454 103.0000480240042 36.45002401131134,22.55333923237051 15.520996261863571 10.740186883086404,-4.179444394173912 -56.97435691129864 41.963643551733114,28.72863059502089 -108.20373887604805 -39.08431719478821
-14.715450685368033 3.202098959894644 -16.8059807986177,-10.077647869997078 7.2494008350579 -8.302721871519132,-12.798447271529492 6.098140375730145 -14.722352131883873,23.6888623124129 -9.930192547874622 21.049554273866324,25.165034152966747 3.6934054361168744 8.033336390067284,-4.390568476556924 61.4224855258269 -38.0785101191273,29.303105480139376 103.85947531248293 36.87973765592797,23.457117010361486 15.691814336188333 9.93803297389709,-3.244320648877678 -60.14945918427675 42.0939041196113,28.79674108042522 -107.6275090202263 -38.81295896046237
-14.853420359858353 4.101696348782707 -16.860139145551265,-9.880768141512624 7.684868017578759 -8.328415167482085,-12.784610632121865 6.0827199186672924 -14.919231848818567,23.59062033057323 -10.196651111154877 21.48581342103868,24.856471910683236 3.6360792921761065 8.327666066441314,-4.3069551180259875 61.62587636602727 -37.89190321799318,29.330778616507498 103.49893261739517 36.69946631030905,23.078579983680772 15.620453633863121 10.274070321924142,-3.6361002808411214 -58.81934447375055 42.039151815551314,28.768275983255545 -107.86847237591704 -38.926423357190565
-15.30244845738459 7.017689225527087 -17.03713097552603,-9.242658580121354 9.096601581608878 -8.41338497081197,-12.739607012053236 6.033686492773523 -15.55734140037279,23.27206919486006 -11.060785954646777 22.899561935527053,23.8558151753072 3.4510277128325257 9.282311754065269,-4.035422569234755 62.29035137953104 -37.28973002420099,29.420785735321278 102.32682515842677 36.11341258246435,21.850890518846583 15.389894758317835 11.364230404889522,-4.907282101255798 -54.50421154301912 41.860648786668655,28.676253917262507 -108.64814123648866 -39.29350413773601
-15.667046197342687 9.322995368688026 -17.184714932713373,-8.738530145193174 10.213700850919789 -8.489525784268002,-12.703214415403947 5.999978240784824 -16.061469845675308,23.01966951946944 -11.74620657108609 24.015318982365024,23.06222324471395 3.308812590207131 10.04018214910305,-3.8180732507299155 62.843287838439416 -36.82803416111448,29.49357105657005 101.38195816662633 35.64097908483508,20.876677488584708 15.211622529821756 12.230943247795443,-5.918894449486955 -51.073417166606454 41.714071481639024,28.604810815028557 -109.25708539653633 -39.57994766655356
-15.596034148953388 8.697221771605596 -17.166939415479483,-8.87637626751494 9.913434259254377 -8.494946630831091,-12.710724723691122 6.0238410801077915 -15.923623767153144,23.086548873772564 -11.566721975408536 23.70687591348365,23.27037031652237 3.3592937827070037 9.843633412491723,-3.86926574653057 62.77356327093317 -36.99516401312191,29.478550980190768 101.58539547617445 35.7426977323092,21.130551148258032 15.271657876165296 12.009820368560367,-5.663643069386332 -51.94835406250736 41.73797929473545,28.628007354023936 -109.07013546634506 -39.49124978567969
-15.183834410703087 5.899920746619935 -17.011939622221337,-9.489176481233137 8.561133721749979 -8.430746809084761,-12.752324952358407 6.080641252532383 -15.31082359211394,23.391049305152055 -10.742121692863622 22.346975217152135,24.225470691851374 3.5446940049856552 8.933933158295103,-4.124565725950679 62.18946381098787 -37.60056461619736,29.395350999897104 102.67459523699628 36.287297606273626,22.301251562236835 15.50055812507431 10.973420184797698,-4.4570427489252875 -56.050454358351786 41.89867915231871,28.71880748025173 -108.30783464029155 -39.13184939241461
-14.775287285001092 3.4215057551247385 -16.840063903788227,-10.030567440100057 7.3583899180687595 -8.333424759323302,-12.792854179716187 6.108160101353113 -14.769432599171694,23.663370802201058 -10.001336257610374 21.150736767436815,25.082965421257327 3.690548489290189 8.113715143961347,-4.36286340640001 61.54736952935964 -38.072152340048234,29.314292124919263 103.72185538268508 36.810927684797235,23.3548881875929 15.685315711215894 10.033240125498413,-3.3579977018415823 -59.77227185718191 42.06567590355075,28.793361012622093 -107.66599788009181 -38.830382557554046
-14.693514760884678 3.5492409844969934 -16.766954055969634,-9.998983537121514 7.409457639801374 -8.242484348443144,-12.79947652277262 6.052628184875902 -14.801016343226939,23.655346828658068 -10.015342653043005 21.23288238706554,25.06552055840938 3.639347593115284 8.12224416904697,-4.3792952525688635 61.284862533527615 -37.89409595078902,29.301045478752357 103.86298446767755 36.8814922537807,23.339482333625487 15.632968676894025 10.029668324717491,-3.3434719549831513 -59.78770689363446 42.11547755308861,28.775529813867333 -107.7787154984831 -38.886168271188986
-14.976786938176192 5.984997780489451 -16.841615960503113,-9.462678014063249 8.57894232889087 -8.227790782923229,-12.769661900767476 5.963357526436161 -15.337321714833864,23.394624828520175 -10.715581142944734 22.432095826387147,24.253544429046975 3.445771495393847 8.889542033302977,-4.178116877087125 61.575993644706706 -37.25382605231975,29.360672854862784 103.05810038333148 36.479050236849545,22.3487092914157 15.402146716180292 10.893839125173542,-4.341762261404461 -56.36827117028353 42.018519300437106,28.68617373800857 -108.5010810161782 -39.22872807329851
-15.479598504301249 8.762652107161793 -17.070064586834683,-8.857529176407091 9.93167565331411 -8.37879723026349,-12.720432363412556 5.956164320356077 -15.942470659807114,23.086796749177186 -11.55637152683364 23.763810466473704,23.28082746992277 3.301397034051198 9.823538278541347,-3.898499471900553 62.42479349942539 -36.792490563240854,29.459133253150064 101.79913349643763 35.84956677551645,21.150859824162 15.21379671783509 11.970271520335917,-5.604605842680314 -52.106515981920964 41.80583453532551,28.608731988285623 -109.18560937839052 -39.549004503789575
-16.053965653949117 10.0147837320038 -17.45021446565976,-8.597183056236341 10.578397858575384 -8.771336846811186,-12.668784095910002 6.135902154966483 -16.20281735279438,22.92770512819658 -12.01712816370836 24.294836852065345,22.751887345921805 3.3840273788832396 10.35867527626142,-3.6753593440586787 63.80696701110167 -37.10442246704472,29.56243685289218 100.57188041913247 35.23594014139445,20.479355470311756 15.27369916997877 12.631441156119502,-6.414533336072037 -49.48455922143217 41.512455709762584,28.621124017274294 -109.22489762259447 -39.55728477501679
-16.56013797904767 9.656143084504874 -17.875956220378047,-8.695762154840057 10.464389633341025 -9.284766343942856,-12.626758102485867 6.437369566310799 -16.104238843468632,22.934062838892334 -12.042821837070715 24.00907907626994,22.728917002672006 3.645280683593347 10.42549155319079,-3.5519925154875773 65.33908983353076 -38.017899063402396,29.646496107502006 99.65085749907999 34.77542858315522,20.41798546075552 15.535860185917732 12.781410154985762,-6.6467445956825095 -48.88376922910667 41.215525283154655,28.70881411679954 -108.69421945142871 -39.292399643261334
-16.864451370440154 8.918898307974315 -18.1642838330887,-8.872052848982795 10.15184136306655 -9.653202948135025,-12.602732414266995 6.66965684992275 -15.927947821269225,22.990166371686403 -11.922572346844445 23.568375905687258,22.873211645183023 3.869574421751055 10.321250258222205,-3.50396738295342 66.37226178350416 -38.79491331729258,29.694543437907562 99.15439830699029 34.527199041786474,20.570317278998054 15.768169011287766 12.71720044709709,-6.61455291859252 -49.1325964727201 41.02331431042209,28.7889217960544 -108.17349739307679 -39.036046103015416
-16.84137359970406 8.990528119310854 -18.141446384600126,-8.8551583420078 10.182901970834939 -9.623471319141753,-12.604503528085127 6.650506471143092 -15.944840271498483,22.98431742231901 -11.935785268765839 23.60990720069229,22.857496927689276 3.8505400906036766 10.333510686853513,-3.506821434914102 66.29055720043934 -38.729134745798916,29.690975843740503 99.19031388532662 34.54515717374558,20.55305463038586 15.74830097681024 12.726722871399996,-6.622180640043966 -49.09536241745986 41.03830165720632,28.782019388566745 -108.21907692674394 -39.05841867539297
-16.503719557631253 9.749811255956054 -17.82517861902263,-8.672731627834665 10.502224189576241 -9.221409764863283,-12.63128467620045 6.3985214964611465 -16.127264705970177,22.927931118032795 -12.053935271247248 24.068623499389172,22.715186794088623 3.6092436947665107 10.432915947148643,-3.563051861970547 65.15683621315107 -37.892659222963935,29.637385431192115 99.7476035274052 34.82380237473512,20.405330627653207 15.498951457233487 12.78058628348346,-6.638565966262056 -48.887986209680925 41.25002709239416,28.696216481060016 -108.77415619097982 -39.33193136569087
-15.981323968632552 9.96857276724612 -17.39518193786594,-8.604951716237814 10.549073251876104 -8.708858115088232,-12.675029003364488 6.102201367950136 -16.19504558053398,22.936557123547473 -11.988036062286554 24.285500135186307,22.78478056977716 3.3591249461104047 10.322048057535259,-3.6979595088735295 63.60810462540005 -37.016008496047974,29.549908653456423 100.71477053359314 35.3073857173346,20.523587008744293 15.250064123823664 12.581012126822,-6.349049633460468 -49.685041149433026 41.55250172922473,28.613665364309462 -109.26330742019668 -39.57712284841693
-15.408046058903407 8.45697481998684 -17.031987434725256,-8.923541209864123 9.781075862410125 -8.347021405752772,-12.727255166593903 5.948412600797593 -15.876463444721415,23.12166413204618 -11.460021211835453 23.62047464814488,23.392109476694984 3.3103925978795807 9.715423799868146,-3.9337999935444707 62.28470628529428 -36.818979871000025,29.445547073367095 101.96847219367947 35.93423532107547,21.288834474135694 15.227768976880222 11.843603803405669,-5.454385706543394 -52.608158758464384 41.83845688197753,28.615052589369654 -109.12281032642149 -39.52009412847532
-14.925076309485316 5.611751515268335 -16.82353321803276,-9.544553169671708 8.398822688987385 -8.22222931324105,-12.775021892146869 5.972644317025705 -15.25546025862617,23.435184005671065 -10.606299922541012 22.249946573108236,24.380175536323073 3.471899627895179 8.769219510323635,-4.2112636171485835 61.50736003731531 -37.33944022823634,29.350121831380072 103.19724307084606 36.54861929737338,22.503722455205946 15.43405662215011 10.757211204044527,-4.182983238120398 -56.908854954389604 42.03810484545461,28.698749808399796 -108.39673855882303 -39.17945001458864
-14.680695307416261 3.364021370131125 -16.768210095912096,-10.040070244560667 7.321429857992526 -8.251688374524447,-12.80107467717158 6.063987540983958 -14.759940530732605,23.67475946150269 -9.964123576252092 21.139921345502216,25.12503339464605 3.6577664858184087 8.066743458186567,-4.392158313018682 61.28767322969623 -37.955756935362345,29.297983540940475 103.90768297085555 36.90383968954556,23.41156330008086 15.654150945529649 9.968364090002336,-3.2735499774049535 -60.03004424381791 42.11790602345686,28.78352137978543 -107.71696738155342 -38.85667771651454
-14.815342863220797 3.6338762546081536 -16.858841758003713,-9.984367683177739 7.462021163130458 -8.346548196681658,-12.788854138890464 6.108484858786399 -14.815616868854736,23.63960319953511 -10.066030410619643 21.252280468358865,25.00812202719904 3.680203410242805 8.1856771242536,-4.341034112485592 61.61707399149375 -38.039385290678275,29.322101197286262 103.6224817725978 36.76124346096015,23.262638050028773 15.671589272623201 10.116361563224412,-3.455732230329952 -59.44333266304222 42.04848564769565,28.78764464680784 -107.71717706063842 -38.85427888684815
-15.243791269557295 6.293321959082545 -17.035405072640522,-9.40309835163815 8.75163586630227 -8.441862538529174,-12.745990669450329 6.073781967030145 -15.396852593866242,23.347672607970104 -10.85865556596053 22.53797731424116,24.09046377673051 3.51949075958053 9.062593265479181,-4.088105143951355 62.2778698545466 -37.518693802701854,29.407413655653453 102.51746089505023 36.20873862327439,22.135678122899957 15.46920265764372 11.120196914078214,-4.628317585593583 -55.4700236935772 41.874908335274114,28.70626124790621 -108.41379126475417 -39.18174340565942
-15.63131752160001 8.950024901807696 -17.17945009720852,-8.82095278888126 10.035532365890248 -8.49911330195571,-12.706858585634958 6.017743981208346 -15.979004675708275,23.058766575166338 -11.640866754880172 23.83029525592084,23.18442019497796 3.3417251981916545 9.925262533458989,-3.8467417719127495 62.821167129949295 -36.937767536634844,29.485758225334273 101.49053614379571 35.69527516113294,21.025339723197575 15.250158907634415 12.102501978529553,-5.7715062127395536 -51.58201208748408 41.72453799376673,28.61949306310531 -109.14080218180361 -39.52461085638811
-15.638858437455479 9.15370342378192 -17.17266478716561,-8.775467140255673 10.131403474580651 -8.482375691933443,-12.706331456194127 6.001624111750952 -16.02458342329917,23.038737030695803 -11.695438699012774 23.933512756287232,23.121042496154892 3.3186284137156763 9.983989928670946,-3.8344305836168644 62.798054289699465 -36.8595175074949,29.487960704788005 101.45421615634851 35.67709965091511,20.94893875262781 15.22411652726547 12.166563647018807,-5.843413288561 -51.327717953790156 41.725681619851805,28.609913158987172 -109.21316475091952 -39.55933485949379
-15.24122026681594 6.623080003290942 -17.012507532438054,-9.328876415671942 8.905111696861544 -8.400606596304286,-12.746884275025312 6.03977505310202 -15.471302306177869,23.31679386909357 -10.943379472064603 22.707802485549113,23.99196380076167 3.475776129612696 9.152711257645782,-4.072302513006143 62.197100597332664 -37.36943678692806,29.408435686097032 102.4869899786018 36.19346520232593,22.01785614010689 15.420870695904808 11.216409821150316,-4.734179783063628 -55.08735978270868 41.885221186759054,28.688813951265473 -108.54194133069635 -39.243547735469186
-14.810089581489907 3.8195305090099128 -16.84282564362917,-9.942408808983876 7.547904818651979 -8.31951470783895,-12.790024819949817 6.087244929018809 -14.85775772314776,23.622918842105484 -10.112727819942124 21.348489858814578,24.95384089302776 3.6539460243517086 8.23508650153785,-4.333201508765545 61.56005922023918 -37.949334977973265,29.322004256390535 103.61274900894449 36.75634674911697,23.19793990298083 15.642783758438155 10.168586088105208,-3.5124707906384867 -59.2350415707553 42.05649965572907,28.777355192736323 -107.79195772670259 -38.89042548574979
-14.73649749577663 3.339744356734455 -16.81449224970914,-10.047629133756807 7.31638493930127 -8.307365201335054,-12.79529086756707 6.09602341596541 -14.752208195063536,23.672387739062263 -9.971273489799339 21.11680490913711,25.117279996417007 3.6846954505723506 8.078587130267154,-4.3777879599637926 61.45524222337199 -38.05085507987762,29.307411986983436 103.8038206603717 36.85193744204912,23.398628289618642 15.680898020553315 9.989471204910304,-3.30491184174422 -59.947647769627515 42.085423223751846,28.79222226690729 -107.66538243001872 -38.830765388136555
-15.104113647491209 5.738422545780535 -16.959512685242522,-9.522983484519461 8.47856250851939 -8.37793429881909,-12.755293963573765 6.055592686274873 -15.276367135896443,23.406124077835965 -10.682668193339115 22.28155181515864,24.292931124743195 3.5319934459823368 8.864006853500747,-4.154901720208275 62.002242825260296 -37.55586109002933,29.381403057981945 102.84115199807054 36.37068422896595,22.387624702386606 15.490598705296899 10.885505892999936,-4.351430111243688 -56.40629788424941 41.93916528918885,28.71582409524018 -108.31094683267935 -39.134667816066255
-15.551629939615754 8.614009518806023 -17.13780330830845,-8.893883289312738 9.871229991370688 -8.466112699463908,-12.710527681771227 6.009714082447712 -15.905469316833061,23.09172932001854 -11.535932320159217 23.674765861327778,23.304921659501602 3.3515059790856467 9.806967157586412,-3.8858164979614065 62.67102860447844 -36.969062677370154,29.47096011225569 101.6763564481845 35.78828612306795,21.17517239763803 15.265195904956391 11.962942556262941,-5.608249200388361 -52.141445383522374 41.76046193051721,28.625719815738645 -109.0761524864575 -39.494813307188416
-15.68649887944745 9.35844068746611 -17.1971549446528,-8.730935809701702 10.231211540657869 -8.501190582444288,-12.70476888818059 6.005878500039869 -16.06957604476304,23.019530675433124 -11.758975689671951 24.028182771482026,23.048175898692886 3.312230241572008 10.055633410829428,-3.8108799273021305 62.885870581646415 -36.83851674665059,29.496775095370527 101.34307572965507 35.62145255575008,20.85832852959042 15.214557231641983 12.251105225059439,-5.941861395050726 -50.98779232873516 41.70439150507074,28.606083055650416 -109.25271980652224 -39.57760870737356
-15.377145426299288 7.172630367741283 -17.083074850381262,-9.209015206022428 9.171791548142448 -8.454182013029863,-12.748019433071423 6.0538428538982 -15.593337758533156,23.273093592801544 -11.113942218312442 22.957507175710454,23.797495596327337 3.461513495050337 9.346293360941484,-4.006868179705496 62.44548766857784 -37.31939303750607,29.43298103004258 102.17690344517479 36.03805956182813,21.775013625301014 15.39839799275742 11.447095822388127,-5.000033284868338 -54.14963392414764 41.824305062489024,28.680519020870907 -108.63638499383185 -39.28702690652873
-14.925286143303543 4.2609339080888695 -16.903308512121715,-9.845961423729557 7.7614381220622715 -8.365375071367977,-12.794204632079161 6.1007144692533535 -14.95653978389009,23.59269772809594 -10.249962732153078 21.546094033313555,24.798095323650788 3.644728068901731 8.39169218264111,-4.278980327901979 61.77029323590308 -37.914552171970534,29.342438963150656 103.35446647318484 36.62681636865581,23.002756457220187 15.627136175545282 10.356725454387512,-3.7276783172653443 -58.46401052786352 42.00465617697868,28.772071389724857 -107.85969980779925 -38.921470825158
-14.672163987016827 3.0985250046297406 -16.780550166023094,-10.100369105580114 7.199822853202193 -8.281606512985192,-12.792322587709105 6.088147627156472 -14.69806762806888,23.68787461156132 -9.896202143555845 21.00946612084169,25.202323324139485 3.6892141839575996 7.992733417113049,-4.407800735410051 61.337779182628864 -38.068559979370775,29.296074539586083 103.94711969436179 36.92382039157272,23.50535969584496 15.688896369450601 9.885999238504127,-3.186878117373547 -60.37299570156786 42.114432010577886,28.79480328155809 -107.63016393926813 -38.81466251798874
-14.808339901894719 4.756264804910893 -16.797985311629397,-9.737933043669054 8.00514073729278 -8.251676833866929,-12.732271252694845 6.009368050130795 -15.053565495643916,23.452046599015656 -10.373354779661629 21.85768273189546,24.640621050123727 3.5371878336240705 8.506469598590433,-4.286486442068536 61.45075896720649 -37.59047646697975,29.330606146136926 103.48075012813645 36.69179197418273,22.8271497014383 15.509457716962194 10.447802940015173,-3.856539881307937 -58.22720060392954 42.0746519283919,28.719685679489412 -108.2063674052279 -39.087901734168504
-15.236828861408203 7.625169598323773 -16.963405060853045,-9.110386200139592 9.395127302502196 -8.32813392923444,-12.681997624795475 5.9560150669847145 -15.68000324512555,23.12955428301418 -11.22263193968836 23.254569595959392,23.655773597638806 3.3500820572374206 9.442953894979887,-4.023016542900663 62.07870777433284 -36.98492464162389,29.4174745753458 102.3486269277419 36.125915222993434,21.620264216164358 15.277285075761458 11.514004342331926,-5.1027010265892665 -54.01929219598674 41.90562817159512,28.626286649441962 -108.99024741950329 -39.457123459891186
-15.828200060433748 9.799007157008091 -17.275889153864394,-8.634480644272017 10.443331395270445 -8.56368106193958,-12.717808577720268 6.030444876308995 -16.17009485403726,23.003218000101022 -11.89876230445866 24.21489833748127,22.891722794848274 3.3134404196428626 10.21818740327177,-3.749350534076124 63.15314154216594 -36.833182080829864,29.520813990373817 101.04107435579562 35.46977459484626,20.659732463135917 15.209760397377476 12.451832412529514,-6.167805118609373 -50.14754505684844 41.63895368353937,28.606093901312274 -109.28946253396877 -39.59365383890323
-16.431252630334036 10.189725607034028 -17.68823692297394,-8.551171778915803 10.632338657663855 -8.958136308811804,-12.833079313554666 6.265375853841601 -16.279454207964335,23.160437130896483 -12.090019991869513 24.218164784266403,22.705819762133423 3.505119973921822 10.486320884865986,-3.5621406324774654 64.51148023488096 -37.40530992844934,29.61156187774567 99.95157417747659 34.92068275759161,20.384941298553123 15.400330337825007 12.863924372468743,-6.603396224061016 -48.222414952833745 41.3290066673273,28.692403333358406 -108.82057149180055 -39.36299525899855
-16.84690632210664 9.508715154574128 -18.05146217974827,-8.71478152495321 10.34433836904506 -9.395006191794689,-12.838791581673835 6.540370377127642 -16.121964549612553,23.258817441772155 -11.998320745492064 23.765942944250323,22.825110361539437 3.766140455079971 10.425272905463935,-3.4803869776939806 65.78419646777184 -38.2869041684413,29.675618422963367 99.26062031952999 34.57418581400403,20.497091925555225 15.669867926916499 12.870656005722285,-6.640829952837235 -48.12169037657293 41.080277449879645,28.79052831030947 -108.19943623657022 -39.05770619996434
-16.870038679238423 8.706158503481038 -18.203230602989027,-8.92830043893424 10.08081671950609 -9.742403310362587,-12.522034604934904 6.714741099103275 -15.859129117368337,22.899379515679684 -11.893710248144657 23.49522061695948,22.89309631499766 3.9061961735837176 10.282493485748127,-3.512699547693878 66.5746069878797 -38.97287440470267,29.700895317861917 99.1200485972324 34.51211937256577,20.59949993633479 15.803195077264204 12.661249012534691,-6.601667706228774 -49.492089778953336 41.003774602492314,28.788890932583854 -108.16070914659878 -39.02675895119006
-16.433510341042435 8.43947140633378 -18.064283673162787,-9.047721290174419 10.161895008952328 -9.904514927167241,-11.829844032333712 6.703905995070068 -15.626066410560615,21.941110276611838 -11.949222519291563 23.78489014069819,22.69747307369679 3.8168680626002898 10.230899505878039,-3.64461520813228 66.64790114126022 -39.12992991314675,29.68369357773124 99.55176678838642 34.746918777404034,20.446633212941975 15.679790182403627 12.399246365275985,-6.693661834773811 -51.786356944585805 41.147270735319886,28.63538205694457 -109.06274322720766 -39.44179729029467
-15.821021406754701 8.621672641189601 -17.766593595878728,-9.063801672550175 10.446551382462106 -9.877252695230723,-11.11593951591092 6.565937913229977 -15.490808394869214,20.89890867334431 -12.09122716364689 24.357603524608898,22.392566869168817 3.5979441426307526 10.253897916475033,-3.803004520547872 66.18084981498724 -38.86160234843026,29.641645133017228 100.24732421475831 35.11456042947593,20.17728343754344 15.41980770163383 12.182899625327936,-6.835190793887314 -53.96403055387844 41.39775303533374,28.42909936902954 -110.30710276983973 -40.02358484232464
-15.37111268875322 9.049206409753966 -17.47516941081309,-8.988415157793876 10.72158749116061 -9.67090572150454,-10.797590793650942 6.381234982754871 -15.510846873571964,20.390194562720186 -12.207487186622114 24.833332245007107,22.190067551291694 3.3817874065164757 10.305217713834463,-3.905578470639346 65.41464118078834 -38.339817893419124,29.59571679954344 100.84664273708086 35.42344436331278,19.99038374108259 15.181054315669318 12.100191666956725,-6.899342564552242 -54.907838088451356 41.617067479367115,28.292784436154804 -111.14572888958342 -40.42237490459577
-15.302682292200657 9.505183238658997 -17.30621587748663,-8.850018339538918 10.814791224786527 -9.313710378503531,-11.128805075996587 6.214352768563586 -15.700084998257685,20.80058060594568 -12.208235868593192 24.929851245819457,22.24414787253448 3.2663262367997725 10.334961060262074,-3.9033299879876906 64.55140438930265 -37.72818482440264,29.560331014164902 101.11692455623586 35.5501117218185,20.036404196795537 15.078220446309373 12.18360454051057,-6.78653823486533 -54.01925202528438 41.71150937819349,28.307907852203304 -111.0765874022265 -40.40259136216749
-15.481782653420193 9.733390493026658 -17.232006050141184,-8.725973821573724 10.674825511042819 -8.886832423816873,-11.882102008727289 6.083124554626139 -15.943875946037123,21.832042601688514 -12.069974960312408 24.653373694640987,22.53935337467114 3.2479357882083204 10.28253399880466,-3.845405830541317 63.67807722897952 -37.16578056762758,29.530609783079164 101.20074215513306 35.57206278296472,20.322889492755206 15.098839703468295 12.301939401845528,-6.477808640775814 -52.22960762284226 41.718462308044835,28.43422544411907 -110.32321070500383 -40.06536560473371
-15.70973918861086 9.470401984600759 -17.19840973874828,-8.702615666267764 10.272526940810906 -8.481147133033886,-12.741675779667997 5.996812755871795 -16.10399131850567,23.061148044457 -11.781362690546235 24.063024692970753,23.029112698093837 3.3043620004873677 10.085380445755987,-3.798958375659792 62.86046645485332 -36.787182539946876,29.498134586203008 101.30952701636522 35.6036623440537,20.831165675008528 15.207119687281452 12.293971314711772,-5.968971901264116 -50.7508825501089 41.699357052036156,28.60916533337935 -109.24223120704261 -39.57359561104724
-15.787877313971691 8.45279152512514 -17.15129675327943,-8.866277935990508 9.578732104972193 -8.187529781743873,-13.391720576643701 5.964679787229814 -16.042202717258736,24.064464428759507 -11.331057288061132 23.21792934230781,23.66685448319475 3.413350813382163 9.680944317409812,-3.831140000702685 62.16437882195841 -36.72696815821343,29.454486903453233 101.6547106225252 35.75927520238773,21.54255878960246 15.367267997884209 11.998475342859479,-5.255846135310642 -50.79505447606814 41.71562439328245,28.770155641461415 -108.19028131747007 -39.090179359860926
-15.517522445701724 6.417132926343593 -17.03653690370616,-9.303294693111434 8.564277594408079 -8.096855645536142,-13.51643058747938 5.995988063629462 -15.62028174389171,24.418559249104398 -10.70771698162356 22.1772127441512,24.40600737036609 3.552648166637959 9.006669530059892,-4.009103083029567 61.65562108532917 -37.11971483928018,29.391248214746632 102.44772445620586 36.15326615526908,22.438394882583978 15.54349223541194 11.254226550038824,-4.334249461895791 -53.5741010697039 41.828695114898736,28.854624489842546 -107.52399344541345 -38.778014829927564
-14.7 3.1 -16.8,-10.1 7.2 -8.3,-12.8 6.1 -14.7,23.7 -9.9 21.0,25.2 3.7 8.0,-4.4 61.4 -38.1,29.3 103.9 36.9,23.5 15.7 9.9,-3.2 -60.3 42.1,28.8 -107.6 -38.8
