-38.079705942260276 -26.731385542424675 14.694105644205063,-30.726004260063494 -12.944307198486143 1.9763048323630448,-36.454421911227726 -0.5959032811145537 19.820443159601304,73.43687775242246 -6.047263554737192 -11.756154798588204,6.981398745356327 -4.576123915654212 -5.942871004158085,-7.657033951342665 -8.165094683896136 -47.3333317319234,21.624640071871774 43.66926699645831 8.937484380513686,8.21019203594182 6.628430824384354 -6.864432434866603,22.641897126444036 8.973191004889452 45.19159530454749,23.334115831651093 -48.257735341257 -10.565421003712657
-35.414691042764865 -24.228509225161094 11.516124922809922,-31.928893855592445 -11.770175798598304 -0.22206748108441232,-38.081569767114594 -0.20148868821736543 18.57449980797409,72.44364370649421 -2.7376859348755955 -8.112315986406994,6.981493956577696 -4.132753135587837 -6.608852370371249,-8.259161509730685 -4.881620066140031 -48.16803976978932,20.74433485804268 41.229747561004395 8.024035007117451,8.361935222572917 7.023516280680418 -7.62873468805047,23.576893416244395 7.831547817121999 45.13969629237049,23.578574330738313 -49.076762853625645 -10.907161139962112
-33.93657284195237 -22.314814902437895 9.254855028516033,-33.287398241182174 -10.655154176009827 -1.8887578006021406,-39.04332467973227 -0.1873824612968793 17.97409668914437,71.90805829075178 0.06692047095329556 -5.245675114156153,6.929908576764813 -3.797477278952939 -7.158974979773358,-8.172286089906732 -3.7240268820472426 -48.74278980101398,20.1227599240183 39.4233152738854 7.321583738736845,8.433537563830235 7.279311770898659 -8.397172881019083,25.56654273225755 7.117008396315799 45.80547295994036,23.68789789116787 -49.46811850011505 -11.08186422174917
-33.905096143635575 -21.313818595534666 7.995916617009648,-34.74741719161422 -9.974692792964433 -2.8140183602642495,-39.2206526744887 -0.5040473155682003 17.868132562722003,72.02478821726946 1.5155810459374415 -3.9064380142955453,6.685896248393743 -3.553261465675644 -7.491102072064022,-7.239680268505488 -5.570600096888438 -48.7985717108759,19.983739457128536 38.90060164903992 7.080249577440393,8.253669481118822 7.464619962844166 -8.912034134103772,27.82164183852993 7.553175426441218 47.34316574590643,23.617776827182574 -49.27186124600989 -11.014746409327786
-34.9154529226704 -21.27968882052744 7.548660228271618,-36.05701171690201 -9.961388389416772 -3.0371730965172667,-38.76028801531358 -0.9378082358360313 17.948367301408588,72.59758944341189 1.428740456622294 -4.125899595908899,6.200761228166307 -3.3496181398027423 -7.545179686885866,-5.7756588352608595 -9.643899035661974 -48.31098590210765,20.330751610207546 39.72487436553576 7.340020299257336,7.763736551108402 7.65744354549496 -9.035624041261899,29.36849532863298 9.144424821212173 49.36563433978546,23.399617394687223 -48.57437686797071 -10.731321799753403
-36.07687791604327 -21.959352479539014 7.564357431291171,-36.85518636244828 -10.568824880751654 -2.8101948638308807,-37.95819159419605 -1.2204103335865426 17.916625173344496,73.06902392821434 0.4393744363316925 -5.162517222184396,5.553698882547372 -3.1406854839184777 -7.347865632371223,-4.414857403304828 -13.86795784136513 -47.50494049371603,20.953582155480735 41.36459065997342 7.920183505699038,7.059971917494198 7.895432912176933 -8.821037033136289,29.52939172041835 11.13954671943645 51.081636774415216,23.127624014452202 -47.674147722732464 -10.349010774098645
-36.43491611205731 -22.88618257948684 7.691783598529241,-36.85002920807512 -11.465917151932164 -2.4796020447997744,-37.11938530884645 -1.1662583308136605 17.60004228209914,72.79308699287247 -0.35395321397826507 -5.917225992620447,4.930104357881996 -2.9208391653772594 -7.027120590241452,-3.8064443151672656 -15.940282154113763 -46.74040224027479,21.539454512104385 42.977960065605444 8.516827605066517,6.365907111074193 8.151909767473235 -8.480771968919223,28.263751876260546 12.426388639504903 51.67308231348588,22.900482865073485 -46.904109845349296 -10.00937562741491
-35.43941744813745 -23.57926017071184 7.706139425814418,-35.992911532514206 -12.179419476715875 -2.339344677227672,-36.46663975429043 -0.7667494129558112 16.97654245955272,71.43044162460586 -0.055153824358517234 -5.6081979209666954,4.5452298222673 -2.736624248856409 -6.774709264952457,-4.308301834705964 -14.556638103783815 -46.32650188411402,21.82810195911603 43.833715696805925 8.854949757113316,5.939616209675628 8.349065900650974 -8.270780624171824,26.201293506448316 12.14196048113785 50.71489336879965,22.752021522359726 -46.41318781025555 -9.789488454193979
-33.23464756880432 -23.761076632865052 7.5667877647378,-34.548692475732096 -12.320454460023324 -2.5182275898909454,-36.12339984498257 -0.19366276495901266 16.130510062952446,69.2482482961799 1.41867680847942 -4.315116298231517,4.546680905818917 -2.6669364036400345 -6.762353054741805,-5.828475525243257 -10.130891266684841 -46.36242099624777,21.728781503121077 43.64452673339096 8.814376142774417,5.956118560153522 8.399705188291573 -8.351256801428663,24.349335828226707 10.159041308478262 48.409990135168016,22.616826690910656 -46.046790717884726 -9.647660994590332
-30.631234364897693 -23.48522239139693 7.393497818339241,-33.011428955519236 -11.779387312654048 -2.9476337664204433,-36.14374361029668 0.2889538038569199 15.190484328911818,67.1276216259405 3.1616371096630016 -3.0453958031945074,4.944210659240069 -2.7813395180048808 -7.04775299015866,-7.880624079543807 -4.614522441063156 -46.691701452210104,21.340881464496153 42.64513294977806 8.465975710010074,6.4227104274344065 8.254195502071706 -8.696454244983123,23.616283027533765 7.17719429639911 45.50870015642558,22.35968665288995 -45.41762076615846 -9.442172445490428
-28.770567642907295 -23.101991017056275 7.383619820370349,-31.896381341975527 -10.78363381644191 -3.4177969199852525,-36.53841454149719 0.45789279393706295 14.2923671783469,66.22372954452867 3.6891530636402603 -3.2304209393035794,5.604134928723104 -3.0989899434260835 -7.520818104735612,-9.812171427789316 -0.5022385815866097 -46.99694132693807,20.874745684461132 41.3936564000642 8.006271330771467,7.171850528340347 7.927723944856936 -9.099406205693965,24.383123719917474 4.365827191901706 42.95269168762573,21.860321305925623 -44.14799221985846 -9.019811598323564
-28.636442299603786 -23.069888598897393 7.711194553065719,-31.508495678364135 -9.782660863129134 -3.691359716802353,-37.26370674427026 0.24045424408607513 13.576155734475279,67.41608183835461 1.7509966609561478 -5.891317756649549,6.312885305193115 -3.570733286626799 -7.926951667151766,-11.084658607931042 0.45050527562884746 -46.98595585321475,20.524288547378735 40.42793870425599 7.634935419347785,7.9376812118675915 7.494681982820431 -9.26840960715267,26.33005287676741 2.755949705033741 41.43321632924728,21.108732969583627 -42.155991744186096 -8.327770616446717
-30.636732142287446 -23.703883879319562 8.448879180072144,-31.8059928127224 -9.217070941313885 -3.6194294568394145,-38.18320612352723 -0.25368303370130874 13.190663172921045,70.82222205834057 -2.886172348724795 -10.930075155393343,6.877356809468598 -4.094533987250179 -7.967420959526242,-11.472640623123286 -1.8839210213463853 -46.569612710198165,20.36688341592727 39.98220973266856 7.448798484860882,8.478590930355928 7.0550313002626215 -8.966332728174653,28.598780207255718 2.7158747007000974 41.09839627384005,20.25392395367892 -39.81623077455736 -7.483565402577412
-34.43936841047129 -24.990645987444196 9.53840619553301,-32.432756393578586 -9.293258390796092 -3.2077128676194153,-39.0479707955241 -0.7911220640942165 13.27370256731566,75.6428970093576 -9.136511363756066 -16.968563018256955,7.209732248256349 -4.556503812929948 -7.435260561201911,-11.100735301422883 -5.979451709769469 -45.93382542511145,20.345896701301715 39.922559851265085 7.411849730079207,8.6836717494452 6.691767437189393 -8.124223410381376,30.206182140470283 3.7972668147449546 41.55963583677107,19.569258104422342 -37.88134649440486 -6.755933043376345
-39.124240560644125 -26.571850116075826 10.813588970545677,-32.90694471120635 -9.884667469765585 -2.606191141178165,-39.54086770326927 -1.1302818490699826 13.898705194085235,80.45142519921606 -14.982511650096573 -21.878934319233622,7.353255781130829 -4.876388832943649 -6.321948331324135,-10.324624699457324 -9.496144037434393 -45.46305136260447,20.33959246372933 39.92198858841136 7.412393129008172,8.609710966343194 6.4416645456064385 -6.875910083675432,30.503895669269248 5.030237180105319 42.18080689314675,19.341864859486634 -37.17691681757242 -6.45662279125013
-43.56770576817175 -27.910790697415713 12.060549609289561,-32.87114520690032 -10.613564929012632 -2.0321947491709107,-39.39193600601068 -1.133389412425184 15.014158504338566,83.810394756574 -18.389626018653928 -23.770397478194084,7.438417061721068 -5.034722250547172 -4.839750766386101,-9.534218309655733 -10.525410870923995 -45.550990195053515,20.26763136527603 39.74933795793575 7.364998714321255,8.433030616337792 6.2924556137416126 -5.500852350013159,29.460831011532807 5.496855059051802 42.47897648331035,19.737196276102743 -38.21130626866804 -6.793160729773941
-46.87840342921738 -28.559497151364003 13.08891042756037,-32.27592241860775 -11.069151835584531 -1.666554270702016,-38.51780568003862 -0.8203492988383172 16.42183941175978,84.91817263930625 -18.286452987494243 -21.929910089419202,7.597428886630886 -5.069491305398645 -3.344167933280919,-8.981534168781252 -8.571835270457333 -46.39417540707693,20.164089225942167 39.4781679541091 7.288038846774471,8.346078370559544 6.204257584319921 -4.30682132559091,27.638545293746887 4.860746940050232 42.4081874538865,20.708016805581643 -40.89971791322653 -7.757647569434062
-48.694560387437434 -28.386857833782074 13.787190029004625,-31.402722996563696 -11.042560090018991 -1.5725626935734471,-37.10607411495776 -0.3433926177025787 17.82610590512361,83.95872325678732 -15.094721979170627 -17.214122692952046,7.886614561151236 -5.046795758524323 -2.1905617109572377,-8.706765158660271 -4.758898496373336 -47.873946142495015,20.16710910772174 39.4724877850234 7.303503489271236,8.456592913022366 6.140265204085562 -3.5100476770802533,25.88455982625851 3.559415395667676 42.368748426619646,21.997987280617583 -44.55243507143057 -9.11137751499174
-49.231027778046595 -27.645717462091945 14.144168598572941,-30.716270038394306 -10.648862167691217 -1.6743181744433786,-35.580792247563565 0.09681044976496389 18.94497642463259,81.97377362989958 -10.521822475933373 -11.667360886929835,8.258996979573979 -5.023204593735052 -1.5926271090495812,-8.576248656035853 -1.1754085251870157 -49.58713667358354,20.427571361542668 40.146568972720544 7.5551118414317,8.742057728556805 6.088371451498566 -3.1669135176807335,24.90711828587337 2.556742580586825 42.94219024329612,23.242529391342405 -48.144204271266986 -10.476733830114911
-49.08537908698676 -26.8412241414639 14.231908273478384,-30.62584353605355 -10.267267645335249 -1.8018792822518153,-34.44462608312926 0.3454092572511428 19.63031148915912,80.32294252316368 -6.719399986740055 -7.5497270168306905,8.597871466390348 -5.020261760750232 -1.549570600390497,-8.390798433296998 0.2575816906706505 -51.01026728910696,20.991447278204056 41.642292868104256 8.0939641414731,9.077876974694849 6.0625657084923095 -3.1822481136107252,24.947512408774514 2.797397230427152 44.507195953451706,24.119055117541535 -50.73590071384133 -11.492277699712972
-48.916685725353126 -26.469173211604375 14.160708261897664,-31.281154268542927 -10.330184421963743 -1.7796214497392426,-34.06455366142866 0.3501152239002393 19.92909509500041,80.0129847286205 -5.250432898238312 -6.276720329579051,8.785758559369407 -5.022967801471432 -1.873630730749912,-7.999132395108811 -1.2237004742119666 -51.71615274111106,21.731109554647585 43.6307700328858 8.805626660645697,9.315024091936458 6.085844785533537 -3.3811128646813087,25.70860755402721 4.666550625973683 46.957945240247824,24.47262519152164 -51.84063224082557 -11.954461625764717
-49.15208090514798 -26.763600951824923 14.026667715127019,-32.50709535457107 -11.075184574233264 -1.5153578264827503,-34.50811216129181 0.15811916964917838 20.04461442597697,81.24344706499997 -6.405775958903426 -7.820000523776873,8.764002550345722 -4.999618825745231 -2.2984657131560366,-7.364590637011263 -4.899844119063431 -51.53945193819684,22.376208384190896 45.383708040648656 9.4324451785431,9.357129805659442 6.167187195130717 -3.6028721383018407,26.5625912864527 7.750144251368716 49.688078524425684,24.356290275111313 -51.55793685432815 -11.877713481117844
-49.84329832034453 -27.588085118176597 13.87484248257978,-33.90473393729982 -12.395163934016175 -1.0490154252522774,-35.51872550822295 -0.13431449410136653 20.212673684973797,83.39496577145766 -9.213610367993676 -10.868362060432307,8.54782824705594 -4.928646067594759 -2.6091327571180587,-6.568731893885012 -9.044198160866841 -50.6184092369037,22.63771514360232 46.10567965988475 9.69022136737346,9.192774563057949 6.287819188220191 -3.7707602772167195,26.91824300730274 11.021680184878543 51.85536716839388,23.970874732899926 -50.42459013353701 -11.448998623437664
-50.71243379137664 -28.52695767689995 13.693777744843253,-35.05607838315406 -13.86934362444458 -0.5393607475637539,-36.64769910596011 -0.44300366650939005 20.560755163293837,85.4437795472347 -12.101411826021764 -13.635315957381023,8.193412767923688 -4.815562710008162 -2.7268650376306254,-5.768786833725357 -11.8975314914727 -49.30516904108254,22.361925855998024 45.35909185518064 9.420425283159844,8.871366164832509 6.405527087871706 -3.9072981512073115,26.551096343922993 13.348450876539697 52.78775490383656,23.541960499454238 -49.08007191005906 -10.90876804416859
-51.337660005582364 -29.123592956063245 13.442690742377666,-35.71684172304584 -14.960196721135723 -0.19573193687369594,-37.47532836263901 -0.7303831724285401 21.03342752078543,86.55574601506493 -13.81466048779816 -14.85297771342724,7.746839782993567 -4.690615285147361 -2.7098830738277093,-5.140034535639018 -12.582743064769092 -48.000795037822,21.628218624095986 43.343751957280226 8.692366569121415,8.44913388669163 6.474469282401797 -4.095088475347659,25.726138041771 14.042618783984448 52.315711843306765,23.203297800340536 -47.9369691169392 -10.426790231044357
-51.37628407490956 -29.133232819829548 13.096598585412998,-35.89344915256612 -15.272457713802673 -0.185906561676618,-37.80325045335344 -0.9970331937741873 21.432321837690267,86.52305575196266 -14.068287326488083 -14.403237769281755,7.217593597533286 -4.590210547512356 -2.678955206877123,-4.827192779553592 -11.465181417307388 -47.000686493733156,20.730261176832244 40.85818616682942 7.791734477039064,7.950757656968548 6.468681272180883 -4.408591179220637,25.05559407551218 13.169304424575651 50.85806191166699,22.948795239482862 -47.03205575230302 -10.03920476145235
-50.72274633039866 -28.651560080261593 12.684733878624376,-35.77014065126633 -14.738481597836543 -0.5606955225112079,-37.71550281628447 -1.2427357527928256 21.551335525157924,85.8064559023457 -13.575847688434274 -13.254152294889755,6.602040209378711 -4.534956428167246 -2.7169442402656983,-4.912552755928889 -9.799220686202567 -46.41909741367365,20.0424082064925 38.938980922858484 7.092319980929348,7.379313150993796 6.395548147673117 -4.853678760924476,25.173160443635403 11.46540759625637 49.2218594555967,22.67412837702979 -46.12299825470919 -9.674591001666716
-49.54377829284972 -28.05071896826134 12.299359255528621,-35.539254785145694 -13.635897315902495 -1.227234315500403,-37.4800646451933 -1.4288086661062536 21.32689190766665,85.17765451135867 -13.469022882960513 -12.768239187558839,5.944970095877549 -4.518526655668341 -2.803149589691271,-5.397582955025032 -8.909084574022724 -46.211399898556365,19.837170177173334 38.35475036715156 6.873441139353984,6.770268901066185 6.291685871970987 -5.344782284312818,26.398311776024126 9.935021861246053 48.22594839374405,22.277304004696507 -44.952657009345096 -9.244547645141466
-48.194311390967385 -27.762169799753792 12.066089856958914,-35.24298646852043 -12.43468819134277 -1.980963752420732,-37.35418693453272 -1.4718942181445174 20.90736123792562,85.18808143590701 -14.474912344836701 -13.804073727326656,5.3937174363878 -4.514124544119811 -2.820383260200279,-6.19592740286727 -9.399718056628192 -46.25977308411025,20.149522690462216 39.220465213584845 7.179143580936868,6.248167375738049 6.2039302655502535 -5.729686701024447,28.563797333019117 9.351354537932227 48.341859644538175,21.754393816512827 -43.50891114916886 -8.738087646386157
-47.0660423338921 -28.030405373915855 12.087157052526262,-34.72669741194946 -11.560806482554487 -2.581199871124318,-37.412257548018964 -1.278632746399789 20.58839993962076,85.7886846822699 -16.357066211138562 -16.143142104127037,5.193267848680687 -4.493989998855869 -2.629157600693318,-7.144027498978371 -10.848691409112384 -46.46120708950566,20.761513043865932 40.942086286971104 7.796286573772685,6.032994080538832 6.166327073749756 -5.8498213806158885,31.089393759362082 9.925302349454672 49.52355547395045,21.230573804085413 -42.115145709685684 -8.259197723352845
-46.438114120738796 -28.77603700123695 12.385542669531366,-33.73688955354669 -11.20333154500365 -2.8379472652306066,-37.500786654906626 -0.8036468249253688 20.640325870423297,86.33414068267848 -17.968907600176237 -18.57926170656836,5.600172096149661 -4.449253196309166 -2.16408675711506,-8.039101977444874 -12.130409019704471 -46.76791397083652,21.317193562587097 42.5276310088107 8.366068859046441,6.368044600410409 6.185542498765886 -5.608993518621116,33.25522533004845 11.290145821354226 51.28817404456878,20.905013771880743 -41.289337896517765 -7.9823632727265
-46.38597841540523 -29.643568064150724 12.881134693298787,-32.10947544202039 -11.26199165497232 -2.675069581172571,-37.34822839679359 -0.0963703406280857 21.123976611105675,85.97602181113781 -17.905700446865595 -19.620528351829538,6.7438399234425095 -4.397411957005793 -1.4946456256472322,-8.70452219634349 -12.15074010752909 -47.168627225175875,21.50778302419496 43.10307536347543 8.571262219160884,7.390487833716139 6.241517918292923 -5.021094723593869,34.527468702148305 12.771074321356842 52.97840616655709,20.93903198027272 -41.44823938250297 -8.050731269638089
-46.773155773016114 -30.20448656116563 13.416616266927438,-29.93634458060061 -11.45076750720795 -2.1471350843596926,-36.76226134284297 0.6942963850657051 21.809150085194048,84.21536521510316 -15.382713297178118 -18.395714406544187,8.506266468130718 -4.372630887942629 -0.8126197394267616,-9.06265978249216 -10.540550901240936 -47.6392550522281,21.22885369666608 42.359289215460635 8.299551438211417,9.010729141277384 6.301200247710108 -4.216753439677704,34.769456450639375 13.761902574698771 54.055596467688446,21.351300711614606 -42.62790273569631 -8.47695302349328
-47.317856367289046 -30.199369227437497 13.826061627406794,-27.604392724996025 -11.4879197573152 -1.4078665263378705,-35.790548148866996 1.3664591628836087 22.259668780157526,81.28254331779334 -10.820865833210608 -15.233420074928267,10.497243725652135 -4.404890008227223 -0.3500219222087634,-9.178804570553222 -7.897597171422453 -48.108485649922386,20.626602292114896 40.6928494097792 7.695755792663283,10.877525769394662 6.336253327009494 -3.4052986158738108,34.239380938561084 13.996739169816237 54.27978027863947,21.982209744692977 -44.38863491767743 -9.107313459541079
-47.70386723408455 -29.682229556116884 14.015379911967605,-25.669245183664945 -11.260440646350462 -0.6476455558821406,-34.73832272584772 1.7435726308671522 22.055836337669042,78.10368164382311 -5.774473962376578 -11.564428720573922,12.162368026754596 -4.501002763112089 -0.27036645900028666,-9.242197355160446 -5.444822469857128 -48.46933810172064,20.010723980029145 38.970103120963756 7.076124819708829,12.47081761712289 6.334657294915342 -2.8052660809875585,33.39258803093384 13.590093004210026 53.71482325411183,22.552567202406195 -45.97306910565346 -9.675259664683328
-47.69627802388969 -28.987122761942018 14.013874841358334,-24.618682660562847 -10.873145012151387 -0.02770480789746177,-34.019653151941085 1.7469676068219817 21.040547852019337,75.84879777315197 -2.2046358010572455 -9.182532712341168,12.992905383525558 -4.639375036541047 -0.5911562486212362,-9.476949358129401 -4.319976639959297 -48.63250679893001,19.683784267360803 38.04881412457026 6.753215878024755,13.298307990767652 6.301088889199827 -2.5683682205392686,32.60803855496998 12.864900264488849 52.59942679456595,22.790203818752985 -46.64639926344548 -9.920566995072623
-47.22528273683934 -28.538076567132446 13.96704866847044,-24.64631831726969 -10.563910617916461 0.3639426189974797,-33.92107146880016 1.4265500950000338 19.449997775282824,75.30311998109212 -1.4775912465722092 -9.267652813432735,12.745895679400988 -4.781837090010379 -1.1783510296508972,-10.015627202422866 -4.9227322223759025 -48.58528893759019,19.78137518820278 38.32189287455318 6.868341633499029,13.110036709370762 6.248398771750026 -2.724856149724319,31.991399639104635 12.105031068880233 51.18783133616078,22.560404008169733 -46.04608061499378 -9.713322236415372
-46.41193081507254 -28.611145793723807 14.068526407933092,-25.55671533077484 -10.544438729699785 0.5225772340148271,-34.41569353421711 0.9344738718160691 17.84295528019614,76.41666769584883 -3.6352277811649056 -11.717212284026651,11.565255175996564 -4.895254198032634 -1.8145452672300912,-10.798576571437334 -6.701740031479522 -48.412070780786976,20.20949129274645 39.5313325504752 7.323269792892742,12.023763417842616 6.187586503178341 -3.1715942258659373,31.356523515293585 11.39238721664761 49.656778285412,21.93310381946099 -44.36069727647469 -9.118323377172128
-45.526120754729284 -29.182469885302975 14.460311325947035,-26.856854155432668 -10.865757141392159 0.5066847576638258,-35.145109227566216 0.45513052792941117 16.84886222431401,78.29876024983555 -7.34649433507284 -15.165620113467721,9.934387222911425 -4.969495858494472 -2.303595546838145,-11.56100944960276 -8.49753368212749 -48.25439957479259,20.71033346806415 40.947441187901454 7.846793321047304,10.489225011341528 6.123427856970344 -3.7096290647944734,30.38341265419775 10.614546897053234 48.11170678039807,21.152807111612283 -42.247462618023036 -8.367020145194447
-44.88769041263153 -29.94549072458024 15.149236044809609,-27.99088539606647 -11.388298864000937 0.40323443979521745,-35.59371376597852 0.12579902364651632 16.85735340530301,79.67931343735722 -10.578677039225937 -17.690354913211028,8.471219712161153 -5.020540906857301 -2.5568154078583323,-11.93172678809952 -9.229142803183542 -48.22724404536275,21.01627640735102 41.80472567156024 8.156369352139965,9.096701358355439 6.057902918734001 -4.119800096877699,28.852523131084155 9.611219792782705 46.651820893895966,20.527750574882724 -40.534380327978404 -7.7528053918224025
-44.74235454919336 -30.4839713988175 15.982797924461723,-28.59872652963017 -11.871241315908689 0.2963534694364527,-35.367440803821104 -0.01490416326877772 17.81212950711617,79.5941761117802 -11.632524592972043 -17.82139335478886,7.657149942239379 -5.0767223241298645 -2.6184013713393384,-11.608466504842465 -8.516004235463402 -48.339011051358966,21.003864644816762 41.745089771136996 8.122442010592106,8.315589681813895 5.997425424289084 -4.249186280674927,26.81613721086149 8.342459766981012 45.418558595035414,20.295395952778925 -39.861407899136246 -7.5043077601937105
-45.158169448061734 -30.500628283732777 16.700607994509365,-28.666227890121032 -12.124268173919718 0.25090795611382744,-34.42194445290556 -0.029523960148401585 19.22456889642976,77.9181750638629 -9.9861972607307 -15.303334812599775,7.6289307015534895 -5.156728389587858 -2.622307859460193,-10.526798774241714 -6.874076539955029 -48.466078680552165,20.761674710132308 41.019136008077155 7.842616781120454,8.28854298054534 5.95683014022319 -4.074420674914549,24.607432506564265 6.958860854055914 44.57455454766064,20.530499064129582 -40.43774441363539 -7.699593978097515
-45.986725834393546 -29.973005489514495 17.041231924998407,-28.49267437715069 -12.128880859035593 0.3116121530603966,-33.10587160906013 -0.03916950336512193 20.40939178041365,75.44591832310495 -6.500947865103074 -11.199619470318535,8.134991951921617 -5.253414320495525 -2.7094269825173485,-8.931667644254418 -5.382767897680736 -48.40433080451715,20.53581567297885 40.3357851991702 7.584510257357188,8.782742318767806 5.955240154849387 -3.7143436214656225,22.682683244203602 5.729218582022938 44.22072905002757,21.136239711992662 -42.0211857325699 -8.258758577129832
-46.91219132408967 -29.153278568121525 16.856505430447164,-28.49882878052677 -12.055940011597887 0.5094284281996209,-31.984935363805626 -0.16071084698609384 20.825848395481035,73.46749888994735 -2.894780900008297 -7.29513782089674,8.677130863722807 -5.334272870311797 -2.9525437586471286,-7.302493068258613 -5.031696247819077 -47.975899032972016,20.586107342798975 40.44969765566793 7.63058167662726,9.322351745442074 6.004906597567588 -3.38340726753795,21.387711887886937 4.880912839496962 44.31347630626078,21.91372268890116 -44.10359834934507 -9.008858520366287
-47.57560112342791 -28.419460374554642 16.180703622202152,-28.982560182251376 -12.16852212490919 0.8648532948529892,-31.537059182667498 -0.4550977607755916 20.34822586019183,73.0671161457529 -0.7904044557737269 -5.139720310811137,8.765814650713354 -5.359350485841749 -3.32804189380941,-6.155878770229245 -6.138950339426728 -47.1348666952712,21.035551781566305 41.72283551196224 8.113580248068073,9.434751284809748 6.099873484781617 -3.3020926254407947,20.782577913480814 4.46621793262803 44.65316289523748,22.665865929608547 -46.18273231304377 -9.778346427588252
-47.72590210815491 -28.06891758671446 15.22288608560202,-29.95398698484949 -12.667029838947531 1.3827158119225476,-31.886424435274044 -0.9083764268813705 19.323069671068854,74.5292147851512 -0.8675538023738616 -5.264191464156213,8.160871909721978 -5.306501761452853 -3.7441921818892623,-5.816479551535119 -8.18091265795134 -46.01209606900603,21.798175292228095 43.909095806996355 8.936373778901359,8.885832781473411 6.212831416352431 -3.600748388762386,20.62492357914881 4.347246643714383 44.97135700912169,23.278948971830754 -47.9697636135286 -10.467763114870609
-47.33133164451123 -28.17355518536641 14.286858128780814,-31.135198544630452 -13.567006735394912 2.0416089909663357,-32.728010928889944 -1.4479861894837693 18.38112176532342,77.17934583869126 -2.5755815730641074 -6.990071236745341,6.978897351024837 -5.188804355073806 -4.103644375899974,-6.26919786707554 -10.12311821174859 -44.8702008453816,22.625041961655807 46.28347315611287 9.822163115156831,7.787000845209769 6.304378058521339 -4.258653548604584,20.521693118120496 4.308903266971502 45.07576686650538,23.743780079412012 -49.43535781042183 -11.063226990196243
-46.5968826380795 -28.574688260319604 13.656334299012425,-32.117603254999835 -14.680296751527601 2.7873300715309535,-33.490194855354865 -1.979664826783172 18.101044179053737,79.7459634847122 -4.537194638456267 -8.911049661380638,5.619169032611266 -5.052960055480248 -4.360672115676935,-7.169373838968468 -11.043769702541761 -43.98855153571744,23.24135597393016 48.04247949879774 10.46746876962132,6.52467748972764 6.341354938146009 -5.1065293934692,20.1623689619042 4.219721141829577 44.96509033159674,24.115805828481605 -50.69833257461268 -11.595741942175925
-45.87386552743929 -29.010508138742786 13.496758473481941,-32.58386874971758 -15.70952306985793 3.539429970997884,-33.648308491471724 -2.4234251355418515 18.700344566932376,81.0392265940986 -5.385531083475322 -9.74643979963414,4.553782660454093 -4.95840337550182 -4.5403140363440855,-8.00882054767446 -10.673153287468221 -43.53765567345527,23.496891402091684 48.75034341087905 10.712233645994523,5.5556292039311455 6.314613602865796 -5.892932646824159,19.499057990220454 4.12524726333359 44.83478740447976,24.44730910930538 -51.849474886405844 -12.08046075574173
-45.4985928697373 -29.291145543808184 13.81382495945007,-32.468506325949996 -16.400411601217144 4.212882429309611,-33.01353924924307 -2.7324914150196395 19.914476153653673,80.56682925782988 -4.544010183429797 -9.06777772179381,4.095321100975833 -4.948238935208299 -4.711385888942578,-8.355483619461781 -9.530432390787201 -43.50954117206078,23.445613924101256 48.580669615124215 10.631417106751975,5.179020822553324 6.245649038533189 -6.3854220438663045,18.767264878953995 4.202487668819048 44.95774785256769,24.7364891996487 -52.829593028549425 -12.478245960905031
-45.6338387541294 -29.411402967235322 14.47918296961607,-31.96878163722468 -16.664474707420755 4.7470191452404515,-31.83166391660609 -2.8917832602791753 21.125834860111162,78.74475314122438 -2.5089897338485665 -7.488472723421842,4.261622860880191 -5.028219114898297 -4.932950772177978,-8.046445468021147 -8.585581759750365 -43.74098695641963,23.31108169476893 48.2184056895302 10.495965360162538,5.403387991267238 6.17706126829238 -6.4606522178224655,18.330979925398154 4.599382027560149 45.50347347520874,24.922980778810995 -53.43526936241946 -12.704057684794305
-46.18894736594828 -29.533030195964596 15.302090459366934,-31.40399320020852 -16.60404554207323 5.127368208808674,-30.631983230627586 -2.90428301493 21.673810418289285,76.59197949925975 -0.4938420388318843 -6.226592684671106,4.800475585449073 -5.165602252051344 -5.208187924352414,-7.239305061801888 -8.659159916122466 -44.015660180159735,23.358410201792022 48.47640346867774 10.623517237568125,5.971373127499885 6.150856261640463 -6.142735856624062,18.43718369451163 5.267648685047487 46.40486906943404,24.928274261480702 -53.44033549508475 -12.675233129942784
-46.8588236760012 -29.850940881972 16.107928667964693,-31.007631672751646 -16.430270101957497 5.387494869928117,-29.910134026115152 -2.778065403377515 21.184753690949826,75.09238893652463 0.3358215923230592 -6.315432241554171,5.349595641396568 -5.30835181297437 -5.473324145297399,-6.302542730701512 -9.926002300837807 -44.18764419015779,23.74496789669756 49.838270945496774 11.20016702832859,6.518619789519049 6.185920331548636 -5.574667960068905,19.021048845251673 5.912837205685938 47.361001253032946,24.71197707942559 -52.749311964128246 -12.367366853164167
-47.26483029015183 -30.43092439528559 16.78805301721449,-30.77519025715453 -16.327378443785115 5.587533718597083,-29.827500797102108 -2.5227623175810043 19.754549291341313,74.59753385092863 -0.42419922128636367 -7.936057102478246,5.637065335387852 -5.4134118203523025 -5.627394790045635,-5.610372549497976 -11.820979173723668 -44.256999903866635,24.43217178571957 52.17767358708344 12.17036065808809,6.77327878418878 6.2671139913288405 -4.9409134187634685,19.681162477344802 6.117150969782827 47.98565752245298,24.30692913867233 -51.48301403237814 -11.841333520884339
-47.13036280435807 -31.125844913009146 17.306084711795563,-30.459142033250956 -16.34645492447143 5.7790112154953475,-30.106047614622724 -2.155733828467487 17.897209517678956,74.6216217830747 -2.1743469686500014 -10.268521601847258,5.611727261951618 -5.467665047563736 -5.584783357733402,-5.355463194989499 -13.398794059824148 -44.354874178071896,25.20505823794504 54.804399211195495 13.254316463971659,6.686433547448352 6.352376779571402 -4.3832144117070095,19.853874756199886 5.57815402792226 48.02100659417767,23.811274431103445 -49.942584899014214 -11.223609949734108
-46.40660425430029 -31.630803568044566 17.67044828893348,-29.71920202406861 -16.39187581859604 5.9744234198868735,-30.189388022364984 -1.7111522335775802 16.295091373193866,74.15576200939952 -3.678102751548516 -11.951927517331258,5.438215973554185 -5.489725320956539 -5.320608107821482,-5.477949110433678 -13.924434956758567 -44.64663781864673,25.785744554149492 56.8070963464784 14.082697537854166,6.428097451037688 6.394296073380588 -3.953344462498437,19.105312764852734 4.320927562373679 47.4893924527789,23.34318236954332 -48.47503350419237 -10.651153338791621
-45.2891083952978 -31.65256009823435 17.897960984772297,-28.3467411940347 -16.30604784444111 6.139086556035002,-29.587560952948557 -1.2436295509973452 15.484278743177972,72.32790293691117 -3.8170951043250594 -11.886587103744183,5.370061247214094 -5.51227061018801 -4.884996197995359,-5.740634430782388 -13.331703082749062 -45.208440142000725,25.975842484780024 57.50280908629309 14.375391286718013,6.261438729291537 6.364457945405579 -3.62459694087412,17.389043084885135 2.7409535120917132 46.68619409081046,22.986551615301703 -47.32247563870871 -10.213436966932873
-44.120748710856816 -31.095532021508056 17.991793517410844,-26.436740283572316 -15.997530362405117 6.211444841824898,-28.211043918883536 -0.8219273775917411 15.632500701501431,69.02818784416661 -2.2865886897859027 -9.91003285607324,5.581698657595303 -5.55632311063623 -4.381173040734796,-5.897414160095327 -12.26727787885789 -45.94929685977522,25.749449929051796 56.751656695919735 14.069458366290297,6.3749591348216095 6.267329674469499 -3.3498674390539778,15.126868910985745 1.4274285598174563 46.00893499122443,22.760133935989348 -46.543195097937584 -9.924933621958605
-43.23276890771044 -30.150347845191202 17.942576426747355,-24.404660469523403 -15.530129129997203 6.141815977702356,-26.494959958060452 -0.5142947541296581 16.508725657774864,65.12584837531948 0.18209827058079098 -6.947565893794276,6.059135435213282 -5.613722388756119 -3.922023975137326,-5.851619961477924 -11.688633258349917 -46.62775413252846,25.248806923441414 54.9766384112345 13.33151426177374,6.771484552269458 6.136405864388583 -3.1270038849982784,13.057335125189265 0.8505355490765392 45.718941317423756,22.626423291881846 -46.04391572945426 -9.74153731886904
-42.8040968658764 -29.222768417923312 17.744513396948808,-22.82682997110424 -15.112617973424143 5.927489388430279,-25.224103952162473 -0.37104925898231483 17.63933983688619,62.123669654722356 2.2111288764034773 -4.537111175238621,6.610619622722311 -5.649065176211116 -3.588890437311968,-5.711194378849981 -12.255262659583215 -46.96141115040476,24.690602233812612 52.89451619438955 12.454057901803996,7.275123977596817 6.0154390005813045 -3.0273323652515485,11.916699898818344 1.0901107471887441 45.77964898069451,22.53117010815555 -45.691658784232 -9.606932383062238
-42.80560055111999 -28.732112973969087 17.409967509466224,-22.177979106495144 -14.987719857923615 5.621766144162599,-25.135475048694893 -0.410231210661496 18.553630570202106,61.409814314133286 2.56102083295544 -3.986037210810252,6.986639716753663 -5.620506791398589 -3.4108420280260225,-5.711395163642763 -13.881404703904263 -46.776314085072386,24.24016476666366 51.119885646763535 11.697414162762762,7.64627800179498 5.935885678029635 -3.164535515548295,12.107097618182493 1.7749728470028876 45.87724923864693,22.44572980691073 -45.42547067153204 -9.497051357427596
-43.04888565186671 -28.886445081188306 16.970438207612524,-22.59738472374783 -15.280491369069303 5.30754082360354,-26.50575137555377 -0.6096466134916111 18.98834594696559,63.50048356268332 0.8623487183192267 -5.630617784488398,7.034971064470088 -5.507120229982389 -3.367814008450696,-6.0554351131293735 -15.726942716149786 -46.118906598766294,23.92607486845925 49.865307947371505 11.165136955159207,7.732024220704065 5.9033827047250425 -3.6172514055270097,13.517848421379316 2.2888273366596765 45.62303207915964,22.384133651518823 -45.29288398797649 -9.433520911404157
-43.30454642798729 -29.560520890955917 16.46461898696501,-23.8045521096583 -15.894248877237713 5.0463738701950085,-28.95176838679781 -0.906158825565513 18.958880355950676,67.68889858086385 -2.129809793535713 -8.616669639477166,6.7974414852777985 -5.326055480161863 -3.4073398431011266,-6.772403621933035 -16.64480680867763 -45.268882854651686,23.641759171538563 48.89598517342349 10.77796308447832,7.560560094800274 5.900209502679623 -4.349584554189796,15.590782741701787 2.1417121726767805 44.82366558477349,22.384533399644177 -45.389227637704764 -9.4583410570111
-43.42174426339653 -30.349311413577187 15.925374611561296,-25.211647724685477 -16.519793276028782 4.830705348563859,-31.567032954945645 -1.202633999238347 18.68544363187944,72.3103971943109 -4.916066008747322 -11.332742688874589,6.490516766263827 -5.1283436364551624 -3.460754963685056,-7.681385809693781 -15.831099236249626 -44.638936517207874,23.229478577385773 47.74857101625878 10.354127407455103,7.323451705501928 5.900886204539981 -5.180779547850645,17.597002822158817 1.2978295354935563 43.654725311643105,22.468893213280808 -45.74502028153376 -9.588253458774235
-43.38617248952728 -30.773645170114456 15.378529341693897,-26.181378853863873 -16.762943932489012 4.569704364870156,-33.34045400599891 -1.3839132164276 18.43810701865548,75.50909813288092 -6.067427038976858 -12.266839171948595,6.380286482114559 -4.974663527433886 -3.4518701469396738,-8.48699362915442 -13.300151347615886 -44.60267750064815,22.595427914148324 46.07619797747343 9.744903582303023,7.256728610746975 5.8902591358506395 -5.832694592729797,18.984640745865924 0.2600729888681683 42.61930086433682,22.60987428106484 -46.24411586373469 -9.781524384262138
-43.29209309932395 -30.529336124875236 14.856188134938552,-26.30660822706777 -16.33017257830908 4.124712523220014,-33.64960494369497 -1.3429610327709982 18.394713574255196,76.12312722410668 -5.027862820367001 -10.824789462241375,6.624049170262678 -4.904381472243513 -3.302530620747304,-8.951921083639903 -9.905322607796503 -45.32727754043905,21.788479368331743 43.91726183097819 8.946066827250393,7.491750282424441 5.872369902827332 -6.042099433567907,19.621328790576822 -0.15928226313474836 42.295632757178865,22.729998079908704 -46.63821647347894 -9.942842801117266
-43.25341435186496 -29.645601727574302 14.413150690279936,-25.578320936748064 -15.178791761317216 3.384252399148549,-32.574184109895455 -1.0146429854785435 18.58010818419804,74.23752278086904 -2.4602343808789757 -7.670124518540195,7.1701681789634755 -4.915512421353398 -2.94556163285483,-9.043630473311895 -6.8903085377753115 -46.68600634308327,20.997343427196984 41.736005620525944 8.12269440309379,7.964598731818585 5.864704544889906 -5.6863878098481475,19.81042130026342 0.727128795793784 43.00653344444475,22.73758395978223 -46.66161337147363 -9.96776480231344
-43.31113610208551 -28.46764599748753 14.127746282265182,-24.365326918383804 -13.554985487654442 2.34423469572324,-30.863209194504165 -0.40796507741158294 18.89661685539274,71.12304337812634 0.06089941878416738 -4.405604891801836,7.774598055621992 -4.967226946486988 -2.350700979154044,-8.964103088596765 -5.2296109638274615 -48.28974329223479,20.46764454663631 40.21529290109745 7.535067472762845,8.438717165473452 5.882144086014233 -4.857894340607489,20.078047852261122 3.0777488866296943 44.601613641843024,22.57952259832728 -46.182251404325754 -9.801735611543522
-43.39298934494912 -27.47468321221367 14.075235151485744,-23.222104477701684 -11.900254766377705 1.1500712191542273,-29.56676008695682 0.3779415021225669 19.203111325193248,68.59454254181267 0.8517002530707244 -2.7687914052775096,8.126170544737459 -5.003580134941305 -1.5558727895322026,-9.037958875305474 -5.138879665693411 -49.62429741545025,20.38453692663461 39.9191073066656 7.408151665367015,8.629902475790214 5.921961851188343 -3.842919938364338,20.84744984253711 6.379868374989005 46.49141912623408,22.27827356644301 -45.295141626690565 -9.477088347499532
-43.34839820450118 -27.034263023903065 14.280592397321128,-22.62300249148517 -10.672950150625518 0.07077250072983887,-29.516296397570848 1.167998246643487 19.38372855761306,68.11700821775786 -1.006122113605132 -3.765316030769691,8.011598828046115 -4.9848671154085284 -0.6841871191456015,-9.517338800757528 -6.033712545631432 -50.236630912103166,20.783608651678147 41.008380984661365 7.816000348986744,8.363798338867962 5.960967346824541 -3.007681027366064,22.175440050903816 9.66253217264558 47.93416299318169,21.928128696285533 -44.293008593604206 -9.102663978200715
-43.03786690712045 -27.226381851736736 14.676787739231584,-22.75166529112316 -10.171128383750522 -0.5936913074494673,-30.91528569560319 1.759482641803986 19.371551656040346,70.10760556111666 -5.1740921881805 -7.182360168623501,7.429792531732568 -4.908689168838367 0.07335318317026829,-10.413533957958998 -6.94930662482722 -49.89635881930608,21.534809816093752 43.156286715376424 8.641071037988706,7.677590422595275 5.968260699922209 -2.641322590485967,23.692575213953035 11.959834029127542 48.42725221840214,21.649759693391523 -43.52153798678546 -8.80878922945904
-42.425663791916996 -27.82889440300967 15.100773461620511,-23.44138903526097 -10.43658085703423 -0.6359958321275611,-33.24381029436834 1.9920492852810938 19.135048203147775,73.77028513038343 -10.19522807994057 -11.710902291037428,6.594757446080294 -4.8090381559008994 0.5146970655766636,-11.454721407847618 -7.160435422203158 -48.67354386600948,22.402926223512843 45.6949303903949 9.625469889455934,6.809718473133765 5.926597237115004 -2.830406051285409,24.78088251521735 12.774350105594909 47.98412486068864,21.52796796923188 -43.19915766228619 -8.678410722463717
-41.62423938695623 -28.46387840034135 15.34483878046698,-24.2847469955796 -11.273947806408424 -0.040229456183477064,-35.51892162120129 1.8122686224732478 18.66359996636515,77.52113530189858 -14.175203619009928 -15.583757952036594,5.8291017293705245 -4.734788646655328 0.5050972457890679,-12.20111770020597 -6.6234012279503345 -46.909959600426646,23.147932784775975 47.90219995836721 10.48204369733823,6.0848855955361145 5.848659048882599 -3.4261225537817275,24.8968706170217 12.283779375846997 47.12878670025257,21.569246493555866 -43.308335456886695 -8.70560515783215
-40.86656013247775 -28.815479199808067 15.25067641253327,-24.849389308492416 -12.360560806310712 0.9937523827412669,-36.77284008071945 1.301658221011019 17.982938095787446,79.76743195033063 -15.647368959751626 -17.38350022672186,5.409649214466443 -4.721106147092359 0.04090471761017023,-12.261294250783303 -5.969461784687237 -45.101293772760826,23.61155015792282 49.27365226473965 11.005228004417585,5.759552090756983 5.776189621819048 -4.120624206830051,23.869084778396648 11.17452148191128 46.59306403609426,21.70534070234453 -43.62751586506732 -8.808025902259565
-40.421222313124886 -28.793643177210512 14.803503528977219,-24.890935989231377 -13.383646504071757 2.118315542407114,-36.50698505585591 0.6493733208338959 17.197048490711744,79.64302123398159 -14.191132379558056 -16.618318192911666,5.4493927891490195 -4.771142478221268 -0.7371451770633364,-11.495816139578569 -6.05000744469276 -43.73636082223374,23.750124060465403 49.650136487254215 11.128251958318478,5.912444675987647 5.759603331552163 -4.594971067074551,22.01015510758061 10.197198664804151 46.87242601600676,21.841929418204366 -43.88995582641424 -8.887848290905437
-40.492791829160396 -28.554311736981507 14.172712444512277,-24.462814898280566 -14.139933176928492 2.9732763943164353,-34.90224080017372 0.07550862589062879 16.51700326215549,77.35116455217913 -10.527742880184883 -13.818297943566437,5.874511948587555 -4.8586403753224525 -1.5955087524292348,-10.099543377820025 -7.307788827463984 -43.148330308254195,23.608192927832977 49.165159515992364 10.908000042278948,6.435321311386958 5.827933931961089 -4.666041749152653,19.97846219952526 9.700954966297397 47.88792169082181,21.923772019322335 -43.976481935275416 -8.905246397416912
-41.1523833306476 -28.37275632771773 13.66413224631078,-23.87826113342118 -14.56427263681682 3.329684937913345,-32.69791007949908 -0.26316117915619475 16.229065726304476,73.98479853187777 -6.100140751422156 -10.169071473788541,6.497970107807862 -4.948792658677351 -2.305146181926526,-8.51912389106115 -9.362852201352018 -43.423326854238276,23.260534617300486 48.07819453804734 10.45970998961251,7.119614862430972 5.966414246797841 -4.36150902656919,18.455495971071745 9.4207811984797 48.95756032958969,21.976179539385864 -44.02236003487329 -8.91821056386328
-42.32261348100848 -28.452224023100545 13.591380089151851,-23.551560890046442 -14.696487271028658 3.1766613473723924,-30.820292537354042 -0.34037706667799594 16.58598307710982,70.95951094070925 -2.3950735138449013 -6.923803992998854,7.136597902745519 -5.023048121359765 -2.73831187327872,-7.250721544415148 -11.086351231962329 -44.39032646999201,22.763890132452104 46.61229816818683 9.887242228968297,7.78018124608844 6.1165533985476825 -3.889478796056052,17.803907705593293 8.651024063639174 49.118430146532845,22.095188284003633 -44.363262275129415 -9.059993442517554
-43.81150914424056 -28.785588705915853 14.119429916670255,-23.799013170568397 -14.623790977727518 2.7104856661134695,-29.958465444044492 -0.2651399137471271 17.660288915931798,69.3679946571629 -0.35727163636047454 -4.904640681689498,7.69824251146397 -5.090849764988413 -2.914494589905757,-6.625280366365381 -11.154481579906648 -45.6910108398439,22.14688954391564 44.8913223186372 9.249256419705915,8.339932349767096 6.2018726901287184 -3.522806743153824,17.886141536317737 6.715756188629619 47.64666072024567,22.388784850812566 -45.338484005544075 -9.461625737948943
-45.3696984256881 -29.1535594833655 15.157105651620858,-24.692141752906675 -14.436287408431777 2.2304815779089084,-30.293602516178662 -0.2177076098165629 19.240915982540894,69.56702980446747 -0.14699111549475163 -4.30397791480099,8.190128073585257 -5.179508217880341 -2.969108811022287,-6.6905079471627875 -8.790510038475276 -46.905345635007045,21.43777798774791 42.99451985107268 8.573337690599939,8.827981705356395 6.167677930722192 -3.4596172852577873,18.145085974619548 3.4689300388206434 44.503215706304104,22.90158978359154 -47.057628537597175 -10.161051810761295
-46.7442131912779 -29.26013757196429 16.360601018984028,-26.02511748506482 -14.210527026999923 1.9905915218471697,-31.492909518540678 -0.34597282133726687 20.851657365821605,71.15581402460005 -1.2800680310276316 -4.8034560614502695,8.65274573996387 -5.307791371371095 -3.0594868693723423,-7.240886099293445 -4.280821860671487 -47.69241346605108,20.703298560288623 41.065952234343094 7.897868569118216,9.300759768082433 6.013873110586527 -3.730189249203098,17.914996748596803 -0.4721677756400491 40.458606144109254,23.5674902670676 -49.26709104960912 -11.052009793552896
-47.716961387448734 -28.92346536294426 17.260593992961812,-27.403426600439413 -14.009831900069193 2.077085722848816,-32.937754847636185 -0.6745557646819496 21.914670941737498,73.29292143195153 -2.9937984901098162 -5.864611850109482,9.072274743101508 -5.460519674854526 -3.2587658055173443,-7.963868540791502 1.036205197660653 -47.9000507115514,20.064738515530543 39.38241307913738 7.305021557036918,9.745460007980519 5.801754265015646 -4.193000879491404,16.810223645587353 -3.9166817069444626 36.81019755043308,24.22086998213496 -51.40415514461026 -11.906776378826017
-48.1328837096427 -28.20638281324579 17.463851470522254,-28.40846707673526 -13.879214760635236 2.3705530900650023,-34.04493645258253 -1.076229663312167 22.000460028291204,75.14400708680274 -4.606969075627433 -6.996992121245525,9.338713086968687 -5.5828538467745235 -3.498407251101784,-8.609964021057868 5.324365937514206 -47.60429032849546,19.672496189381945 38.31465847070347 6.9164865705440635,10.037481904348633 5.628658548634298 -4.615192551887382,14.99294850358763 -5.635728618942975 34.81815100966344,24.664541429501245 -52.82430341933466 -12.466956693231944
-47.92840071717198 -27.40557988310601 16.837973335965696,-28.765159277660885 -13.823818168624094 2.6097539589085708,-34.51407084521331 -1.3258882498004785 21.04450566098153,76.22589422980862 -5.709816484685739 -7.883927885964441,9.28759699988514 -5.602356099530511 -3.59651751602615,-9.090140640119781 7.066379973559828 -47.06142663604665,19.648213794592095 38.18993436742912 6.849747773958906,9.990135446316621 5.581615710359924 -4.790760168859774,13.174415109181805 -4.968804270363492 35.13639861031346,24.759782197445656 -53.0888081639476 -12.557906495781646
-47.16096136060573 -26.900918145217 15.588942068021334,-28.445167479104498 -13.78294999625489 2.5257330926725277,-34.39648168216277 -1.2148782690394693 19.410487438761383,76.50969887704343 -6.164663616478955 -8.374265433169414,8.807935287161692 -5.469924620262918 -3.36270623166456,-9.455828539867014 5.72249290642591 -46.58746699161962,20.02586352598994 39.1315063618154 7.159601884295451,9.475283741333621 5.693257670391024 -4.634924339947962,12.332414997249128 -2.1773065425545646 37.52177560211505,24.49017154352168 -52.161893905137774 -12.167399078262152
-46.023844596050424 -26.949005474823622 14.188068101668712,-27.670143927272143 -13.627759826051268 1.980867772296476,-33.987832030151615 -0.669934032977635 17.749118782566814,76.29532830439089 -6.017509419902227 -8.436747075354742,7.951522453391291 -5.197301751082919 -2.7255574939774445,-9.791769582831087 1.9026250428693308 -46.41120318982922,20.726226098163135 40.970720586094956 7.800345139245712,8.543715669637361 5.923167686542096 -4.211198244190001,13.268547173147223 1.6489991760214706 40.963104381082005,23.964677421466 -50.41311502389352 -11.447060197477853
-44.822074007400346 -27.53929416495208 13.176390507624223,-26.821172938133248 -13.204458448333567 1.045727776630463,-33.6352305650704 0.18534772805071598 16.707736769064724,75.98257785178797 -5.441691222126112 -8.16686578165292,6.9690911299498985 -4.867577086446928 -1.811162707997887,-10.104251107823655 -3.007464442322406 -46.56388084701299,21.581181132989332 43.28760048145603 8.632513568600366,7.465040604084884 6.1751479225798285 -3.6865564404190465,16.21236290357232 5.089081258200122 44.15809525569512,23.359182149923043 -48.42625925389483 -10.63643952145987
-43.896338160950805 -28.39672632315801 12.935237964852899,-26.294914239268085 -12.417147716779716 -0.022625166157186793,-33.574458174643055 1.0626455202454907 16.631485760330268,75.88447415244377 -4.757485870032696 -7.850160993366419,6.234993421709545 -4.607856461699154 -0.922253526382707,-10.285655300686892 -7.535299177626685 -46.85924445061577,22.396293736930037 45.56251990205034 9.472051896279716,6.646616909444066 6.342156375390049 -3.247238427602773,20.663713298654212 7.033409866996673 46.09333812296407,22.83002953192849 -46.72152608464581 -9.95127170744536
-43.50996863694316 -29.131773662177906 13.53012496957457,-26.36236695410746 -11.311609939003935 -0.8894389531465512,-33.8702584540781 1.6247538223187878 17.411430308258076,76.16201732603366 -4.464854270248152 -7.994329307118957,6.085195000738904 -4.533771505368058 -0.4180234768827735,-10.182729035357426 -10.74623591542409 -46.98173145932228,23.01929062522153 47.3595481563364 10.155689691545186,6.458676038543076 6.356042796906653 -3.023178517026607,25.555650875322993 7.141766040052337 46.44151898870143,22.44821365634953 -45.54267254539113 -9.495884208059717
-43.743445332562715 -29.454378715999574 14.700782733949755,-27.080061923412135 -10.106907045623572 -1.285486683256763,-34.45732875587805 1.63232485417404 18.564371305780615,76.86178082711878 -5.177352894370531 -9.222819052526118,6.647468129291925 -4.692486328964106 -0.5486468782236715,-9.724377943405983 -12.492317328641835 -46.65066395044425,23.380450562961194 48.44862955674431 10.588669849505687,7.0502950624737135 6.216750338486678 -3.0564885291292376,29.669950101502877 5.893149934607974 45.59798214206391,22.18959192681254 -44.81932112293409 -9.244335000664075
-44.451019543146636 -29.331252312236934 15.999196209194645,-28.2808746665608 -9.139555867167374 -1.1173436488754094,-35.22131640525264 1.0514821101014742 19.50734615246423,77.9753503688667 -7.3979757737605745 -12.001452428454407,7.75559228563978 -5.034310518016769 -1.3265589389334553,-9.020356504945381 -13.21045267878102 -45.78720038881965,23.48892963750171 48.81495404466867 10.753654291430886,8.254395472951316 5.986770900969067 -3.3188217886104083,32.1179975122046 4.230486117062115 44.373039041689154,21.98261148035284 -44.310617442128525 -9.09456539658855
-45.31304524192501 -28.997519708282766 17.005485873032313,-29.641909658902232 -8.729990161728646 -0.4956021871527999,-36.05094098493447 0.07029609489024236 19.881972176152676,79.44749862299349 -11.202478863423748 -16.30134432609484,9.001339746858177 -5.430051189396383 -2.5023668444180363,-8.354080887801288 -13.454214448149227 -44.60073347587366,23.39500340999611 48.5722111672764 10.68382318843268,9.639519156827976 5.755268120272304 -3.7534306031718305,32.669001001130084 3.0188441632750513 43.530013946462155,21.780414698660834 -43.830373293995905 -8.957901862588903
-45.97182822414222 -28.815892665415298 17.51482768384016,-30.800255497055904 -9.029119585562961 0.3270985741233935,-36.832453189250785 -0.9834026369022523 19.751104493114774,81.12335706321161 -16.006187136878285 -21.39500057166817,9.90789861148302 -5.72805668396068 -3.662726845126349,-8.055782147139993 -13.475036587183112 -43.54175697897092,23.146149931978826 47.848913811206096 10.423381820303529,10.691869437006964 5.592170792526988 -4.30753166174739,31.780023397951858 2.622461607868594 43.42058659476814,21.609487077757787 -43.407844158818236 -8.82694959672553
-46.19157158576647 -29.062641177690338 17.605892424423963,-31.47225233524846 -9.92475829678326 1.0736011799528846,-37.41317345609695 -1.7822381763285435 19.55479171562998,82.69258594527828 -20.600045931417668 -25.961215432096388,10.143666198003377 -5.823762215655224 -4.406302404299655,-8.319192104204447 -13.103504989396807 -43.12854133272653,22.76441624892824 46.72235279666936 10.002612551258395,11.042544840601892 5.51700540678064 -4.933929418955351,30.323273334031025 2.8187294923009167 43.892352322854805,21.561379902938086 -43.279791804431305 -8.779513313212851
-45.96239218564035 -29.760924505667003 17.56331083619431,-31.532984509990456 -11.066527509046493 1.5571877760649122,-37.59110692087032 -2.1298630107910754 19.842703590517914,83.70945167047478 -23.52384171204387 -28.529670256060513,9.671502857964263 -5.707067038608886 -4.513989736360492,-9.068459147886093 -11.970574432707405 -43.71788488108167,22.255058299590953 45.232613607676825 9.440817176542026,10.629282345874914 5.4980185003486 -5.5675448468145685,29.147629504525742 3.0618080658336364 44.47940768767524,21.729465914506093 -43.71466462134167 -8.916129965989557
-45.49043281916028 -30.655485076824448 17.70120688179753,-31.029743785132872 -12.01054135436155 1.7419944852845544,-37.170917656141945 -2.0219161650321134 20.92626754485341,83.72465330647685 -23.655294984576585 -28.10061675795974,8.75928863728439 -5.463556816144746 -4.0321297245988745,-9.962817444508758 -9.8878307797783 -45.32403826996186,21.634075988285662 43.449295270806374 8.768966391974264,9.713735518362919 5.479651316899787 -6.104170022136514,28.68584536889155 2.9062370810808273 44.73136921717801,22.12835337896373 -44.776776084427986 -9.270606454640973
-45.07341428398287 -31.343730277949916 18.183460551527343,-30.13036171095297 -12.420831047713664 1.7277554135566686,-36.07408263253085 -1.6149897993883613 22.645228862785245,82.48543078557896 -20.743488196881568 -24.643916355286724,7.847223960261373 -5.229124330407869 -3.231298839940384,-10.552183809430371 -7.111689545891158 -47.57498648905832,20.949754167880798 41.52639905210804 8.049313099227373,8.747883921108908 5.420660849524371 -6.410424930093708,28.791312782521878 2.3185186716978636 44.47536745001174,22.64790184930844 -46.18314668864338 -9.751728817957247
-44.92442046787041 -31.491494085808217 18.934515383727955,-29.03423917669001 -12.228849835501311 1.6762079165191381,-34.439370114670965 -1.1282331975595485 24.38860532149637,80.0988645294207 -15.602570478231168 -19.203855946604374,7.339112802701594 -5.121529772579921 -2.4655710732502683,-10.508618065042826 -4.30257492265371 -49.8355075887341,20.278655386876416 39.69082122355287 7.371431523486544,8.158356910890127 5.320006532760715 -6.373450916447335,28.873084053055546 1.6866340376278028 43.86682288015363,23.077148375281055 -47.359397431729064 -10.15831861650447
-45.0403633191407 -31.015616204829378 19.684264194975594,-27.889096164199103 -11.667678230821966 1.7227211574585488,-32.63676640283251 -0.7336970435428323 25.375302607821965,77.05386519063575 -9.830961142638456 -13.516438023894585,7.4212998036276945 -5.184076179622134 -2.0054198186931447,-9.808300632988026 -2.1969771353714838 -51.449014927828735,19.695796333655313 38.15984137281297 6.821597786892257,8.15608629599754 5.215754682491103 -5.968806284762804,28.2516209258863 1.5311891635664354 43.224587595112865,23.19427208047025 -47.68791207350701 -10.267568522706462
-45.19325322934999 -30.134738000132604 20.11905801035062,-26.752231604497332 -11.158554981348589 1.9184581985285076,-31.157638886187225 -0.4916294517817036 25.056451858478834,74.06571282961707 -5.160996450091051 -9.295207986497312,7.995754916588858 -5.369659564772458 -1.9270508753921713,-8.758385386971716 -1.2034960785882935 -51.99291167316663,19.238739722924777 37.03870034177493 6.443232640236059,8.661713572484262 5.158740319173653 -5.304996123495218,26.55156170616238 2.109660247769067 42.777734550205295,22.879021919439797 -46.82559878513059 -9.952224096476318
-45.05799156721939 -29.262385754515467 20.05597768353815,-25.612014580423114 -11.103065626775718 2.2268855775232064,-30.41603578614223 -0.3573239142637208 23.42822704973608,71.80499367588305 -2.7437369940996366 -7.523715742566864,8.753439131227074 -5.571803779991262 -2.1080895579156076,-7.845185416982854 -1.1890854116098089 -51.4342284076549,18.89208267249609 36.27175661995021 6.215738215309182,9.375274133585357 5.177845009410966 -4.607834721364026,23.932837203511575 3.1740507264026436 42.49732026536056,22.186994384409314 -44.91768070777521 -9.261667344907307
-44.41294507439639 -28.801306975828684 19.547514945908222,-24.45347927125394 -11.684206855542612 2.566977254049472,-30.55724025393204 -0.24454071165989044 21.082746592098562,70.6416294291014 -2.7181399305927263 -8.10126088252509,9.343261264186985 -5.684639626308983 -2.3227575027687473,-7.4801915380790245 -1.602215126912224 -50.11870181317528,18.60687681940385 35.69185210032046 6.069924815690902,9.945652137897895 5.258647048956733 -4.137655218026345,21.044232397278968 4.050658130848166 42.12329089804723,21.34169668526577 -42.580073470676616 -8.418070222227023
-43.302378831606994 -28.948551771900853 18.86286468222494,-23.327053304638827 -12.776015957172998 2.8715905556043544,-31.379844093680727 -0.10057734805543844 18.957693120017368,70.53142370971483 -4.271341107168563 -10.011299907821261,9.547468785329315 -5.659338404809046 -2.379484438080985,-7.781524402307737 -1.8604751714879963 -48.60468105334263,18.345889596947796 35.148445336298224 5.935130955205278,10.14914948976124 5.349032700124234 -4.071763901835064,18.72283357305248 4.013052115719617 41.36688946269409,20.642490751274014 -40.643222658421806 -7.723469270514155
-42.06232293049436 -29.61094129024711 18.358363180281504,-22.375493029944558 -14.005605161085388 3.1254375681003568,-32.42514559536566 0.054118743657673524 17.902967750961697,71.09698557871032 -6.14122812624313 -11.911285011763807,9.377447548765899 -5.527723838903358 -2.2261498189566695,-8.513799492859544 -1.7515152932404146 -47.42441738898939,18.125721227186123 34.636892781676444 5.790684600334972,9.98913883140232 5.388953997579566 -4.410541721553782,17.59003816688348 2.7341881497005858 40.153938531471624,20.331523873905386 -39.779116414988486 -7.422280215649918
-41.18112986247833 -30.468430683095235 18.307560060960824,-21.795118647364376 -14.932972032035483 3.3633982322276066,-33.19860307777943 0.1435217938117152 18.281007831158817,71.85037648861217 -7.283661800140289 -12.826211051491416,9.04989030545359 -5.38240920040794 -1.970404949067749,-9.224348334090292 -1.5760624348814858 -46.884171083650266,18.02469377618891 34.339385709974344 5.687850315261834,9.675306116672214 5.346594408510095 -4.961080732729372,17.74723887327157 0.5432116539188492 38.74506172759128,20.485716577377445 -40.19884586080431 -7.58914293985655
-41.05751965332574 -31.14457187718171 18.78057157253972,-21.74416735093402 -15.254979912612352 3.6358404948427303,-33.41225156674121 0.09556300796084205 19.803227321960193,72.43215329836332 -7.351327553936973 -12.58502960929575,8.865473168248904 -5.326298301929604 -1.8107968470737221,-9.504102594827273 -1.9200744053894314 -46.98798358644612,18.144456224861187 34.535435656637816 5.723837419185928,9.504111155675144 5.238704177168524 -5.416496455134686,18.72587340660767 -1.6835413568023396 37.643090679451426,20.98779945626625 -41.57336673637267 -8.099587443992473
-41.78199868123942 -31.39156319388329 19.633528991863226,-22.244428583967593 -14.931616009620987 3.967526667118726,-33.11944463338823 -0.09784560302217071 21.685071983703573,72.74206543816112 -6.74979830922961 -11.791883840666447,9.057555602347158 -5.419792888138804 -1.9216422117491274,-9.228628149518986 -3.1859059784348154 -47.50354277069464,18.54300503414107 35.421366945220015 5.978857775276232,9.708120524300437 5.12170993888839 -5.499417198899352,19.720742895419885 -2.9573388308067345 37.33018273241293,21.58958146004833 -43.21353897365257 -8.697451250665338
-43.064480043103934 -31.197701106153467 20.60851901881993,-23.133028027861698 -14.178080889549918 4.339130361844711,-32.66727187454427 -0.3618135639292167 23.039431903041844,72.90769091866869 -6.279415889777756 -11.38507167636643,9.685575475775716 -5.6535125202986976 -2.3558538046200916,-8.641270584521967 -5.1867693641111625 -48.11810162637272,19.1788528511071 36.94419294561007 6.452829479549066,10.349114771575628 5.057470501576182 -5.101242001334192,19.994115096878616 -2.70290162476966 37.98661792199575,22.033249348416433 -44.41097534703939 -9.12225920241655
-44.35884055859203 -30.772771473340125 21.48518788649111,-24.100771332594846 -13.338980644498358 4.7044296483169905,-32.489925153622174 -0.5760429776719764 23.308055343340243,73.13403626599765 -6.599356198242119 -12.057779444729878,10.617248705124315 -5.958797536960297 -3.0157195248905992,-8.22499976510338 -7.097039531223656 -48.59443618087748,19.9051235189403 38.761024435910876 7.043172972045677,11.299097954879608 5.07322599528618 -4.345913429325555,19.25111555143935 -1.0772972224175845 39.362229938726735,22.168148028144515 -44.761997106948336 -9.22972534561844
-45.129781473148654 -30.432153749792683 22.198598593443883,-24.810090694927915 -12.720223459427103 5.031805663149658,-32.85431510615375 -0.6482686369043524 22.515246625972967,73.54088608818769 -7.833860809484541 -13.872845795304315,11.595478512673777 -6.2469905865970246 -3.7021542329841193,-8.427030048603122 -7.8467018462174405 -48.84907263652161,20.52636129004088 40.37047994970982 7.584011594918874,12.305104517316419 5.140007829381095 -3.5419100052513848,17.798070900420903 1.107114623366356 40.88647789693732,22.00596035810298 -44.31469384018204 -9.045144020431671
-45.12537373963861 -30.446769037117985 22.857548467218802,-25.04139139141796 -12.468452488006449 5.340737964862001,-33.69760457925255 -0.5783822789882164 21.22354224206078,74.088966076261 -9.536746825868796 -16.271563821781115,12.346926411448656 -6.453523480778424 -4.211246815390731,-9.385647248940522 -6.76670145695288 -48.927380388786055,20.893425233325317 41.36073502966292 7.930720464993097,13.095175489181322 5.184312789445053 -3.0421077384603867,16.40055207882871 2.8227075929905587 41.96347209282299,21.69241406401995 -43.48092288020117 -8.728037162009974
-44.507107943063474 -30.931481123408112 23.65229620692444,-24.796099576950073 -12.551872913921613 5.703920871541443,-34.64790326999365 -0.47066075868133767 20.225091128228886,74.62841189001932 -11.005586747240276 -18.43662872999541,12.677973839894081 -6.562175792946064 -4.4254932577790695,-10.813254938950115 -4.105217767913892 -48.9111247455282,20.98508861740634 41.639557086971145 8.04343842668915,13.472328927352088 5.129135586980473 -3.0791005974330754,15.906065373338583 3.38819896599309 42.28676751116297,21.418326920070378 -42.78215397490086 -8.47469057769116
-43.758768593876944 -31.812436331979594 24.7011745725013,-24.30143799127455 -12.833742122046056 6.204548507311811,-35.21996396422162 -0.48066442730285397 20.13379055735996,75.01958147019707 -11.727650561177292 -19.76521343717473,12.521373173990959 -6.59812968349655 -4.355548371846998,-12.108753288463472 -1.0685120330032385 -48.82895272449751,20.926477909833554 41.50616365152707 8.018272217953776,13.36124749172002 4.942967671625919 -3.657760715072921,16.81475747702879 2.836631727488683 41.99284321657718,21.322243143693704 -42.5795714936395 -8.416126692069094
-43.41235054469461 -32.867928838627506 25.92002958999242,-23.909622522103287 -13.178354508907907 6.866171646841163,-35.081933815872254 -0.7226162690333731 21.08515349269782,75.23143791335322 -11.670324667116981 -20.15876448057544,11.928619510322186 -6.5973658872284755 -4.119056663928371,-12.648667388734781 0.7074743943074542 -48.63063328269979,20.926203335164114 41.50361269069303 8.040905972392894,12.803577270068054 4.669225346988128 -4.55885667242114,19.01086988694363 1.880342610252701 41.56330756618135,21.435920416079686 -42.93231734006991 -8.566310444850222
-43.73189704944888 -33.80572413665375 26.989082622434914,-23.938725859712303 -13.518545590880898 7.593441823158907,-34.2498378409924 -1.189362666238642 22.685949831220967,75.34470699122473 -11.237854881066545 -19.9658857151366,11.029060187832236 -6.573382272011223 -3.876976885587323,-12.10711968221353 0.013030297112811784 -48.23961420998054,21.159798149878235 42.114006621174724 8.281245572242298,11.92225275426408 4.4177399227203376 -5.45133549827574,21.79191936075702 1.4908670900155103 41.531863861742735,21.69502905801269 -43.64214086998175 -8.842311768794616
-44.52753530208603 -34.33730650085808 27.443800259514923,-24.534344071279126 -13.847594347317834 8.163096277134247,-33.10490540667433 -1.7340398285111003 24.2227569428977,75.45953576608075 -10.933945287377671 -19.640045205878682,9.984016071801394 -6.5026098167550055 -3.765835567573573,-10.634666154032502 -3.2157753985128306 -47.64469767018314,21.660994084521747 43.45728647778947 8.784759582743176,10.880836733450327 4.319843194806243 -6.055556516117329,24.18748572851242 2.3314956392608996 42.16733234231614,21.99874286064388 -44.4314445903187 -9.135230905676801
-45.211209807675424 -34.230522016629244 26.854416453994318,-25.62168883889152 -14.153715293491443 8.283102525986052,-32.22336963407757 -2.130496478506582 25.009724635829407,75.58035870743122 -10.960115459803527 -19.354422022750935,8.95329436964933 -6.337519485456439 -3.858569461811285,-8.797425481621886 -7.743974761425322 -46.96339862039848,22.283511264119397 45.16753897623314 9.42370665857577,9.852144636916277 4.468470802046075 -6.2743126364622235,25.415856470447096 4.366059145439433 43.31977133790348,22.2761409382416 -45.130335988926916 -9.383207505117495
-45.08094136902132 -33.34636305450606 25.01402675347397,-26.970148730960254 -14.356211089302757 7.70366024706042,-32.1067808738427 -2.185453199861268 24.696631572107368,75.5728732933471 -11.023659268329457 -18.840175321803745,8.074177636451209 -6.03897538999914 -4.163705604054496,-7.303365818957953 -11.59149534964862 -46.4243659036787,22.761232974757746 46.53420642797082 9.942680061571902,8.993977913307933 4.873593076969472 -6.226206208363012,25.255896315057637 6.8688039805405605 44.521977589614366,22.518495529687737 -45.75604061834811 -9.601030838846084
-43.696062246102905 -31.673638068741198 22.049333401719167,-28.331542377779403 -14.302349687313448 6.334068602857743,-32.950068710019394 -1.84404112077048 23.39362676394203,75.24124923096105 -10.497312075464444 -17.566816207394037,7.443102574568065 -5.6073875421925585 -4.6486249438109395,-6.65510037020476 -13.040308120829497 -46.265791116174356,22.84137832951478 46.852353145176814 10.081934280462301,8.422389876879405 5.456056384278385 -6.167384916779519,24.14976594312823 8.831830114572307 45.2875309754018,22.762067532351722 -46.44573911648559 -9.851341462920312
-41.14862916781622 -29.36193522435851 18.402986576893536,-29.572677809970102 -13.842532879220721 4.310356054385979,-34.55995653087458 -1.2302002070651576 21.57289713050224,74.48640486517317 -8.845129192597872 -15.1559919069075,7.0941636959213765 -5.092732539822639 -5.262500145723313,-6.907905077927246 -11.565009537751665 -46.60153799577132,22.42281441182723 45.80473680012556 9.716709709555154,8.179828366841207 6.083252412828139 -6.345581168804509,22.982307447995666 9.538387118741202 45.427455663240266,23.039053883700817 -47.30098638918165 -10.180619340838872
