-32.9 -14.9 -5.0,-21.2 -13.3 -3.7,-27.8 4.8 8.1,44.4 3.4 4.2,11.8 0.0 -0.5,-5.5 0.2 -46.1,21.9 43.9 8.9,11.8 11.7 0.3,4.8 -4.9 37.6,24.8 -53.1 -12.5
-29.175223993636646 -18.262539994152583 -4.806559675394226,-18.739649005587747 -14.848631869367921 -6.628901050882565,-23.874999347072777 6.379431405696617 9.644070926533688,38.91591833794231 3.450294823690318 8.336048501562352,7.484976156769757 0.5065950062577824 0.246419577467926,-2.1266977571191963 -15.829905193829406 -47.91304361321309,20.700290957820222 41.05247846371577 7.927933411547091,7.409594116844431 11.989396897376142 0.09615056865294162,3.566444876961586 -1.7159171375844091 43.74632952093467,21.925926608708654 -44.505298209503785 -9.191062888602387
-27.092519267376257 -19.086706795959866 -5.303028530256058,-17.214154136679092 -13.925930282706359 -8.394858309687649,-22.347114849595478 7.121690975290068 9.531453218378292,35.74606966465353 2.8864374125828958 10.355648372581932,5.856049354315788 0.7545611572136154 0.7055580892918166,-1.019172792826731 -21.55283118571823 -48.28821444256113,19.868199276733044 38.92850368431642 7.182480393887598,5.707999326956076 12.191850507410983 0.38978188919382095,3.866737205565677 -0.8546421905426356 45.92791918945649,20.83201416295921 -41.14385942953395 -7.883957147768975
-26.128890636818024 -18.269609285705073 -6.15307583959504,-16.42434310129518 -11.542933716961238 -9.182569833177451,-22.372392061187448 7.209746652844349 8.3760460020763,34.243988793349274 2.044479848170795 10.808844925207891,5.965039831689999 0.801910409630179 0.8970342061630265,-1.4498596018250551 -20.291690081686983 -47.74321113503252,19.41301195221296 37.641361641477104 6.715486670960316,5.766657264242742 12.297384444070317 0.8755386087415579,5.120682316698448 -1.6288768283412307 45.47018931570484,20.969837757339853 -41.417442485217165 -7.9693186546413655
-25.761342917561155 -16.708356343671454 -7.020370878420709,-16.171043607457158 -8.710680649078501 -9.176733678114168,-23.106876535468015 6.826566382423455 6.791748404170198,33.76321053724513 1.2604742119470802 10.24568347158938,6.863767827944289 0.706654720270154 0.8404665987729107,-2.6911926788166167 -15.36939398775623 -46.79573233761563,19.344015979734454 37.30433831487295 6.578797966704042,6.657009562612236 12.296022321319935 1.2480653744150714,6.748085541246072 -3.3513227204467406 43.69856020981913,21.790972486438775 -43.727806201680096 -8.837783286361152
-25.466880925204823 -15.300056850142237 -7.568582921742613,-16.255083363186188 -6.440209556004076 -8.562047901259998,-23.706613826056497 6.155118108091386 5.392459551202473,33.657269709556715 0.8704725854048143 9.216209323875558,7.604053582130564 0.5268060458962206 0.5554739378128253,-4.015606518503865 -10.108855009946506 -45.963476697298866,19.67049835477202 38.03071968417909 6.824260005057571,7.450497855972367 12.177787753125626 1.202006833333282,8.168752210094723 -5.334681536325712 41.93845218193876,22.746993444844154 -46.47670940404942 -9.879986920069932
-24.72250947534823 -14.941819685400656 -7.461381244570289,-16.477290076503404 -5.742558914683896 -7.52321055937714,-23.327649486572234 5.37836977391214 4.792078569715606,33.27970112349963 1.2105270500370604 8.270467794215572,7.23771733330072 0.3203763432710593 0.06167489397412418,-4.6955356155892485 -7.83298525427834 -45.76414286107058,20.401746072800133 39.93379172907067 7.503718509959697,7.218563778230936 11.932704353453182 0.43200763261510833,8.802487654130575 -6.891654945444691 41.51528554220311,23.289475727144175 -48.0659109174518 -10.486565432909304
-23.200060024001534 -16.258887129410148 -6.445241556890273,-16.678135509504873 -7.3127178288532475 -6.261534309160458,-21.41799455595224 4.669167453453249 5.43047895166992,32.196869172548254 2.462845083756041 7.828086994607094,5.132992098591875 0.12380144539870298 -0.5998721972599592,-4.211255540562423 -10.8444780440817 -46.562595158260756,21.49453674455771 42.96099787974399 8.606103088842252,5.334879652936336 11.555462267752343 -1.2178202802376208,8.223850236923528 -7.414454562177038 43.36385635454975,22.991607608300296 -47.250912310230525 -10.1832827108063
-21.633420276817176 -18.394478155005366 -4.718041346148289,-16.914202605501906 -10.122799047628531 -5.068902787005427,-19.017248203521678 4.145179982733216 6.798870225945089,31.13533372111369 3.9709828262272437 7.59775323673984,2.3829682746207523 -0.14410049283614113 -1.2712351995008424,-3.1760435571442747 -15.884519652760714 -47.89055394011439,22.61940416882001 46.15572596209476 9.777369438595388,2.820664525632431 11.066190251491648 -3.0885755626281437,6.851001769529692 -6.728723659517671 46.28955517109637,22.089525910668986 -44.715568944677706 -9.232524417539082
-21.11659936403559 -19.989288121214702 -2.6307191558451515,-17.315353163304156 -12.56072339298173 -4.267910385208724,-17.70468438990398 3.9053667316780665 8.066789488388233,31.215053049119327 4.794127001876851 7.047087094013038,0.6655999099231731 -0.6043930514524759 -1.7548524749157184,-2.5873544940052433 -17.808503729882514 -48.99723757516523,23.349822756614703 48.25481714572141 10.547177859041195,1.2557866403401936 10.493642769448893 -4.245078550731806,5.388152636607943 -4.807073268917716 48.37573494312701,21.04415967019885 -41.79760128262279 -8.146449507247448
-22.485220777381294 -19.936139432120537 -0.5403403625541978,-17.985220546240072 -13.273856524950684 -4.104146560892343,-18.746491713085565 3.997305453067671 8.539136551642779,33.320437578137536 4.204209740908086 5.769413687249586,1.3299364923698962 -1.3356890680857858 -1.9164814067423512,-3.2749943507785595 -12.58978151741133 -49.24525900839505,23.352068183171916 48.265126353370015 10.54514200990766,1.915278982696593 9.878658923948585 -3.958755868946796,4.432483940867817 -1.7736397322942348 48.06796450513523,20.269286516901833 -39.69207744227581 -7.381027718374451
-24.92295466756693 -18.7405737548149 1.1576919943361563,-18.859560801937498 -12.569437261161411 -4.331275334811811,-21.40665737803146 4.140538348233929 8.386920272783485,36.82961885098333 2.8332592941939763 4.162072707235145,3.6215688879374848 -2.1452977972576375 -2.026450157006506,-4.9961529407104965 -3.3509034450502426 -48.72284581195368,22.885561869209546 46.91944473600551 10.039795041397118,4.1245619062180765 9.33920795253522 -2.8218830507424313,3.8961937570197662 1.280531282311976 46.12871071260496,19.8764076088386 -38.67969046657148 -7.032106442330033
-26.96376765365778 -17.542405755947605 2.0528968981679987,-19.808104817272838 -11.407522768159634 -4.509489347278759,-24.161714559486644 3.9255931657451453 8.121785101300873,40.52831778792046 1.8482217163015744 2.9386180456242434,5.958810059897523 -2.7338263901543236 -2.5142021952031595,-7.086166440448313 3.9738420710728346 -47.80360552253477,22.4430059680532 45.629364010585206 9.550953380965513,6.442284584517691 9.023593921228647 -1.9462177358262402,3.4220803641741315 2.8841143565975873 44.23166278386377,19.858140545748313 -38.68151506001565 -7.053899069802763
-27.378058772068517 -17.334792966227425 1.8263429057694378,-20.742368458567533 -10.682022770114465 -4.272684715942197,-25.686629562475588 3.035192291628263 8.192573804787822,43.35598031076172 2.2316883818387314 2.7039525462962417,6.949703975187089 -2.8444159201911816 -3.7063201643025216,-8.892351359443385 4.335849418785669 -46.877650815827316,22.437092536450272 45.580505573082654 9.516072906044908,7.591140379506196 9.054580955336872 -2.2729272089432704,2.7165796970555527 1.8269414567326667 43.81409456674474,20.190877182941726 -39.58156997875009 -7.389073132501917
-26.724354420488822 -17.997573560869288 0.8472314629172724,-21.889008045128833 -10.778107337508832 -3.812010590570016,-26.161463528310108 1.8470863368663957 8.57014117633606,45.41772371783121 3.57147558324049 3.2409389397698125,6.642721670397957 -2.5417065148095395 -5.153676373321956,-9.859624050797752 -0.6083139077254685 -46.4539752260422,22.675159748988833 46.24844770807625 9.7492716833851,7.540162763176317 9.362492271462424 -3.4521000785504743,1.9691159449785596 -1.132100290076022 44.52057842648381,20.731234094790427 -40.99191853552992 -7.8960924693365255
-26.374216711121512 -18.904375465595702 -0.2023518874479107,-23.617969713820766 -11.849629959695251 -3.5719910353491446,-26.450622506909898 1.0550452194125544 9.008007772789101,47.3486792656387 4.821215504987242 3.9586701762901977,5.7412755901800745 -2.0365192831672294 -6.05443883331938,-9.477278108484219 -6.153334935889931 -47.09562569870967,22.689300103257885 46.3312367675588 9.78124506988499,6.825078075082722 9.790150981293975 -4.5467901049158606,1.5887210887250345 -4.338822781736042 45.18057122682784,21.281367763377094 -42.40096982640402 -8.395134714875198
-27.525020111233598 -19.488294765956226 -0.7146003284140658,-26.19054191655479 -13.948437542254743 -3.9496639162751106,-27.342021326049178 1.2687275725244516 9.259101541916117,49.713657928428624 5.038675506873483 4.317204749074828,4.921215232965343 -1.5260889157294255 -5.7177331228698565,-7.3844330613883855 -8.031939235478387 -49.221077157879556,22.077873390844484 44.70859876552686 9.207546412446947,5.974086487924006 10.194830400348145 -4.712345135903838,1.9172905409803793 -6.319738278641073 44.74061506684464,21.66235847596191 -43.34866704307477 -8.724710243310536
-29.788827123762964 -19.733885657445736 -0.756217756640692,-28.895378766562743 -16.229644676599342 -4.908467580032981,-28.912772509254914 2.335706317727954 9.080803155260554,52.42844663156818 4.236001561475743 4.246526140894445,4.583991464307093 -1.0802952578249259 -4.455138698074836,-4.550530803064206 -6.008438241170578 -51.96079861838669,21.040825752484153 41.910605206760614 8.213149153894612,5.423111775957569 10.566214703448466 -3.951087087926798,2.6898924133499347 -7.248264623670446 43.22488132271329,21.86600025410432 -43.83874525569348 -8.888063652767176
-31.946953099200773 -19.914681580552447 -0.7473702687849494,-30.511447182750715 -17.37845351213279 -6.184622277390736,-30.867508586530654 3.7042004643935353 8.232826634318014,55.06872581500966 2.9254603322910193 3.922871477789414,4.987262705098955 -0.7022807066789875 -3.1035484693921527,-2.6421388030731032 -1.9598054708691597 -53.7703085077423,20.093351152527617 39.33215410834255 7.291899108735732,5.559722337989207 10.963375004265428 -2.7091756276157284,3.3236005905976778 -8.16084356527124 41.22224880580353,21.973545820139215 -44.11797925846503 -8.974764813947862
-32.88682367425841 -20.26987291368611 -1.0788215492806126,-29.96574370184421 -16.23479441305588 -7.519137838360102,-32.900120860398616 4.851076893774565 6.531674187166065,57.222323765321825 1.6054741745248289 3.526784657642569,6.330004090417551 -0.3938744563827545 -2.431862955043238,-3.138277412201846 2.277076586148627 -53.27949359780351,19.709730765712028 38.25872222924346 6.899167245520902,6.704307332550902 11.437038803019822 -1.4155986008866848,3.3053926883930926 -9.98047222933666 39.31492082128317,22.063482491119785 -44.42164570686516 -9.070633364554585
-32.69883267985953 -20.647427840540487 -1.7964972704063362,-27.8028795124225 -13.32354780688401 -8.72502901821407,-34.62533759618925 5.594320461447941 4.395943373652118,58.63765308517726 0.580954579037521 3.261506877370398,8.202197084859739 -0.14920574385514915 -2.4388093254998586,-5.463724748130273 5.487707825560612 -51.03063524218734,19.90089148606567 38.73452047851052 7.053422828318421,8.469244842029434 11.9429631025489 -0.27579297487678517,2.893343822539797 -12.346377069809412 37.9615967797423,22.176618091666523 -44.840386713635496 -9.213656489416007
-32.197924241864 -20.659680587128026 -2.7386264382992342,-25.541758538926615 -10.184443118139399 -9.658679291436925,-35.61020699402327 5.957372102455738 2.60687506107216,59.15984665144629 0.04026103264709596 3.3439499652395943,9.827024973583136 0.04223389452176951 -2.6592377103038567,-7.805984474376435 6.832450373610563 -48.71785410739973,20.398680941545866 40.05614271098846 7.509988297894217,10.040476375918649 12.379703973678168 0.6394494517291964,2.8099627687126842 -14.124566741967765 37.5465894341083,22.331066008187456 -45.37773069965111 -9.413011785539906
-32.151292948541645 -19.965305064312773 -3.734030070719941,-24.61849886979503 -8.27995192172297 -10.187677449598702,-35.464507006750715 5.969346519777265 1.9036356119430455,58.672065774207475 0.1519081292768205 3.9644705508285343,10.47451231660214 0.18973539083505028 -2.653875221079288,-8.466212011917849 5.606909139757996 -47.91628380131405,20.942112898724464 41.537307034025176 8.030091587800166,10.652579743520805 12.650015936346017 1.2580629049571457,3.7277451330291207 -14.246029364919481 38.408816506299395,22.540827431342198 -46.02827847677415 -9.673442169491167
-32.588800459924755 -18.856443283483404 -4.527791599454705,-25.240366008047012 -7.907204042106736 -10.315169748870316,-34.35235520663631 5.695776495071624 2.4241183201229077,57.52638575720162 0.8513138266003469 4.971723271649268,10.077592364591858 0.2862186608629932 -2.3955388404463176,-7.414973956450735 2.7688916829775696 -48.47847837015198,21.41076910370251 42.84180898791988 8.496623423773896,10.236449017639687 12.720342149079078 1.4680608533087325,5.598605630807789 -12.607782202799728 40.32023546150962,22.771346148420495 -46.68785752034346 -9.948086482190124
-33.031007139052576 -18.062795532412796 -4.807154016088947,-26.76581457141651 -8.558387543800446 -10.137936663961316,-32.820770669906324 5.2273500336361 3.890896422563041,56.398776980605504 1.91288819206944 5.978337408038374,9.027092276137475 0.3132955944978574 -2.1416902450816946,-5.7759568091274325 0.42434629059433204 -49.0671467151204,21.781326456680596 43.875254676181356 8.876511220385183,9.203947942359571 12.601117710807678 1.1298821205011769,7.876728890702963 -9.774112185390617 42.66118475127601,22.95452567261364 -47.18406915374777 -10.15443884878574
-33.014940266068486 -18.26840161201193 -4.2850017978597394,-28.547474642608528 -9.707830291598123 -9.756368419585835,-31.41083720566518 4.653933514845349 6.008465363200121,55.93895989805851 3.1066255488594683 6.6041860633753044,7.714530991103529 0.25228509030581525 -2.1424834028083755,-4.648985877433429 0.5320679333303115 -48.418236627039335,22.033795997776142 44.55383668218183 9.13993556012595,7.966440171804795 12.305214589214408 0.12394598206667269,10.035310670218047 -6.309922530753534 44.81460264304655,23.02408300875131 -47.349672615455084 -10.213099436339059
-32.492287820849135 -19.309822329960415 -3.091861341634195,-30.110464280346772 -10.801128216894643 -9.298081125297506,-30.452352228027245 4.044783198981211 8.328345286941397,56.28700472363221 4.183628174867137 6.655269059006801,6.400183039311875 0.08344636290370724 -2.445869130154409,-4.40426587710452 2.4008896545029756 -46.77841058306571,22.170044922711504 44.883766376143946 9.281721413700954,6.778308422267193 11.869845555807085 -1.3493186756874485,11.998277649554122 -2.582751811547117 46.32542453225999,22.95240739491092 -47.11899121592421 -10.104141752648278
-31.742668675466067 -20.35339693075231 -1.688547608906807,-31.116312194051055 -11.261154845609447 -8.912222250414617,-30.10801910032679 3.4528560087063505 10.281077122851428,57.17992910848019 4.880057734452341 6.084782950196267,5.240529423711486 -0.21379941514184395 -2.9398875989896425,-4.8349872763961255 3.2439446163091614 -45.589066937812674,22.209225182219743 44.942445721238144 9.316183556899992,5.769788368772987 11.351473100044306 -2.8364060839811454,14.046013230552816 1.1959455529423686 46.866699866999134,22.74247167634619 -46.50666934924776 -9.854673291858248
-31.043041341692923 -20.577788869027522 -0.5402984041825862,-31.248090102438866 -10.545651682160319 -8.742966550408246,-30.51196319384387 2.932450376792775 11.313748674409576,58.331407843069265 4.9483688805010715 4.871757127612229,4.385199510967781 -0.6535919459710103 -3.5022111527496755,-5.7133073385846975 0.3971229545248011 -46.24700701989211,22.171712048290235 44.810021680205075 9.259252676806508,5.062788840401844 10.809268954726393 -3.8891896735563183,16.4283138283073 4.802708368332018 46.14865456599052,22.40102639968192 -45.537371032371134 -9.494854791700241
-30.445909001635652 -19.753482581656314 -0.02352516475589067,-30.53317530246119 -8.798126132726466 -8.827035977303503,-31.334254484498466 2.5723886429928395 11.25703332743616,59.2167361558257 4.463739795734596 3.416729744838593,3.906195628797787 -1.125201521838513 -3.8945522845252944,-6.709433405351831 -5.325685954039493 -48.65680002663484,22.092398700184958 44.582117598357506 9.147800032278965,4.683825694911035 10.344599244991395 -4.297035907559217,18.615824203291123 7.6996962835941485 44.532293191668835,21.991682136943485 -44.38699056963782 -9.089027086083542
-29.80075587219837 -18.18626226236941 -0.43429622722285366,-29.310368135955795 -6.782358171540788 -9.103961843919317,-31.825226663481605 2.492719885493902 10.288556122267805,59.09559589641396 3.7932508296458343 2.5014919780419156,3.805306752701334 -1.4049545435894057 -3.773738257652135,-7.40135951422084 -9.964756062385574 -51.37329704628453,22.019309707343844 44.368355148334615 9.037637547201674,4.5731322216997 10.096994758328712 -4.064122765319577,19.374449500793077 9.064714233747324 42.967247036859625,21.629479130083315 -43.368209467103966 -8.732446771830407
-28.96021234680173 -16.205831686471125 -2.0386568540273906,-27.92764891315684 -5.264633489905236 -9.507353756412357,-31.250033552308274 2.806814540997837 8.608662760148805,57.26063218958242 3.3051869131500613 2.8840012131775015,4.076460307388625 -1.2760731471340023 -2.815058740472631,-7.382166477919944 -9.605994309214656 -52.945798764222104,22.00158979592698 44.28259370255512 8.986449202615438,4.666562683709077 10.20001219515002 -3.2104994875031228,17.512444297698504 8.109231294986987 42.39158252595067,21.42974227334976 -42.794979672627356 -8.521012712054981
-28.032638673933025 -14.255146650456723 -4.439470131627501,-26.683112887014914 -4.526160105398526 -9.91166350957971,-29.605825264986947 3.4372717697311783 6.667537994134134,54.000225750328305 3.1401744646295717 4.4037653010282805,4.583242776158827 -0.7898338733602388 -1.2375200877656853,-6.694969349217988 -4.2216935917957965 -52.97674448427675,22.104201129809486 44.52995833788605 9.081000694286397,4.868918321670985 10.607549721214815 -1.955001386233258,13.494073725842764 5.118132596780825 42.942190543136235,21.46945612988058 -42.891829083575274 -8.53909425616245
-27.39082284690646 -12.894266902383242 -6.553860802948042,-25.823273561471993 -4.346569888789689 -10.130173010007182,-27.64664488289315 4.109430938366118 5.173703160712794,50.63235986588198 3.2034382633265603 5.950604230317898,5.054466541778508 -0.27468474077130467 0.17766175470677,-5.848223995931917 2.197283384695387 -52.15753150383631,22.408461293639856 45.409943966898815 9.438128560661601,5.05289117799638 11.087736417383985 -0.7220109615628532,9.495937741405072 1.4862283735625856 43.92753683136668,21.78596089947216 -43.790820053945666 -8.859139097761439
-27.406148099847666 -12.670504776844252 -7.2979148386952994,-25.582244563165858 -4.486848830315134 -9.97826881550943,-26.1420525560339 4.544905537591804 4.82527986763392,48.48350442217884 3.3911284103781645 6.402450208172302,5.218179325215383 -0.06311646271549323 0.6442206753586599,-5.357480297023013 5.558857776740294 -51.21906066815967,22.990691587754334 47.20711519345995 10.168283434921307,5.091576915540715 11.405450394127918 0.0631404193299711,7.7161091303531935 -1.3681288319650653 44.634420267929215,22.40982835924518 -45.60479449276371 -9.546752221123391
-28.018076047358036 -13.554972843624103 -6.559195000200377,-25.876059043600247 -4.850762846188365 -9.427750145414683,-25.24552200903604 4.635971837512836 5.611843487099662,47.64140107321848 3.656128420067749 5.650935441738781,4.9755683444662075 -0.20996175625585273 0.03908309633381618,-5.281868824921521 4.444130601755639 -50.551200414817444,23.74464841706066 49.593840863053614 11.135147291873713,4.9179169650532994 11.49447718859248 0.24607994852982806,8.526132969019757 -2.9050231967002813 44.875278410777774,23.214835681409877 -47.97187936586448 -10.467778217906348
-28.655427415741343 -14.837569427980124 -5.373795978897057,-26.244698368421382 -5.510879933686408 -8.635335650739444,-24.38215657406765 4.476672793069033 6.685288055707258,46.72930056510883 4.018395088439982 4.786142609452533,4.4325156106703485 -0.4417911736158318 -0.9767628017288015,-5.140916785178432 0.5945793831342001 -50.14063239070282,24.348250182163316 51.51871918375825 11.910658972343795,4.535605631640244 11.488293750667983 -0.00722345055667678,10.138135379030327 -3.62307386901216 45.08398703879863,23.88938905253351 -49.96896818995453 -11.251894237066235
-28.7301465819452 -15.778997896273367 -4.827471394179358,-26.217340051054283 -6.544317259716832 -7.7698936835180445,-22.952762914020667 4.172985996353005 7.165179646905957,44.32419530232413 4.500228436199955 4.946371203374992,3.7075789124817757 -0.47083772083243924 -1.7062604928584917,-4.4338120264292895 -4.0851896707650885 -49.9508653786219,24.47302228146759 51.908462793086414 12.058066932231663,3.954477071563485 11.529917031618243 -0.5121272614052339,10.670981037864008 -4.070303341727723 45.71996249871322,24.117322174700984 -50.65840045487569 -11.52224791998603
-28.192150057778782 -16.07264047874176 -5.295074399529849,-25.788632006247127 -7.806435173855231 -7.063042554496876,-21.115926628077915 3.842965791409175 6.8555434749641515,40.63732788616788 5.058661037357954 6.374542251901687,2.95579413343782 -0.20635250574728137 -1.8451830059832204,-3.1213390741913947 -8.517034300134725 -49.95010701187774,24.049458892383996 50.53908062296426 11.488566570011733,3.2719830402595207 11.677407119802242 -1.0765384337524573,9.584620396308846 -4.343884393628701 46.801305441621295,23.84404484206377 -49.86417223899459 -11.205209941413163
-27.719109983100147 -15.997196855950264 -6.189769277347159,-25.58289919389878 -8.852606793228608 -6.8312871933627175,-20.055338241803714 3.6210036587839163 6.486324443334141,38.09071486200392 5.562433250431051 8.102330560918274,2.381543837194661 0.17589206441382121 -1.620713643752656,-1.7887192188635712 -12.7408325866715 -50.11292141451496,23.358380862046268 48.33548898933983 10.584047450847935,2.704102251688132 11.873896524409266 -1.4982850163859593,8.1531921427518 -3.931091268723995 47.74911537223856,23.368820628232434 -48.44063014075072 -10.637343725468208
-28.03055013279307 -15.869611867412459 -6.863482553404205,-26.25813681821368 -9.222569880072395 -7.39125463741265,-21.006823223380238 3.6402917206247882 6.842120873773329,39.224273864407564 5.876029774423035 9.0884317357005,2.1900032841912807 0.4831928935492577 -1.295635235705198,-1.0582216915545166 -16.86576693599002 -50.41401724478875,22.703582222301467 46.297572101908656 9.757039735290018,2.472555429021737 12.054950203978926 -1.577708324108247,7.761937148585587 -2.2904010118597404 47.94939458710684,23.014135976317483 -47.31091293447838 -10.18271400597577
-29.257598012891393 -15.808686420260203 -7.0896859922410655,-27.810774785118102 -8.795579580628393 -8.705368235845187,-23.968405450488405 3.892481109036386 8.043265667596899,44.236352838148264 5.984630239127646 9.071458963050173,2.4237431737148354 0.6421135964155632 -1.0054381724729748,-1.1155304416949914 -20.39765643942846 -50.80970306669159,22.27521491243166 45.0301178469046 9.253833748918229,2.638780276052333 12.19155397687655 -1.308871438403737,8.73564156486207 0.2499975430492256 47.224926952631485,22.988794445358923 -47.13745093854232 -10.10846267646651
-30.619366912711513 -15.626098326433674 -7.295246478486876,-29.211816788207326 -7.977142986348247 -10.187035621306075,-27.01951633553228 4.149834421556725 9.180480324434622,49.69586670879645 6.060491417063044 8.998897681134439,2.873297135267175 0.7640811895993861 -0.6883095643834064,-1.4696222321150003 -21.90710705119647 -51.22776729810862,22.087285628243187 44.52551480919599 9.06304807311013,3.015775816532288 12.309595994197322 -0.9861061791137922,9.755386726104842 2.013862289031578 46.0755077685062,23.325391124087535 -48.17857636455454 -10.531501228015518
-31.262986476185045 -15.109292026281768 -7.9586287126838675,-29.353362654425347 -7.21616780154321 -11.205342085514436,-28.089731727762484 4.167397902788281 9.264096719818895,51.88559119635945 6.290455911086668 9.912664982132178,3.309009257562964 0.9751670699945253 -0.26681551493687594,-1.5747548531829119 -19.90163607429945 -51.593770817079644,22.13784296990196 44.72138842950558 9.150368126299384,3.3965684073414626 12.439279004495347 -0.9271895919040004,9.373519932388117 1.2247037077172276 45.05745663688596,24.03990323950546 -50.65155412969268 -11.553138042437135
-30.917259403377013 -14.242248490331741 -9.143952655520694,-27.96415083296236 -6.793568305633791 -11.390557696688209,-26.473945315171562 3.849096096360381 8.039865066951588,49.43237689787901 6.725880944682067 11.99533442750126,3.635291982540942 1.2883440663635102 0.21497496018998186,-1.1992028303238855 -14.449655110566916 -51.85357770644822,22.352481058818068 45.368015520037375 9.412438448005187,3.699920846393301 12.574104170618572 -1.2355120651513598,7.280697706005451 -2.481039192396427 44.57304828189853,25.017020133038127 -54.20663424616562 -13.033705298775832
-30.34603456625744 -13.358671580786169 -10.178041031184836,-26.2616591844231 -6.691326328780776 -10.837712408730898,-23.89653756964595 3.3637719770770445 6.562160634170083,45.13419030196125 7.177037065937872 13.900338384268927,3.9951229294588964 1.5153340835042215 0.49678698397412674,-0.6700113181119357 -8.397077060385 -51.9891801698089,22.527866382427828 45.88229922420467 9.623050203893799,4.068335058914224 12.642264772597578 -1.632978053521097,5.193117533334377 -6.952720757878603 44.75044543361882,25.907813614835007 -57.48510370028226 -14.404735021819176
-30.41611853499005 -12.826699080984454 -10.315282248552997,-25.611306630772646 -6.86001267296712 -9.69083382131925,-22.3255024063805 2.9071548396819313 6.015310860832062,42.20841555655915 7.430073222802169 14.13041623226061,4.555045312907535 1.4481714337151015 0.2977960040955788,-0.37056820819138175 -4.864013534212646 -51.986637073101235,22.448471286598544 45.649936895153104 9.544547754436024,4.666280869330472 12.565660786425441 -1.8033347947852738,5.026882159449384 -9.788727517400627 45.68777777174656,26.340808392175763 -59.03019938329114 -15.056028234275258
-31.442235312497065 -12.775706094524342 -9.337124160091195,-26.56283583418332 -7.1621326084574735 -8.254782672165177,-22.72077317406092 2.612611021706341 6.8533106866881095,42.313765200037594 7.37900520159705 12.212659923340302,5.3300031456779715 1.0351489016296207 -0.40619729758956874,-0.4986111235908252 -5.181303649191258 -51.88259197595181,22.060663391651097 44.523266876409146 9.119070143790987,5.496380445759961 12.331006951120516 -1.6027625940927368,7.384536118030612 -9.79915848718101 47.22073274278455,26.171232044650388 -58.26497741859697 -14.742350458988572
-32.60850250083266 -12.846107141891672 -8.104376322326159,-27.995571198620784 -7.279842559592866 -7.163788866065071,-23.97788235710985 2.485794154675191 8.034511740482902,43.91695803066439 7.138748605344851 9.771926568810123,6.0244813931447565 0.5445600099856185 -1.1138510437598101,-0.8716856753567447 -7.01554668973261 -51.81728051254619,21.642354627450597 43.31025864701587 8.656956812728263,6.229809163675156 12.057751749338959 -1.2405663456761562,10.178596381961226 -8.275571029927452 48.647544002232884,25.718575531527605 -56.41427017559725 -13.965875712438043
-32.962529379386794 -12.619744930811983 -7.608206235916434,-28.586743201861182 -6.874657092594136 -7.090651743616511,-24.74174257965503 2.5166403548002685 8.336731171294371,45.09669505970907 6.851339185833172 8.686710917886721,6.305480887409065 0.28345516417784944 -1.260726623739297,-1.2607852991622857 -7.590424101126146 -51.94306228526543,21.511418580598253 42.93404599389017 8.512922152680996,6.497802198796534 11.881486060946928 -0.9690496168253495,10.997148634396643 -6.811742146543443 49.20193953963049,25.358780550298878 -54.92214391992631 -13.319773839756628
-32.09123367348576 -12.041745506696396 -8.335228764791124,-27.695888249467462 -6.011187891930116 -8.215806353164435,-24.259797764087008 2.6727417789850367 7.264662453244946,44.72139014209248 6.679039447441302 9.934318678029308,5.9882035273941545 0.43990006340550947 -0.6328423903351371,-1.4369169865240263 -5.737301536340145 -52.25554882197606,21.80836367026011 43.80101934750448 8.84332547765193,6.1116224411202085 11.907010900894882 -0.9735628350498593,8.812173493982387 -6.5482070571921795 48.48200734437502,25.35713122012971 -54.84579800438335 -13.251773719095523
-30.85634646104396 -11.915961406528536 -9.579400947412717,-26.295372499339354 -5.706884656390278 -9.555840636948327,-23.203750900432652 2.8688740968508375 6.0411839912308745,43.526174565742004 6.83192374410823 12.361831503476907,5.238167807797323 0.9207052302526485 0.1553757014247752,-1.1711197721619078 -4.087776797749702 -52.379831700617636,22.254443832506162 45.096094978932825 9.335655823109846,5.308080972449371 12.166346427065887 -1.2811930866623444,5.866892287042493 -7.554131381964465 46.94710690359204,25.717340087409557 -56.327958608071164 -13.865811936609196
-30.303081157116964 -13.169359192491134 -10.462861289189016,-25.589819229833573 -7.115671948369645 -9.960032661408246,-22.450575409465667 3.0122312575360883 6.1362078152608825,42.51539271485807 7.526653463548706 14.509275108185022,4.271494400013865 1.5920163180952838 0.37034602081548756,-0.23482337556439375 -5.819700575985639 -51.887903267902225,22.510566590335284 45.82837871102303 9.609917810422155,4.385386288318517 12.68087673322582 -1.8960397608158384,4.875185284067243 -9.743365238625751 45.180917194543184,26.40521014546061 -59.378584549660935 -15.21582911771091
-31.022291177711384 -16.096685095207718 -10.42392938785824,-26.293359180242042 -10.600705157972977 -8.82879450729967,-22.558332446820526 3.0424437073575574 8.229328183546706,42.39303705280463 8.763355644606415 15.367407336488036,3.302431241731988 2.2954632530790238 -0.3747536549241979,1.3390003726659823 -12.27552856293586 -50.63912785424811,22.384611600682437 45.438832295005035 9.452899258733458,3.5908699112575144 13.388985897528348 -2.736986048754805,7.272047079485498 -12.65651382011022 43.70250077895913,27.30235933553726 -63.55559147219138 -17.12983761322249
-32.36113452837202 -19.262142325655173 -9.76639049444939,-27.777524003278916 -14.360609363722507 -7.071128020296106,-23.212141621068078 2.987928587668117 10.836844637230621,43.04096273717552 9.949449393071994 15.160751071617145,2.5401001364701483 2.8055703677575545 -1.5175795015406661,2.801474359956609 -19.773787537073698 -49.27947780569723,22.08675750988456 44.55051369927964 9.107914745819787,3.032600537058695 14.001866478844601 -3.4896573847518413,10.991846664345328 -14.812518878550708 42.854049148043664,28.059970342477236 -67.17954132550305 -18.817428348683837
-33.45598042804245 -20.936742376638993 -8.9407421902174,-29.18626995014107 -16.227295797771326 -5.851697020894668,-23.949153768940057 2.892149800981657 12.108531202596016,44.20161657796812 10.391969757747217 14.323023016585967,2.1927224066430915 2.885527535374702 -2.3349351007711276,3.2824696052902635 -23.781746147440547 -48.58818962002834,21.895358275341735 43.98680245587607 8.895642437307322,2.7950205586159544 14.192239042420518 -3.800193226160367,13.375724409939755 -14.557435270119484 42.94766024671072,28.290226232219666 -68.3615321882689 -19.38349240447162
-33.693235490604685 -20.043152696711736 -8.300587442600584,-29.86815227640392 -14.860855018643532 -5.96978596416798,-24.434007011962333 2.777081872226963 10.964321872219156,45.597235723802015 9.713178167883228 13.281267572718907,2.382763620414122 2.4188482674278036 -2.342754409983894,2.2858199489237383 -21.39809312183374 -49.03624746828193,21.98410692888791 44.259360716744496 9.014173876837562,2.926939566399101 13.770992366923402 -3.4929143456287908,12.682107115365156 -11.184191886903086 44.0120528493195,27.804800334373052 -66.14665480555112 -18.36917816900652
-33.25440699494002 -17.57625910757332 -7.89141141969985,-29.82233613733264 -11.554927391677246 -7.062799593165483,-24.73673973166501 2.596364674179898 8.773203115431656,46.88579207527326 8.537732933335265 12.441311708997867,2.9599923069711 1.6716664623130075 -1.817388526282223,0.5045337062088252 -14.909313956736767 -50.11441562264065,22.193882398540346 44.888612118277095 9.271784098069345,3.363857440103846 12.988380064429318 -2.9587450925081153,10.086325464918806 -6.99670794030211 45.17482065247613,27.049730455681285 -62.550028426882136 -16.702900426690018
-32.47868852931031 -14.941914686960525 -7.697591517206571,-29.177018420752816 -8.125444191306261 -8.537714940272117,-25.007790355616116 2.2900869082331803 7.389858840394969,47.7125146730401 7.6890876084911355 12.204770864177306,3.7200945645969035 0.985997605019513 -1.1859961219803596,-1.1325433492680321 -7.630751619490234 -51.119060251199386,22.29955978616822 45.198397550354905 9.399439604309597,4.018801427130425 12.181791398536514 -2.7009781672540734,7.342197119357523 -4.896036954283952 45.3848496755898,26.59686087848261 -60.175786474595 -15.588195921068198
-31.608795020067568 -13.284149700092478 -7.670719396433036,-28.057304808073894 -5.996301708699757 -9.885970508051019,-25.353174269550767 1.8785629709695266 8.07480605760912,47.882824148524286 7.705390433916018 12.743073305723957,4.460687274052485 0.6174477007464692 -0.76986190559617,-2.002989467199833 -2.307251797703335 -51.56178436077056,22.15999685688039 44.7673118719065 9.228763387971275,4.769066098653965 11.618836138369376 -3.03533720002972,5.815085306483587 -6.6080036797371795 44.06214858048642,26.79772867307307 -60.68227514014113 -15.79744016943647
-30.530078676949856 -12.777187102461674 -7.640946403579761,-26.576850967815155 -5.139275280467557 -10.911855120935382,-25.714361263365493 1.6792680177114465 9.88773215922031,47.79550033735624 8.068001755383312 13.375020292886827,4.986539049527728 0.501556889063357 -0.49810711061600244,-2.6193957511811616 0.4294957631669035 -51.75144104307498,21.945128168204818 44.11757383386728 8.964216079134337,5.359590062417813 11.308656644658653 -3.5827788001290974,5.431494871392115 -9.505315414670465 42.371792388946915,27.187839859705637 -62.224588315697396 -16.505961797462593
-29.045168146717565 -13.370755484780428 -7.410312458869861,-24.84666207973926 -5.189998240567726 -11.492077282582425,-25.99473154086619 2.078465008432752 11.37886885251195,47.986675924850374 8.013652985919416 13.222044023365756,5.104074013308935 0.49977535118225014 -0.20907360710605058,-3.757090022810731 0.4369619954157353 -52.181433608817606,21.896897414135594 43.9898355234683 8.896564059335486,5.504673707998201 11.200564344627194 -3.8034324935113504,5.78485872272772 -9.95300470810217 41.88281014542068,27.113802756602173 -62.14687488230025 -16.519399468834997
-27.10213009750566 -14.921252730606795 -6.825155051787334,-23.03521900404665 -5.811062440742787 -11.556309969526852,-26.106621680398362 3.278097055086066 11.497001441067455,48.81949921525976 7.045123342754128 11.7441351047012,4.706006218111728 0.49180828469724247 0.1936246995131703,-5.880205841281887 -2.102690882232165 -53.184012016217636,22.183600246847075 44.89575710981271 9.228340669205823,5.035037732673174 11.230928306737162 -3.346213633226402,6.488832247176354 -5.540993847271401 43.6931279855445,26.126084057632404 -58.59573364647793 -15.000806694715585
-25.27731804277517 -16.881891538388224 -5.923175524153369,-21.559295403630813 -6.781519527315558 -11.263030712051084,-26.001059465343523 4.6838523787108315 10.912651947287443,49.90983241776749 5.81450866630205 9.863843888213145,4.057819008068505 0.4362218792981254 0.524401137737069,-8.108529121599949 -5.604646364864581 -54.39524973202318,22.655375515897173 46.35776218902245 9.780915792942,4.284334234784717 11.280207090768055 -2.6755853267842964,7.244431184742642 0.849316749722721 46.865524993280594,24.65581106053403 -53.18431725985633 -12.657255839585707
-24.31670664367419 -18.597035067006495 -4.793738493092044,-20.90269755629436 -7.911862269661267 -10.832488333743191,-25.639518300621223 5.486451038187906 10.761166638156594,50.671789883807634 5.284190466860448 8.898573910747185,3.525633764703338 0.31287274653617964 0.5215437048441287,-9.198906793187502 -8.105407681379903 -55.263270632195045,23.07646798853774 47.63120614770427 10.272755070576144,3.7219937426880554 11.21376486972195 -2.476187416468779,7.776256304311717 4.9079648538905705 49.91334334939138,23.37186657784207 -48.461657974436285 -10.612664299617084
-24.752381072939937 -19.50405450788545 -3.562801958803063,-21.372618940022207 -8.996290546621191 -10.445330793401725,-25.073993346106914 5.090621861961275 11.859125268418767,50.71139664441179 6.1211590298594745 9.771808455276584,3.4077155016963636 0.11083345058912042 0.015543429696254997,-8.269741689959362 -8.184361119875541 -55.372658500040664,23.267481941334548 48.15477368129677 10.491214371720151,3.718871807081177 10.936483178249361 -3.229115945280517,7.929197694168374 3.55209930189874 51.570464618345774,22.803559715218853 -46.446038411603105 -9.756938515626327
-26.037929856147304 -19.50929895019718 -2.5408326673355783,-22.385722679069875 -9.746849007925352 -10.082523905716796,-24.812911838509496 3.980195343366363 13.415771998736368,50.60235436205171 7.502945157284658 11.420757117906126,3.6601728468447385 -0.13435602737365632 -0.6981923517935853,-6.262518827351707 -7.158272396568565 -54.99607626347666,23.333206893363165 48.291561886255096 10.571019114974439,4.1487740559519315 10.55250097410866 -4.389131828890805,8.154671848180564 -0.1136234234547917 51.68282734122821,22.77641596826327 -46.47949758698392 -9.800011428951567
-27.28778384490991 -18.666598194674695 -2.096320314770588,-23.07862447783539 -9.849746732574417 -9.662238916933994,-25.508236408836453 2.978349911214603 14.134887942855334,51.22267251168007 8.138685414390396 12.158000790273736,4.131515610394916 -0.37254297548641857 -1.1780528512483033,-4.692032663859202 -7.204738127830762 -54.62256890668377,23.467800843496825 48.69537025531413 10.756132933587487,4.729197522289233 10.228618220373908 -5.088241679185505,9.09483121239093 -1.038745054636541 50.44608153805429,22.894640151801383 -47.062469158719665 -10.080746614631014
-27.74769284206608 -17.093477893460577 -2.4847231532679674,-22.763959233841902 -9.078088893514169 -9.13749076233499,-27.561178949892767 2.7624087535805777 13.025959923893815,53.14926305554523 7.036048442891347 10.69274914530291,4.669135956032019 -0.5650458167814015 -1.0760572742415642,-4.772886025374809 -9.98942419226213 -54.65807990114296,23.82158358019888 49.869558897083515 11.23356894333567,5.204791431502766 10.096396070599917 -4.642819046414002,11.156333529939195 4.559725196217227 48.13540301138083,22.834772406620765 -46.95953359084656 -10.052933591527758
-27.438609087374754 -15.282801713806839 -3.29475532725277,-21.793063164852246 -7.717518500388062 -8.666925211569035,-29.8938038172535 3.1487623513882212 10.9025061805647,55.182617015275646 4.964346979127618 8.074731676680525,5.114066164263837 -0.7408670970647088 -0.5967358908642937,-5.948024349741932 -14.15695834771465 -55.017983833987856,24.28614037415427 51.42962427311234 11.85423125495999,5.480675416373708 10.07943485150916 -3.4572627540887435,13.356562076218497 12.985517941021374 45.49422959080023,22.700437251192593 -46.49492666607353 -9.848952881116851
-26.664689997311864 -13.864555787801818 -3.8715489516531525,-20.89674187229528 -6.240924321757342 -8.484311271793366,-30.88779749908689 3.6392761171953456 9.23711284342871,55.474244472230104 3.336476265594396 6.208741404573116,5.305015055617444 -0.9537364437899838 -0.14646817370255194,-7.013152406085665 -17.24829066205013 -55.43843546412853,24.65853285765319 52.6666990799631 12.346233072421892,5.520593860990801 10.025360434755033 -2.3334605590788042,14.205355642229542 17.809961132772003 43.43706955640974,22.751286198866232 -46.56267399116756 -9.8490950676651
-25.73018240275803 -13.397487383469553 -3.6564571271793653,-20.695023807437547 -5.105608249663662 -8.760346967157428,-29.2632328058979 3.8093503375743234 9.243816718420717,52.58937436400716 3.3162528934792888 6.6307401345090895,5.114442476316589 -1.2411764238174943 -0.07677782228735977,-6.968351080301319 -17.174949514623908 -55.65409176624315,24.772398505811644 53.00165612345013 12.487782696909363,5.303819047342886 9.813188489236438 -1.9594091077727145,12.52787508621097 13.85008029702685 42.740960014916126,23.18346036696402 -47.849905253669355 -10.348835811308806
-24.93705825195795 -13.945786102422653 -2.759419110009733,-21.037196568039718 -4.65905750114331 -9.22834896363868,-26.08820960298928 3.7466500147599033 10.340092509035541,47.96386767547405 4.336651049422282 8.314689972815106,4.648476085259582 -1.5282623132049205 -0.35738268332312817,-6.235124309692107 -14.425097797511578 -55.39107250112922,24.71553974452548 52.7568185226467 12.405130300626372,4.9165172825469545 9.540009295117663 -2.230623435045782,9.337308741887442 4.574258572885 43.229535262818516,23.751850949561685 -49.605674975364906 -11.053979730757185
-24.58632710645353 -15.36441944646065 -1.5732188251111552,-21.446486645677762 -5.202302310649304 -9.436600204373203,-23.424158127807015 3.7555531993331006 11.183381213811863,44.248003255198874 5.098413864072132 9.150701751856216,4.11209646335328 -1.6924986800867854 -0.7964780396665656,-5.836307556146066 -10.57694091919312 -54.371885770244944,24.68328321438302 52.635867002071116 12.371764802686242,4.490076278449323 9.395169367141111 -2.707360064815117,6.572487661640987 -2.889173175402148 44.32309354206293,24.024678825513845 -50.47066149402194 -11.420871731797474
-24.913816543362458 -17.45741555759914 -0.46889565625398366,-21.50025983667802 -6.931054982485146 -8.996844881144119,-23.068173303570795 4.092130801109226 10.600978082405721,43.737695449100094 4.474725629992533 7.348915889451632,3.7026693077036907 -1.6344422737980668 -1.2165645919410635,-6.638928547219939 -7.081142015229613 -52.417083610799516,24.841351412541673 53.234374835204235 12.618460956926924,4.155356322479051 9.535205341883868 -2.9925654712132936,5.928512246459979 -2.395487007209325 45.480974069742935,23.635302956714398 -49.28996998021842 -10.986504090417695
-25.623040965998506 -19.61888821982267 0.3683551873151742,-21.22755567500139 -9.182252409205276 -8.0445165148866,-24.62952727800865 4.611603249988884 8.829564144567883,45.79931369028534 2.7684721343946848 3.764793083785056,3.5524839480170542 -1.4443056420285123 -1.5616903858904425,-8.219979801494436 -4.314907094000876 -50.148048311072785,25.110551062028115 54.253869549431286 13.02284888944879,4.037590170767314 9.84600253316783 -3.047621468568398,7.082914270579345 4.060122564073318 46.49313747241681,22.754514114388417 -46.59601863113589 -9.953798122795126
-26.15758274178343 -21.0427873307648 0.844087433291108,-20.877968961620784 -10.873485782120557 -6.970769582169353,-26.64916389853496 4.973453041025115 6.794032808036032,48.36871129672927 0.9806718399710321 0.5455213843437065,3.7620524943118214 -1.3049115104817044 -1.835255838060555,-9.526521131122305 -2.1312659641563863 -48.57721285620652,25.292094896982896 54.95931023385797 13.290115873968519,4.259262618772351 10.081285427687707 -3.0089362134026922,8.728033432380748 10.507683169463837 47.31098899289677,21.815534569162693 -43.74515173065821 -8.850852690383839
-26.01122688227251 -21.01034738695048 0.8707983556733292,-20.662449143188812 -11.03501855126501 -6.152087205889982,-27.76155954396609 4.880751556068549 5.364842565009385,49.51569257967617 0.03701236256520871 -0.3552799148107059,4.401103538621435 -1.376754774196374 -2.029611002691449,-9.616957890428907 -0.42623743302536343 -48.60350184727095,25.205907136570612 54.686078180680745 13.154367449889937,4.908682938980144 10.023237553489652 -2.9949589486642,9.638374976221098 11.560684034688752 47.88801825398078,21.226652041759156 -42.012073128928094 -8.174413106232743
-25.18184307010108 -19.662691840649817 0.42238390131598935,-20.402563753926493 -9.817682751047474 -5.8058312751930075,-27.578709980411105 4.472279031587703 4.839181477861724,48.7034661519984 0.08654919654829901 1.053371359572219,5.2428237369032145 -1.5976469325984386 -2.0260088829410345,-8.671224633682838 0.4526990254478296 -49.999018470202245,24.86128570193204 53.481389240202034 12.64156923635917,5.742806241932603 9.738801953630514 -2.938425158033006,9.45023285654647 7.753796309182933 48.187331901193005,21.137029647010028 -41.82538373464675 -8.095708710410383
-23.950585424035047 -17.62418271879789 -0.49275528675827784,-19.701056305363835 -8.0020451762894 -6.059941065193527,-26.261955249500442 4.131674443621697 5.192072306626952,46.17830302567452 0.8418877610672456 3.6594987271764103,5.893749735761041 -1.780256341945712 -1.6432683964312824,-7.499530520268457 -0.09564697220589702 -51.902617197933296,24.373952346274358 51.79249454048668 11.941705762166382,6.332373927834564 9.454950220477658 -2.6677032999765857,8.28420722239165 2.9492644226602316 48.17744113412662,21.550208202386777 -43.138193316979056 -8.603036065720593
-22.607101719123367 -15.514279613283508 -1.8362524496303254,-18.232010288459453 -6.341191712988395 -7.004174010695727,-24.04422736078743 4.207459572724594 6.361317799369088,42.29930184737445 1.9978115687270361 6.367094708536462,5.992813589385796 -1.7546249136008827 -0.7400618917275946,-6.861302559370836 -2.5867741277268044 -53.486234230516295,23.854319404946917 50.04607105059501 11.23574459969848,6.287059515176842 9.381189555805552 -2.039613206416727,6.315726779445507 0.7614384572787698 47.82137838095962,22.44198119236579 -45.825177746891455 -9.653603700604384
-21.503152722901014 -13.83297353475226 -3.2258458331488526,-16.52712814885327 -5.187324459271981 -8.295985076475267,-21.919690390389587 4.608261087190094 7.89369072261509,38.63594060874689 3.098352971019727 8.408392660459056,5.577090096082327 -1.5689418573601375 0.35357006324847556,-6.844137244951765 -6.507213133549853 -54.38825338645883,23.337317724613367 48.37790069722399 10.578625246349697,5.693197913611974 9.503313576460666 -1.2552155078135403,4.294986398402388 1.4926757297380304 47.017786598954864,23.484406819544557 -48.91069493900481 -10.866873069246404
-21.030572101281045 -13.003178989821869 -4.057405944303106,-15.671414883592545 -4.63401081141602 -9.313924407934568,-21.3736258767239 4.958902357079403 9.08368643544865,37.53858720142697 3.5902855058161256 9.227394221216732,4.940520340680645 -1.412136575557407 1.0034783719584999,-7.1021920288935005 -10.679644353525926 -54.54799243165911,22.8091804173015 46.73609118619108 9.94397876403515,4.944647510961381 9.662784554174642 -0.737661672393811,3.3429978306053534 3.3085640306351367 45.62376715123646,24.1535850401471 -50.87051057803967 -11.644404287601398
-21.543813591818722 -13.395146724235277 -3.778323283236677,-16.66383997578145 -4.75621749260606 -9.481286302606868,-23.731752274214436 4.907897036732061 9.290804779029239,41.11092801285403 2.9853649948923247 8.350399099525436,4.370758125910871 -1.4604339769012413 0.6309166914188838,-7.288873411240225 -13.940077409913824 -53.92806574987156,22.25608048660352 45.069427451652466 9.306116885600776,4.420677860642432 9.708725129447695 -0.876995655736903,4.472259198314069 4.426923769555999 43.54534418572009,23.96476840460214 -50.29550984697676 -11.432675821734682
-22.861317546304246 -14.655303603271753 -2.6138905192903916,-19.161399567781906 -5.427593934505119 -8.917202122521473,-27.956567277322435 4.50414141135126 8.84955590352178,47.79807585512584 1.733646760388605 6.413390412704356,4.006570976121327 -1.6780339128095583 -0.4909492607946475,-7.148779261633622 -15.468173906542564 -52.74862918687182,21.67477827436679 43.38030071147742 8.66803163394982,4.222826660557797 9.632065116867935 -1.544699872524912,7.079473358330997 4.303132369033821 41.38751458211373,23.03079756721242 -47.527177284634554 -10.362133778125433
-24.405292045226112 -15.895010787145802 -1.3644418255011066,-21.8290751266699 -6.372971629167425 -8.255180496849384,-31.263626518659553 4.092502955349259 8.815197909682801,53.340649667649146 0.9787966798232615 4.872652391988131,3.8766665742168005 -1.87240289136551 -1.4592026085174103,-6.493918011575084 -14.697630157588335 -51.42021860722052,21.06986050363593 41.710729066213275 8.05391610041545,4.2473264299598315 9.52856115096477 -2.2289252337571064,9.366913615896497 3.307395200171861 40.271970437914746,21.906262769117827 -44.20107697583549 -9.068827404620718
-25.61671099336264 -16.262611625639074 -0.8046915996849796,-23.366562725158442 -7.3242722627518235 -8.10275944834068,-30.998239840239915 4.005011548330028 10.177606385506909,53.65942757049083 1.8015510931591288 5.111983599747182,4.008243209509792 -1.8583233239835408 -1.4142845074286015,-5.161792884975555 -11.17609818735372 -50.34165093085346,20.448347442785053 40.106463778510225 7.488755864231071,4.3943253976826195 9.49350138684562 -2.4335362275734616,9.604167721627904 1.826197041810923 41.24556238793133,21.132236004466733 -41.913112819487324 -8.173567073346291
-26.42236760118005 -15.764078725801141 -1.032256623980222,-23.477424996319346 -8.196611434839403 -8.408931577105976,-27.46183575737299 4.231237894850313 12.501845520538028,48.89288875846592 3.9113293451402904 6.926952520637762,4.44704160803372 -1.6408934548622196 -0.5031132094194796,-3.4040284229872975 -6.321446411504446 -49.63152146044442,19.856223288483058 38.661815369653056 7.002652980800407,4.715125627164432 9.571505579676446 -2.090124337492511,7.711387037846503 0.1565428546078667 43.84936911195283,20.836362704760973 -41.04705339262076 -7.828018652899487
-27.159981556278975 -15.130803724453123 -1.5720359341757226,-22.714337287214015 -9.060057890334475 -8.565663964941102,-23.456252748879397 4.471086272635181 14.147813876500958,42.74702204150786 5.8576329771587385 8.769735594017261,5.254486471551274 -1.386188693564343 0.27607221820334604,-1.8225304586086577 -3.133451218863633 -49.171402225507414,19.37242957277447 37.51216783176092 6.6300372370590095,5.388881475962 9.764336013036125 -1.4920705957977798,5.004839306569806 -1.4802482083029274 46.35082380553397,20.796594662420826 -40.9613920479242 -7.787025786320148
-28.15685150199464 -15.09192170107801 -1.9433315783012433,-21.6463450389828 -9.982179574908029 -7.976113351257393,-21.756148385137934 4.429363040182557 13.52218419719647,38.91521013022197 6.215195875833775 9.112183423246691,6.476405250710436 -1.2595509484529532 -0.05563166613952321,-1.0082686505016836 -4.521948027132445 -48.83927013659636,19.07449639139319 36.790215947593346 6.404358136126992,6.578254497169484 10.068726803144035 -0.9396465960064375,2.8169626991090517 -2.8649438195043797 47.04748861941982,20.785767084358866 -40.998768921776424 -7.799255475393914
-29.233888440511112 -15.832420343561664 -1.9351390946759819,-20.617584591310766 -10.870559905975798 -6.666223379820531,-22.840079432462193 4.11486910441622 10.868101526085002,38.38209840000869 4.897470842219038 7.769664115761801,7.8098884953816015 -1.3005265563145567 -1.476883985904111,-1.0760632970599928 -10.367571705865874 -48.59700275511934,18.98686474185023 36.54233215204599 6.334865567135526,8.001183439940352 10.401698466328758 -0.6354656007025147,1.8775205298998676 -3.7718675389031597 45.75940749564396,20.70456191701045 -40.858201090596914 -7.750422147897281
-29.72227247166751 -17.011038728173574 -1.5972764146296652,-19.754681175296447 -11.478060184897215 -5.2642391090687966,-24.966028086874953 3.8304005498873055 8.204775651017851,39.512694084291454 3.1125947665409956 5.8568706165694575,8.614760947149364 -1.4270041084205314 -2.9990008398107,-1.6802474396716223 -17.621396848513037 -48.48761852767019,19.08263279678386 36.731405955321016 6.407405809348342,8.94551263095733 10.603179958953199 -0.6876948421114317,2.333425195438119 -3.9691107815838893 43.77902678273728,20.577302550677995 -40.58336017257936 -7.658779721397578
-28.960308863334213 -18.264010975523913 -0.9957782075603182,-19.168681504823848 -11.558638269781413 -4.406797848930745,-26.342502835001035 3.8811277881350392 7.555970781716171,40.59448375931448 2.0873545240173628 4.517011543378322,8.264698519994287 -1.5534576993142108 -3.621376939921865,-2.4595255944214593 -23.17929871404583 -48.554683298385676,19.33040327505655 37.310378777136535 6.604770796041333,8.71024702046603 10.51673740581354 -1.1898670763771673,4.279181615795279 -3.2453882276875565 42.426043159469145,20.43235931456719 -40.23001822735261 -7.547171304208781
-27.040069591208947 -19.200424763423374 -0.3506470186097811,-18.78520503629732 -11.072348507716601 -4.279644805720586,-26.325991303112964 4.3043357769122785 9.055422882348324,40.73757269734451 2.096255829872533 4.209564042405469,6.900722117016074 -1.6377160438498088 -3.11079502661907,-3.1416472199727963 -25.731157807466193 -48.76483336322119,19.632300722550436 38.05086784198149 6.851551236247547,7.392453253472438 10.174410204229716 -1.936568802903368,7.0164776523491605 -1.9688812341937258 42.10480110834374,20.270048946960113 -39.79849104261076 -7.415334119414184
-24.88698205041874 -19.399354988552435 -0.052110427186799924,-18.324865077234602 -10.20710304878561 -4.570024291214506,-25.54217306703849 4.841138533572231 10.747275388054709,39.9615435213132 2.3609737857470803 4.638079956607666,5.512220045464717 -1.685540204407887 -2.0824528280563896,-3.552808794073071 -25.95028528776835 -48.999652633587246,19.816952215503957 38.52402052180457 7.007991264474312,5.971525399981851 9.81661153805831 -2.39187512998861,8.97047214812535 -1.1484225565950226 42.20764271706205,20.05967247293751 -39.22778261782707 -7.237459800887902
-23.451448693565023 -18.45441250953599 -0.48575635512355214,-17.50910890441098 -9.16059407567304 -4.944058614236732,-24.676601870866183 5.2214577555807 10.613371620796554,38.34682812556799 2.066065461269479 5.465083069464408,5.110449035400349 -1.705942819509587 -1.1866185995116003,-3.5333428791969754 -24.612230615646688 -49.14018374812041,19.714247704209907 38.30298174947085 6.935037280784649,5.451586367615536 9.688524773580259 -2.018552315835393,8.566108607335343 -1.7942342336152792 42.08625626925916,19.770689622376405 -38.4579669378162 -6.98794972371979
-23.01919464874745 -16.548374293948893 -1.5446914552257838,-16.478416331537712 -8.056849621305155 -5.239081497996688,-24.202196270118115 5.326618566509176 8.314041179462256,36.478601603203344 1.0320157502912182 6.283198612651427,5.899778746481139 -1.7361722574160283 -0.7500298445409278,-3.2546694700799126 -22.477729666997597 -49.20882564476702,19.339602354339316 37.41394200411865 6.64129078398655,6.070261852886473 9.815136804573779 -0.857768103620882,5.881496846027702 -3.7533565133722084 41.521410962977384,19.437147532657225 -37.584487557441 -6.697295500099313
-23.03547660685957 -14.609003636701939 -2.4992916999014274,-15.903123703419816 -6.926751178861455 -5.508919367614539,-24.323002755569107 5.2293920686558675 5.632019055810356,35.5802746419453 -0.1165750654653861 6.596666785841846,7.06428960919537 -1.8491802852754937 -0.6903272384142526,-3.306860629931803 -20.288786897213654 -49.40671889081848,18.943023489416955 36.455956925503905 6.3220595821197,7.095960325548851 9.94300139899713 0.3179350433926291,3.085135588272079 -5.4020143390229265 40.836438458183316,19.174762559360808 -36.899249103597555 -6.466913493489772
-22.898999423085062 -13.597860950321701 -2.592081238625734,-16.472087783781774 -5.7962873167475975 -5.82030985026428,-25.219475893836023 5.015457545821948 4.461193387469562,36.8900711324684 -0.7132338555473904 5.916204316964999,7.734451655270081 -2.118384910374341 -0.8981750693949814,-4.294460219105593 -18.779347438057123 -49.941664296078734,18.78493455442567 36.053967760228126 6.181161084084503,7.745071015776961 9.805261454297733 0.7024175274665498,2.44569128840184 -5.048848762826617 40.38564460118061,19.10186782150457 -36.700238027603426 -6.40052265043125
-22.378629250458072 -13.773182555264338 -1.6735432613546137,-18.09667575951977 -4.74585209039765 -6.190882952890789,-26.75328272504531 4.801984761105907 5.4389329580989845,40.33300660814303 -0.5795922989912027 4.362959625646104,7.635901778821223 -2.525528547939068 -1.2274428525542103,-6.199577061244296 -18.338720901458903 -50.779918509863414,18.892907821385847 36.28690857659656 6.248131011106425,7.744459829691341 9.358750521278365 0.15903066754367312,4.526454066376158 -2.3479061485960884 40.33075200513922,19.20500394833101 -36.95770098734887 -6.48889999244093
-21.77912742876318 -14.374978399172821 -0.47432407997737036,-19.562656532700096 -3.934604241885453 -6.567173898985435,-28.32457067062111 4.751733322849094 7.383500454201588,43.93291989379017 -0.24392812225638177 2.9418239952819047,7.355920321617657 -2.919631719220033 -1.478731049807445,-8.103199462598441 -18.85727625554596 -51.5380464288793,18.957408945433862 36.443240153353166 6.300191517038864,7.560027238010474 8.884146769696613 -0.4796292912183803,7.421782323748677 1.0989777980827389 40.554673941775945,19.279911068516142 -37.16740451861486 -6.559312648582205
-21.444709209016654 -14.569370859208354 0.2126936092688561,-19.58021091536301 -3.5253734240211916 -6.889514706251152,-29.301541528349922 5.028426026245127 8.979463659444022,45.58138445426503 -0.284272584602753 2.71572558941305,7.5439667505709895 -3.141033754350369 -1.4507612644292005,-9.024101196371193 -20.183884825319037 -51.80813481420605,18.646414141536894 35.758375002566375 6.09754525103534,7.711575522696833 8.684540999395667 -0.31354446324433033,9.048582163846678 3.5483896702767925 40.917982731208866,19.109976821120995 -36.79420914159412 -6.428374355976316
-21.538581271905574 -13.944756842017073 0.07844396755458884,-17.769532709391683 -3.4995443359623204 -7.051738587497138,-29.356185655460063 5.606240603751389 9.54271812943932,44.37271125552963 -0.8746889112246471 3.9378097100544824,8.466985819544645 -3.154226430839885 -1.1089034487944118,-8.585814266715353 -21.98925874892065 -51.39258114861178,17.911247277120818 34.10934237629485 5.598873486155097,8.432339971889158 8.849613658582308 0.9434780263859562,8.471778612867313 4.04749190527833 41.24340305543255,18.666351808622608 -35.75622110328783 -6.068679030559922
-21.923422433443278 -12.790634105002624 -0.3828594921187779,-15.261706942236467 -3.5372492865628486 -6.870476960506082,-28.664872438942513 6.144653816153184 9.437350601395854,41.398111920311926 -1.5185336836842818 5.5167421476648535,9.756834508880688 -3.129831378703545 -0.695213197374785,-7.415948548022724 -23.648313120733672 -50.442961033845606,17.173673286566807 32.438445444056 5.092390825936073,9.479769746123548 9.114720772261071 2.558499641300733,6.662348299247512 2.9560371116380666 41.29082130183739,18.2319287922124 -34.72406886664784 -5.711793906414617
-22.433802273340913 -11.462399285650134 -0.603526541744979,-13.325474082824226 -3.2925092816503523 -6.157095737000245,-27.452243952876636 6.275356209861938 9.125094299591856,37.93539404539762 -1.6588294961891776 6.240391153249044,10.986401168533584 -3.2568751155110496 -0.4765962707445544,-6.234815439342968 -24.507873831340497 -49.14500451736958,16.897293304946164 31.782832983876673 4.895654387064143,10.566766336507872 9.183121101161754 3.705476370750544,4.767414567077485 0.7585183372589893 40.81644373302451,18.11753577070512 -34.435953202358974 -5.612527183893009
-22.929927514076557 -10.292337362391352 -0.27263089750791675,-12.68443818194616 -2.679809043940807 -4.951775947532233,-26.024550012259432 5.844254626004528 8.93350352725902,35.07157090762299 -1.0684743223502071 5.5745061166906735,11.83195676834216 -3.607353441073208 -0.579406001009494,-5.539241449618051 -23.891988776544878 -47.824538078810065,17.259468878804903 32.54411244397021 5.12994472649307,11.441588640433745 8.906917395635661 3.8972426943364744,3.529226747650117 -1.948644416526687 39.83156058527644,18.468425138549016 -35.24615509471073 -5.892042222623105
-23.320928150437993 -9.568629413325741 0.4307719633706775,-13.021921318536288 -2.1106753208392743 -3.7313457353564825,-24.843772206404 5.106044132024912 8.934079409150675,33.52956363225804 -0.14986619986578092 4.27843469864978,12.167056979902755 -4.029932834708103 -0.8617799992701145,-5.399577632422989 -21.081238682218448 -47.074733742602895,17.891331521859676 33.91108991534802 5.541988510086826,11.91996797339757 8.422250884974972 3.29331376173385,2.917414471254023 -4.355441323998285 38.834237973908024,19.1138819277642 -36.776322705932785 -6.416468387415607
-23.5215286558784 -9.573558374820454 1.2728122473732133,-13.904149233427177 -2.051492129208783 -3.0202030653531455,-24.387578586896865 4.3610364812899 9.169284450770267,33.98748949200671 0.6247936177838725 3.2549760082686876,11.888079762166454 -4.34855314597864 -1.1519677390275207,-5.837531753369065 -15.357829822790729 -47.5162371266501,18.363643161617603 34.93852289304081 5.8371454873162865,11.825935349510443 7.897001676716769 2.126148791775587,2.814365491565296 -5.630466315955369 38.37578740460933,19.847842282858817 -38.56604833923947 -7.023387465990165
-23.46489323281817 -10.402873678428849 2.0766809067513154,-14.875397575257391 -2.7622963863678724 -3.0378679433740317,-24.770565868389376 3.839177781984377 9.63309653877331,36.35627346801647 0.9796623966938852 3.005117840201652,11.01791530608135 -4.464297414781846 -1.3327478903235288,-6.738930261496712 -7.298755414676665 -49.25465511435433,18.45732306660018 35.14594503287986 5.870635737068076,11.125057151354023 7.458708976190549 0.6721312557842025,3.0316659391656584 -5.463752460591798 38.71025366869727,20.50072378286514 -40.221132202254076 -7.5767228945291425
-23.12474098589447 -11.742077508507037 2.7910638491976325,-15.431666671257295 -4.049301286975873 -3.3333355623298777,-25.308819974334405 3.615657428415036 10.212860269277922,38.85953763037774 1.0707530216052432 3.1461355116795313,9.857694941984182 -4.447911399281864 -1.4068263866427568,-7.690752832317068 -0.32866212500284475 -51.26285855202274,18.415494176007428 35.075082441976015 5.827270462720184,10.09418161596318 7.1461893536332655 -0.6957517985950636,3.2251863749296277 -4.692145410309826 39.43789632262324,20.98317842959264 -41.49298700558514 -7.998331877088242
-22.480380677389867 -13.222237261516103 3.381314622515949,-15.063433719120432 -5.658307025294663 -3.366961340363571,-25.212950020724968 3.7448350151029293 10.781882004984,39.49866112445875 1.1115407586214758 3.178260191831682,8.745247150349284 -4.392622570964925 -1.3928927573293497,-8.240590972463567 1.7536095435888244 -52.36423240306654,18.54250394013158 35.40307225341895 5.935507304125729,9.051291822860799 6.986408052653525 -1.592160310133967,3.030635746688238 -4.304075578689353 40.072525434531634,21.216708483078182 -42.1528550666636 -8.21792793682154
-21.591388549246922 -14.543887988428564 3.7982207671625,-13.638089468240413 -7.329995117639919 -2.8508160333588055,-24.027602838108468 4.183802313805081 11.277782772365029,37.24668519604752 1.3094127153361492 2.8406547443120647,7.8784992359944 -4.350203846842661 -1.3188795631900245,-8.097435565196509 -2.8412848924046252 -51.914254597543696,19.020867414819246 36.541445128564156 6.331943248259109,8.191270407639518 6.988375549446349 -1.8424652423606744,2.3190016592939844 -4.850064713752149 40.363940165720074,21.19453186850832 -42.15985741375487 -8.226126267570987
-20.721431054927603 -15.584195031376948 3.9555339090096373,-11.981375008857436 -8.792032194732984 -2.136988456067625,-22.146758363138215 4.642335363854284 11.801711758850422,33.547224783294844 1.856276086888536 2.479996063124374,7.099662083431636 -4.267024700003813 -1.2362209406916396,-7.380655807066243 -10.793292320709238 -50.62131668097677,19.723325395436017 38.22639370611077 6.919607962480847,7.396001569335707 7.1154500548715385 -1.8077969696409144,1.5594974384136862 -5.767196436913803 40.66197177195286,21.09221265338858 -41.95082044218791 -8.168392257868017
-20.16605303233913 -16.248038954958698 3.761280077344757,-11.06883256853449 -9.770141813748218 -1.6776481045762799,-20.097364224318937 4.791583316019306 12.480360167301507,30.23041350535113 2.9414775029848776 2.537920060465995,6.195334933694761 -4.072984547141343 -1.200027559175624,-6.273907769238946 -17.98324624783997 -49.40543995477904,20.474138965813697 40.08840771795247 7.564975402241771,6.498435473850213 7.323837708594497 -1.9330614310563132,1.3148558774393753 -6.318387973130692 41.41023851620263,21.113805131616765 -42.037216853143406 -8.21438644283586
-20.12205552380016 -16.51087937314877 3.2148616081742047,-11.54754446457086 -10.107567379589787 -1.7533154023118684,-18.371843824861877 4.42633373721256 13.360461488391282,28.700294888011065 4.585220587186961 3.244893733761333,5.062775004003622 -3.7411781687508685 -1.2610297555861547,-4.9936112914717175 -21.478481236226717 -48.91347785052344,21.131366361441437 41.81627887161863 8.157034844795266,5.4279109376857795 7.565455773910218 -2.5169762277693657,1.9550785141178264 -5.9955360842498555 42.840659942765576,21.38530848709304 -42.73643542300096 -8.468669453811126
-20.495028168869133 -16.556324916801543 2.585164325555959,-13.095911684484841 -9.99413731048414 -2.138289931851687,-17.360803051070025 3.70600385422151 14.252941004397824,29.104303947656383 6.308878917150437 4.208612841757661,3.9255877573555993 -3.372090450303485 -1.457039559095712,-3.852811859256641 -21.845515111509698 -48.9866676282446,21.65273907712341 43.27074081800177 8.651176888172804,4.398032477125333 7.779572924937542 -3.427125939380549,3.281771282425113 -4.965835172277246 44.56082187997314,21.802524776500363 -43.793480084539326 -8.843811790616382
-21.137139953284816 -16.60616766861503 2.1905088764597287,-15.214637538130562 -9.683258572201806 -2.514008674793065,-17.436170092315663 2.8568996030254565 14.92546666444153,31.359359836482504 7.542319258144362 4.9225302034173195,3.0672449136909785 -3.0895750830019577 -1.8234992274980812,-3.1822802432978436 -20.292765899608693 -49.31846200999765,22.014272955839914 44.34406873056665 9.014972978878202,3.6745511226227174 7.903137542368322 -4.452006869149517,4.99227199876408 -3.5203581725394293 46.063780591062795,22.219028036166716 -44.84835485538343 -9.217164733444756
-21.900559862785997 -16.88219971128725 2.3492159078551933,-17.40442533536221 -9.42833813051332 -2.561908612733352,-18.969873137971017 2.105326919603668 15.145706417642845,35.382381706684846 7.715408375437868 4.88009863770269,2.7712181929499975 -3.0174857580490304 -2.395851018587056,-3.3127872142994006 -18.02865162644354 -49.60231371783778,22.191983840571293 44.92853778277811 9.215994563415308,3.5232179046317396 7.87309800689442 -5.38011532033596,6.783918479537624 -1.9501780203629284 46.84259233927214,22.488392302420106 -45.54106375315825 -9.46607956248939
-22.637456883111476 -17.60621312751624 3.379606066712063,-19.165978386033984 -9.482782951189208 -1.9634267272698778,-22.33384037740841 1.677591739935419 14.681328213122189,41.09028871045892 6.258013034300034 3.5747709635761167,3.3209793150729245 -3.279676166647463 -3.209537190156439,-4.575103542965433 -16.261590317934022 -49.53167547382019,22.16188757429788 44.91642314810096 9.221813088287961,4.2097838536062335 7.6264026992076905 -5.9999475961995685,8.354048541148654 -0.5463676510742599 46.39031338783869,22.464191611588536 -45.511610795488785 -9.467907557943425
-23.2 -19.0 5.6,-20.0 -10.1 -0.4,-27.9 1.8 13.3,48.4 2.6 0.5,5.0 -4.0 -4.3,-7.3 -16.2 -48.8,21.9 44.2 9.0,6.0 7.1 -6.1,9.4 0.4 44.2,22.0 -44.4 -9.1
