-25.220548629760742 -20.112855911254883 5.2092156410217285,-23.35310935974121 -8.977482795715332 -2.608109951019287,-27.130043029785156 1.329577922821045 16.7117862701416,52.2659912109375 4.958110809326172 -0.04458969831466675,4.456733703613281 -3.3073816299438477 -4.509223937988281,-7.910604953765869 -15.480687141418457 -47.505760192871094,21.86104393005371 43.95468521118164 8.912968635559082,5.566407203674316 7.562049388885498 -7.15851354598999,14.789748191833496 0.20900245010852814 45.70033264160156,22.315149307250977 -45.23971939086914 -9.396185874938965
-26.215404510498047 -21.569034576416016 6.275088787078857,-25.32396697998047 -10.061887741088867 -2.370046377182007,-28.412851333618164 0.6532509922981262 17.992595672607422,55.348228454589844 4.971198081970215 -0.9151326417922974,4.142848014831543 -3.2804114818573 -5.434751510620117,-7.736954212188721 -15.31600284576416 -47.203399658203125,21.425243377685547 42.75455093383789 8.470312118530273,5.453098773956299 7.477146625518799 -8.461530685424805,17.57592010498047 0.5807085633277893 45.1243782043457,21.93855857849121 -44.171485900878906 -8.993853569030762
-28.016773223876953 -23.54959487915039 8.84557056427002,-27.221738815307617 -11.478939056396484 -1.2983760833740234,-30.972732543945312 0.26459577679634094 18.289907455444336,59.322452545166016 3.1413421630859375 -3.934997081756592,4.6121110916137695 -3.7333784103393555 -6.642141342163086,-8.061278343200684 -13.111109733581543 -47.260196685791016,20.720983505249023 40.87689208984375 7.795135498046875,6.121435165405273 7.084013938903809 -9.265725135803223,19.599687576293945 2.0098536014556885 44.67372131347656,21.125520706176758 -41.946475982666016 -8.177094459533691
-44.57745361328125 -28.094482421875 12.520520210266113,-29.401884078979492 -12.322688102722168 -0.35793307423591614,-34.39594268798828 -0.33473682403564453 17.522459030151367,78.72671508789062 -5.4159674644470215 -8.342623710632324,6.867579460144043 -4.8427252769470215 -2.5948398113250732,-8.552080154418945 -11.010013580322266 -46.701107025146484,20.614023208618164 40.59795379638672 7.696622848510742,7.5310492515563965 6.242696762084961 -4.2881574630737305,21.35630226135254 3.8611533641815186 44.83919906616211,21.391468048095703 -42.662723541259766 -8.436766624450684
-46.02753448486328 -28.829355239868164 13.557162284851074,-31.83706283569336 -12.865399360656738 0.44034716486930847,-37.65847396850586 -1.1326080560684204 16.641769409179688,83.91614532470703 -14.851341247558594 -18.643692016601562,7.549995422363281 -5.075541973114014 -3.7586100101470947,-9.006829261779785 -10.121698379516602 -45.46792221069336,20.772029876708984 41.01066589355469 7.842515468597412,8.374368667602539 6.177493095397949 -4.675231456756592,23.191457748413086 5.137966632843018 44.8486213684082,21.652515411376953 -43.37649917602539 -8.69865608215332
-46.66277313232422 -29.73045539855957 14.585077285766602,-33.460758209228516 -13.412221908569336 1.0968892574310303,-40.07425308227539 -1.6848682165145874 15.940949440002441,87.32540893554688 -46.32789611816406 -50.94679260253906,7.93447732925415 -5.257099628448486 -4.59265661239624,-9.563891410827637 -8.664335250854492 -44.5284538269043,20.704187393188477 40.83308410644531 7.7796220779418945,8.8829927444458 6.097548961639404 -5.02949857711792,24.047273635864258 4.759039402008057 43.96846008300781,21.38636016845703 -42.64897155761719 -8.431783676147461
-46.944915771484375 -31.34417152404785 16.338899612426758,-34.63712692260742 -14.06277847290039 1.7497354745864868,-42.30311584472656 -1.904789924621582 15.276944160461426,87.1503677368164 -124.75135803222656 -130.50132751464844,8.44643497467041 -5.467550754547119 -5.254730701446533,-10.316210746765137 -6.619458198547363 -43.969974517822266,20.57570457458496 40.49842834472656 7.661663055419922,9.477612495422363 6.018510818481445 -5.096798419952393,24.438270568847656 4.422492504119873 42.92916488647461,21.10552215576172 -41.89310073852539 -8.157844543457031
-47.35389709472656 -33.40693664550781 18.667280197143555,-35.66752243041992 -14.844098091125488 2.430063247680664,-44.31025695800781 -1.9529099464416504 14.794061660766602,84.4991455078125 -150.31224060058594 -156.9925994873047,9.16290283203125 -5.702953815460205 -5.811255931854248,-10.983128547668457 -4.360206127166748 -43.778106689453125,20.438419342041016 40.143314361572266 7.537245273590088,10.253167152404785 5.922926902770996 -5.021202087402344,24.578874588012695 4.211606979370117 41.851375579833984,21.080703735351562 -41.82678985595703 -8.133997917175293
-47.47747039794922 -34.4290771484375 19.782590866088867,-36.49911880493164 -15.247907638549805 2.7609894275665283,-45.49028396606445 -2.0685222148895264 14.8128023147583,82.6655044555664 -156.66586303710938 -163.91085815429688,9.38300609588623 -5.813173294067383 -6.137866973876953,-11.610209465026855 -3.250337600708008 -43.51327896118164,20.10465431213379 39.29021453857422 7.241693019866943,10.520575523376465 5.860503196716309 -5.12343168258667,24.465763092041016 2.942849636077881 40.42418670654297,20.54608154296875 -40.42152404785156 -7.6346564292907715
-47.83658218383789 -35.60802459716797 21.24022674560547,-37.04169845581055 -15.670650482177734 3.1342313289642334,-46.915855407714844 -2.0455234050750732 14.459789276123047,80.55267333984375 -161.10447692871094 -168.82835388183594,9.900420188903809 -5.956485748291016 -6.392724990844727,-11.916133880615234 -1.9807426929473877 -43.68709945678711,20.04578971862793 39.141273498535156 7.19057035446167,11.062093734741211 5.787557601928711 -5.055898666381836,24.69390296936035 3.182699203491211 39.9716796875,20.742347717285156 -40.932838439941406 -7.814905166625977
-47.96879959106445 -34.74690246582031 20.230356216430664,-37.147705078125 -15.51315975189209 3.1087989807128906,-46.84126663208008 -2.232163906097412 14.57744026184082,80.70745849609375 -161.65138244628906 -169.09408569335938,9.719883918762207 -5.903451919555664 -6.423395156860352,-11.793416976928711 -2.8216447830200195 -43.320709228515625,19.886062622070312 38.739105224609375 7.0532450675964355,10.895745277404785 5.818500518798828 -5.179361343383789,24.715085983276367 2.782381534576416 40.26129150390625,20.45764923095703 -40.192989349365234 -7.554620265960693
-48.14667892456055 -33.64209747314453 18.967941284179688,-36.178611755371094 -15.355411529541016 3.1654043197631836,-45.23593521118164 -2.335871696472168 14.685552597045898,83.5418930053711 -155.73052978515625 -162.8415069580078,9.373255729675293 -5.784177780151367 -6.253020763397217,-10.24664306640625 -4.521055221557617 -43.28142547607422,19.716842651367188 38.31633758544922 6.9100141525268555,10.534393310546875 5.885871887207031 -5.2438063621521,24.89786720275879 3.4838452339172363 41.654415130615234,20.769454956054688 -41.00392532348633 -7.840101718902588
-47.05609893798828 -33.552085876464844 18.530364990234375,-32.91250228881836 -15.62642765045166 3.202799081802368,-39.078338623046875 -2.688194990158081 17.393354415893555,85.30197143554688 -26.18050193786621 -34.74852752685547,7.377536773681641 -5.307503700256348 -5.219211101531982,-7.263276100158691 -6.550599575042725 -44.42449951171875,18.35802459716797 35.03575134277344 5.839600563049316,8.548056602478027 5.694857120513916 -7.005955696105957,27.97166633605957 2.924453020095825 40.61137771606445,19.843334197998047 -38.6320686340332 -7.016849994659424
-45.974937438964844 -30.868925094604492 15.034279823303223,-30.036033630371094 -15.399542808532715 2.742201805114746,-31.377613067626953 -2.7591235637664795 19.16799545288086,74.85890197753906 -0.4182283878326416 -9.294940948486328,5.460431098937988 -4.742427825927734 -4.032993793487549,-3.367255449295044 -12.489251136779785 -45.561912536621094,17.673152923583984 33.45079803466797 5.3493547439575195,6.55949592590332 5.779691696166992 -7.924973011016846,29.091121673583984 1.6436326503753662 40.66318893432617,19.828031539916992 -38.59377670288086 -7.00385046005249
-46.37126159667969 -28.091310501098633 11.87989616394043,-29.276220321655273 -14.417959213256836 1.4217119216918945,-28.218738555908203 -2.3167850971221924 19.698930740356445,70.29658508300781 4.121976852416992 -2.6816673278808594,4.5076727867126465 -4.395875453948975 -3.0295679569244385,-1.6276438236236572 -15.885360717773438 -47.290584564208984,18.10712242126465 34.450191497802734 5.65639066696167,5.461562156677246 6.041347503662109 -7.424910068511963,27.790678024291992 1.9256738424301147 43.40594482421875,21.359294891357422 -42.575496673583984 -8.405021667480469
-46.93031311035156 -30.6254825592041 14.550531387329102,-30.972991943359375 -14.793081283569336 1.1780277490615845,-31.695417404174805 -2.343813896179199 21.385160446166992,76.61498260498047 -0.5430453419685364 -6.382261276245117,5.4155497550964355 -4.5515875816345215 -3.316368341445923,-3.757506847381592 -12.766336441040039 -47.37649154663086,18.4427547454834 35.234825134277344 5.902396202087402,6.405730247497559 5.900136470794678 -7.535116195678711,30.24989128112793 3.914233684539795 45.972412109375,21.07994270324707 -41.82489013671875 -8.133359909057617
-47.39779281616211 -31.656309127807617 15.873478889465332,-32.03097152709961 -14.686507225036621 1.0694031715393066,-34.05617904663086 -2.504549980163574 21.9854736328125,80.58514404296875 -5.852792739868164 -11.179483413696289,5.906607627868652 -4.658373832702637 -3.5642776489257812,-4.7715606689453125 -11.622718811035156 -47.370330810546875,18.633358001708984 35.68513107299805 6.045604228973389,6.932750701904297 5.802487850189209 -7.67970609664917,32.39178466796875 7.763411521911621 49.50814437866211,20.636985778808594 -40.65778350830078 -7.717710971832275
-47.356693267822266 -31.128433227539062 15.273442268371582,-32.00263214111328 -14.349027633666992 0.8184071779251099,-33.636749267578125 -2.5980169773101807 22.449901580810547,80.36952209472656 -4.676130294799805 -9.833259582519531,5.724990367889404 -4.5742692947387695 -3.3917734622955322,-4.498509883880615 -12.95802116394043 -47.51144027709961,18.736635208129883 35.93062210083008 6.124258041381836,6.748097896575928 5.784547805786133 -7.9253435134887695,33.89628982543945 10.478141784667969 52.09876251220703,20.393991470336914 -40.02893829345703 -7.497370719909668
-46.85455322265625 -30.91383934020996 14.556272506713867,-31.550996780395508 -14.34372329711914 0.4926263988018036,-31.697378158569336 -2.566636562347412 23.387903213500977,78.27900695800781 -0.9446058869361877 -6.13388729095459,4.986485958099365 -4.35789680480957 -2.949124336242676,-3.655086040496826 -14.625946998596191 -47.832820892333984,18.73946189880371 35.937355041503906 6.12641716003418,5.987301349639893 5.809609889984131 -8.316425323486328,35.35511779785156 9.2878999710083 51.69593811035156,20.411087036132812 -40.07294464111328 -7.512673854827881
-46.597225189208984 -31.501317977905273 14.854954719543457,-31.568397521972656 -14.579822540283203 0.4630727469921112,-31.216569900512695 -2.5823447704315186 24.16681480407715,78.17243194580078 -0.6273517608642578 -5.8627729415893555,4.685258388519287 -4.264424800872803 -2.780806064605713,-3.4340646266937256 -14.748077392578125 -47.903289794921875,18.731718063354492 35.91897964477539 6.120490550994873,5.688535690307617 5.784939289093018 -8.638903617858887,36.74650573730469 8.080432891845703 51.014930725097656,20.41301155090332 -40.077857971191406 -7.514388084411621
-46.99822235107422 -32.42538833618164 16.35834503173828,-32.498653411865234 -14.579322814941406 0.8063843846321106,-34.40055465698242 -2.778543472290039 24.18287467956543,82.5749282836914 -9.712929725646973 -14.392029762268066,5.649846076965332 -4.501310348510742 -3.2517805099487305,-4.769857883453369 -12.823019027709961 -47.33861541748047,18.869077682495117 36.247127532958984 6.226273536682129,6.703396797180176 5.631809234619141 -8.657516479492188,37.384910583496094 9.518758773803711 52.08104705810547,20.287094116210938 -39.75480270385742 -7.402074813842773
-47.65074157714844 -32.56572723388672 17.299196243286133,-33.19384002685547 -14.187643051147461 1.1677800416946411,-38.005733489990234 -2.9382829666137695 22.953218460083008,86.35503387451172 -34.34130859375 -38.511497497558594,7.170528888702393 -4.8697967529296875 -3.9252219200134277,-6.407801628112793 -10.912185668945312 -46.494720458984375,19.057737350463867 36.701026916503906 6.3737406730651855,8.267810821533203 5.504603862762451 -8.22640609741211,36.060813903808594 11.333634376525879 53.95096206665039,19.936750411987305 -38.86634063720703 -7.096582889556885
-47.82797622680664 -32.06356430053711 17.294496536254883,-33.12297058105469 -13.931129455566406 1.4430968761444092,-39.440101623535156 -2.8712918758392334 21.64314079284668,87.09424591064453 -49.57108688354492 -53.72593688964844,8.136906623840332 -5.112601280212402 -4.290851593017578,-7.182849884033203 -10.236940383911133 -45.892494201660156,19.07259178161621 36.73672103881836 6.3854217529296875,9.232359886169434 5.494259834289551 -7.60362434387207,33.48591613769531 10.360128402709961 53.32925033569336,19.715036392211914 -38.3118782043457 -6.908481597900391
-47.35833740234375 -35.197261810302734 20.59016227722168,-34.412498474121094 -14.60500431060791 1.8677833080291748,-42.522884368896484 -2.8394362926483154 22.792734146118164,85.0430679321289 -140.3499298095703 -145.03213500976562,8.30152702331543 -5.224791049957275 -4.398110866546631,-8.63608455657959 -7.955197334289551 -45.55437088012695,19.033222198486328 36.64167404174805 6.354397296905518,9.446035385131836 5.252466201782227 -8.184797286987305,37.56487274169922 10.26641845703125 50.73450469970703,19.37590980529785 -37.474727630615234 -6.628408432006836
-46.64623260498047 -34.98854446411133 20.211851119995117,-33.42048645019531 -14.670577049255371 1.8923226594924927,-40.872047424316406 -2.644885778427124 23.239444732666016,86.80408477783203 -108.67790985107422 -113.47272491455078,7.729233264923096 -5.123935699462891 -4.126702785491943,-7.707347869873047 -9.482707023620605 -45.480281829833984,18.953678131103516 36.45014953613281 6.292054176330566,8.841713905334473 5.311008930206299 -8.137656211853027,36.69923400878906 7.383745193481445 47.38630676269531,19.956024169921875 -38.91490936279297 -7.113127708435059
-46.28603744506836 -32.393550872802734 17.725784301757812,-31.555252075195312 -14.400967597961426 1.8459675312042236,-37.02763748168945 -2.7084274291992188 22.92094612121582,83.94977569580078 -19.95779037475586 -24.86388397216797,7.131938934326172 -4.979258060455322 -3.7906761169433594,-5.996219158172607 -11.864477157592773 -45.50889587402344,18.35799789428711 35.03565216064453 5.839555740356445,8.207104682922363 5.390982151031494 -8.121309280395508,33.05345153808594 2.7013068199157715 44.407684326171875,19.760725021362305 -38.4256477355957 -6.946925163269043
-46.1871452331543 -33.16826248168945 19.09835433959961,-30.697418212890625 -14.524681091308594 2.4306154251098633,-37.06559753417969 -2.6200318336486816 22.24605369567871,83.40971374511719 -19.761186599731445 -26.07891845703125,7.601648807525635 -5.099928379058838 -3.723795175552368,-6.35404634475708 -10.26432991027832 -45.65815353393555,18.191083908081055 34.64544677734375 5.717176914215088,8.672444343566895 5.220785140991211 -8.210129737854004,33.42049026489258 2.492257595062256 43.540409088134766,19.844675064086914 -38.6353874206543 -7.017996311187744
-46.10407638549805 -33.05265426635742 19.158050537109375,-31.534454345703125 -14.289896965026855 2.729081153869629,-39.9202995300293 -2.7970497608184814 21.455591201782227,86.57012176513672 -51.84237289428711 -57.68074417114258,8.396566390991211 -5.3061418533325195 -4.211999893188477,-7.5061421394348145 -10.054816246032715 -44.509613037109375,18.4600887298584 35.27562713623047 5.915359020233154,9.513175964355469 5.14741325378418 -8.097200393676758,33.034873962402344 1.721382737159729 42.69086837768555,19.74921417236328 -38.39701843261719 -6.937276363372803
-45.952667236328125 -32.779090881347656 19.363616943359375,-31.388708114624023 -14.025924682617188 3.05043625831604,-41.438899993896484 -2.6871018409729004 20.023679733276367,87.08792114257812 -75.48937225341797 -81.70625305175781,9.204179763793945 -5.533263683319092 -4.516883850097656,-8.491105079650879 -9.284591674804688 -43.904605865478516,18.523359298706055 35.42479705810547 5.962643623352051,10.318431854248047 5.120049953460693 -7.564450740814209,31.138416290283203 1.7919118404388428 42.60737609863281,19.27944564819336 -37.23902130126953 -6.550423622131348
-45.70076370239258 -32.763572692871094 20.05735206604004,-29.97333335876465 -13.838825225830078 3.479569673538208,-40.743446350097656 -2.4264121055603027 18.73984718322754,86.02374267578125 -42.44862365722656 -50.15043258666992,9.73411750793457 -5.681138515472412 -4.4444899559021,-8.785104751586914 -8.227246284484863 -44.148460388183594,18.225223541259766 34.724979400634766 5.742068767547607,10.813118934631348 5.04250431060791 -7.198629379272461,29.537277221679688 2.450319766998291 42.33501434326172,19.003318786621094 -36.569515228271484 -6.330844402313232
-45.125911712646484 -32.799625396728516 20.535350799560547,-28.498838424682617 -13.663736343383789 3.947885274887085,-39.31532669067383 -2.307417631149292 18.427480697631836,83.7984390258789 -24.141529083251953 -33.245121002197266,9.624320983886719 -5.685328960418701 -4.164454936981201,-8.491841316223145 -8.306913375854492 -44.388362884521484,17.98760986328125 34.17323303222656 5.570558071136475,10.682783126831055 4.926196575164795 -7.374664783477783,30.308616638183594 3.315863609313965 41.77470016479492,18.948572158813477 -36.437808990478516 -6.28804349899292
-44.57135772705078 -32.364341735839844 20.324138641357422,-27.375810623168945 -13.613568305969238 4.364717960357666,-37.9636344909668 -2.3894197940826416 18.351858139038086,81.60057067871094 -16.08130645751953 -25.82994842529297,9.347617149353027 -5.66152811050415 -4.0226149559021,-7.892726898193359 -8.818339347839355 -44.289859771728516,17.667163848876953 33.43708801269531 5.34522819519043,10.408639907836914 4.848827838897705 -7.645804405212402,30.202556610107422 2.5968406200408936 40.74485778808594,18.646196365356445 -35.7155876159668 -6.055344581604004
-43.8816032409668 -32.44950485229492 20.339014053344727,-26.663442611694336 -13.86639404296875 4.818455696105957,-36.49690246582031 -2.489513874053955 19.122722625732422,79.71162414550781 -12.313546180725098 -22.62969398498535,8.698948860168457 -5.548326015472412 -3.76930832862854,-7.045156478881836 -9.805842399597168 -44.273406982421875,17.57951545715332 33.23721694946289 5.284705638885498,9.768380165100098 4.76863431930542 -8.188851356506348,31.442119598388672 1.1138859987258911 38.68964385986328,18.70012855529785 -35.843788146972656 -6.096392631530762
-43.207115173339844 -32.896942138671875 20.986141204833984,-25.654563903808594 -14.076078414916992 5.122997283935547,-34.59465408325195 -2.190950870513916 19.710586547851562,77.02889251708984 -9.198687553405762 -20.218368530273438,8.286438941955566 -5.48656702041626 -3.3463869094848633,-6.487882137298584 -9.600677490234375 -44.803321838378906,17.418668746948242 32.87230682373047 5.174957275390625,9.309196472167969 4.735718250274658 -8.185102462768555,31.019359588623047 -0.13798877596855164 36.94591522216797,18.739749908447266 -35.93809127807617 -6.12664794921875
-42.648193359375 -32.862701416015625 21.408784866333008,-24.59943962097168 -13.945590019226074 5.416268348693848,-33.88869857788086 -1.9897899627685547 19.306947708129883,75.41683959960938 -7.982471942901611 -19.432819366455078,8.533927917480469 -5.579903602600098 -3.2478134632110596,-6.593090534210205 -8.877765655517578 -44.93011474609375,17.242666244506836 32.475242614746094 5.056685924530029,9.528611183166504 4.679221153259277 -7.936365604400635,29.597990036010742 -0.6718820929527283 36.579959869384766,18.485963821411133 -35.33659362792969 -5.934700012207031
-42.100772857666016 -31.928361892700195 20.916122436523438,-24.107372283935547 -13.420543670654297 5.9658918380737305,-35.12764358520508 -2.382946014404297 17.64197540283203,76.03585815429688 -8.196160316467285 -20.139291763305664,9.3175687789917 -5.82517147064209 -3.8075013160705566,-7.608487606048584 -8.902154922485352 -43.782291412353516,17.289329528808594 32.58027648925781 5.0878729820251465,10.376832008361816 4.539690017700195 -8.003961563110352,28.92023277282715 0.5927120447158813 38.56672286987305,17.851709365844727 -33.859947204589844 -5.474170207977295
-41.38689041137695 -30.7049560546875 20.190135955810547,-23.48624610900879 -12.642338752746582 6.5117268562316895,-36.615413665771484 -2.5268666744232178 15.808048248291016,77.06100463867188 -8.863256454467773 -20.927764892578125,10.174321174621582 -6.052574157714844 -4.141632080078125,-8.986518859863281 -8.613565444946289 -42.65904998779297,17.329357147216797 32.67058181762695 5.114739418029785,11.2533540725708 4.44218635559082 -7.772443771362305,28.08447265625 2.3071208000183105 40.63676071166992,17.269956588745117 -32.53668212890625 -5.074902057647705
-41.097694396972656 -31.080707550048828 21.363788604736328,-23.2398738861084 -12.363450050354004 6.626334190368652,-37.381263732910156 -2.2575979232788086 15.659256935119629,78.04413604736328 -11.305709838867188 -23.651050567626953,10.499791145324707 -6.1736297607421875 -3.979329824447632,-9.885924339294434 -7.182172775268555 -43.1838493347168,17.166126251220703 32.303558349609375 5.005917072296143,11.544289588928223 4.335460662841797 -7.552345275878906,27.991737365722656 3.019865036010742 40.04896926879883,17.08509063720703 -32.12208938598633 -4.952460289001465
-41.026397705078125 -32.03760528564453 23.051172256469727,-23.48175811767578 -12.413433074951172 6.295261859893799,-37.99435043334961 -1.61039137840271 16.59666633605957,79.05390930175781 -15.349923133850098 -27.028886795043945,10.587701797485352 -6.211517333984375 -3.5374348163604736,-10.131165504455566 -5.925009727478027 -44.55146026611328,17.164464950561523 32.2997932434082 5.0048041343688965,11.543805122375488 4.336849212646484 -6.986508369445801,26.445531845092773 0.8021718263626099 36.694602966308594,17.608415603637695 -33.30310821533203 -5.304609775543213
-40.875144958496094 -32.03767776489258 23.363525390625,-23.816144943237305 -12.195496559143066 5.692094802856445,-38.61619186401367 -0.8721842169761658 17.573711395263672,79.81647491455078 -18.96058464050293 -28.553667068481445,10.58586597442627 -6.166760444641113 -3.035675048828125,-10.205669403076172 -5.740450859069824 -45.31700897216797,17.394954681396484 32.818599700927734 5.158880710601807,11.422825813293457 4.494174480438232 -6.0832014083862305,22.968992233276367 -2.8464436531066895 33.56304168701172,18.418399810791016 -35.17749786376953 -5.884296894073486
-40.25724792480469 -31.230070114135742 23.185928344726562,-23.305984497070312 -11.476186752319336 5.787807941436768,-39.387542724609375 -0.677959680557251 16.71575355529785,80.32968139648438 -20.607177734375 -29.926122665405273,11.067062377929688 -6.281919479370117 -2.9693589210510254,-11.195587158203125 -5.395024299621582 -45.23173522949219,17.376209259033203 32.77633285522461 5.14626932144165,11.864019393920898 4.468008995056152 -5.657075881958008,22.17296028137207 -2.4607772827148438 34.266326904296875,18.109346389770508 -34.45527648925781 -5.657975673675537
-38.98350143432617 -30.483434677124023 22.92026138305664,-22.599639892578125 -10.570977210998535 6.05744743347168,-39.84075164794922 -0.5325658917427063 15.649868965148926,80.61996459960938 -21.92180061340332 -31.556045532226562,11.599306106567383 -6.3942766189575195 -2.8573079109191895,-12.652610778808594 -5.046516418457031 -44.82406234741211,17.289955139160156 32.58176040649414 5.088292121887207,12.362581253051758 4.391347885131836 -5.393913745880127,23.087665557861328 -0.8694962859153748 36.91807556152344,16.948888778686523 -31.81824493408203 -4.863536357879639
-38.2152214050293 -28.966938018798828 21.67538833618164,-23.04606056213379 -8.991272926330566 4.323966979980469,-40.578914642333984 0.5877916812896729 17.033376693725586,81.64008331298828 -27.846435546875 -34.05356979370117,11.43630313873291 -6.172082901000977 -1.7120959758758545,-13.315518379211426 -7.1680145263671875 -45.6066780090332,17.809030532836914 33.761898040771484 5.444164752960205,11.967970848083496 4.694771766662598 -3.9914562702178955,22.61677360534668 -0.3791648745536804 38.93191146850586,16.64297103881836 -31.141155242919922 -4.667891502380371
-37.17512512207031 -26.736379623413086 20.258142471313477,-22.56041717529297 -6.82305908203125 2.65537691116333,-40.6382942199707 2.1477086544036865 17.769493103027344,80.92076110839844 -27.31986427307129 -30.37320899963379,11.550642013549805 -5.977887153625488 -0.3099805414676666,-14.379775047302246 -8.474174499511719 -46.81752014160156,17.94370460510254 34.07188415527344 5.539331912994385,11.751261711120605 5.098613739013672 -1.802380919456482,21.40665054321289 1.916412591934204 42.675804138183594,16.43071174621582 -30.675432205200195 -4.535324573516846
-21.77095603942871 -18.827451705932617 16.165674209594727,-21.79564666748047 -4.399340629577637 0.9598273634910583,-40.59162521362305 3.979992151260376 17.79751205444336,66.11259460449219 -9.167228698730469 -13.831357955932617,10.000445365905762 -8.235367774963379 -3.2548668384552,-15.357487678527832 -9.878539085388184 -48.442928314208984,18.131328582763672 34.50635528564453 5.673835277557373,10.721976280212402 2.9702353477478027 -4.211417198181152,19.489559173583984 5.261382579803467 45.365814208984375,16.555028915405273 -30.947738647460938 -4.61265230178833
-19.785301208496094 -14.825907707214355 13.878405570983887,-20.167787551879883 -1.2032299041748047 -1.611908197402954,-40.175506591796875 6.021303176879883 17.284303665161133,63.867427825927734 -9.503804206848145 -9.824520111083984,9.842110633850098 -7.9201579093933105 -0.19221462309360504,-16.621017456054688 -12.31733512878418 -50.634910583496094,18.312963485717773 34.930091857910156 5.80635929107666,9.918546676635742 3.4563045501708984 -0.5868469476699829,14.665925979614258 3.6471025943756104 44.3559455871582,16.999801635742188 -31.93167495727539 -4.89663553237915
-18.557239532470703 -13.116735458374023 13.578217506408691,-19.144760131835938 -0.039908621460199356 -1.4780513048171997,-41.45550537109375 6.239964008331299 15.02426815032959,65.08099365234375 -10.807260513305664 -9.935914993286133,10.325033187866211 -8.193623542785645 0.30225029587745667,-17.91318130493164 -11.485530853271484 -50.582706451416016,18.27971839904785 34.852359771728516 5.781939506530762,10.24705982208252 3.3209195137023926 0.48377519845962524,12.86268138885498 2.338441848754883 44.1026725769043,16.693885803222656 -31.253376007080078 -4.700058460235596
-16.21721076965332 -10.172955513000488 12.524063110351562,-17.43216896057129 1.9641026258468628 -2.2562577724456787,-40.484153747558594 7.462889194488525 14.29908561706543,61.557518005371094 -10.336021423339844 -7.461259365081787,9.933927536010742 -8.3018798828125 1.9967360496520996,-18.26445770263672 -12.630520820617676 -50.82244873046875,17.84006690979004 33.83314895629883 5.465975284576416,9.419450759887695 3.436098337173462 3.07724666595459,9.189717292785645 -1.210368037223816 41.92809295654297,16.297039031982422 -30.383817672729492 -4.453155040740967
-14.891045570373535 -6.569764614105225 10.91223430633545,-15.16598129272461 3.915031671524048 -3.1222779750823975,-36.84238052368164 8.07673168182373 14.882413864135742,54.53193664550781 -8.118231773376465 -3.503615140914917,9.738133430480957 -8.179532051086426 3.7787227630615234,-17.34933090209961 -15.190149307250977 -52.03396987915039,17.334430694580078 32.681976318359375 5.118103504180908,8.81576919555664 3.635051965713501 5.235212326049805,5.502354145050049 -1.4303253889083862 42.5944938659668,16.92637062072754 -31.768234252929688 -4.848989009857178
-14.897943496704102 -5.260969161987305 10.113285064697266,-13.733448028564453 4.099600791931152 -2.870990753173828,-33.540035247802734 7.761454105377197 16.16262435913086,48.90378952026367 -5.834275722503662 -1.5280314683914185,9.796558380126953 -8.012687683105469 4.257552146911621,-16.018856048583984 -16.676292419433594 -52.900848388671875,17.089807510375977 32.1325798034668 4.955543041229248,8.827488899230957 3.693840742111206 5.299440383911133,2.880758047103882 -4.400120258331299 42.87765884399414,17.817153930664062 -33.78052520751953 -5.449853420257568
-14.367347717285156 -4.241153717041016 10.002523422241211,-12.660015106201172 4.344532012939453 -2.1649839878082275,-32.046146392822266 7.703873634338379 15.83972454071045,45.373722076416016 -5.116407871246338 -1.1802685260772705,9.642932891845703 -8.196096420288086 4.3106231689453125,-15.155757904052734 -16.836688995361328 -52.72740173339844,16.547588348388672 30.931447982788086 4.608032703399658,8.61013412475586 3.6146416664123535 5.776220798492432,0.6713241338729858 -7.723410606384277 41.36139678955078,17.80339241027832 -33.7489128112793 -5.4401679039001465
-13.453272819519043 -3.1013498306274414 10.113512992858887,-11.785818099975586 4.864930152893066 -1.2611690759658813,-31.568645477294922 7.748813629150391 14.616464614868164,43.22184753417969 -5.2323737144470215 -1.3774809837341309,9.261689186096191 -8.55819320678711 4.215572357177734,-14.67701244354248 -16.415935516357422 -52.016300201416016,16.013721466064453 29.76990509033203 4.282356262207031,8.13337230682373 3.477313280105591 6.580086708068848,-0.9628294706344604 -9.777976036071777 39.535308837890625,17.386465072631836 -32.79949188232422 -5.153162479400635
-12.892704963684082 -2.3988592624664307 10.384102821350098,-11.224546432495117 5.079627513885498 -0.2916400134563446,-31.152015686035156 7.524330139160156 13.75340747833252,41.632652282714844 -5.164466381072998 -1.6546969413757324,8.9713773727417 -8.90100383758545 3.8805134296417236,-14.185487747192383 -15.916367530822754 -51.34377670288086,15.681687355041504 29.057369232177734 4.087777137756348,7.833865165710449 3.2917773723602295 6.853617191314697,-1.590537190437317 -10.442363739013672 38.47408676147461,17.368871688842773 -32.7597541809082 -5.141323089599609
-12.841568946838379 -2.176119565963745 10.998978614807129,-10.415140151977539 4.884469985961914 0.8922834396362305,-29.341880798339844 7.342933177947998 13.607888221740723,38.123111724853516 -4.337316036224365 -2.4596364498138428,8.866840362548828 -9.282241821289062 3.3892226219177246,-13.140839576721191 -14.90778923034668 -51.040382385253906,14.936859130859375 27.484500885009766 3.6724586486816406,7.755122184753418 3.0657119750976562 6.9684739112854,-1.072929859161377 -8.555781364440918 38.044044494628906,17.604341506958008 -33.293785095214844 -5.301778793334961
-14.434223175048828 -2.255584955215454 10.642120361328125,-9.193222045898438 3.741584539413452 1.1529741287231445,-24.687002182006836 6.210895538330078 15.793668746948242,32.24365234375 -0.9894169569015503 -2.073594808578491,9.26424503326416 -9.027246475219727 3.1422181129455566,-11.14428997039795 -14.838438034057617 -52.27412033081055,14.795093536376953 27.18889617919922 3.5966074466705322,8.38620376586914 2.9735283851623535 5.295936584472656,-1.120775818824768 -6.278438091278076 40.48451614379883,19.11747169494629 -36.845333099365234 -6.420951843261719
-14.134976387023926 0.11175309866666794 9.190587997436523,-8.447376251220703 4.735215663909912 0.8985326290130615,-21.18362045288086 5.596902370452881 16.00533103942871,26.486679077148438 1.0261025428771973 -0.8168821930885315,8.684408187866211 -8.941380500793457 3.297701120376587,-9.182507514953613 -18.643905639648438 -51.75733947753906,14.499663352966309 26.576820373535156 3.441847562789917,7.697640419006348 3.2129204273223877 6.045368671417236,-2.6503472328186035 -5.418086051940918 41.43149185180664,19.522974014282227 -37.836181640625 -6.748747825622559
-11.262513160705566 3.185819387435913 8.592440605163574,-8.80313777923584 7.5056939125061035 0.014215881936252117,-26.246713638305664 6.6349334716796875 14.019612312316895,31.839807510375977 -2.5116467475891113 0.6016440987586975,8.136693000793457 -9.15153980255127 4.647579193115234,-11.181610107421875 -19.580997467041016 -50.853179931640625,14.638224601745605 26.863338470458984 3.513920783996582,6.648162841796875 3.366097927093506 8.973814010620117,-4.338438510894775 -7.808347702026367 39.685794830322266,18.586240768432617 -35.57352828979492 -6.009979248046875
-11.398177146911621 1.9614871740341187 10.258819580078125,-8.846561431884766 6.703963279724121 1.1924196481704712,-28.734493255615234 6.8140788078308105 11.990899085998535,35.73264694213867 -4.499239921569824 -0.7404338121414185,8.991120338439941 -9.566041946411133 4.109139919281006,-12.890859603881836 -15.142754554748535 -51.097740173339844,14.690345764160156 26.97138023376465 3.5412564277648926,7.601367950439453 2.983839511871338 8.61063003540039,-3.8963534832000732 -8.160327911376953 39.536659240722656,17.951082229614258 -34.08892059326172 -5.544579982757568
-11.38670539855957 1.563872218132019 10.710408210754395,-8.799084663391113 6.169353485107422 2.1008975505828857,-28.36366081237793 6.469141483306885 11.707235336303711,34.70659637451172 -4.224425792694092 -1.3394560813903809,8.487960815429688 -9.818528175354004 3.55955171585083,-12.313474655151367 -14.638505935668945 -50.63771057128906,14.522262573242188 26.623498916625977 3.4535539150238037,7.219520092010498 2.7470107078552246 8.030783653259277,-3.6927969455718994 -8.806206703186035 37.8127326965332,18.158065795898438 -34.568565368652344 -5.693213939666748
-14.375024795532227 -1.7012948989868164 11.334256172180176,-8.32135009765625 2.430300235748291 5.487325668334961,-20.285348892211914 3.296607255935669 13.555000305175781,24.31939125061035 1.5668963193893433 -3.1359477043151855,7.83291482925415 -10.025797843933105 -0.20286376774311066,-7.833752155303955 -14.400750160217285 -48.208343505859375,14.066302299499512 25.687524795532227 3.2224583625793457,7.4692277908325195 2.428375244140625 3.564899206161499,-2.4097630977630615 -9.907294273376465 38.76725769042969,19.280309677124023 -37.24112319946289 -6.551082134246826
-14.003091812133789 0.17494867742061615 9.270509719848633,-8.24372386932373 3.38205623626709 4.883594036102295,-16.686330795288086 3.0014517307281494 14.466421127319336,18.26024055480957 3.7831594944000244 -1.5431153774261475,6.767867088317871 -9.684162139892578 -0.1795385628938675,-5.005853652954102 -19.579662322998047 -47.346736907958984,14.13937759399414 25.83681297302246 3.2588155269622803,6.265357971191406 3.072007417678833 4.701945781707764,-4.633074760437012 -13.294751167297363 37.994789123535156,20.064180374145508 -39.187721252441406 -7.20646858215332
-12.888710975646973 0.6772686839103699 9.3262357711792,-7.991488933563232 3.955789566040039 3.8176255226135254,-17.691333770751953 3.808676242828369 15.555885314941406,19.423927307128906 3.4637339115142822 -1.6148769855499268,6.469972133636475 -9.654363632202148 0.9658128619194031,-6.2875285148620605 -19.339582443237305 -48.42908477783203,14.180858612060547 25.92169952392578 3.2795655727386475,5.777488708496094 2.9749913215637207 5.321262359619141,-5.413112640380859 -13.604691505432129 37.2888069152832,20.053335189819336 -39.160308837890625 -7.197086334228516
-12.027474403381348 0.5177574753761292 10.388066291809082,-7.748507976531982 4.169511318206787 3.7300102710723877,-21.807037353515625 4.706121921539307 14.100272178649902,25.002099990844727 0.3538392186164856 -1.8296117782592773,6.995328426361084 -9.870180130004883 1.8337160348892212,-8.74283504486084 -16.14435386657715 -49.31961441040039,14.160090446472168 25.879165649414062 3.2691853046417236,6.167504787445068 2.6314682960510254 5.76283597946167,-4.709918022155762 -11.82906723022461 37.039466857910156,19.639312744140625 -38.12375259399414 -6.845134735107422
-12.226510047912598 -1.0172438621520996 12.270733833312988,-7.81588888168335 3.185847282409668 5.175053119659424,-25.575275421142578 4.6527228355407715 11.23567008972168,30.76917266845703 -2.420982599258423 -2.9810056686401367,7.851079940795898 -10.360575675964355 1.066504716873169,-10.828065872192383 -11.564369201660156 -49.189666748046875,14.35888957977295 26.286907196044922 3.3696274757385254,7.191658020019531 2.12774920463562 5.006930351257324,-2.580374240875244 -8.82155704498291 37.89385986328125,19.129905700683594 -36.87544631958008 -6.430812358856201
-12.399239540100098 -1.5820910930633545 12.356619834899902,-7.704287052154541 2.479810953140259 5.986046314239502,-24.456558227539062 4.2886576652526855 11.0814847946167,28.973512649536133 -1.8177639245986938 -3.3438565731048584,7.577395915985107 -10.414275169372559 0.41543662548065186,-10.173799514770508 -11.466129302978516 -48.422523498535156,14.35478687286377 26.278377532958984 3.367469310760498,7.03893518447876 2.1265146732330322 4.522250652313232,-2.534036636352539 -9.283217430114746 37.13248825073242,19.157472610473633 -36.942317962646484 -6.452735424041748
-13.935772895812988 -2.095689535140991 10.702930450439453,-7.450589179992676 1.227017879486084 7.104985237121582,-18.726762771606445 3.0243194103240967 11.918867111206055,20.843923568725586 1.5188583135604858 -2.5569517612457275,7.038308620452881 -9.862792015075684 -0.7945556640625,-6.491477966308594 -15.000144004821777 -47.08122253417969,14.799271583557129 27.197710037231445 3.5988609790802,6.7612528800964355 2.701676845550537 3.329050302505493,-3.552006721496582 -12.697425842285156 36.766746520996094,20.286413192749023 -39.7530403137207 -7.401452541351318
-15.094545364379883 -2.1773502826690674 9.422425270080566,-6.965513229370117 0.0013628632295876741 8.000178337097168,-14.751494407653809 2.1074602603912354 11.62240219116211,15.18996524810791 3.4501070976257324 -1.6759952306747437,6.7173333168029785 -9.433493614196777 -1.5166833400726318,-3.6796658039093018 -17.431610107421875 -46.45503616333008,15.266990661621094 28.177413940429688 3.8529984951019287,6.610082626342773 3.113609552383423 2.499044179916382,-4.236965179443359 -15.096681594848633 36.067970275878906,21.524194717407227 -43.024330139160156 -8.569046020507812
-14.243810653686523 -3.267685651779175 11.00828742980957,-7.21503210067749 0.06656165421009064 8.134329795837402,-18.27174949645996 2.8458614349365234 11.03537368774414,20.50272560119629 1.3319121599197388 -3.043771982192993,6.763919353485107 -9.7877197265625 -1.141520619392395,-6.267604827880859 -13.718996047973633 -46.76056671142578,15.322027206420898 28.293567657470703 3.883622169494629,6.6350226402282715 2.624478816986084 2.334944009780884,-2.6936514377593994 -13.215041160583496 35.09634780883789,21.135988235473633 -41.97455596923828 -8.187235832214355
-13.909235954284668 -3.427285671234131 11.325404167175293,-7.259103775024414 0.3533977270126343 8.395773887634277,-21.588415145874023 2.745138168334961 9.015116691589355,24.780019760131836 -0.6476142406463623 -2.8129870891571045,7.589852333068848 -9.990128517150879 -1.7313002347946167,-7.675241470336914 -13.188436508178711 -45.71555709838867,14.918221473693848 27.445539474487305 3.662417411804199,7.489136219024658 2.623492479324341 2.650522232055664,-1.7491986751556396 -10.528183937072754 36.559085845947266,19.653491973876953 -38.158973693847656 -6.857006072998047
-12.934207916259766 -4.14457893371582 12.925931930541992,-7.547909736633301 0.5787522196769714 8.290572166442871,-26.037906646728516 3.6144115924835205 7.27675199508667,31.018573760986328 -3.271846294403076 -4.062168598175049,7.857816219329834 -10.450030326843262 -1.3928906917572021,-10.85562801361084 -8.685519218444824 -46.27998352050781,14.790358543395996 27.17911148071289 3.5941219329833984,7.685544967651367 2.151642322540283 2.967468500137329,-1.543299913406372 -9.846272468566895 35.2996711730957,18.448101043701172 -35.24734878540039 -5.906406879425049
-12.95840072631836 -4.463248252868652 12.793403625488281,-7.6203532218933105 0.3983246386051178 8.298238754272461,-26.88697624206543 3.258080244064331 6.543664932250977,32.536930084228516 -3.5103790760040283 -3.9414947032928467,7.895949840545654 -10.399972915649414 -1.8041930198669434,-11.111737251281738 -8.887612342834473 -45.748966217041016,14.940635681152344 27.492460250854492 3.6744894981384277,7.8209381103515625 2.184382677078247 2.4908998012542725,-1.0464115142822266 -9.058414459228516 35.40286636352539,18.185924530029297 -34.63349533081055 -5.713477611541748
-13.496109962463379 -4.654081344604492 12.124385833740234,-7.36678409576416 -0.0335410051047802 7.967848777770996,-26.265256881713867 2.785142183303833 6.868673801422119,32.288604736328125 -2.8295907974243164 -3.522710084915161,7.808655738830566 -10.086830139160156 -1.9338475465774536,-10.44139575958252 -10.535019874572754 -45.7711181640625,15.362266540527344 28.378681182861328 3.9061331748962402,7.834283351898193 2.334134340286255 1.6959556341171265,-0.2989107072353363 -6.787417888641357 35.71474075317383,18.566226959228516 -35.52611541748047 -5.994870662689209
-14.032800674438477 -5.225809097290039 11.889690399169922,-7.3849382400512695 -0.4651910662651062 7.491039276123047,-25.963407516479492 2.9824697971343994 7.402475357055664,32.232601165771484 -2.56766939163208 -3.608198642730713,7.805872440338135 -9.828253746032715 -1.6999516487121582,-10.306347846984863 -10.992622375488281 -46.463356018066406,15.766279220581055 29.238121032714844 4.136773109436035,7.837732791900635 2.4617044925689697 1.401287317276001,-0.1778152883052826 -6.511696815490723 35.408935546875,18.933273315429688 -36.401058197021484 -6.276127338409424
-14.182477951049805 -6.123865604400635 12.333331108093262,-7.580802917480469 -0.747322142124176 7.123226642608643,-26.230724334716797 3.812448024749756 7.524590015411377,32.69706726074219 -3.1136128902435303 -4.266965866088867,7.9606828689575195 -9.792563438415527 -1.358621597290039,-10.747064590454102 -10.053366661071777 -47.21142578125,15.857266426086426 29.43317413330078 4.1898908615112305,7.91707706451416 2.5007219314575195 1.767584204673767,0.3426017761230469 -5.72687292098999 34.72774124145508,18.780838012695312 -36.03609848022461 -6.158194065093994
-14.38461971282959 -6.6068034172058105 12.129897117614746,-8.125799179077148 -0.7215446829795837 6.3465576171875,-27.631303787231445 4.188755989074707 7.499078273773193,35.35129165649414 -3.7064671516418457 -4.19197416305542,8.122352600097656 -9.552786827087402 -0.9950875043869019,-11.321674346923828 -10.434684753417969 -47.66754913330078,16.163772583007812 30.094369888305664 4.372278690338135,8.038273811340332 2.652109146118164 1.7892719507217407,0.8329244256019592 -4.979142189025879 34.964229583740234,18.72345733642578 -35.89928436279297 -6.114199161529541
-14.400233268737793 -6.781491756439209 11.17434310913086,-9.278050422668457 -0.5674649477005005 5.939628601074219,-29.692235946655273 3.9067516326904297 7.047104358673096,39.30245590209961 -4.106030464172363 -3.5692403316497803,8.370920181274414 -9.183789253234863 -1.1974927186965942,-12.018041610717773 -11.75050163269043 -46.62715530395508,16.600234985351562 31.04712677001953 4.6410136222839355,8.322251319885254 3.0326943397521973 1.6572158336639404,1.1663990020751953 -5.01793098449707 36.07620620727539,18.377317428588867 -35.0810432434082 -5.853863716125488
-14.618860244750977 -7.768859386444092 11.292708396911621,-9.945296287536621 -0.7953584790229797 5.273269176483154,-30.357500076293945 4.39828634262085 7.462154865264893,40.936336517333984 -4.417021751403809 -4.062784671783447,8.473876953125 -8.987319946289062 -0.9378697276115417,-12.648306846618652 -11.403427124023438 -47.14977264404297,16.763532638549805 31.407163619995117 4.7443318367004395,8.406938552856445 3.1420979499816895 1.574858546257019,2.0932958126068115 -4.195705413818359 36.1816520690918,18.29121208190918 -34.879180908203125 -5.790359020233154
-15.253318786621094 -8.894340515136719 11.635640144348145,-10.170390129089355 -1.2475941181182861 4.669763088226318,-29.75830078125 5.066648960113525 8.117064476013184,40.297210693359375 -4.434072971343994 -4.59580135345459,8.599320411682129 -8.834609985351562 -0.686900794506073,-12.539727210998535 -10.5650634765625 -48.10853958129883,16.674333572387695 31.21023941040039 4.687685012817383,8.500810623168945 3.243175506591797 1.6284172534942627,2.868643283843994 -3.403120994567871 35.89817428588867,18.346256256103516 -35.008121490478516 -5.830905914306641
-16.23645782470703 -9.791658401489258 11.325037002563477,-10.645426750183105 -1.7742949724197388 4.409363269805908,-29.137102127075195 4.900175094604492 8.733325004577637,39.525245666503906 -3.7414631843566895 -4.5335164070129395,8.740103721618652 -8.574872016906738 -1.179741621017456,-11.694839477539062 -11.47212028503418 -47.84690475463867,16.704490661621094 31.276782989501953 4.706817626953125,8.728717803955078 3.537349224090576 1.2881667613983154,3.3718857765197754 -3.7333459854125977 36.344364166259766,18.237794876098633 -34.754398345947266 -5.751250267028809
-16.77796745300293 -11.099295616149902 11.187777519226074,-11.840399742126465 -2.319037914276123 4.150020599365234,-30.543380737304688 4.884305953979492 8.771342277526855,42.273216247558594 -3.9554760456085205 -4.9125189781188965,8.876035690307617 -8.300773620605469 -1.602744460105896,-11.936524391174316 -11.730429649353027 -47.37004852294922,17.007648468017578 31.949111938476562 4.90175724029541,8.95571231842041 3.801722288131714 0.841916024684906,4.058032512664795 -4.94054651260376 36.449615478515625,18.098134994506836 -34.42935562133789 -5.649868011474609
-17.046327590942383 -12.895292282104492 11.858991622924805,-13.949241638183594 -2.731452703475952 3.5843634605407715,-34.62321853637695 5.2859721183776855 7.818339824676514,49.777137756347656 -5.900576114654541 -6.269016742706299,9.26204776763916 -8.181339263916016 -1.729694128036499,-13.894411087036133 -10.013806343078613 -47.33134460449219,17.679121017456055 33.46438217163086 5.353515148162842,9.406983375549316 3.8173415660858154 0.3321743309497833,4.718281269073486 -7.498188495635986 35.2939453125,17.90548324584961 -33.983673095703125 -5.512145042419434
-18.173839569091797 -13.76039981842041 11.513322830200195,-15.332415580749512 -3.3030192852020264 3.4743306636810303,-36.95775604248047 4.488888740539551 6.992242336273193,53.73410415649414 -6.2103590965271 -6.411610126495361,10.077622413635254 -8.06103515625 -3.0779292583465576,-13.66571044921875 -11.054706573486328 -45.78512954711914,18.18520736694336 34.631805419921875 5.712954044342041,10.426592826843262 4.108962059020996 -0.24756447970867157,4.075416564941406 -9.903038024902344 35.176368713378906,17.831295013427734 -33.81305694580078 -5.459811210632324
-19.50259017944336 -15.235715866088867 11.966798782348633,-16.42690086364746 -4.2846479415893555 3.3074169158935547,-38.22206115722656 4.111021518707275 6.748961448669434,56.17768478393555 -6.37490701675415 -7.258156776428223,10.617522239685059 -8.01668930053711 -4.049792289733887,-13.573707580566406 -10.424407958984375 -45.41621398925781,18.370943069458008 35.06603240966797 5.849112033843994,11.151153564453125 4.184535980224609 -1.0312223434448242,4.175380229949951 -10.696419715881348 34.58838653564453,17.93852424621582 -34.0599250793457 -5.535613536834717
-20.939468383789062 -17.597824096679688 13.573811531066895,-17.851354598999023 -5.502607822418213 2.9257233142852783,-39.698909759521484 4.344992160797119 6.7461934089660645,59.35737609863281 -7.146503925323486 -9.547922134399414,11.009231567382812 -8.069025039672852 -4.55234956741333,-14.161202430725098 -8.23518180847168 -46.26571273803711,18.412248611450195 35.163063049316406 5.879725933074951,11.683128356933594 4.021193504333496 -1.931154489517212,5.653708457946777 -9.499455451965332 33.373531341552734,17.78249168395996 -33.70107650756836 -5.425574779510498
-22.433237075805664 -20.14272689819336 15.3917236328125,-19.453689575195312 -6.77823543548584 2.5895836353302,-41.14495849609375 4.587812423706055 6.91828727722168,62.49126434326172 -8.04573917388916 -12.102317810058594,11.32523250579834 -8.145039558410645 -5.206791877746582,-14.48763370513916 -6.387942790985107 -47.187679290771484,18.34383201599121 35.00247573852539 5.829102039337158,12.144939422607422 3.8998336791992188 -2.716026782989502,7.777311325073242 -6.71912145614624 32.69179153442383,17.354581832885742 -32.72754669189453 -5.131698131561279
-38.5201416015625 -26.896787643432617 18.610761642456055,-20.715242385864258 -8.11106014251709 2.56589937210083,-41.08303451538086 3.8796842098236084 8.004396438598633,77.76993560791016 -16.493144989013672 -19.48882484436035,12.970337867736816 -5.969793319702148 -1.1624547243118286,-13.490352630615234 -6.907015800476074 -46.96660232543945,18.462827682495117 35.281986236572266 5.9173583984375,12.918899536132812 6.175335884094238 1.6585036516189575,9.791396141052246 -4.282476425170898 33.572505950927734,17.717994689941406 -33.55331802368164 -5.380507946014404
-24.811508178710938 -22.04654884338379 13.960359573364258,-21.105642318725586 -9.189034461975098 2.776092290878296,-38.32090759277344 2.5694310665130615 10.328117370605469,59.87999725341797 -4.0973711013793945 -10.770514488220215,10.695595741271973 -7.222779273986816 -6.90767240524292,-11.582481384277344 -10.40107536315918 -45.83244323730469,18.71196746826172 35.871925354003906 6.105396747589111,11.939508438110352 4.560380458831787 -5.338582992553711,13.105208396911621 -2.4951553344726562 36.62034606933594,18.359437942504883 -35.03901290893555 -5.840608596801758
-39.69405746459961 -30.59537124633789 19.243803024291992,-24.001115798950195 -10.002985954284668 2.103023052215576,-40.19407653808594 2.179194450378418 13.071906089782715,80.16728210449219 -18.040443420410156 -24.5355167388916,12.485786437988281 -5.711407661437988 -1.6051009893417358,-13.801946640014648 -7.98693323135376 -46.73790740966797,18.696191787719727 35.834495544433594 6.093415260314941,12.805303573608398 5.713053226470947 -1.667636752128601,21.984233856201172 4.723440170288086 40.53112030029297,16.265073776245117 -30.314254760742188 -4.43366813659668
-40.69707489013672 -33.04467010498047 20.860681533813477,-25.89744758605957 -10.896754264831543 1.5382800102233887,-41.47776794433594 2.0426950454711914 14.52392292022705,83.01140594482422 -27.4537296295166 -34.32526779174805,12.457898139953613 -5.683465480804443 -1.8875209093093872,-13.925143241882324 -6.925827503204346 -47.296939849853516,18.91853904724121 36.365692138671875 6.264639377593994,12.845423698425293 5.702624797821045 -2.0948233604431152,24.330495834350586 6.131856441497803 41.199913024902344,16.377098083496094 -30.558345794677734 -4.502252101898193
-42.17581558227539 -33.08705520629883 19.994434356689453,-28.81035041809082 -11.44736099243164 0.8192193508148193,-45.038726806640625 1.2917066812515259 14.808013916015625,86.94258117675781 -88.66195678710938 -93.79194641113281,12.446782112121582 -5.828436851501465 -3.2334892749786377,-13.811670303344727 -8.549410820007324 -45.62307357788086,19.628339767456055 38.09653854370117 6.836000919342041,12.974068641662598 5.9062395095825195 -2.02282452583313,23.495624542236328 3.619870901107788 40.99545669555664,16.863399505615234 -31.628389358520508 -4.808350563049316
-42.927181243896484 -36.065242767333984 21.830896377563477,-32.36781692504883 -12.159722328186035 -0.37150251865386963,-49.88438034057617 1.622382402420044 16.237117767333984,80.02812194824219 -162.22305297851562 -166.37513732910156,12.60811996459961 -5.726635932922363 -3.2571582794189453,-15.841297149658203 -7.104712009429932 -45.83888244628906,20.304641723632812 39.79965591430664 7.417614459991455,13.1360445022583 6.017491340637207 -2.0046894550323486,28.044597625732422 7.542266368865967 42.62172317504883,16.478952407836914 -30.78094482421875 -4.565217018127441
-44.40563201904297 -35.08781433105469 20.14786148071289,-33.021484375 -11.888029098510742 -1.3952083587646484,-48.63025665283203 1.3403879404067993 17.190841674804688,81.25650024414062 -161.08302307128906 -164.3321990966797,11.881071090698242 -5.47324800491333 -3.04895281791687,-14.404162406921387 -8.938129425048828 -46.44309616088867,20.48247528076172 40.256996154785156 7.577005386352539,12.414607048034668 6.14740514755249 -2.310189962387085,29.5278263092041 9.927785873413086 46.030677795410156,17.316051483154297 -32.64055633544922 -5.105787754058838
-46.14754104614258 -32.15439224243164 16.812028884887695,-32.27898406982422 -11.360457420349121 -2.17633056640625,-44.896671295166016 0.8885391354560852 16.78827476501465,86.63541412353516 -134.61395263671875 -137.0678253173828,11.142090797424316 -5.221735954284668 -2.8880841732025146,-11.548032760620117 -11.503384590148926 -47.11018753051758,20.426660537719727 40.1130256652832 7.526684284210205,11.671747207641602 6.331108570098877 -2.449514627456665,27.851831436157227 9.629816055297852 48.4238395690918,18.59893226623535 -35.60356521606445 -6.019584655761719
-46.804229736328125 -32.409793853759766 16.445045471191406,-32.691490173339844 -11.428997039794922 -2.718564748764038,-44.546287536621094 0.9903107285499573 16.798511505126953,86.82010650634766 -135.63345336914062 -138.18185424804688,10.860602378845215 -5.061281681060791 -2.6597752571105957,-10.98169994354248 -11.137919425964355 -47.6246223449707,20.421175003051758 40.0990104675293 7.521812438964844,11.368609428405762 6.4306135177612305 -2.481734275817871,28.828937530517578 10.447733879089355 49.36403274536133,18.86667251586914 -36.241363525390625 -6.2243876457214355
-47.05234909057617 -33.3430061340332 16.232730865478516,-33.59870147705078 -11.726325988769531 -3.607445478439331,-44.667301177978516 1.240241289138794 17.822311401367188,86.24970245361328 -145.2040252685547 -147.35780334472656,9.932889938354492 -4.816325664520264 -2.291635274887085,-10.410782814025879 -11.727134704589844 -47.93815994262695,20.46221351623535 40.2047119140625 7.5586981773376465,10.409579277038574 6.5776591300964355 -2.5602681636810303,30.513044357299805 11.357687950134277 49.767208099365234,18.676721572875977 -35.78812789916992 -6.078533172607422
-47.076446533203125 -30.39900016784668 11.634963035583496,-33.25525665283203 -11.35342025756836 -5.418447017669678,-41.25120544433594 1.390962839126587 19.161766052246094,87.32730865478516 -33.782962799072266 -33.33677291870117,7.5724029541015625 -4.377382278442383 -1.6558870077133179,-7.396521091461182 -16.153181076049805 -48.39540481567383,20.542755126953125 40.4129753112793 7.631649017333984,7.965970993041992 6.960394859313965 -2.344238758087158,28.77360725402832 9.577622413635254 49.77058029174805,19.232534408569336 -37.12464141845703 -6.512679576873779
-32.68174743652344 -24.0838680267334 5.358837127685547,-32.11075973510742 -10.523956298828125 -6.183101177215576,-36.394840240478516 0.871471643447876 19.046005249023438,66.6933822631836 2.8928427696228027 -1.1122232675552368,4.895334243774414 -1.8504867553710938 -6.065328121185303,-4.5287580490112305 -19.119245529174805 -48.86739730834961,20.55714225769043 40.450260162353516 7.644754886627197,6.240046501159668 9.201326370239258 -7.83132266998291,28.28388786315918 9.979171752929688 51.8849983215332,20.388254165649414 -40.01414108276367 -7.492197036743164
-32.720951080322266 -22.23444175720215 3.7408108711242676,-30.240171432495117 -9.399516105651855 -5.892637252807617,-33.92216873168945 0.7456450462341309 16.919727325439453,61.89025115966797 4.574570178985596 -0.31139883399009705,5.340298652648926 -1.6704645156860352 -5.305912017822266,-3.790684700012207 -18.613344192504883 -49.0332145690918,20.1387882232666 39.37689208984375 7.2715277671813965,6.570472717285156 9.255075454711914 -7.572689056396484,27.996788024902344 13.485527992248535 54.79730224609375,20.655881881713867 -40.70697021484375 -7.735069751739502
-32.485191345214844 -21.482402801513672 2.5368170738220215,-29.681049346923828 -9.274795532226562 -5.837420463562012,-33.85448455810547 0.9674330353736877 15.16171932220459,60.5167350769043 4.57900333404541 -0.14041057229042053,5.367149829864502 -1.4811829328536987 -5.129279136657715,-3.704155445098877 -18.489728927612305 -48.42681884765625,20.18099021911621 39.48405838012695 7.308434963226318,6.526930332183838 9.588951110839844 -6.859249591827393,25.652299880981445 10.862676620483398 51.50544357299805,20.73611831665039 -40.916542053222656 -7.809134483337402
-32.72148513793945 -22.633203506469727 2.7590959072113037,-30.713022232055664 -10.380009651184082 -6.067150115966797,-35.083457946777344 1.0531710386276245 15.342425346374512,62.45682144165039 4.190203666687012 -0.3333267867565155,4.579527854919434 -1.2206673622131348 -5.452022075653076,-3.7200255393981934 -17.1221923828125 -48.02939224243164,20.37563133239746 39.98168182373047 7.480885028839111,5.803618431091309 9.873418807983398 -7.152585983276367,24.171045303344727 3.137150287628174 43.74344253540039,21.451997756958008 -42.827301025390625 -8.496933937072754
-32.767799377441406 -24.183942794799805 3.8689000606536865,-31.657503128051758 -10.651448249816895 -6.445616245269775,-36.93101119995117 0.8994124531745911 15.735918998718262,66.18973541259766 3.308605909347534 -2.3401994705200195,4.278576850891113 -1.185686707496643 -5.853847503662109,-4.436492919921875 -15.466974258422852 -47.65050506591797,20.42093276977539 40.09827423095703 7.521531581878662,5.620795249938965 9.750592231750488 -8.149504661560059,27.49616050720215 3.2168548107147217 42.28269577026367,20.755517959594727 -40.96730422973633 -7.827146053314209
-32.59152603149414 -24.28663444519043 4.1241960525512695,-31.248607635498047 -9.910261154174805 -6.569087028503418,-38.484989166259766 1.1257599592208862 14.108190536499023,68.02572631835938 2.3977749347686768 -4.449559211730957,4.8396992683410645 -1.294287085533142 -5.653044700622559,-5.465164661407471 -14.197394371032715 -47.518836975097656,20.505170822143555 40.315696716308594 7.597510814666748,6.151327133178711 9.585265159606934 -8.117042541503906,30.504901885986328 9.7308349609375 46.57218933105469,19.733034133911133 -38.35662841796875 -6.9235944747924805
-32.3036994934082 -22.53950309753418 1.7053091526031494,-30.259180068969727 -8.853468894958496 -7.829756736755371,-37.4101676940918 1.899389624595642 13.610335350036621,65.85478973388672 3.1887385845184326 -1.713877558708191,4.710147380828857 -0.8088048696517944 -4.496057987213135,-4.600601673126221 -15.941390037536621 -48.324317932128906,20.632755279541016 40.64672088623047 7.713857173919678,5.772820472717285 10.215714454650879 -6.527355194091797,28.00479507446289 11.929776191711426 49.288814544677734,20.062538146972656 -39.18361282348633 -7.205068588256836
-31.256912231445312 -19.299457550048828 -2.6783435344696045,-27.20564842224121 -7.5943756103515625 -8.317548751831055,-32.94779968261719 2.3291311264038086 11.736442565917969,56.83720397949219 4.977033615112305 2.972158670425415,5.042300224304199 -0.10011368989944458 -3.270172357559204,-2.455322265625 -19.244834899902344 -47.98817443847656,19.986799240112305 38.9924430847168 7.139637470245361,5.803767204284668 11.15088176727295 -4.483608722686768,21.908489227294922 9.084259033203125 51.04313278198242,20.20907211303711 -39.55564498901367 -7.333157539367676
-30.279687881469727 -18.761255264282227 -4.0477166175842285,-24.750110626220703 -7.718439102172852 -8.199518203735352,-27.84368896484375 2.555206298828125 11.026098251342773,48.09800720214844 6.039824485778809 4.577452659606934,4.220329284667969 0.3607403039932251 -2.376765489578247,-0.8178831934928894 -20.09031105041504 -48.237396240234375,19.320199966430664 37.338436126708984 6.583268642425537,4.899792671203613 11.36546516418457 -4.690105438232422,20.94782257080078 4.985407829284668 48.00461196899414,20.862886428833008 -41.24948501586914 -7.927369594573975
-29.934690475463867 -19.035512924194336 -4.299869060516357,-24.697946548461914 -8.113215446472168 -8.517989158630371,-28.407276153564453 3.1814258098602295 10.747052192687988,48.590641021728516 5.448946952819824 4.365062713623047,3.533496141433716 0.5191215872764587 -1.9838470220565796,-0.5618540048599243 -20.287466049194336 -48.4909782409668,19.665267944335938 38.18827438354492 6.866855621337891,4.139472007751465 11.553396224975586 -4.297733306884766,20.175128936767578 2.9866533279418945 42.8126106262207,21.685531616210938 -43.46757507324219 -8.73231029510498
-29.703100204467773 -19.62428855895996 -4.146327495574951,-24.914531707763672 -8.12474536895752 -9.123452186584473,-30.03565216064453 3.640615940093994 10.581677436828613,51.14780044555664 4.730808734893799 3.8122031688690186,3.656312942504883 0.5501912832260132 -1.9435056447982788,-1.1345280408859253 -19.38978385925293 -48.39209747314453,19.852285385131836 38.65443420410156 7.024458885192871,4.228439807891846 11.661559104919434 -3.9471216201782227,20.458208084106445 3.521381378173828 42.5120735168457,21.497177124023438 -42.95056915283203 -8.542020797729492
-28.482563018798828 -20.649494171142578 -3.426142692565918,-23.443273544311523 -8.190373420715332 -8.079893112182617,-31.264665603637695 3.7483479976654053 7.820064544677734,51.232460021972656 3.2573108673095703 1.6072118282318115,5.249206066131592 0.25133970379829407 -2.6330459117889404,-2.683454990386963 -16.86199951171875 -46.429630279541016,19.01412010192871 36.59562683105469 6.339388847351074,5.888381481170654 11.495875358581543 -3.8835179805755615,19.9716854095459 4.420315265655518 45.383934020996094,18.762950897216797 -35.99333953857422 -6.144402027130127
-28.232723236083984 -20.07465934753418 -3.57731294631958,-23.050764083862305 -8.009955406188965 -8.294646263122559,-32.488548278808594 4.249868392944336 6.437495708465576,52.20427703857422 2.2724392414093018 1.5296645164489746,5.633227825164795 0.12784774601459503 -2.320343255996704,-3.3072752952575684 -16.761119842529297 -46.653079986572266,19.196205139160156 37.036346435546875 6.483665466308594,6.15875244140625 11.51939868927002 -2.972960948944092,17.570186614990234 4.20374870300293 43.90178680419922,18.530780792236328 -35.44231033325195 -5.968233585357666
-27.731740951538086 -20.926008224487305 -3.370060920715332,-22.798725128173828 -8.499058723449707 -8.593753814697266,-33.0250358581543 4.698203086853027 6.102998733520508,52.56487274169922 1.7388287782669067 1.161454200744629,5.412325859069824 0.18786370754241943 -2.312067747116089,-3.3897829055786133 -16.24587059020996 -46.369937896728516,19.0236873626709 36.61865234375 6.346886157989502,5.933053493499756 11.596999168395996 -2.9227516651153564,16.54064178466797 0.9036418199539185 39.97876739501953,18.62550163269043 -35.66648864746094 -6.039625644683838
-27.3963565826416 -21.675302505493164 -2.932077407836914,-22.68923568725586 -8.759549140930176 -8.603922843933105,-33.50617599487305 4.683211326599121 6.0037689208984375,53.25558853149414 1.5553306341171265 0.6204355359077454,5.500520706176758 0.16024896502494812 -2.4937961101531982,-3.7931251525878906 -15.268148422241211 -45.918487548828125,18.757627487182617 35.98069763183594 6.140332221984863,6.081467628479004 11.491535186767578 -3.3868815898895264,16.694448471069336 -0.6606084108352661 38.70701217651367,18.3520450592041 -35.02170944213867 -5.83512020111084
-27.39214515686035 -21.857025146484375 -2.6864538192749023,-22.81574821472168 -8.610393524169922 -8.760294914245605,-34.252052307128906 4.535171985626221 6.140805244445801,54.67683410644531 1.5184541940689087 0.46118223667144775,5.852985382080078 0.10835408419370651 -2.5964603424072266,-4.362961292266846 -14.55467700958252 -45.85239028930664,18.674968719482422 35.78395080566406 6.077198028564453,6.467925071716309 11.38304615020752 -3.663170099258423,17.382646560668945 -0.26308318972587585 39.88746643066406,17.958248138427734 -34.10539627075195 -5.549664497375488
-27.65708351135254 -21.78591537475586 -2.85202693939209,-23.167739868164062 -8.224560737609863 -9.5172758102417,-35.48261642456055 4.745192050933838 6.682374954223633,56.95070266723633 1.3642171621322632 0.8869650959968567,6.227357864379883 0.1873897910118103 -2.4090468883514404,-4.491778373718262 -14.930112838745117 -46.33648681640625,18.71259880065918 35.87340545654297 6.105885028839111,6.789513111114502 11.499518394470215 -3.299252510070801,17.977561950683594 1.1932964324951172 41.91926574707031,17.709001541137695 -33.53271484375 -5.374271392822266
-27.88800811767578 -21.506229400634766 -3.6917316913604736,-23.513376235961914 -7.7670488357543945 -11.163307189941406,-36.87251281738281 5.577138423919678 7.8538384437561035,59.48236846923828 0.9644218683242798 2.280879259109497,6.2880964279174805 0.48369619250297546 -1.8005738258361816,-4.079283237457275 -16.87403678894043 -47.41024398803711,19.004642486572266 36.572776794433594 6.3319411277771,6.671640872955322 11.968938827514648 -2.0363025665283203,17.150754928588867 1.656124472618103 42.75079345703125,18.047494888305664 -34.31184387207031 -5.61345911026001
-27.635221481323242 -20.94265365600586 -4.687765121459961,-23.433378219604492 -7.342752456665039 -12.891497611999512,-36.877769470214844 6.295788288116455 9.549875259399414,60.22705078125 0.836563229560852 4.41108512878418,5.943446159362793 0.7777581810951233 -0.9604876637458801,-3.7347936630249023 -19.037551879882812 -48.8021125793457,19.29307746887207 37.272193908691406 6.561342716217041,6.151226997375488 12.30165958404541 -1.1099364757537842,16.00996971130371 1.541001319885254 43.07040023803711,18.803730010986328 -36.090736389160156 -6.175769805908203
-28.042396545410156 -20.91655731201172 -4.033960342407227,-24.12832260131836 -7.115447998046875 -13.63205623626709,-36.99951171875 6.083395957946777 11.55146312713623,61.588417053222656 1.0681627988815308 5.117632865905762,5.4796247482299805 0.6815053820610046 -0.6567213535308838,-4.06367826461792 -19.396034240722656 -50.30735778808594,19.499614715576172 37.778594970703125 6.729549407958984,5.723143577575684 11.962201118469238 -1.8204631805419922,17.449132919311523 2.7988381385803223 43.53208923339844,19.515228271484375 -37.817081451416016 -6.742389678955078
-28.377819061279297 -21.130815505981445 -3.1903927326202393,-24.550254821777344 -7.060489177703857 -13.768753051757812,-37.51789474487305 5.606626510620117 12.999228477478027,63.2423210144043 1.1675939559936523 5.131828308105469,5.512254238128662 0.5106483101844788 -0.7863107323646545,-4.760072708129883 -18.920560836791992 -50.82082748413086,19.53325653076172 37.86153030395508 6.757278919219971,5.85390043258667 11.582466125488281 -2.754849672317505,18.94645118713379 3.7363505363464355 44.0079231262207,19.64944076538086 -38.148902893066406 -6.853618621826172
-27.757394790649414 -21.01959228515625 -3.3570752143859863,-24.1970272064209 -6.747519493103027 -14.148540496826172,-38.6534423828125 5.700321197509766 12.892955780029297,64.92720031738281 0.5326826572418213 5.1317267417907715,6.095004081726074 0.44283485412597656 -0.8809089660644531,-5.540034294128418 -19.373506546020508 -50.45112228393555,19.36772346496582 37.45465850830078 6.621751308441162,6.422173976898193 11.589041709899902 -2.491184949874878,18.395009994506836 2.7636265754699707 44.05254364013672,18.764888763427734 -35.9980354309082 -6.145919322967529
-26.762331008911133 -20.795562744140625 -3.7020175457000732,-23.71942901611328 -6.355236053466797 -14.804086685180664,-40.659210205078125 6.294027328491211 11.995376586914062,67.37227630615234 -0.907185435295105 4.540230751037598,6.895677089691162 0.3233959376811981 -0.9522454738616943,-6.547547340393066 -20.400184631347656 -50.0120735168457,19.277612686157227 37.23453140258789 6.548911094665527,7.1208600997924805 11.767228126525879 -1.3118816614151,16.72759246826172 2.3040547370910645 44.24489974975586,17.730247497558594 -33.58134078979492 -5.389069557189941
-26.325437545776367 -20.442058563232422 -3.0804061889648438,-24.01668357849121 -5.7050862312316895 -15.650348663330078,-43.7612419128418 7.032322883605957 11.666051864624023,71.76056671142578 -3.416226625442505 3.0003061294555664,7.834052085876465 -0.03337419778108597 -0.7189276218414307,-8.259465217590332 -20.956417083740234 -50.833412170410156,19.471406936645508 37.70905303955078 6.706354141235352,7.918911933898926 11.631471633911133 -0.1195855438709259,16.274208068847656 3.568626880645752 44.89791488647461,17.177841186523438 -32.32978057861328 -5.0136590003967285
