-14.7 3.1 -16.8,-10.1 7.2 -8.3,-12.8 6.1 -14.7,23.7 -9.9 21.0,25.2 3.7 8.0,-4.4 61.4 -38.1,29.3 103.9 36.9,23.5 15.7 9.9,-3.2 -60.3 42.1,28.8 -107.6 -38.8
-14.767265011391336 6.9823985600283445 -16.612706804878233,-9.231416492907421 9.023253963657478 -7.9180083259491125,-12.785035068103927 5.755497837829682 -15.56858350709257,23.30690040023789 -10.925792474141163 22.988022578794663,24.005736268817966 3.2282187345731024 9.096914491717435,-4.186633947271168 60.75943874896986 -36.504922656686205,29.329929863792 103.34614315556702 36.623071577783506,22.066142994200828 15.172061648892809 11.08300144118969,-4.525245476342295 -55.624151320921676 42.16371673376891,28.605301521070835 -109.04897630197648 -39.496409608148085
-15.136380877452472 8.92306442366627 -16.786519183899312,-8.809254552117329 9.970261518103184 -8.040138020878178,-12.749129867366927 5.759848071856708 -15.990745447882665,23.090787500497363 -11.517416559925302 23.914902415858354,23.32149236885931 3.134917225080104 9.755317049630092,-3.9862985308856085 61.40368727628064 -36.2092406448522,29.401740265266017 102.43273565378672 36.16636782689335,21.22250080793913 15.047886868008309 11.844087671967882,-5.41988865137752 -52.610679669200394 42.00500014278435,28.55361883697883 -109.51343876348605 -39.713204203207106
-15.670667554254496 9.496827486251146 -17.176814912836452,-8.699661645838209 10.295400700404654 -8.472991156022564,-12.702492778848956 5.984874149825346 -16.100338354161792,23.002033151547053 -11.792279117172896 24.104210014916465,23.00859223349013 3.2879478291163218 10.089495888102928,-3.8083496872099047 62.81635941607862 -36.75752695168612,29.495014442302082 101.35600293556116 35.628001467780585,20.812246813223123 15.188238279337329 12.284219880184,-5.978653422044065 -50.862830029042996 41.716578101279694,28.596176243186118 -109.32149028977828 -39.61089036999965
-16.233444997868503 9.278517643120354 -17.638971767462873,-8.768785242278547 10.253049547629422 -9.023169802617634,-12.655332183609962 6.302399519479866 -16.03121475772146,22.991009204155617 -11.867787005704432 23.879515879694424,22.928359796076517 3.5551629042770707 10.21373922150089,-3.6621433526106384 64.4810690025101 -37.69435456437605,29.58933563278019 100.3121704417924 35.1060852208962,20.67855438206101 15.45387850487072 12.504359253687458,-6.296263685280327 -49.98384738465639 41.39117848348836,28.6841980351548 -108.80123378610296 -39.3499746933483
-16.688033164365585 8.842964789611264 -18.028367523551797,-8.882772809646829 10.09758609684502 -9.497276031898751,-12.617856462709895 6.584247628564537 -15.917227190353184,23.008087509091695 -11.861347085340398 23.564390513917633,22.94211898998458 3.8044148081576687 10.242335264188942,-3.5570354634543904 65.88142986972142 -38.56429647011012,29.66428707458037 99.49746361338248 34.698731806691235,20.664596886461005 15.705570166599326 12.605466980327682,-6.467443338024703 -49.57697672024745 41.121529163643714,28.768908508347003 -108.28077215770966 -39.090963758075674
-16.89775200981683 8.764998821061253 -18.200379956876436,-8.907771816151536 10.083388385118978 -9.701911915101277,-12.600273997208705 6.702241924823623 -15.892228183848466,23.003639917123923 -11.89036621590127 23.482404421311507,22.911193748580402 3.903555898353431 10.289572230532023,-3.5023819561077434 66.50105585185882 -38.91192565607644,29.699452005582614 99.1081078912334 34.50405394561671,20.613547698431326 15.80407588651399 12.688504247954086,-6.586916277215583 -49.24546302002307 41.00035801597916,28.80153195822485 -108.0882083098481 -38.994364149004326
-16.758561016588942 9.420233052919594 -18.04876687390171,-8.755791189199044 10.375111321266044 -9.496959835193763,-12.61050322400502 6.5648762505684415 -16.04420881080093,22.94609896627888 -12.028099434134292 23.84792480798446,22.74880012284243 3.7599791792247714 10.425296357803505,-3.50840922899232 65.96018083465093 -38.41762727496123,29.67899355198964 99.30027033741635 34.600135168708185,20.428502756149967 15.652279031550352 12.811990057467515,-6.70638390480607 -48.759739917804644 41.09662301105952,28.748192961291956 -108.44934297062035 -39.170821411472964
-16.344347145623946 10.098293723836331 -17.67650670601118,-8.588843907264335 10.648303145232045 -9.032748532684737,-12.643979433428154 6.280545353061625 -16.211156092735624,22.902351213677626 -12.107117445685335 24.28002018541552,22.65103307446232 3.4966251332551552 10.477087838874304,-3.5900888204330186 64.62379403761092 -37.50213779301064,29.61204113314315 100.01174822895565 34.95587411447784,20.33921320142104 15.382675306637713 12.803078798634814,-6.643019585012971 -48.801634632078645 41.349705513851276,28.656241826673384 -109.03229817304683 -39.45917417321469
-15.789328905349675 9.720571196713134 -17.257520294205868,-8.653714179210535 10.412666087932807 -8.55809113257641,-12.691905137621344 6.025426263876787 -16.146285820789455,22.972666948823242 -11.87837985111858 24.19590552480514,22.90990598409141 3.309521958304858 10.190379435093822,-3.764001248074253 63.10941589209919 -36.837231575663715,29.516189724757176 101.10629414128448 35.503147070642235,20.686192235326164 15.20561723670819 12.410473881447642,-6.134473049398184 -50.36200919580624 41.655050128139905,28.600570838370498 -109.31609857776037 -39.60609692808185
-15.229235271411726 7.513541547420404 -16.948001194316287,-9.12879623774137 9.320775925709158 -8.28826013566976,-12.744626745388315 5.9466376465441195 -15.671203762258722,23.226646756226945 -11.17256731003056 23.169770475130825,23.72456701406649 3.3560206079965758 9.39556245661056,-4.031014560260146 61.97337743471879 -36.963694019955334,29.410746509224474 102.41130083065987 36.155650415329916,21.69870619158348 15.288398716028917 11.473930857802873,-5.019921150962429 -54.07189846075522 41.91525289361735,28.640258941353835 -108.89655581171549 -39.41446695987393
-14.809130185284998 4.653910926578973 -16.79056753650125,-9.755296720001926 7.938479319461843 -8.223823813771661,-12.787045268487434 6.005376749082315 -15.044703279998235,23.53785692492792 -10.32989406741658 21.779313579163627,24.700616043266432 3.5460954246907606 8.466012095369335,-4.291645916142001 61.379941109267115 -37.58449728285606,29.325909463027106 103.52234272094523 36.71117136047258,22.895008125996586 15.522932128251746 10.415084854835776,-3.7873209107404855 -58.262823877094206 42.07880676872219,28.73325627727105 -108.11627881856901 -39.04655776106503
-14.677748975593486 3.0853995012674083 -16.783168904093635,-10.102478953495822 7.190806996807327 -8.280908528391667,-12.80192007605087 6.0897190204447735 -14.697521046504232,23.702764608699134 -9.890970930152886 20.9969075246101,25.210213902146602 3.6924289846949607 7.988655910002601,-4.406945060450946 61.3391710882769 -38.073106502332315,29.296159847898945 103.94382144951064 36.92191072475531,23.513713754596353 15.692823928794782 9.884420813801839,-3.17979077350099 -60.36192180069221 42.112255700054206,28.79773962429825 -107.61158753371141 -38.80599123890564
-14.942166926290744 4.381429323460801 -16.913524083463837,-9.821188896155444 7.82514695851681 -8.379185347623341,-12.77642397325151 6.1020506085571276 -14.978811103844244,23.557391118661975 -10.290284578752091 21.612333640865504,24.748597329246635 3.637729187143056 8.434233302832029,-4.2681538277596704 61.820910318871555 -37.902424852335606,29.34715205349315 103.29983662224146 36.59991831112078,22.943530513165637 15.61735648980933 10.401758053658284,-3.789655501819709 -58.313340482703886 41.99608590477508,28.765661264158254 -107.90789590171852 -38.943761602192346
-15.396378714824282 7.3193799404826265 -17.093285470881106,-9.178338821759334 9.247702437099827 -8.466476945953008,-12.730928820242616 6.053596489401884 -15.621661178240068,23.23633595222988 -11.16135015972147 23.036368602523066,23.73993667694989 3.452049867429108 9.396659060583977,-3.9940732974114934 62.49557032784056 -37.29841225711363,29.438142359507438 102.11548316098222 36.00774158049121,21.70591461275915 15.385812146319626 11.501039141199705,-5.071656942927686 -53.962081156316984 41.8152149050523,28.67319147506952 -108.69203975512926 -39.31290101700979
-15.692025783562597 9.405310710272525 -17.199519172417663,-8.720957470138167 10.254859299718822 -8.503406127160856,-12.700901608526426 6.005069083901097 -16.079042529861578,23.009957800645164 -11.773492618379079 24.052775562032714,23.030775010469455 3.3088157783281233 10.071168466901252,-3.8069724544330543 62.89741549493511 -36.82943268119986,29.49819678294402 101.32552555941479 35.61276277970744,20.837366790795983 15.21023832127766 12.267942706895225,-5.963294403940841 -50.92680662947225 41.70204363084727,28.603886954742173 -109.26956555679882 -39.58549404987414
-15.531551160696013 8.491739517248318 -17.12828844922016,-8.920166474436277 9.810465327042103 -8.458312665876084,-12.716678267973615 6.010013629416522 -15.879833525564802,23.110916317046623 -11.498108345364486 23.613797646315437,23.3494272190815 3.358382273680752 9.765584889250235,-3.8975703683445477 62.6323313042982 -36.98849276972995,29.466643464066077 101.73030264786384 35.81515132393174,21.229486239641023 15.274227461829293 11.916383165169918,-5.551336252936027 -52.3186221511603 41.76921231132332,28.63002421666024 -109.04062875929768 -39.478236973723284
-15.075512503255913 5.56889384928111 -16.946133498817666,-9.559562448009077 8.39478162494496 -8.367585880675879,-12.762292153439283 6.056028303450685 -15.240437551993125,23.430564205271185 -10.630542747352031 22.197913549928618,24.353984769187516 3.541338801235969 8.806741421749289,-4.171403976811892 61.94917509242513 -37.583176632137835,29.375415693148597 102.91646406407656 36.40823203203791,22.462313611328344 15.502847973415573 10.820647942722685,-4.273045291506192 -56.655899056906165 41.95151755744146,28.72145238186702 -108.26373984790354 -39.11262451004193
-14.724532157096617 3.271247485776642 -16.808929130881374,-10.062459949148302 7.282711666353217 -8.303274926265663,-12.79751279460681 6.096153206974175 -14.737540050852788,23.681399923037258 -9.95031597475596 21.08339146016421,25.14171256368595 3.6883516938687566 8.05546033401003,-4.384566922239616 61.43373916347928 -38.06188808238923,29.30497441079994 103.83465286578563 36.867326432892625,23.428596742873065 15.685694540015934 9.963091898664995,-3.27338061716764 -60.05028955918105 42.0905610237588,28.79434579538868 -107.64721099693374 -38.822276921540656
-14.836008837615546 3.9525625807142273 -16.855513901354804,-9.913602028587416 7.613256942953083 -8.329251674560368,-12.786441822610778 6.088150078490671 -14.886397971408858,23.606587482278158 -10.153761794286646 21.41240281503113,24.90620426955571 3.6479026103528565 8.280664617034033,-4.319291531751636 61.60785683212671 -37.93100378163473,29.327116354732524 103.54834151641273 36.72417075820698,23.13926751065317 15.634557964967387 10.22112561714458,-3.5749312626579672 -59.02884217684684 42.045126694591914,28.773737773190664 -107.82429658777708 -38.9054759711952
-15.286493962484352 6.835837231953087 -17.035697411562698,-9.282884748534443 9.009840283534434 -8.419329241560407,-12.741392904720636 6.043084945640835 -15.51711525145741,23.29123086908537 -11.009727717409126 22.808994263113682,23.91508551221827 3.4676866701637272 9.226730402752084,-4.048991943957553 62.28354803573931 -37.34529893572754,29.417214190458317 102.37706154449236 36.13853077224755,21.92289605650814 15.409291080040429 11.302340183317423,-4.836345554044045 -54.74903485694042 41.86493710376438,28.683631829965144 -108.59018697081203 -39.265895690343015
-15.662923602050743 9.258403705827437 -17.18543672252202,-8.75287328325601 10.183048273598448 -8.493078163559286,-12.703717919830284 6.004129122473893 -16.047126716739353,23.026385241259476 -11.728434316804487 23.982842672299068,23.082873643746336 3.315385682700254 10.020947076756062,-3.8224617201375413 62.845310608991376 -36.85008056928454,29.49256416028222 101.39687151764751 35.64843575882454,20.901668844348674 15.219155002884376 12.209741916844884,-5.89476743677123 -51.15726301248583 41.71471747845909,28.607641441018714 -109.23530475295942 -39.56953703657099
-15.585028115449454 8.768180298046625 -17.153763013846877,-8.860063183083096 9.945458447596094 -8.476547347993128,-12.71148764114049 6.011105745173304 -15.939936816929679,23.08007932864228 -11.58259408555642 23.745649395517955,23.251725626688437 3.345473194397559 9.85966654042939,-3.868782635402369 62.726682907338486 -36.9477162762623,29.47702471787654 101.59848771963625 35.749243859816,21.108972884051802 15.25691309847776 12.02525135425128,-5.679396263933364 -51.88755467877844 41.746093775193636,28.622784334197345 -109.10609447443628 -39.50876718926036
-15.142412325710813 5.934900323428295 -16.976750139276792,-9.47984619206463 8.57309740300279 -8.388085927849,-12.755750506431033 6.055420058561667 -15.32015380796539,23.389964402262354 -10.74148388857046 22.373262626792407,24.225643712327663 3.5225889654046862 8.930024182063498,-4.1343791195709105 62.06287498107276 -37.52335217850532,29.38849898750812 102.74934793849482 36.32467396924241,22.30423101971273 15.478298165700725 10.962813969335606,-4.439894556171609 -56.0930349220414 41.923125942838496,28.711335788692274 -108.35343926641626 -39.154574233361146
-14.749239562234786 3.415569005537937 -16.819668781930414,-10.030966842261684 7.352846504981098 -8.309797986944952,-12.795075003786755 6.0950333991219665 -14.769033157757464,23.665488621871113 -9.993668540495705 21.152867307220944,25.091540868832045 3.6802480090080767 8.103523733742245,-4.370434420292291 61.47376573299204 -38.03579822834775,29.30984999266265 103.77192929307557 36.83596464653459,23.36689508490048 15.675317812115198 10.018303923336065,-3.338014309733408 -59.83171450334439 42.08031561636258,28.790129205091127 -107.68387575394956 -38.83947277853153
-14.79737323014063 3.7242181721821987 -16.83888540911955,-9.963446516179095 7.502338593148922 -8.31935670836906,-12.790260219667848 6.090161938466457 -14.836553483777426,23.631735542882826 -10.085276954589938 21.30238773395977,24.985466849606226 3.660918027868956 8.204768799866352,-4.341524464098291 61.545838712199824 -37.972965162971136,29.319479560128052 103.6467165776839 36.773358288849195,23.236718808554958 15.651165962605843 10.13400042517056,-3.4729841159407875 -59.37375036504466 42.06107773533392,28.780471299075593 -107.76593253178955 -38.87809023325597
-15.230393610782265 6.498778157650923 -17.011893159858424,-9.356493454351206 8.846212493274505 -8.405590812572616,-12.746950473419078 6.046543882559084 -15.44350654553842,23.328297550127157 -10.908855823242448 22.646415789237953,24.031843127074833 3.4872936568764223 9.115005698895974,-4.081550372855475 62.19467558595663 -37.40862814937254,29.406099051800627 102.52050903103311 36.210254515534956,22.06639220181217 15.434193306994446 11.174205100357838,-4.686504852216733 -55.256279949627896 41.88795436832535,28.693697652272718 -108.50331583558965 -39.22510774283544
-15.637360084866728 9.102638860116265 -17.17472472085357,-8.78690297957908 10.10746954756959 -8.487067131388567,-12.706255555889946 6.005918151559947 -16.01309702034316,23.04349366469255 -11.681903589921882 23.907638250110402,23.136736552274336 3.3246004693978564 9.969434652721016,-3.837406811473011 62.805280967006816 -36.87988826244983,29.487488887261115 101.46247576334967 35.68123788168781,20.967845631723268 15.23081385013857 12.150710159085914,-5.8257722850729525 -51.390945983745 41.72514875235097,28.612342410223977 -109.19487863482294 -39.55054600776887
-15.619447077879927 8.977279948040767 -17.168224451691476,-8.814385181412128 10.046926645931363 -8.484712099411938,-12.708072432415197 6.008758001667239 -15.98561481873457,23.057106895753723 -11.645081268220904 23.84658386059629,23.17939311532426 3.333146688866413 9.928850709049422,-3.8486916777589535 62.780713148676114 -36.90785528263801,29.483855136978907 101.51022600407136 35.70511300201123,21.020098057943116 15.2413048166985 12.104547718489643,-5.772086599413171 -51.573650996644545 41.73203263710201,28.616487648307256 -109.16028347124045 -39.53422079956073
-15.199014448635408 6.2734217830864 -17.000863625767824,-9.405927372332098 8.737462558646367 -8.40212506688303,-12.750146936466747 6.052082082410098 -15.394072628072687,23.352721796245742 -10.8428541699462 22.53649498371823,24.10831231319534 3.5030066717858745 9.042318408779009,-4.101607284176216 62.152875754192884 -37.46013452203001,29.39970613205886 102.60478785667873 36.25239392827191,22.160014557234224 15.453395499454743 11.091635713978569,-4.59056418962026 -55.58306831209914 41.899862054854836,28.70126144273435 -108.44048720592419 -39.19543801686399
-14.779382628185601 3.592282306234809 -16.832731402459917,-9.992401438067482 7.438710879920002 -8.317682711937975,-12.792099368095059 6.093604522047142 -14.807598562244184,23.646012577348024 -10.046725441514168 21.23795830143755,25.030137090892907 3.6702789098076396 8.162338564936963,-4.353160630251067 61.52246054087826 -38.00368867236427,29.315801267653818 103.69533609784 36.79766804886806,23.291386499669418 15.662566420575367 10.085852322446392,-3.417078567733629 -59.564303196122204 42.06783303096039,28.78495131072474 -107.72885458233233 -38.86057104660198
-14.761799470410208 3.5204230202193885 -16.82317428386372,-10.007893146280114 7.403229090338155 -8.309506656164904,-12.793760607308467 6.091382911085018 -14.792106853230079,23.65424378114754 -10.023898227804724 21.204417940817244,25.056491965281836 3.6720703168321758 8.136674219154445,-4.361672025134504 61.487349385643135 -38.00878271304023,29.312478779342197 103.73658701986825 36.818293510015764,23.324106167345217 15.665533714582118 10.0556895997671,-3.381241584915541 -59.683778208406196 42.07593407897084,28.786332370341977 -107.71468878838206 -38.85407609298438
-15.161298307621811 6.127727097777158 -16.97983945406744,-9.437262834925805 8.665303788139061 -8.38361990579692,-12.753690164671651 6.046490374401558 -15.362737163593529,23.36953137909286 -10.796086248688521 22.46890369043066,24.162284345876664 3.5057609446630407 8.989605874805733,-4.119441119180587 62.075747922836946 -37.4673731136436,29.392619652395144 102.6923446220006 36.29617231124709,22.22713531531176 15.458551143015955 11.02943532588663,-4.516474585524386 -55.82946851389433 41.91746062131147,28.70378044580681 -108.41336633092675 -39.18307826439306
-15.593562013302957 8.881802059933248 -17.15351517842985,-8.834878369710303 9.999514831714128 -8.471494631934831,-12.710493420386166 6.004478616598247 -15.965121629053645,23.06819102518272 -11.614158195417437 23.802522239582334,23.21506653260385 3.334455196689591 9.893923189822459,-3.860705014724847 62.72680970267625 -36.910851617007324,29.479013143983032 101.56982172488452 35.73491086264827,21.064526267044148 15.244196772834023 12.063194755188956,-5.722724750179258 -51.73747941628427 41.74422926742007,28.617979448560774 -109.14341542585306 -39.52657850079275
-15.66622525315464 9.201492575467434 -17.19160006311562,-8.765759131874727 10.156777009678745 -8.50267882375223,-12.703574022155179 6.011435493027436 -16.034240869740195,23.031896895334125 -11.714405433907006 23.95284626643718,23.09926466024829 3.3241229012377596 10.006274725722234,-3.8243921272458445 62.86702620063355 -36.87987345026931,29.49285197560698 101.39685505442955 35.64842752694563,20.921065461511745 15.228679599110087 12.194570006686718,-5.878308582242582 -51.217163258155026 41.71134799202777,28.61107876709629 -109.21074391075216 -39.5576503045814
-15.31638980588083 6.769408333706135 -17.063650536167945,-9.29885790506382 8.981941228509159 -8.454837239494413,-12.739018539601034 6.065317915692128 -15.501142100337967,23.29614157486019 -10.999474701007237 22.76879151435498,23.927443103928592 3.488948291639259 9.218150266640896,-4.043973312101996 62.38375834328887 -37.419013065652145,29.421962987419974 102.32763085788798 36.11381542804369,21.93568533962957 15.431254226017668 11.297807330486034,-4.835158434744421 -54.7664646860584 41.84621174179516,28.691186724933612 -108.54134998750922 -39.24182796184412
-14.870671129621226 3.944503362243575 -16.88364454994572,-9.916650953570418 7.613168304893341 -8.362520860716966,-12.783524306944066 6.10717981569433 -14.883349051288068,23.60536857807145 -10.159813767725028 21.401340527035558,24.899629897023505 3.663666535573535 8.289808275366806,-4.310016485172134 61.70923162353418 -37.9863516348402,29.33295144603313 103.48345896161277 36.69172947999663,23.12907905089127 15.65014775661655 10.23627851007388,-3.5962675010650367 -58.96840468683772 42.025226276564794,28.778876330205176 -107.79433592165144 -38.89040857215697
-14.673455950655436 3.197534083951931 -16.772788556222004,-10.077168584301758 7.242805429913972 -8.264056446526546,-12.802016146919984 6.076487215762446 -14.722831410455141,23.691775365508462 -9.919132770139399 21.055569920834394,25.17734239899065 3.6761535080595293 8.018291527810767,-4.402523718247395 61.302743793740085 -38.01771224134765,29.295967641495135 103.93965618886749 36.91982809530759,23.474658813944743 15.674978565018781 9.915434101860455,-3.2137516434186915 -60.23943859152533 42.117638083015414,28.791267869332145 -107.65826749047235 -38.82854627284197
-14.86770232146276 5.175723817456176 -16.80487773284598,-9.640328165708258 8.188793889740847 -8.218703826984418,-12.780837209749578 5.985140093884317 -15.159671814637775,23.482126061010987 -10.479409525663977 22.036642542667643,24.527215975850176 3.503727760267997 8.629697002430166,-4.249137536944818 61.436234832281734 -37.444172066923024,29.33832533810195 103.3539220238124 36.62696101518186,22.68355401370078 15.472602929623154 10.59914713186903,-3.999722183671237 -57.53453651281102 42.059235805302045,28.713826015522585 -108.27266802733212 -39.120771595067986
-15.323880480546116 8.059464620890695 -16.989570438684588,-9.009710114798294 9.586199915754348 -8.314040581738391,-12.735304838479882 5.943025322137489 -15.790289866249713,23.16638984137768 -11.336835052287448 23.432339765526844,23.534474924855346 3.32587026330274 9.577760080339582,-3.977224884256941 62.128191674805514 -36.86677599972218,29.429390089298998 102.17178905883111 36.03589453257422,21.464859886580673 15.249640257789448 11.683380137247894,-5.265230288112122 -53.24270965867629 41.87582470083469,28.624470067245838 -109.03432959250476 -39.47904979033707
-15.893211769980109 9.874150962152939 -17.330799031766116,-8.622978476079817 10.495540565210474 -8.637438001688155,-12.68273717452289 6.065066811373483 -16.177021540614472,22.95119817046584 -11.942753699794723 24.254375666096138,22.83633119065663 3.333860475655056 10.266988352734389,-3.727296069004802 63.37505945613518 -36.92548330583574,29.534525856850397 100.8923286988468 35.39616434664102,20.59118141703879 15.22688877061725 12.508485948011167,-6.256955170419075 -49.97302773492079 41.60007461891941,28.60663903669919 -109.29502433281775 -39.59402631667236
-16.43250303705271 9.85149911969595 -17.76209304690829,-8.647366607462324 10.54221991956902 -9.143285412987904,-12.637099844768855 6.3510868856096705 -16.15263346385136,22.92193550899249 -12.063639363666498 24.13522605446585,22.70290425610725 3.5658820331648085 10.437692176530428,-3.5778416802643283 64.93022590260945 -37.74173897737357,29.625801189997638 99.87157813365052 34.88578905493964,20.39539501547461 15.454729898498982 12.774645643821245,-6.622750912980727 -48.91256879870168 41.293152250891396,28.681192651334328 -108.86860488417939 -39.37872638664239
-16.807218662132637 9.09302417833381 -18.107857642952457,-8.830940302627706 10.227216947805614 -9.579850096436308,-12.607162078599332 6.622500409270493 -15.969059770813177,22.976053462807165 -11.95441673521192 23.669547427505794,22.83532028827478 3.822820046562157 10.350676195510223,-3.5112217415065454 66.17033975741529 -38.63329088177538,29.685676748572163 99.24387151957849 34.57193574754909,20.528797802502584 15.719399046230961 12.739774091295343,-6.632292644687564 -49.04432385178048 41.06039439323118,28.771992747247374 -108.28514864057327 -39.09086383236119
-16.884572582785136 8.851653300705308 -18.184497120769766,-8.887859648795262 10.122524045466632 -9.679686454390108,-12.601183485889534 6.686826983308566 -15.912140299390792,22.995723961914067 -11.90981062683648 23.529702547191217,22.888356908778963 3.8867891486729773 10.309237576682383,-3.5017190641057017 66.44455637635505 -38.854373034679995,29.6976323891822 99.12360062889134 34.51180032308133,20.587097529091128 15.786178332968566 12.707480677941094,-6.6063348367026595 -49.17068865662222 41.0101190763399,28.79518912636454 -108.13191923397831 -39.01565420050128
-16.62212675871382 9.532346676550526 -17.93305371584119,-8.725755096291374 10.413066418363412 -9.35680056060638,-12.621793458390334 6.482107207580477 -16.074244645675716,22.94283621147677 -12.025192100057103 23.932910790927412,22.750309747797015 3.6875701700783403 10.411562771470388,-3.540887555705288 65.54389424601543 -38.164662606445326,29.656409900813422 99.54682786298216 34.72341397449656,20.43944109625979 15.57940414803337 12.776138178262961,-6.648880811254092 -48.90361606134418 41.17706337028243,28.72374581263355 -108.59835480436874 -39.24509434815639
-16.138211081826523 10.031167083316019 -17.516354076268716,-8.59652395910323 10.59501051207117 -8.848078938414876,-12.661602811858579 6.17863459248123 -16.203475757957253,22.92113068451187 -12.041196279189647 24.286495989300867,22.725003259266686 3.4177055238232796 10.39085818151807,-3.651013821448862 64.04563612498582 -37.22323720705982,29.5767908866954 100.41023403317502 35.1551170637441,20.441541084020944 15.306438734746449 12.678915291411256,-6.478240510765713 -49.2956086414534 41.46503221664001,28.63172373038808 -109.16599109148987 -39.52736210404993
-15.567745084993533 9.095271809218659 -17.119688976568426,-8.78606344428679 10.096629562160476 -8.422947429440496,-12.712172304029497 5.970003667579989 -16.01393671094945,23.048304075930382 -11.663621450738344 23.917713130076745,23.157079926478875 3.295975923839914 9.944549843284001,-3.8572150810900845 62.606739295068934 -36.77901469654351,29.4756573065213 101.59537087810737 35.747685413180974,20.9968528076596 15.20287636566385 12.113307018453844,-5.775163027363966 -51.539869828507484 41.76449812757638,28.603259073817036 -109.24594360670524 -39.576422050137296
-15.048193325211106 6.451964769284524 -16.869558057200518,-9.360472442450307 8.804961413219948 -8.240924657441717,-12.762505196112603 5.955239644224818 -15.439528488482662,23.34365205661923 -10.85384348803748 22.658589689654498,24.093433748292274 3.415923872085458 9.042252810093714,-4.1347735853862355 61.68094909017766 -37.156637675049815,29.375001089281387 102.87135414948652 36.38567691958776,22.152301041943808 15.36501618075838 11.06816345256812,-4.544977442015758 -55.67824395110297 41.990219416651875,28.671370323973072 -108.62631806435195 -39.28770534166792
-14.722232298301128 3.835785962078055 -16.77206296669068,-9.935726260844824 7.546545053732454 -8.236450949207306,-12.796367268343074 6.0396998245582125 -14.864274823572957,23.624955462158148 -10.09663398950689 21.374873534272268,24.971201483756648 3.6146173275885536 8.210996302963904,-4.3569148669919215 61.30585438022838 -37.81187811902813,29.30727883779983 103.77704265186381 36.8385211451956,23.22467392061798 15.603895698185536 10.128998939002324,-3.4577181438274454 -59.39471430627073 42.10668913664594,28.764392320187756 -107.86725603325155 -38.92826738266056
-14.732722464899382 3.2227713218865377 -16.81846673534819,-10.073628771155516 7.2609062986860575 -8.316473358629146,-12.796931726979974 6.105207620600018 -14.72637078750553,23.68577627621798 -9.93963152049654 21.05677048501433,25.154273648689635 3.698078873146507 8.044728118264494,-4.384709471131206 61.46770133184323 -38.09530930904572,29.306131102859588 103.82443309473999 36.86221662092648,23.44308251433383 15.696047311912896 9.95288989967978,-3.263085301910475 -60.09047667013006 42.0846357501358,28.798004857925136 -107.62212792305236 -38.81004810735288
-15.09544732179677 5.392052671264772 -16.973003370816322,-9.599951521214507 8.3141833961069 -8.406463074329432,-12.761003716112358 6.083829009989877 -15.20004513024891,23.44709511296806 -10.589231769042847 22.10278693376166,24.40238839493535 3.5726003374264708 8.764329736943148,-4.174700515404774 62.044504175118746 -37.690240256997235,29.377951269157354 102.89804224126719 36.399021678723024,22.518912823370965 15.536474097478827 10.778400548974972,-4.228613227458524 -56.822559761771416 41.93554871970279,28.733446309366766 -108.17994776264344 -39.07191020325846
-15.525806769835613 8.293528664065704 -17.136015875022355,-8.96443091744157 9.71714526487601 -8.47567849886569,-12.717611454580394 6.0263929788146715 -15.83556494572192,23.13108381165846 -11.44520301033015 23.51277449746869,23.410985615705652 3.381489257735014 9.70883121728822,-3.9091084843982578 62.65843928168859 -37.06649825828542,29.46472606985555 101.7629470276858 35.83147420331564,21.303548792674388 15.300219259395451 11.854819011810308,-5.482096109909021 -52.5620380773545 41.76726806105154,28.63964607649729 -108.96846663798662 -39.44359763035078
-15.696037760764284 9.470124742030398 -17.198693442934037,-8.706559717636228 10.285601576031642 -8.49971955017021,-12.70041439039353 6.000836263175021 -16.09344143249968,23.00323656541938 -11.791294395093685 24.085385080650656,23.010089965952925 3.3021664045317225 10.090427113140855,-3.8026037627516693 62.89501400170084 -36.80711668111737,29.49918540422253 101.3108020233231 35.60540081997223,20.812340842195084 15.202627730421046 12.289153491745886,-5.98741317716067 -50.84291243901071 41.701467299242495,28.601030707779824 -109.29151104076762 -39.595986375017795
-15.433468552647762 7.632266869192643 -17.103415363153825,-9.109464469452172 9.39797730938933 -8.465187438800916,-12.727116725065626 6.042478136969239 -15.69054753734523,23.20291061403351 -11.251440738605996 23.1902385705834,23.63549236550978 3.4274755558170797 9.495435696104686,-3.9680351388329367 62.53485105390307 -37.217142052019724,29.445914633703417 102.0108044757377 35.95540023673594,21.57842250759526 15.356451923100403 11.61239797611959,-5.2003278571299445 -53.52130365573266 41.80237168132097,28.661820102836717 -108.78421755789209 -39.356598963720614
-14.98995057080214 4.686117967783344 -16.93268083943482,-9.754534156445848 7.972714345122067 -8.388796627310352,-12.77174921420669 6.097355833143907 -15.045481557639203,23.524195237303914 -10.38074894561826 21.759835084242376,24.643868741595195 3.618752395630351 8.534244151640253,-4.239540572075772 61.892652056914415 -37.84070233098516,29.356695378635607 103.17578172030501 36.537888241138326,22.81498074672996 15.593623212025385 10.516100142050925,-3.9230119836696518 -57.86056099849403 41.97695634460446,28.756178644215744 -107.98860024287211 -38.98173814864776
-14.689283202704752 3.079375816500406 -16.79274129266724,-10.104244912016105 7.189219806473231 -8.29237395161571,-12.80094107238673 6.096382634378328 -14.695752575320864,23.702671635983386 -9.892120446707562 20.991511170015418,25.209030522673487 3.6981066540335097 7.990777012480136,-4.404026114910561 61.37365052050842 -38.09299898534711,29.29808686571582 103.92258859525002 36.91129471640216,23.511526601390656 15.698490589678638 9.888474917224759,-3.185800612085062 -60.34574319719485 42.10554374428209,28.79962260829634 -107.60034048422457 -38.80036179115769
-14.76248699084073 4.350457618920838 -16.772289281943202,-9.821733148564098 7.791671274915295 -8.215264227324013,-12.791445796408134 6.0105969485738315 -14.978223940747316,23.570620455025793 -10.240073613308194 21.63230310049399,24.804580178580473 3.5654122727478783 8.366757106699863,-4.319878002010673 61.31151662792305 -37.64755141377335,29.31657917535775 103.64399623396226 36.77200526876255,23.022579084203198 15.546968304565056 10.301694428863236,-3.6552759690895433 -58.71212396674157 42.09729763901497,28.742803302626445 -108.03532850734119 -39.00843511779776
-15.145552522798488 7.146334720582169 -16.90418146750555,-9.208220318982576 9.140248157669 -8.2525181667713,-12.752211361573528 5.938632152996528 -15.59172022351823,23.267819513590815 -11.057487548857647 22.997325139870306,23.85743380815557 3.3678277103516576 9.266526440230118,-4.072784230050586 61.81235440761348 -36.9993111812512,29.394843967696154 102.61016944857923 36.2550946338728,21.863355912129098 15.30614143574486 11.322937767534665,-4.841312837775606 -54.67056941779297 41.95309502730069,28.64809886926896 -108.81973906158828 -39.37901648390755
-15.715958507419789 9.54054274370719 -17.210200168397765,-8.69147378460886 10.320653226194576 -8.510233121893133,-12.698570689032525 6.0044258598105795 -16.108529258486243,22.99502997469614 -11.814292409058053 24.11771093251255,22.983570334632905 3.3015527764897747 10.116456792947636,-3.7935119201564205 62.93713345063727 -36.80613580940767,29.50289615344121 101.26528114093091 35.58264006328294,20.77926666570421 15.200840019598417 12.320071789470413,-6.024385341774066 -50.720393139328614 41.69200224081236,28.600045125875777 -109.30329810102728 -39.60129317925049
-16.334749776653606 10.142687193872744 -17.66584273342349,-8.578439779578622 10.667711111158516 -9.01798214556983,-12.645668056561414 6.270891454542274 -16.221713042953795,22.899821383328618 -12.116103972549487 24.30436076992808,22.640598471418933 3.486743577992046 10.486006113517693,-3.59054828131607 64.58495980337528 -37.467466202223136,29.610548698110296 100.02565691651104 34.96280298783345,20.327296892730864 15.372294079033471 12.811309955651396,-6.650350124925732 -48.76757956934055 41.35645352391175,28.652750702276002 -109.05599798535754 -39.47079971362156
-16.80209910250687 9.548008389764004 -18.075164221704043,-8.728535878462548 10.43900866454677 -9.521887723934508,-12.607948995633045 6.57490494845424 -16.071688273546993,22.932738359540267 -12.07112565609515 23.904447286756735,22.699514231304153 3.761885812071906 10.474632051844466,-3.489854399434613 66.0553872910089 -38.425552702860834,29.686866550184906 99.20447433468465 34.552199808674075,20.366498288281115 15.652074202092837 12.87175851602752,-6.777650547478456 -48.52038659110056 41.07543926295831,28.747620110268628 -108.46371097496616 -39.176987041161816
-16.90408838110582 8.811388293909618 -18.202533635622814,-8.897584167178755 10.105736942645047 -9.702458221335192,-12.599697289498785 6.701018436250681 -15.902426866623593,22.998717509373012 -11.903901608720444 23.50502303922441,22.895522481481436 3.900263131113879 10.304478429682971,-3.498287926783005 66.50918330795047 -38.90107185856698,29.70074150456475 99.09103388680361 34.49551510443475,20.594362394852567 15.800069935203135 12.70543519776316,-6.606533670676466 -49.17833471096634 40.99798616072267,28.799968720921772 -108.10117204369364 -39.00049126285851
-16.525928848132605 8.74832672139345 -17.90593926759343,-8.89855991238623 10.037303264497858 -9.359417508658222,-12.62833439265962 6.509120192496121 -15.900897843459347,23.02223081044602 -11.799705147122864 23.549531211325974,23.011113400578807 3.7480409139176936 10.163727865413115,-3.607028104871881 65.44182042573722 -38.36655536938615,29.636643536776244 99.81339430364687 34.85678752584917,20.758270726093183 15.65170734583541 12.495620481962801,-6.326377139315406 -50.019635577878205 41.210657951504245,28.751309264447112 -108.37290851347136 -39.138197098668805
-15.981066800776734 9.140201509951206 -17.447801262435434,-8.791337996736088 10.163412988325547 -8.807496012909262,-12.671636754538614 6.184547987946059 -16.007819837796912,23.012142319317128 -11.77416105233197 23.86102783804568,23.033047954677762 3.4662308878414025 10.093851841424641,-3.739524023610312 63.79468513760725 -37.38253983212441,29.546339783496403 100.80305590487244 35.35166831334738,20.82112761623949 15.36872746411876 12.336010717709673,-6.079603123230034 -50.66244365119867 41.5301806680194,28.65632608860582 -108.94815697786669 -39.42518641616086
-15.698560892515454 9.489204393151105 -17.19972587235969,-8.702449793524808 10.295063350747478 -8.50046256968902,-12.699377442310873 6.000502513722335 -16.09743026757363,23.000099764352296 -11.797093402183387 24.095080519732644,23.003234922780845 3.300845125841322 10.09671363972834,-3.8009393891958605 62.89952318222955 -36.80329493803459,29.49976586892562 101.3034663109542 35.60175314529402,20.804022969467834 15.200967894040684 12.296116862651466,-5.9959570322492 -50.816689129478114 41.70043116434532,28.600256941723067 -109.2976446104955 -39.598863699530504
-15.987185346721855 9.408004522474398 -17.431388612740065,-8.72965129201499 10.28321422824523 -8.769445094734333,-12.688194404112533 6.156883027024344 -16.07226504356417,23.00946948935578 -11.839744065489644 23.98960762815673,22.959751583331503 3.432817331191768 10.165983832192685,-3.724474592522809 63.723901465320054 -37.25789574935282,29.547245997251224 100.77238207203243 35.33587164675302,20.731729908396836 15.332436287956691 12.417443543837301,-6.160341399347589 -50.31016595504152 41.53610152858917,28.645721824310904 -109.03076816294192 -39.46551294911662
-16.549201666850156 9.066347295480051 -17.898496610261468,-8.825600682678253 10.180336286147185 -9.327174938543166,-12.649340632910153 6.483978046494329 -15.97755325909618,23.02185927003951 -11.880507369690422 23.697773527445385,22.921351503720743 3.7149334017488322 10.254026456630601,-3.5846993088035064 65.39907710174181 -38.23990760949017,29.64021734939761 99.74817276336016 34.82356072471766,20.64758866234211 15.615202588244287 12.600282503081598,-6.431550968089831 -49.56495875558431 41.20895737458446,28.741294095379406 -108.45614606487041 -39.17873328264534
-16.896139707946723 8.809163340331079 -18.195128002166815,-8.897326870012693 10.102269816941183 -9.691914659147674,-12.60495460575559 6.695843630812795 -15.903397107485247,23.005744955503097 -11.90002689468016 23.50332607983922,22.900711473159415 3.8967857329187146 10.3002157765738,-3.5006399834823125 66.47883804224251 -38.88580913747109,29.699019844296714 99.10903117708565 34.5043949256265,20.600778307440056 15.796951413587694 12.700517895197406,-6.5972757714949966 -49.19004031189674 41.00305416587092,28.799682566972617 -108.10228282398269 -39.00134491524216
-16.649874800472443 8.911236606042081 -18.005135079475707,-8.870553820607112 10.140434468162036 -9.485825362991868,-12.577620144588987 6.568926316603554 -15.922702778688873,22.943511558022905 -11.88363734414243 23.627374485557525,22.908209039543628 3.7830696546971456 10.258534199750388,-3.5640704320027647 65.83248533275463 -38.51856209949851,29.661591102139116 99.53710145737747 34.71967462880608,20.629654168091072 15.681101049337393 12.608607105841214,-6.492117820577228 -49.63946978950447 41.13921305847505,28.753716680700084 -108.37630394142495 -39.13604376791526
-16.083471142056595 9.233273826789866 -17.542174027343858,-8.781360535533292 10.242089218663684 -8.944243387217355,-12.592524126775034 6.247879650377147 -16.00686397056341,22.899603648193466 -11.844335158508883 23.921326344061914,22.940674723819985 3.5036801052141753 10.16914572745522,-3.705942469988824 64.19134689270795 -37.561708079224495,29.569720654975914 100.55757117089378 35.230748167764105,20.708724366471383 15.399991787535278 12.419003712303427,-6.227502319712597 -50.453278736767075 41.46508007830382,28.654967384260306 -108.96901145966054 -39.4306989886736
-15.70789215434947 9.484706656569019 -17.213454609086785,-8.706142087580396 10.301826742726023 -8.526516748106024,-12.675804405496377 6.011874469014938 -16.09018876062238,22.96844466484813 -11.805222457284064 24.101525944653353,22.989989903358545 3.3073173927891357 10.103699134860783,-3.7984547142744574 62.967006049210596 -36.84086415290413,29.503138316841433 101.27295623572401 35.58708964316154,20.789171687622577 15.206129196536363 12.300687344360526,-6.015986458500111 -50.83757643798115 41.69196895451381,28.598385531830335 -109.30951253728658 -39.60355064521736
-15.937390664222077 9.4223964772838 -17.354045198971974,-8.710275428052334 10.236497281678476 -8.618412494427261,-12.831750785894856 6.092452496297543 -16.11334303376759,23.203918207664373 -11.788334709768966 23.94199052768083,23.0428243748969 3.3980166873123374 10.122023889200477,-3.7382965647386692 63.3349622826303 -37.044758880597065,29.527792790656015 100.94659944879635 35.41936331409486,20.82454863891797 15.30577877533208 12.389291515476604,-6.038577565240007 -50.18314159066132 41.583375378948034,28.65884114273499 -108.94750680652461 -39.4315708575755
-16.514302055457396 9.133086376127698 -17.797632079137493,-8.782451755311651 10.117568953814548 -9.094038761761851,-12.913398563034413 6.390064726649808 -16.061384035554735,23.37896139056544 -11.808220154865692 23.617362882819346,23.04982093902812 3.6694013202226134 10.201807670316397,-3.5922971050918577 64.8294554699576 -37.91039103458969,29.61384429461653 99.95949900780361 34.92244353875741,20.785050656893638 15.583877708090952 12.588847158797345,-6.25684323536685 -49.16255320770092 41.26542177038154,28.771749846089886 -108.27017863556303 -39.09963347686007
-16.896707745331284 8.843075548222611 -18.165792365797078,-8.878920440719059 10.08192080740439 -9.611046921442666,-12.70979497082055 6.6650945702103686 -15.93814872990267,23.147657212622462 -11.876259566543053 23.471770016371142,22.946381213576753 3.8837752216867174 10.28598816142208,-3.4992628330657913 66.29039234186124 -38.77213110299382,29.690929829360186 99.16547605040454 34.529893163431986,20.647913951736385 15.789425573879797 12.705405979832637,-6.539517316482067 -48.99065457517798 41.01763940243041,28.813531238132494 -108.01900942794256 -38.9651747518381
-16.627108811973734 8.752047228545116 -18.13297507842748,-8.958642683542916 10.241886960791524 -9.86391100431916,-12.063844455725743 6.7088558989377125 -15.754252418471104,22.246208873734957 -11.9977562239095 23.790388246117832,22.686583050514997 3.8375792361925996 10.324017769479893,-3.57604053331217 66.6999459377868 -39.0443046888138,29.69801734672132 99.29665783324538 34.61284639962035,20.402730711359744 15.70870398299921 12.576700573422613,-6.764748154493351 -50.65119187135355 41.07904756305796,28.682516333947728 -108.80410343230402 -39.323096606557655
-15.945759349031052 8.83823832921579 -17.811625740001602,-9.003674189551049 10.507433681962514 -9.854154281615717,-11.26017119200029 6.569360373306489 -15.57512088929737,21.084964719326308 -12.128470966881627 24.371996210208753,22.377478010809618 3.6098837264885897 10.319569035966893,-3.758030924158233 66.22244648999514 -38.80598392332166,29.65146358846319 100.07749553262148 35.025615253169335,20.139798866849986 15.436445043624738 12.30206146499076,-6.89028220891922 -53.22471198185109 41.35332600211181,28.457708857007777 -110.15226540368666 -39.95254587355281
-15.43363085260815 8.971752061418542 -17.528066456808517,-9.007347864452514 10.689709682001338 -9.7332341950741,-10.799094012199697 6.419966878060088 -15.492944252651487,20.403462618555707 -12.19997273535191 24.777861349735147,22.200815727114815 3.417768914368271 10.302790551881973,-3.892033412249816 65.5994793899181 -38.460841054690704,29.60541475321661 100.74038544440226 35.37014403601712,19.99859162831549 15.217999277734515 12.108559175940341,-6.912734223480463 -54.86241701709639 41.58040595982714,28.306336206681586 -111.06131780491926 -40.38082277032675
-15.601863927575641 9.031320993447187 -17.57275633005488,-8.966508406721587 10.623130497273605 -9.643397448983013,-11.109715377158082 6.416811804748691 -15.584393383350246,20.83768601008491 -12.153698011726387 24.62355696479779,22.312686968615168 3.4540615861319712 10.300789856100309,-3.843560783664626 65.50431719978448 -38.377619450525124,29.608357989903087 100.60427976680565 35.29365625172419,20.098045577868252 15.270534158460064 12.194478853818962,-6.834153592207646 -53.9626595849632 41.52981295003356,28.374248279215458 -110.65698377985318 -40.19521180776927
-16.261796240335848 8.986492600598766 -17.874202592165425,-8.911327532057033 10.374311879227129 -9.62769051904412,-11.916105638338271 6.540724597873481 -15.773830171849912,21.99742254898941 -12.028396585149743 24.067073497242653,22.61536140273396 3.66724318160215 10.309434524379679,-3.6654823554884284 65.90962075546548 -38.56490035288157,29.651400404842388 99.86012153804144 34.89920115170289,20.354642982116438 15.52792276601817 12.470470752619919,-6.706758111545091 -51.38242189676364 41.26891944712144,28.59411874250646 -109.34048579605944 -39.581442307555555
-16.831491683657475 8.857850327321167 -18.157503530725116,-8.890706002732523 10.14036096453281 -9.673411546539212,-12.546122695177383 6.674016075018978 -15.900022228067039,22.915760556699123 -11.917506170841454 23.571227825747467,22.868466851554448 3.868478460151921 10.307035964151058,-3.5159576714037986 66.39432259829336 -38.82886185509027,29.69340278950648 99.1888933622693 34.54599197600139,20.57109126010772 15.764832997528384 12.685540677880201,-6.610959110501597 -49.360381622574074 41.03248132973117,28.778820939012334 -108.22984873037625 -39.06155633900962
-16.778025052390657 8.67611745318712 -18.168540895456463,-8.946124605076916 10.105200135510204 -9.762998500261817,-12.390392616389077 6.7061122664435455 -15.819581376866752,22.714600614735904 -11.907754738752898 23.56309473108859,22.85158366293472 3.8827821518637817 10.275616076270794,-3.539259290685765 66.55949082997616 -38.980941353725946,29.696255211193716 99.21653239177655 34.56398186556434,20.56592340580866 15.773038732210356 12.61302667100526,-6.620219436322719 -49.92343959489996 41.03662135010622,28.757281532580013 -108.34787120602648 -39.11334822351048
-16.189069129127464 8.58329441558682 -17.921102866352587,-9.030385432112515 10.282607812155671 -9.829597529663822,-11.620447630441301 6.621890994167652 -15.607624901360825,21.622847116184147 -12.00079888414351 24.014836185171344,22.594682419284595 3.713928529726897 10.24260107952772,-3.704610636302947 66.31442445751166 -38.91988428941734,29.661232185288615 99.86571532883012 34.90985594216951,20.356354638346268 15.563754482705894 12.330027978784017,-6.723580702185723 -52.457951908169306 41.25921121479843,28.560535997204603 -109.51767147433299 -39.65675043590154
-15.552682495003223 8.793173366631427 -17.60182048164574,-9.039078516663869 10.576592116192572 -9.774553610428319,-10.911630391449945 6.467811881348607 -15.48024134804599,20.583600461588013 -12.143410444406982 24.605122025145604,22.289275789821556 3.4810206040895766 10.264710301054235,-3.8683002045746653 65.76728113647164 -38.600763873150655,29.61501754852168 100.60540245632906 35.29948125071287,20.087782257596267 15.28976936386466 12.109618819220541,-6.8556192089657655 -54.646697406437625 41.52441227830053,28.35001258762201 -110.78838044990896 -40.251784582293666
-15.32966684844159 9.477349415743264 -17.38893287877821,-8.880472928136038 10.882569376511794 -9.508617229140235,-10.901057696230502 6.290854330543044 -15.634512651519335,20.489518517783477 -12.277644074351464 25.01524075768789,22.125041053138183 3.300458505022101 10.387250650836634,-3.896156236636774 65.02769055575783 -37.994930067474684,29.58270675662194 100.93719365733577 35.46609923205865,19.908129217705746 15.099688483112498 12.200698588678918,-6.944983843372393 -54.3381294842033 41.665334014161274,28.27962666898352 -111.25106606173918 -40.47764561652403
-15.502822049818011 10.196093786499537 -17.301871826691166,-8.654891903952597 11.000689550240251 -9.082509538871854,-11.569030875365689 6.130861044986101 -15.96665788112016,21.354938333245922 -12.291986117558467 25.03228383757842,22.22786891794514 3.22348550356818 10.48787418589984,-3.8149187700971376 64.17932860063827 -37.289812272883296,29.561052265165902 100.92904372023851 35.44426356260713,19.970802695058875 15.049931650394635 12.465579874384783,-6.849607085703768 -52.11470331485843 41.67723692895216,28.36683685247171 -110.76933112615885 -40.268146934004776
-15.701599033891206 10.057774339199234 -17.242675376199017,-8.604629127104074 10.660679706074863 -8.650420927924973,-12.410319571381477 6.022399130965389 -16.150492002825136,22.544923893439627 -12.035324104985003 24.521554464958406,22.676497730467197 3.253179561977708 10.320299000148005,-3.7702771977263456 63.286685563565825 -36.83257031592364,29.525854793030607 101.06756878864482 35.49126420600088,20.433263917470267 15.128773381580753 12.480802233433982,-6.375146374113944 -50.57990519408283 41.67524695390529,28.52823007144279 -109.77785235654343 -39.81924327639477
-15.569444389894286 8.243199380713751 -17.11686592411533,-8.954986216914964 9.62347693873192 -8.362408246859427,-12.930380872490208 5.997130298871751 -15.878697794529584,23.433139024100413 -11.37492537780984 23.377296170225865,23.530505605270005 3.3882090888713585 9.66015959615795,-3.900437364029904 62.417947875265426 -36.94820877409068,29.45467439616896 101.81190557634642 35.85033878626579,21.428246362372036 15.31961008195969 11.850801022127655,-5.352849401601162 -52.20609879632595 41.770050636051124,28.680278368522274 -108.71746484249901 -39.3300469197011
-15.13561099727113 5.371068202635307 -16.937961044638012,-9.579382282488506 8.219064394480657 -8.254944092608996,-13.016852014588299 6.038545876642392 -15.260975569249467,23.805750108170002 -10.512411947539189 21.963154513386755,24.536819404205172 3.5704366038017734 8.712924600863222,-4.165725126257848 61.713095802005704 -37.513230103477866,29.364042808925053 102.97537457536241 36.4309609790582,22.658632868133513 15.549029515301228 10.779090201764756,-4.078326249722971 -56.374562529569836 41.94679774288697,28.778414454922874 -107.90381179919545 -38.94792866397046
-14.75568298215842 3.27630899058439 -16.810825191906694,-10.053599351409316 7.258748391712272 -8.268426705543163,-12.880634335841885 6.089392649269987 -14.759756675190241,23.79783560486412 -9.93221712029526 21.03981510643373,25.17791236131425 3.693675807343224 8.04763448860242,-4.376007939411108 61.37283586686435 -38.02477473282201,29.303455656377363 103.82503765484124 36.860292822987354,23.46372045688356 15.695568298257552 9.975909707264547,-3.2399643108811134 -59.85200439629895 42.08445373436953,28.81102562003468 -107.54664386955294 -38.77649418466689
-14.778587285633096 3.73543685260234 -16.8376279398487,-9.96588990609624 7.524476616180349 -8.340897768008674,-12.737173126419366 6.093615335324183 -14.825600025943018,23.55603620242389 -10.100816212990267 21.337387506871554,24.957747083193183 3.6561155265104897 8.214102593024197,-4.3459574132969685 61.5845962504302 -37.99189294146835,29.32069624231207 103.64924154177476 36.77603911554749,23.208697377983196 15.64324885501172 10.130645370913536,-3.4997684707851278 -59.48105924609261 42.06474482174397,28.76922955631699 -107.8347725729907 -38.90953460608584
-15.186188007018707 6.428699214637775 -16.9997720360716,-9.377967171656131 8.833326882345437 -8.424916565833946,-12.67970001226104 6.048936954693699 -15.41095175504607,23.239371824704566 -10.902417438515899 22.652266932068457,24.026553994209383 3.483566822624554 9.097234514129498,-4.097080317662876 62.206574195142146 -37.44073961888597,29.40393340480509 102.57055628990274 36.23712499050101,22.068095733519602 15.427788530566069 11.134784064397476,-4.6798235821136585 -55.53484014964506 41.901721113808,28.680820236571154 -108.57550158536915 -39.25801480110571
-15.605360296262894 9.009028892089086 -17.161865816114705,-8.809431450009944 10.06924484599295 -8.487082457067213,-12.683252960541669 6.00508988510169 -15.986529767658583,23.018834437797423 -11.658114567220352 23.87784716498176,23.15957348310112 3.3252650803646393 9.938899099214968,-3.850915100130349 62.77856548313976 -36.89756500984737,29.48368243016177 101.518334957457 35.70984060911709,20.999169522982278 15.23160985073085 12.108159194347571,-5.7899221699942 -51.60409879711262 41.73740405294663,28.6090615116266 -109.20717577452363 -39.556087142056334
-15.660379596836432 9.126226857268366 -17.187921308643237,-8.780993454322156 10.116114345667576 -8.49551616701993,-12.718237968348104 6.012028639343635 -16.02118483416945,23.059153011321865 -11.689090445666514 23.908690615793738,23.131074443729524 3.3301560722302423 9.980346995179428,-3.8298608322805854 62.842027948476776 -36.89071654917732,29.490389621366877 101.42437159430192 35.66182274906903,20.95853059128491 15.2366356699743 12.168613595785452,-5.8402352523532794 -51.29583094187039 41.71456058006571,28.6163080123431 -109.17338441804048 -39.540295055974205
-15.306400054104042 6.644859100945331 -17.05800144895374,-9.324326160999403 8.915524294405222 -8.44462317253859,-12.760692220120417 6.06682478481386 -15.478870655817731,23.337637047953628 -10.9583256582948 22.697006730775712,23.97876446507312 3.4990191158729638 9.175735255579266,-4.053099236175148 62.34604247083765 -37.43897093516898,29.418042967170443 102.37223732875108 36.135585861572686,21.996313779945147 15.4443606217937 11.254830350463225,-4.773665460946514 -54.90123771284367 41.85135789994414,28.699408990853374 -108.4821665533047 -39.21428683241557
-14.864391332388362 3.87810921894985 -16.88047366094191,-9.9304282980362 7.578449632552406 -8.357869056086692,-12.792878673405752 6.108083139595759 -14.870920788000006,23.624387338624842 -10.138364660546749 21.3643268169491,24.926017803539615 3.6688224759449346 8.26740169515949,-4.315137372888772 61.69035307359983 -37.997729579754846,29.33088138096833 103.50771821421577 36.70363425943518,23.160463842322425 15.656800065525257 10.213003658619897,-3.5643322976643756 -59.0456175248873 42.02820724554264,28.782791739289596 -107.76561009308789 -38.877018689006796
-14.668879253662078 3.2156699709670318 -16.7692295357594,-10.073410730023593 7.252394399657728 -8.261108756518539,-12.797755218084745 6.073520685634684 -14.725872138921648,23.683848230826886 -9.92421046958049 21.067977799314114,25.170574798523333 3.6722615645738204 8.022854853164581,-4.402871630823123 61.29371150417593 -38.00732304112206,29.295644947488466 103.94366176352794 36.921950403606424,23.467193770412898 15.670603001836735 9.918724101280597,-3.21959852372259 -60.234411555532205 42.12009885015925,28.7890106965401 -107.67303341602035 -38.835567904799156
-14.857568540381864 5.208703078639505 -16.797308279897166,-9.633565168703552 8.206492337383722 -8.212622935753739,-12.771929351130549 5.9791392690243335 -15.16492629653742,23.465998788467967 -10.488626601526711 22.060178629772174,24.514678914385843 3.4959920692639113 8.637698541885825,-4.250269954324261 61.416889671290654 -37.42381883872259,29.33753603571081 103.36387653748766 36.63218969120366,22.669918179778634 15.46392818954132 10.604281387801146,-4.009967942314555 -57.531029365947745 42.06456409172015,28.70928051682044 -108.302122073092 -39.13477767422486
-15.31928838424454 8.083592132421355 -16.98609224526992,-9.004789205308375 9.599199142063192 -8.311693800048344,-12.729268168300072 5.939930057446861 -15.794219165936287,23.15542224714407 -11.344017325862264 23.44866106980729,23.52495322947411 3.321348730448866 9.584376847271407,-3.9772687211803293 62.120897789930076 -36.85542143404824,29.4292335754173 102.17413756393395 36.0372340534262,21.45422534923823 15.244449096533806 11.688526799093085,-5.274203985688085 -53.233369810933056 41.878216116325426,28.621635039757056 -109.05303521644076 -39.487902519803626
-15.926251604635807 9.94048717975786 -17.351741055778017,-8.608779393099693 10.528404700784264 -8.657089775164044,-12.684628687397431 6.074681996664432 -16.19197570352361,22.94933111767436 -11.96626607501844 24.279728412471506,22.810220840596067 3.3389369154821287 10.295096357278492,-3.7147676475920055 63.44734595388615 -36.94130626155146,29.540055483559126 100.82518631442542 35.362467307775496,20.557374076201647 15.231015321062156 12.544583628504185,-6.298468709907807 -49.82153271642144 41.58369644024024,28.608369105879216 -109.29065183119683 -39.59149096782564
-16.51797486909992 10.030628984197014 -17.814483882210546,-8.608431843386375 10.629029248908191 -9.189571235699676,-12.646972481745948 6.37390448068183 -16.194299729244953,22.92327108050835 -12.124863364458806 24.202360648388844,22.63574906854162 3.5776221324997968 10.511355112412597,-3.545077377190832 65.10690794072751 -37.77463913239921,29.639744432294474 99.69997521437634 34.79953234508295,20.308048705167362 15.464189435429791 12.869995387039733,-6.729321019790681 -48.50431437417693 41.25164784028459,28.686013644014444 -108.85563424231562 -39.37155603472802
-16.88663950650896 9.271731757090887 -18.155668093332345,-8.79196840526587 10.31347024712925 -9.62114488973709,-12.616726087809758 6.642392203602805 -16.010635124630866,22.976646579394455 -12.014364738072397 23.738053461398543,22.769427772390166 3.832113556807952 10.422422980450767,-3.4801644893594355 66.33114969039963 -38.658109028502494,29.698658026440146 99.08331616572094 34.49122416121101,20.44342635387653 15.726421779195835 12.83197984429648,-6.735078679569579 -48.650001414861116 41.022206161945334,28.775890915991674 -108.2774526086052 -39.086314337145986
-16.823808181604193 8.704542232021883 -18.148589516957895,-8.920016949115071 10.051711359339238 -9.649358764530362,-12.593786297227707 6.672651523738566 -15.877974822164234,22.996166110494592 -11.861276320692792 23.471985184900536,22.941862080758945 3.881025733974012 10.251493742504843,-3.5260006866960114 66.32393407861743 -38.8400190086633,29.68765925132261 99.24751941255411 34.57409441106384,20.65612187954576 15.782295004315777 12.63386726604428,-6.524343253271886 -49.48468277183529 41.03905010455881,28.79273633268968 -108.13388860428536 -39.01724423252677
-16.34559853338209 8.831860112142177 -17.771593693576385,-8.879063976602957 10.076337251711973 -9.222406968876106,-12.588109309017863 6.4206565678411955 -15.911782133719386,22.947825403177752 -11.796283521605998 23.65430742240902,23.003150912321768 3.665346368583014 10.140217111456288,-3.6529427476530296 65.0017890805422 -38.1129736236426,29.610883409273118 100.11410977090401 35.00858053373161,20.764754349517673 15.566174945412008 12.43196416454508,-6.265600792633968 -50.36895625488579 41.30789668877755,28.714197716589084 -108.59541433352452 -39.24659580689713
-15.840956000053547 9.263333621263865 -17.34346944871052,-8.764558612793476 10.225779906213472 -8.704630380410789,-12.62635291933291 6.113786398369229 -16.025745188317828,22.929260488972442 -11.790980967917683 23.97892812799071,23.00178828661504 3.3956507249203103 10.094855483124647,-3.7722161228979325 63.46447791911707 -37.17327919268479,29.52770770837354 101.0222042986254 35.46271818246081,20.79714715853326 15.294317831863294 12.304503686777798,-6.060733711635237 -50.88674426742533 41.60540566671557,28.622376136145473 -109.15624731693111 -39.52584117878894
-15.731462377683203 9.526461846374321 -17.213192956342667,-8.69118618009469 10.302296641947978 -8.497643931943506,-12.736116301962445 6.003706167782464 -16.11486254338988,23.04929429542234 -11.80217067917333 24.089266212195888,23.004553724853935 3.306668904081329 10.108842295142468,-3.7900663579001925 62.91711588930221 -36.79858500330523,29.502368319051456 101.26006362930644 35.579023694072475,20.80057403058903 15.208238291703243 12.321738673541143,-6.0048382880565825 -50.64695620104479 41.68801084103494,28.608645869539114 -109.25035905046336 -39.576972339623396
-16.152855078538575 9.382895833847861 -17.512575899437348,-8.720725031475126 10.22036528035126 -8.780115321489758,-12.873023883787937 6.19400587325721 -16.11214815220866,23.277573816458293 -11.810183171548259 23.85098723114501,23.03050755054391 3.4896126510741623 10.168318303375539,-3.680383243991126 63.85934381187386 -37.327719409905875,29.55938816452412 100.57679690355221 35.23291958782881,20.791147685019606 15.39952364914002 12.483541837201367,-6.135446182437015 -49.705274360501676 41.46788729391533,28.699032156787545 -108.71104070841845 -39.31595471718945
-16.695395649895893 9.041118017435746 -17.959015701669603,-8.81399133014213 10.108613645618927 -9.305262797504582,-12.855350927066002 6.505704196980104 -16.023160618583567,23.31815708545523 -11.840248311278847 23.553869258487676,23.00764770456935 3.76181812031835 10.245507663888073,-3.546141856715147 65.4445479689576 -38.26211027335251,29.64750551348492 99.60094889983309 34.744282458462266,20.7255164019912 15.673655464631562 12.655479730511173,-6.380238692101145 -48.969956280568006 41.15441066131743,28.79485489073777 -108.1336038485502 -39.028912587885976
-16.889232375449364 8.759380183250677 -18.224045391253124,-8.920493378613921 10.119304078515984 -9.778905102034749,-12.486848801612187 6.7284658249635205 -15.861730261170736,22.84663027128709 -11.922489814916604 23.534414641214482,22.85410496852868 3.9103196124347113 10.311107626108422,-3.504519299398976 66.67657098085584 -39.01008794539684,29.707060620786372 99.05828135453491 34.482103403970015,20.553932847592385 15.804493024718179 12.688442114180638,-6.654559537640995 -49.44167263995766 40.98980486369473,28.783754269920248 -108.19698005203564 -39.04261400545699
-16.50876390574168 8.700618892788508 -18.126087992159757,-8.998871370821348 10.315659952127945 -9.995282434185022,-11.754511682480384 6.73600607047978 -15.664275906666134,21.815916122953826 -12.056151144225346 23.936367583605417,22.56222415254657 3.820962668663779 10.343388539672244,-3.6101999428051155 66.92713478048083 -39.19330715297363,29.703126390718175 99.34044260506549 34.643030089618165,20.284597202213284 15.675626958978034 12.518145195051128,-6.8768835985075105 -51.432517302948106 41.1022559744582,28.62178355197519 -109.1678893657234 -39.4884680409334
-15.865574104913232 8.81814183387925 -17.806624932591497,-9.027849470690231 10.565079276047271 -9.943102251837296,-11.048343683838455 6.586894643297005 -15.51689578521065,20.788889840932498 -12.172560136201925 24.479535059463764,22.287570614909917 3.596910568937891 10.33727644036606,-3.7804265140090663 66.37704637878282 -38.90259162172541,29.65517078843392 100.10425802863944 35.044671471669574,20.053154891257044 15.41198245754174 12.266865851997878,-6.972572180821755 -53.74018197379531 41.369144117319905,28.41545834284932 -110.40646592638639 -40.06822645014526
-15.342442678746924 9.037348981827423 -17.450043622396546,-8.988873543988257 10.709055140269813 -9.637088773170879,-10.811452328615253 6.364294959984923 -15.512164271967324,20.408850182374948 -12.19410760920849 24.827617714133027,22.20721433572464 3.370171063720887 10.289940595507053,-3.9142307343636116 65.31491113505417 -38.29129509309964,29.58989507288829 100.9089961534186 35.454325107383376,20.012011417055493 15.170496399147975 12.081585964879405,-6.868062857698641 -54.96226076819581 41.63456420793566,28.291196414596655 -111.152924528544 -40.42679790131146
-15.196896067196134 9.280472280654681 -17.202778519753434,-8.88372594900509 10.65513052264596 -9.148184423586377,-11.263639209749819 6.147561310053679 -15.68589378895142,21.002834727690857 -12.085838626143994 24.776674072370938,22.406757833446136 3.239742012245334 10.209614201318104,-3.944706171071841 64.07730863700313 -37.54909142060165,29.531365015297247 101.41543887890377 35.69611614979246,20.22916555922448 15.062871972335763 12.057088732437919,-6.556541193003624 -54.30590457195522 41.78243585584781,28.323884855658964 -110.9570739621883 -40.35170525079878
-15.367988451897956 9.461688554459194 -17.114763906594117,-8.765897146464344 10.478788588511469 -8.690273525397618,-12.056922370999727 6.006362796053634 -15.929572318526327,22.093747045232167 -11.921252057434359 24.459299295196296,22.739236045306416 3.220689453383049 10.132661891562682,-3.891552939266145 63.12279901123546 -36.95800293290626,29.496945326218793 101.54247868083857 35.73866109625417,20.558001337258414 15.085799991519897 12.155435609625952,-6.200907952929258 -52.528139396792234 41.79793798798884,28.457387478766183 -110.15590487836984 -39.993085952418454
-15.744901572865416 9.493948032653119 -17.220792971080844,-8.696956630698468 10.281792555755215 -8.49954509335573,-12.754508184083667 6.008821277065646 -16.11212118274239,23.07870289738683 -11.790807560807792 24.06075991096677,23.021308410832162 3.314922603055069 10.09983999734828,-3.7880323794466233 62.928857997046954 -36.8144008145607,29.50294333093654 101.24948402666372 35.57322904442505,20.818340070304373 15.21795261433051 12.317908943891078,-5.990584749767786 -50.62850420312447 41.68212127680262,28.6150633760383 -109.20959937646111 -39.55782766277508
-16.212566463221933 9.33322226069837 -17.518136691126468,-8.716374133418713 10.144353035400595 -8.715196124868122,-13.039163006665001 6.1850959777252275 -16.14313851997158,23.515945141905483 -11.75796617094175 23.73374205848407,23.121456381802762 3.5069063984580797 10.135367621934089,-3.666983402673464 63.74374684123298 -37.276178889402345,29.555663378483608 100.56877399419855 35.22446822153424,20.883802381294736 15.426768065662882 12.49019463999348,-6.047434275026696 -49.38455813665816 41.45551194925801,28.735110047302825 -108.48921913580955 -39.214459177072214
-16.643378134879054 9.062359594096053 -17.893406985851712,-8.798443616707235 10.08311851954473 -9.190378491581766,-12.946254906857908 6.453388181782559 -16.05218497023204,23.438906466781255 -11.806565622190526 23.53484704520925,23.060992894669837 3.7296597811474377 10.214692912482652,-3.559999107355732 65.13973622838559 -38.092838877010834,29.631909425201915 99.7478107946 34.815467299476786,20.78667172994522 15.64655388821875 12.630965404491798,-6.294077050379689 -48.91920601427589 41.19607278840261,28.799485853487155 -108.10299532195268 -39.0183828123352
-16.907431956111086 8.787483033785616 -18.21291615967913,-8.905503012786829 10.103077483132179 -9.725771127974213,-12.575834220475123 6.711361287638165 -15.890827438444443,22.96818974352136 -11.90583732263742 23.50305010193286,22.889266731178243 3.90676429188472 10.304317332278744,-3.4984440564614743 66.56509119817164 -38.93896587963047,29.703073790902074 99.07352311162445 34.487373147273686,20.588337141198394 15.805540037464244 12.701276280063825,-6.616584043190133 -49.235260987698325 40.99230290364274,28.798176773220163 -108.11094471816688 -39.00424864041174
-16.874823295192364 8.614715580706498 -18.34297651703127,-8.999890253880288 10.2092184011075 -10.122052968523024,-12.027951283329386 6.856678693692585 -15.710632829529457,22.224397843633042 -12.025012680365757 23.67732645944548,22.655626673072828 3.961801471431518 10.370742344607146,-3.513682812958735 67.46807679025811 -39.48914499950563,29.740548795394716 98.8328396290283 34.38133263394587,20.350187639996864 15.83195646886552 12.662182309387342,-6.9010262208214135 -50.33553620864605 40.93270140438478,28.721168785130725 -108.57308410772858 -39.20670673314957
-16.415647520397226 8.650180235798146 -18.14990036233071,-9.043943272210415 10.406529748415256 -10.179902947705767,-11.402656431233428 6.787003798346351 -15.56316804840775,21.328133638623505 -12.133323103458848 24.096651348537677,22.40942150209846 3.818352860549415 10.380469412752639,-3.637079939815563 67.29695804431192 -39.417961338880694,29.71572675849049 99.31268903056804 34.63849262851433,20.133612251283203 15.654033137888725 12.474738535140137,-7.033474550636912 -52.222844828839754 41.10576740003509,28.55844786784771 -109.54943027391417 -39.660407162396424
-15.4 9.0 -17.5,-9.0 10.7 -9.7,-10.8 6.4 -15.5,20.4 -12.2 24.8,22.2 3.4 10.3,-3.9 65.5 -38.4,29.6 100.8 35.4,20.0 15.2 12.1,-6.9 -54.9 41.6,28.3 -111.1 -40.4
