-21.0 -11.1 -4.9,-13.0 -6.3 -1.3,-14.1 3.3 2.2,31.0 2.9 7.7,13.8 -1.4 0.4,-1.3 32.0 -45.8,26.2 121.7 45.3,13.9 9.5 -1.5,6.2 -34.0 35.6,25.9 -122.7 -45.7
-21.383281132660642 -8.983593070343682 -5.2160262799554475,-13.744389426276564 -4.571587893259015 -0.8964345464326381,-12.361171711377072 2.3320329801885546 1.1836112911770131,25.659631682755876 2.9149335701858554 10.084548964389766,13.614820805839221 -1.8170429439884692 0.1416774889311533,0.6759140998063813 24.588020107066363 -42.826465489750355,26.244861567005046 121.76250979394132 45.315247977929836,13.712428282295338 9.29441072864268 -1.1851200129596002,3.8479025705485896 -38.14287612825946 34.86400356036874,25.929535592490126 -122.50787691703029 -45.63848668225348
-21.07930313796779 -8.491220696710887 -5.273842518387308,-13.961597047146048 -3.83599247904529 -0.8978952655990013,-11.714251977062405 2.1771948228260216 0.4361843810801267,23.777902881599218 2.4246006826498547 10.4694720524076,13.657159251083549 -1.9607219422054123 0.0702040557294154,1.001605516831648 21.87836600158172 -41.72791698740088,26.395546081036777 121.1690314064101 45.040592683400114,13.759613366783007 9.240217666910457 -1.015916337061846,3.228261504348352 -39.84946907823997 34.255521703076,25.994776572695216 -122.25549883575735 -45.544758544793815
-20.344562982586627 -8.962069129572876 -5.20456223439964,-13.814373763240834 -3.698229725394042 -1.1802376323497281,-11.784019092669997 2.5699883040012876 -0.07914937766606633,24.234228209458788 1.6439019923635454 9.567780685719349,13.88417009672001 -1.9067045557400457 0.188741004438137,0.25640448289529527 22.59446189125868 -41.96206360825319,26.58999260769706 120.24983132359682 44.62259808559616,13.984708674868651 9.29503190577895 -0.9056633990407701,3.7530743935184936 -39.92522985747694 33.817113546457946,26.094024935688147 -121.91987882924093 -45.40833969292461
-19.435557633182352 -9.735324619400913 -5.1392989470965,-13.46547047519331 -3.76331560034049 -1.6193171215354563,-12.195251353813848 3.244916199803238 -0.39925863243697435,25.90802227926333 0.7877381542984793 8.092486285990878,14.253008103735644 -1.730658345681588 0.5004496391006685,-0.9803587701831784 25.459731983809842 -42.986614467608916,26.76614021258777 119.33517603169196 44.20782815370335,14.330867627957904 9.416464536223783 -0.7676356256304048,4.834338830178218 -39.175609473505794 33.59133820885073,26.225582676541798 -121.47802997054072 -45.2187542319495
-18.60878405642016 -10.150173416666266 -5.209166175581948,-13.077638083635867 -3.636266071919851 -2.090989208006824,-12.572727056107961 3.9364812863207583 -0.5610120306080061,27.67869970394162 0.07100982342620599 6.756600274888044,14.720828033117474 -1.5082508731192574 1.0084912637603605,-2.1293540105842776 29.19760048694782 -44.2592786807697,26.86192796131079 118.755332016886 43.942846856907025,14.741243647456411 9.562126649220573 -0.515107443564783,5.884052406446734 -38.406058933861935 33.62075480859049,26.387751790329073 -120.90696533271652 -44.965526267172066
-18.120739218965227 -9.545801771840198 -5.545277438960037,-12.813627489200883 -2.9220971081673426 -2.47110936661447,-12.541224495166329 4.379186339642734 -0.6012782195545694,28.42567509642239 -0.2913823452817244 6.273134074076703,15.244784645852533 -1.3151496991422706 1.7160271824605635,-2.6112510064885033 32.53149160838521 -45.23776536303711,26.81529491946798 118.84056576536943 43.9742181643925,15.158990154769803 9.689629335744941 -0.0613532795779369,6.314212714443242 -38.42202924608079 33.947922464013395,26.57883427212284 -120.18369798882794 -44.63817990389594
-18.164652397872242 -7.482052199473191 -6.217054627682535,-12.802516282946238 -1.361202039066371 -2.656567818623106,-11.841526835164872 4.3773070940910745 -0.5658974531434271,27.321820709451345 -0.16353698002277223 7.145056179861314,15.774836628666309 -1.215583453137378 2.601035317158965,-2.000847754751349 34.428201727858045 -45.4944189495657,26.583594284071374 119.81982204838586 44.40363400610073,15.527640212486341 9.761779134659683 0.6456552990094869,5.709935062296999 -39.77246852700996 34.57700630655387,26.788182331611374 -119.32984263643763 -44.24653243907845
-18.588862433192354 -4.721628197571196 -6.957620758378976,-12.989819126320612 0.5680447314876022 -2.6589212592539013,-10.846793261265287 4.115471817866526 -0.5496168016981384,25.13973109101795 0.15979939690895506 8.730330477766906,16.221714790483613 -1.2114238461653215 3.5042117053913375,-0.7131397127258646 35.18121917924828 -45.22649409119031,26.23001128594538 121.36971172454366 45.08817587464641,15.792796416856481 9.769704470821354 1.4688025969126233,4.600049395028999 -41.60805360199586 35.302874763398734,26.95636031517716 -118.61015030162845 -43.911025214600066
-19.124762913214102 -2.435098677190714 -7.386066818236964,-13.258808267779354 2.137034599908014 -2.528607426015183,-10.144608657484097 3.9072784984217463 -0.6637666308436347,23.194433708368425 0.23785642204320462 9.998673345964198,16.482848573901542 -1.2833986411503475 4.219702921983931,0.5519839887486804 35.53388624407703 -44.84313963661548,25.853616621299537 122.97956058583318 45.80198289571343,15.900763100419045 9.714137137961298 2.2068380363129694,3.83337987600455 -42.60533626804907 35.84942805518213,27.007389608467626 -118.37181453744496 -43.78960991010808
-19.532372002588787 -1.593099864838369 -7.208803379878492,-13.501107609663514 2.7402931289380885 -2.3202113208432755,-10.206766351623815 4.011634776571741 -0.9981416201512442,22.583100358046806 -0.2823938231671247 10.10122657194997,16.490445915829465 -1.4057863691349808 4.581267128746786,1.201702197055168 36.141151420054065 -44.69561651177613,25.541733720796657 124.20527935086034 46.348014904003236,15.8242955900189 9.60398848825856 2.6873542540999766,4.1008398951034195 -41.72041269889886 35.994593951176654,26.884621597217855 -118.87653533288714 -44.00208686383556
-19.75511255603575 -1.8873592600142917 -6.690467328813877,-13.661997182451806 2.5599928295453807 -2.1146025871427794,-10.764488594850821 4.3375209986395875 -1.5049202481274648,23.008840774094207 -1.1928875003669959 9.349748782970433,16.398884930322026 -1.5117886766421373 4.675869112049605,1.3284179526969606 37.091144963065034 -44.76441040457034,25.306480842633817 125.02896765699803 46.713713601367296,15.705066293414777 9.500356445432649 2.922472485176549,5.0832465985665145 -39.69704377357202 35.8616956437383,26.654937761858477 -119.8396105718688 -44.424421791188635
-19.808539414026985 -2.5066170828794734 -6.315242675728235,-13.707859656195215 2.0880831242167353 -2.002988463192234,-11.257735390190954 4.656293164420536 -2.082157350907062,23.626488281734403 -2.0648866837515083 8.512462382187366,16.44992195522172 -1.5184519131419054 4.69005833425067,1.294028940601159 38.24907084871116 -44.88418328280709,25.13039849306068 125.60034273637658 46.95907632281969,15.751181712658939 9.484863604810101 2.996887976581942,6.064152221754191 -37.98206838401415 35.70989831338401,26.433803242416246 -120.76144140450324 -44.836681684736924
-19.717217506772855 -2.7283950804281347 -6.490567788144859,-13.609504741811357 1.765756053588937 -2.053640951446071,-11.208714022570723 4.7643526104588565 -2.6116784843166267,23.70643437113112 -2.5040370725854313 8.26440458415095,16.831735433897936 -1.3632211775728533 4.7850398234546505,1.413914511706608 39.46691524836698 -44.910186491531974,24.998533832235744 126.05122167310866 47.13800243586114,16.121828792018317 9.619081779778043 2.9874074590734,6.415669277665325 -37.797302234362355 35.76977807127538,26.323073266474037 -121.20193895965471 -45.04458625309996
-19.57211251409459 -2.506322833850819 -7.043301702232328,-13.370625485020254 1.6472659167754218 -2.1623212688968043,-10.762837378955819 4.648754457713829 -2.8543429494308614,23.397180139851372 -2.378295058605934 8.572254170599656,17.328372830715107 -1.137098955985789 4.929801508082962,1.649090839379807 40.50136007055333 -44.854992538463186,24.915299694383 126.3759141698752 47.25726938192885,16.607440699157248 9.81356130313417 2.91026203928413,6.182454821251022 -38.661197727167036 36.05466329947606,26.321470828889748 -121.17200915270607 -45.04832231875502
-19.494381578722233 -2.1014464025870154 -7.536322407997623,-13.009866509480753 1.6109320040280557 -2.146352467137337,-10.34888094280019 4.383241352425923 -2.5160084364246447,23.246490455782737 -1.6748859211570908 9.080609563100163,17.540129084133756 -1.0009080630352667 5.005932974376742,1.7994502724128973 41.065753750391245 -44.80270559437145,24.893914206342544 126.50620730678894 47.30222894248976,16.8307835793946 9.910185219183774 2.7541399614604853,5.7149622081342635 -39.31771254554567 36.479102971782304,26.380826186152248 -120.8876187221337 -44.93649809534469
-19.59163814692115 -1.7536399073737974 -7.577272268904941,-12.559201320567125 1.5496574052631062 -1.850190563860612,-10.344516619775955 4.0409506395607036 -1.3667074333831024,23.721537930242366 -0.4166690334576644 9.464426869808767,17.13061569179813 -1.0952329951156299 4.9138218139936125,1.6950454168785918 40.91566115052555 -44.817309340755145,24.945744298742706 126.38097685856205 47.25905767331028,16.47405070856331 9.770242103022587 2.511487559309778,5.342949330182947 -38.68013354766419 36.950000813419976,26.454162048771657 -120.5589746952639 -44.795766998158875
-19.84970949974942 -1.5007565251322892 -7.183664160560585,-12.168459907874354 1.4939001787382045 -1.3630768597622038,-10.660308224677879 3.6857591447787175 0.25040106442328675,24.554978029506298 1.0619601816417328 9.683022194254347,16.334698540369253 -1.3775682398182716 4.724924183838781,1.4413328873190274 40.18398972463424 -44.780668672855164,25.065301477683825 126.00493083413075 47.12222480248194,15.755383931402417 9.430653503524335 2.209401613535118,5.198462605205248 -37.20213211943758 37.31069506005455,26.50720261042222 -120.33589324672054 -44.6914441322177
-20.190603611888925 -1.2747848915538826 -6.587794400880937,-12.049232306254625 1.546200976437476 -0.9025268888690193,-10.962042061556692 3.3766909264518454 1.6918239795060526,25.094558996290704 2.263352826933665 9.844724113056865,15.68659655721977 -1.709464075091995 4.600340882787166,1.2880885874486894 39.20138484174019 -44.479213223645544,25.238264542363755 125.41727514716646 46.890545146898546,15.17377691077563 9.020377487374294 1.8931366938555823,5.309942190678954 -36.14458358448784 37.37121387928016,26.512327991944474 -120.33654408024664 -44.67766273998451
-20.527418906299832 -1.023003895417449 -6.009037473771423,-12.378487397486968 1.791487737333639 -0.6683877073997851,-10.946360860566177 3.168668206703343 2.3651827377984564,24.75493778096871 2.732312417909819 10.048599774520422,15.66344868193841 -1.9625415238065813 4.678953844719336,1.4490764458419587 38.28142043525045 -43.7344607488979,25.44764251813658 124.66907244025873 46.569845054824334,15.174846527436914 8.661919128520353 1.6066948821583806,5.679006536507678 -36.64637358006073 36.97179183496484,26.447602833974457 -120.65407568418857 -44.797935602825994
-20.684712284662144 -0.8647454141643308 -5.509670188622191,-12.96022761531389 2.121155387119612 -0.6611378063557024,-10.66002407102017 3.073560746014904 2.2482637581042506,23.696347354455227 2.479141575020828 10.281580135603868,16.10904864056212 -2.1241890593242254 4.855618733541628,1.7426375991685503 37.53815157936883 -42.748991022774646,25.648952295002314 123.93392197650513 46.23991179717997,15.611868425392995 8.4007517375576 1.3790994077073613,6.032463816790021 -38.47719488235796 36.27615056136608,26.35076239097424 -121.11920719112912 -44.984175148232694
-20.433711902587333 -1.0229692052411925 -5.057349092249978,-13.373816910743034 2.310033507095659 -0.7611755670356954,-10.360667184799569 3.077307715904862 1.6622650437846007,22.528082706245506 1.7945140169834717 10.463056287371764,16.485724993645352 -2.2515221359878734 4.878213673161686,1.7489491978203682 36.96546271621049 -41.95489828136867,25.78115219152492 123.45922708544238 46.02507946547745,15.981349865369205 8.235952230625129 1.2303517050603494,5.931603393619433 -40.58207250324062 35.642848641370975,26.295481654678085 -121.40459597604756 -45.101076673845085
-19.583903719436567 -1.6980854689694986 -4.624806480072766,-13.230086430796687 2.1432183491972463 -0.8503576648941042,-10.293291273908164 3.161431173701614 0.92979959017133,21.83347226847803 0.9737956976052704 10.518085173318884,16.297025709662268 -2.3969093294600428 4.515313300984588,1.0887502652123164 36.55475341216354 -41.75415552851304,25.789636317702318 123.46588546569993 46.036826513433894,15.819042434241533 8.165241604585178 1.1730450696608044,4.994868741390027 -41.94699209222506 35.41225129791668,26.34920394308519 -121.20986620229864 -45.024179797673106
-18.442966131084837 -2.784187397021379 -4.266243345634636,-12.581375679930044 1.557453822917057 -0.8502590761778595,-10.504436105097392 3.2555680136221334 0.3312589951274874,21.785211510499096 0.3230747552664251 10.455977160685613,15.640151076099283 -2.5398236732048365 3.8257444698409406,-0.057132166308917445 36.286774696294515 -42.12356888694844,25.704937868620462 123.82316708437915 46.214549974015384,15.224777381742197 8.17716291694832 1.1267015774460045,3.6000379030418643 -42.22610902528711 35.65805104125742,26.493438326246167 -120.60695722861263 -44.7793872943286
-17.662696240644483 -3.9637844529842114 -4.092133923550199,-11.784989220392927 0.5942321077924371 -0.709889578067548,-10.903557373192642 3.25351625729904 0.11787108033280563,22.272357544368983 0.15584551122644252 10.34423936386197,15.022357522596376 -2.609386734252588 3.068821253611792,-1.1209989494335022 36.13492228548831 -42.746267043231505,25.616398543366035 124.15746050064772 46.37878430478879,14.688015245673837 8.253919705807863 0.9465558013923474,2.6493875106890044 -41.53510656528354 36.269740336809086,26.650336123784044 -119.92497936680348 -44.49646295933349
-17.854043373998138 -4.922059871428529 -4.204090086054477,-11.191331502651712 -0.6852381819863433 -0.38796208249834063,-11.394311135519839 3.0591861336355746 0.5144579412317831,23.169991339360898 0.7523960136078568 10.246919668549321,14.928510995372928 -2.53968708132121 2.4989658880241845,-1.5593549717846718 36.07944946645606 -43.31093599201483,25.607651969736203 124.11980082313978 46.361510935110076,14.675184841428548 8.377096112950822 0.5043483482931058,2.989066413441863 -40.01757062591392 37.13164844349235,26.745342230661695 -119.47973285793795 -44.300191116064596
-18.884481460661902 -5.451504111755813 -4.548121976472354,-10.948654576081925 -1.9448978006582334 0.014067024140712706,-11.832468578232385 2.745234003737047 1.3432733866401578,24.22331078817488 1.8730955065030128 10.156092010118051,15.367263315245722 -2.357857076671046 2.2321598823640154,-1.3259978661562508 36.20978722270276 -43.683981261152155,25.65511296551443 123.82075131394147 46.21001582789611,15.172841113915206 8.520587459730718 -0.05094255476323639,4.42761271891404 -38.10888036871495 38.10475474647473,26.773653392790607 -119.29977128752678 -44.2055204962433
-20.033513228125006 -5.429470640641715 -4.947183432524138,-11.045339980768672 -2.6313242151062113 0.2818538911728263,-12.035931543858036 2.517767674006257 2.1082035153676864,25.074796855649076 2.867139864103946 10.006910336676619,15.970656406989878 -2.164611976357769 2.2749000733471343,-0.7680050087823369 36.70170879187132 -43.87235636175351,25.650403263317198 123.73428917199661 46.141856707601875,15.788034833690425 8.652208429171203 -0.35108766357494575,5.952978893424981 -36.47517716674058 39.03157258160327,26.785629014922428 -119.1864816634496 -44.1405372868899
-20.5982095072345 -4.757457909532606 -5.22769626071967,-11.46187489656989 -2.227191772875369 0.2101087027163604,-11.84012663926543 2.574672084895981 2.3284227733540956,25.392604932098955 3.105952431636892 9.739276763194061,16.374813387845865 -2.0577769087131346 2.622286823630732,-0.23634330664903475 37.72185743000835 -43.88615219992044,25.490478841321462 124.31209005872522 46.364954979315215,16.134455105840566 8.741535159219634 -0.046972185366335774,6.577794742218396 -35.754774006539485 39.7540055225366,26.82954258004764 -118.94970034153503 -44.03664048775619
-20.52538996632667 -3.7587509637642613 -5.348032181143543,-12.110561821503271 -1.0273986108937023 -0.17193150232850093,-11.439105743311254 2.88451499531952 1.9865328488554423,25.395216352931715 2.6074458558938196 9.414881556676283,16.493455994414198 -2.040499947804216 3.1069739509425904,0.050392362734354254 39.214889751059765 -43.721919001896985,25.22011748839822 125.38311152424164 46.81117193330919,16.154330180687914 8.79539018842701 0.7254606644074612,6.224564558525237 -35.926466736627134 40.11191877827803,26.884250952619656 -118.68241033373384 -43.93508156304816
-20.349569548443316 -3.1381391682812296 -5.38591109310193,-12.842030476333623 -0.061496097433586416 -0.6229010649020938,-11.351295886567405 3.2084476730421416 1.484303552892777,25.798880112097887 1.9742798209157304 9.205571889901835,16.491392825556055 -2.030294143510289 3.414683010359348,-0.006662896742340496 40.92467632198995 -43.36395950211284,25.017801241323 126.2130650297528 47.16267356892228,16.087050676643113 8.854285278581964 1.3915346046087893,5.638770540748996 -36.37252054129012 39.943333864996255,26.86582393792935 -118.7336996917453 -43.97647310014682
-20.604996538325985 -3.584279328844108 -5.420147545742511,-13.505357781137073 -0.3445932077931243 -0.8993492141653348,-12.080832336213414 3.308444233977715 1.2248549198174201,27.299622151013715 1.8080753972721015 9.275979580498962,16.536272377311324 -1.9454108554066225 3.2386581611534853,-0.49338015560771586 42.58171296458182 -42.80358761542284,25.05944093849438 126.07737649508316 47.105593834133025,16.173307062749515 8.95776997140741 1.382774020845766,5.5705050602892 -36.473037301016774 39.102015677356476,26.692932735782918 -119.44188727861857 -44.296615467870815
-21.301761606152844 -5.05542266345294 -5.451194802396103,-13.96598174176876 -1.8916596803769141 -0.8936940202314985,-13.496764168569657 3.1492855810202025 1.2751136797127423,29.660661968075907 2.170021516902388 9.517323329259916,16.644011675085647 -1.7975771280625223 2.5854592667243437,-1.2834392723227734 43.766386027379454 -42.21430100422644,25.340325584985386 124.98505688963306 46.64299793725887,16.4238271017852 9.092197965158475 0.6687193341338186,6.1576868406477425 -36.08065550729677 37.828217689151806,26.403145077873894 -120.65645103280015 -44.82615217316186
-21.90797014659824 -6.754572230559962 -5.3984796147064396,-14.106257923491686 -3.683509257780014 -0.6388435683351592,-14.811453702847734 2.9054572731850277 1.3543786439338947,31.680685984292147 2.5624937826856247 9.538109386871357,16.67363557935289 -1.6951749882068214 1.7856183955919156,-2.0311118408558753 43.90386685880369 -41.9579775163136,25.668979038560295 123.70365294409511 46.105661820331704,16.61155435336516 9.188917816360982 -0.22477398523274944,6.905239693121756 -35.536622188791554 36.76182721181835,26.156969139382575 -121.72140149927156 -45.283592061141455
-21.878827001416262 -7.864724555436272 -5.181502369805953,-13.81219231275661 -4.67527169391924 -0.17578160156821065,-15.225486413451472 2.7567667233718174 1.1721801425307998,32.14307937655384 2.4750214856456307 8.949963823498663,16.483884847148353 -1.747646230015331 1.1794684014694985,-2.3903900756167173 42.44634806504499 -42.38916284890228,25.850173627957254 123.01610075013521 45.83090762250643,16.507355244626712 9.178453629612086 -0.7583118714489009,7.297747813041691 -35.20156421304089 36.54333522492787,26.115845208462584 -121.97633368527751 -45.385856723278785
-21.053893621805802 -8.040034517519796 -4.840786682126755,-13.060893694104344 -4.521540720843017 0.4039313835020711,-14.52748861510775 2.744794217373506 0.6371433359619799,30.758311296923768 1.8078617399425312 7.877662192217721,16.15429313824133 -1.9564972825095563 0.9439231118140716,-2.3277811107448083 39.93117170610014 -43.353707665719455,25.843157799572275 123.08278954880211 45.88384491306895,16.16445778421541 9.045727335220406 -0.7775920031186813,7.1013064090663685 -35.33562278910982 37.24702236267475,26.29072349353533 -121.36106691983119 -45.110209795060904
-19.727138443006496 -7.491685655211313 -4.559936311894636,-11.937177462813029 -3.703853874706626 0.9489403415883724,-13.201300021188898 2.747700522760389 -0.10672603592255595,28.33289926181739 0.9468561060207547 7.052652868065818,16.025427315846922 -2.1956276010155427 1.062693622475449,-2.1792639683413983 38.17860168699353 -44.09605609737954,25.789809945550502 123.32810032771164 46.007758971433475,15.969912976165071 8.839972888610065 -0.5835881588426246,6.4148280979527295 -36.08013959488635 38.27776504178142,26.51463676494847 -120.52503789535419 -44.7417052299612
-18.218082312248566 -6.464786076635383 -4.52712644367621,-10.534879047099878 -2.747940132508974 1.305942090377784,-11.766437028479745 2.6370850037618507 -0.9006798869118932,25.72985935352645 0.3018419556054014 7.227338375003114,16.44408083327753 -2.333421108445854 1.5063592887679118,-2.2947953382322903 39.04194917615732 -43.841252666717885,25.839828965244134 123.14499356148083 45.932316656381296,16.320651644908953 8.614105244363525 -0.49868591765313386,5.358018497634064 -37.55997032527457 39.01096981853823,26.613365975859345 -120.1469891118799 -44.57798405218791
-16.816879723716806 -5.279414738334884 -4.773084979956441,-9.067281238603716 -2.0275673438730792 1.3858242204536881,-10.551737823688635 2.4072112603092304 -1.5369280509291783,23.522340316801195 0.11009323785094227 8.553538516337245,17.379651618891433 -2.317322434852949 2.1612636875451003,-2.7104518908020263 42.62399819555632 -42.46826279876667,26.026637262405504 122.39914814653547 45.59901968208531,17.21273989877406 8.419637757919526 -0.6371417059889772,4.117708188682156 -39.489380676730406 39.21390455125776,26.541618407036573 -120.40774783351578 -44.695428722264
-15.773959082976937 -4.357069338345845 -5.115548966945875,-7.909252318903364 -1.7109340388866507 1.1863100397477293,-9.628095745571576 2.2182800889051753 -1.7413374282754424,21.89136540770334 0.375444298198049 10.370619388686569,18.291006107893402 -2.2017276132525403 2.7997982820003493,-3.0377010353267546 46.65946219186081 -40.74066022079842,26.226361223764744 121.5957249703935 45.23593480621787,18.0999638015872 8.306187735462544 -0.8316598914633525,2.971532769581672 -41.02720017564083 39.18393754301732,26.428509741547945 -120.81457369557393 -44.871108493686485
-15.333437633911641 -4.120187307007162 -5.359045809834615,-7.44181496304498 -1.9478106058841513 0.7131653299408416,-9.047669707703186 2.2398593106440217 -1.2403424521032134,20.98863104366686 1.0831278749734343 11.964938644389257,18.606748897501237 -2.0484477001863053 3.188755710889332,-2.8636323182889716 48.741085955465394 -39.47852503248955,26.30536364765419 121.27953170684441 45.088892192608256,18.403637817988166 8.322296427428416 -0.8970247171617928,2.200594971112277 -41.302883957442155 39.25263660560979,26.4139574718346 -120.83294810488741 -44.863645284705214
-15.529955411085705 -4.615649940923202 -5.422647578158092,-7.7270665935916885 -2.65779390043414 0.08487298796071371,-8.83713424809861 2.4968155438087507 -0.07698254493640036,20.87627670204379 2.0964941471408096 12.902568805312413,18.114116114902707 -1.9086916147406257 3.2443185604946656,-2.1210645307865956 48.02905265331292 -39.12479339953085,26.214112123216943 121.6506442115884 45.24905248897765,17.90633861570557 8.460016969210058 -0.771936654374402,1.9072889928387329 -40.04901348903938 39.54585455273121,26.543186305357796 -120.2903676957163 -44.59958891757192
-16.073462774621245 -5.308226529409837 -5.402970571186967,-8.332770491757952 -3.4037118023180413 -0.4053725606324927,-8.983663122655853 2.78972854232475 1.2149651371754588,21.477628603059294 3.0899753266512295 13.183140441092947,17.156222758738977 -1.8172349629461788 3.114223835765716,-1.278696793071429 46.11307493599591 -39.537828389935335,26.033436665352827 122.37480402228778 45.567838593079465,16.950599277255712 8.623845917883864 -0.5871663281083579,1.9170108109427308 -37.933016051113846 39.87058595102762,26.71464713286001 -119.57545270483236 -44.2657774657412
-16.647129313953688 -5.617767122043635 -5.410628698783533,-8.786544066679358 -3.722005990743432 -0.45165046249896273,-9.469796168023764 2.901198445096 2.063233981911232,22.701601849175468 3.7241635227510526 12.844864350906608,16.122484005747815 -1.8072159743643081 2.9648215520262826,-0.8477673862747762 44.77814524380823 -40.524230926376546,25.85503401241212 123.07328481663764 45.87670591748501,15.925714552249907 8.71122588138235 -0.48992735677759475,2.032633851480006 -35.701207569522 40.007764987502256,26.81498103626205 -119.12202481692063 -44.06994099513336
-17.03748331194079 -5.427622279096955 -5.441594056488155,-8.829775638017871 -3.536073883283881 0.044930463564844224,-10.166938858615229 2.7319619392751955 2.2304471783362145,24.23500579686315 3.8764258198623933 12.041483505372918,15.2658826633658 -1.8916538106392655 2.8450651166906327,-1.0195928837393486 44.576351002304015 -41.7578625026569,25.739378265365083 123.5019065273635 46.066014290969726,15.094503269198903 8.66256050172819 -0.6203148078806502,2.17439260888774 -33.96249694832073 39.8613544648549,26.804189841901582 -119.08811600926286 -44.085082382893546
-17.214972555415645 -5.445909024086422 -5.287841718141568,-8.584243781218952 -3.4578733378997395 0.8148667011641391,-10.74874091071322 2.392971366217247 2.0751406938024504,25.369428295043154 3.809865079326317 11.13232222450312,14.596629761860063 -2.047767171265132 2.5950089546086614,-1.416211747222261 43.86591213299407 -42.67638416240304,25.691385044423455 123.65590465706286 46.13093979579994,14.494729276684497 8.494699550616444 -1.1057567897079708,2.471357320084243 -33.081286989029124 39.554237928922525,26.77281564590554 -119.14100992914948 -44.1444669774594
-17.16933096041479 -6.461392118620048 -4.721829146321403,-8.210781575204937 -4.1667709597058495 1.551380296947773,-10.870061092512705 2.0166306148300333 2.0160178582779342,25.35954722345046 3.8264161420112983 10.496606261890774,14.099780847322696 -2.249027552888703 2.0344292103655173,-1.6025368180778863 40.789239571601385 -42.6963090102362,25.710105887375416 123.55568265286202 46.077705319991125,14.140570091342378 8.232503896943092 -2.0709121035866125,3.0729464688511565 -33.39371723564656 39.23147670161264,26.82437186679258 -118.89922187771263 -44.05753051615218
-16.93861958089457 -8.617148506148855 -3.739190429984763,-7.847004060855974 -5.814831348628328 2.0511928277880114,-10.421237953263983 1.7031333868871454 2.285527389942561,24.025830539634686 4.090538828805908 10.322954204187573,13.741206679055304 -2.4605182736687325 1.1685608751649925,-1.3734803500366937 35.016154652448634 -41.7068414897272,25.774363119834337 123.29376983802462 45.94828568546361,13.989037169523423 7.920156309508769 -3.424266140653578,3.9544168934531636 -34.784119152338675 38.980647374061206,26.990715604553806 -118.24999501377452 -43.76416171476583
-16.659868311180198 -10.733955127393621 -2.7926016610077906,-7.582978205659337 -7.474260660165907 2.322981904492618,-9.774847597854052 1.4867103454646355 2.734688364430207,22.347424126298947 4.485158735880562 10.409641425303363,13.447489612719048 -2.630144554042857 0.382438940294743,-0.9949689400778224 29.344452813510472 -40.565207650565604,25.821551791628274 123.11040166179586 45.857871873666454,13.880071953951093 7.641408753834563 -4.631604131308125,4.734360898820701 -36.21156929153531 38.771603920500496,27.15695943726091 -117.63089857784088 -43.47140311938196
-16.48210698241527 -11.473529650124155 -2.389671698671884,-7.502856057293095 -8.08725353896147 2.401385206668281,-9.361948102872088 1.3934040211743313 3.168008268329025,21.443638963556573 4.85888269248377 10.507434181016533,13.140548351650397 -2.703832095708392 0.10657333888039185,-0.7900945471749039 26.948365450541036 -40.24528492349882,25.78421955251866 123.2630017408367 45.93019891288068,13.639639513845532 7.484712773543019 -5.105753641936931,4.988584800436613 -36.52405432758782 38.559779017655245,27.190502950432485 -117.5459009360145 -43.41854673646655
-16.521295034376408 -10.294511902589564 -2.750040374290021,-7.664785833267074 -7.214498749309299 2.3230906360224832,-9.455490609913547 1.4181021203121493 3.443761061457839,21.955912880877275 5.10323682186844 10.447131901767218,12.783422385447857 -2.662153226301591 0.48350296953624855,-0.939958861330558 29.165197666714594 -41.195795739895864,25.657897922221448 123.75787610456675 46.17126231878245,13.193906197309726 7.497831202914018 -4.608791451201745,4.540620862243615 -35.18563794296011 38.298682834505485,27.030086718384283 -118.22339117395846 -43.71564977812014
-16.815220358058454 -8.53930047633537 -3.4126484410278177,-8.065448087888921 -5.878676923366754 2.129632394241087,-9.954694246203447 1.4820488037507427 3.5473134990709747,23.396090655973328 5.2111995599533145 10.24871584979804,12.436352216953432 -2.567577713971436 0.9750629096778765,-1.2900280152226105 32.990141655337645 -42.62410499179837,25.58699923072123 124.0077408698113 46.30874580991822,12.705893401220271 7.632347203239859 -3.7283470665300285,3.7995741298806007 -33.116662137435796 37.93728113031206,26.783086621982026 -119.24034609360804 -44.16728519652242
-17.390257420354263 -7.821405400259974 -3.818427873269113,-8.692583981779515 -5.312897164143096 1.863291945601199,-10.704740309427674 1.495894009433587 3.482461111564648,25.11296880623012 5.1904666964738375 9.95949266400921,12.173523959880914 -2.4943611313615364 0.9452041641075501,-1.6373784516100323 34.79336245201761 -43.55887233351049,25.737271205639143 123.3402706208715 46.0304493591088,12.37267096583596 7.825954439732584 -3.1709380457020298,3.2588436463856625 -31.447375287683403 37.423945117061365,26.581165325974798 -120.07992849898164 -44.534033440996566
-18.19069643003526 -9.072322664111686 -3.626133674932052,-9.493225439251004 -6.2330962041010265 1.5983212817577248,-11.51665391357013 1.4000601426567236 3.3001521052647877,26.541359625264995 5.090786333685144 9.624830250594703,12.00439154424099 -2.4864894276024203 0.06064987915564678,-1.8431100629601533 32.44375006290861 -43.445344283519894,26.158504382454545 121.56104609977388 45.24079521280524,12.278561322121115 8.019142380772317 -3.3944035822174747,3.2120777606331883 -30.996301036967033 36.74899160140386,26.506253157451653 -120.41884400595868 -44.6687388876341
-18.93614273076489 -11.356707575939517 -3.0907562198875094,-10.302973161650076 -7.93958240830143 1.4964836151003167,-12.107966271307456 1.216464196888593 3.1804031933366694,27.35152180679839 5.077014127741293 9.284789726035731,11.761220943469805 -2.5050931245897856 -1.183114751963121,-1.9435707185227569 27.91257448209233 -42.869068381812866,26.583085854489347 119.78379510426835 44.437154222268845,12.19926942640652 8.160053297749934 -4.175888836245302,3.4061578919968643 -31.72869552904815 36.017552830790144,26.50415076608997 -120.4635726545383 -44.676795042100196
-19.30814936602124 -13.422827457372666 -2.568341735765471,-10.938544824842202 -9.492743510746465 1.7343471548894478,-12.180419852331049 0.9808425636511277 3.3250854456439463,27.253716987384024 5.33348801956131 8.978521959699407,11.246268410992139 -2.497260266050588 -2.150162681237519,-2.0048167479026944 23.866358631286175 -42.60882798149557,26.689638888842552 119.34382584154798 44.21733660970616,11.858213188092392 8.198138152340508 -5.177146023783689,3.4953113469549555 -33.46508575907184 35.354212968441665,26.497580055108507 -120.51041035298836 -44.706408241056224
-19.111825386636912 -14.435675040110825 -2.301613193853118,-11.247256584152877 -10.260478935972829 2.3971321183897922,-11.611148099043978 0.7323240503429214 3.8527726864717398,26.179685344246554 5.947922859855318 8.716594372718772,10.35531785100087 -2.427682315560979 -2.430351190082056,-2.075225047495165 22.030488350685907 -43.134458796642136,26.30709848826877 120.95171752545454 44.90367221173111,11.093604643473503 8.113225923858062 -6.12846766053006,3.2852020706625726 -35.88964260785815 34.83943554022338,26.418297715263424 -120.82201327114859 -44.88056048739325
-18.545178928145106 -14.88539944196472 -2.172933882038036,-11.173725526124862 -10.588552838308253 3.279578776056051,-10.835014944811656 0.520825099228743 4.617159579256382,24.765452647627317 6.700779125249468 8.418681107225575,9.281564270295592 -2.3170283268963976 -2.331515246877104,-2.14695320655824 21.137602257385815 -43.93336560012737,25.74238000324787 123.33145677162906 45.942483346830514,10.108692773235854 7.9817454703349355 -6.978099412283892,3.0630514654979484 -38.252934465674656 34.41338366569102,26.2267904022063 -121.55406566611194 -45.24202224380492
-17.88413879303566 -15.52495675364007 -1.9931998754569331,-10.681866961832048 -11.016661006181122 4.1188190954561525,-10.397493066543294 0.39840130554160913 5.419409425736593,23.786717911752636 7.311582497064755 7.986430515072148,8.277185567792197 -2.197069012350531 -2.3038801680462795,-2.2010095944437342 19.326814920917833 -44.29811684921312,25.397192090147428 124.8130480079813 46.606361916298425,9.179121192694664 7.8992832685961245 -7.717512302890626,3.2115832907654642 -39.71954037915031 33.98839576650778,25.889243077819298 -122.84103482919188 -45.817655456193414
-17.35434209757402 -16.864331519231964 -1.629923224916705,-9.804793824592169 -11.908771633996352 4.712250099616385,-10.665531158165237 0.3980612361900304 6.100608479600548,23.780251774154745 7.578352899914383 7.3573002808952115,7.532322559675063 -2.095717587370421 -2.66296181139143,-2.246384320607495 15.41425666121944 -43.75520431504741,25.55597002197196 124.20544096665104 46.37257481391712,8.51157690004396 7.930152112679242 -8.334514300330364,3.972130880174224 -39.747486370758836 33.495241263009355,25.4009473745804 -124.70018120916001 -46.594914230713734
-16.995142553421232 -18.513527186105723 -1.1603249310451709,-8.831931166680278 -12.977947429483187 5.080494170509407,-11.344814435477327 0.48226212941847907 6.649719989112074,24.397819918096022 7.589857616077728 6.6013879932297685,7.007327008498719 -2.026598869065487 -3.225304167425829,-2.395713528366261 10.723764507317476 -42.69758567196177,26.06876146688659 122.09162734554461 45.476517310154485,8.057327471865472 8.022825210767536 -8.803345195234693,5.062309000097311 -38.88174355937249 32.932959093631204,24.86500776844812 -126.71462412111708 -47.415283685257826
-16.802772342666067 -19.874216451179485 -0.7101701506201284,-8.112036059993953 -13.78657723732855 5.295846671592842,-11.98795654739652 0.5971297568450373 7.089938282905199,25.08632400586939 7.502167136127351 5.8194951863034134,6.609358308487717 -2.000030146465747 -3.6919474855930954,-2.785625704979965 7.159668148033894 -41.71879113131443,26.685060541398546 119.46526023911966 44.329078865549825,7.708515109800695 8.098960821330053 -9.095103969412113,6.0785002237509955 -37.91889289039257 32.31639146199968,24.40948562688873 -128.3669863825083 -48.0864595292764
-16.763133192964784 -20.481561001378633 -0.3797618315838943,-7.8999079320905015 -14.001395761294935 5.428425155528628,-12.245536906361144 0.6962443029784497 7.434439924514423,25.407320306059383 7.439871567980542 5.0987255185319,6.275007867455135 -2.0232459271225296 -3.83380239011671,-3.4926863834371975 6.145304291108374 -41.28856593157601,27.19436052676446 117.17618620094089 43.28634184342513,7.391416221685982 8.096565185057427 -9.194714601794557,6.699892203736791 -37.505649610200464 31.67547908194568,24.134062113276954 -129.26400207880238 -48.462550035464055
-16.81749965288481 -20.44738999768202 -0.15940712632901155,-8.044452680081067 -13.739907937040277 5.538939113306718,-12.191343381106385 0.765388738879194 7.653125104679009,25.417668723866402 7.391566936843561 4.467008334075603,6.068012297709779 -2.09016321720911 -3.7236169266681047,-4.333991367260644 7.026137848088396 -41.341908830349865,27.558949608892053 115.45301287427212 42.46762398471045,7.179765717097368 8.024267218061533 -9.146824544909286,6.963387457120339 -37.64131471703309 31.105387670059876,24.015816964414963 -129.5485613591911 -48.59816402422922
-16.895098090466778 -20.039217857747747 -0.009717176229000826,-8.284995478537033 -13.241314967852624 5.685558103352524,-12.0134191436608 0.7990399524934233 7.704210516264808,25.307948296001193 7.309134393881134 3.936297447490438,6.0864341180630515 -2.191103643041816 -3.51562741370652,-5.056586364814262 8.586662254771559 -41.66945090910367,27.787766114877645 114.35662951429211 41.92832272501576,7.187108475352205 7.909762126552138 -9.012205039662163,7.00246223366043 -38.15040415892907 30.718892001451792,23.998730712755787 -129.50830259980202 -48.60204026198839
-16.936044208539176 -19.513481695613375 0.09659767666563797,-8.40294038190077 -12.73399886899876 5.900997142555466,-11.873964993419042 0.7940512770603408 7.567490072682411,25.238479397927332 7.163840851935051 3.536258703660768,6.384538207396118 -2.3103053629285237 -3.346466317023593,-5.439119625994033 9.762508502955912 -42.071410943496566,27.886273320604662 113.94110922996703 41.716722112877946,7.480549871923265 7.783936908136637 -8.85157646104899,6.935397557275928 -38.84034358632454 30.60827711761189,24.032870576448843 -129.39044792364064 -48.567309957167424
-16.935361357127018 -19.07075187597686 0.12581761195675736,-8.391872115700446 -12.391779066584066 6.089623403711438,-11.80486914382681 0.759257981102176 7.33155624828241,25.217000274789633 7.024703883679578 3.3858676091065516,6.795748292880279 -2.4013324800556854 -3.2639967373353813,-5.419592688675214 10.251424425418858 -42.396362590567094,27.842408765501336 114.22616966311129 41.84524379007812,7.893032772392763 7.693770853587045 -8.725401435272541,6.803848785697321 -39.43239894700658 30.762512408131588,24.098996944303416 -129.2384193838051 -48.508402916271606
-16.905339838317584 -18.89403020010329 0.025036998311678438,-8.312100418522313 -12.371316545958468 6.115442175900477,-11.797040067081067 0.7072633238074596 7.119215686699871,25.203266268361702 6.991480968588133 3.632185114268504,7.084039604534881 -2.4081029469116366 -3.288166239915836,-4.986119337842339 9.990822740084514 -42.50808579393479,27.638598624610804 115.2207246015285 42.31503165313045,8.183862342687226 7.691303839383073 -8.694061533595518,6.625374602104876 -39.62074132071928 31.138077318128143,24.187522367140495 -129.03154949000478 -48.41499950918722
-16.859302250017283 -19.11269581198678 -0.23379058625450813,-8.219432374957114 -12.772329404483775 5.8831303611613395,-11.839627621850067 0.6513192101221177 7.03206892310479,25.165197189056055 7.135158071665403 4.35375031772903,7.0628984170419 -2.29257380166059 -3.424865193452083,-4.175312921168134 9.002979039128844 -42.31272211242844,27.279978681220545 116.8450725546148 43.08549322992035,8.162722967257018 7.810778168626156 -8.798878462241898,6.421082854287701 -39.18982261585088 31.66803680799285,24.286346923073875 -128.76379288264997 -48.28446003112235
-16.816622137566043 -19.539918327409392 -0.53205950071481,-8.142976398675003 -13.358743789765095 5.537318431821129,-11.91149819607818 0.608494916438347 7.046576770766695,25.1189672564052 7.3569708427362634 5.224924377392439,6.837959003522831 -2.123110950585546 -3.597139711535363,-3.3097120786477827 7.810144075718302 -41.966214100498824,26.90562976634933 118.49691392073608 43.86991407856906,7.936576226303917 7.981461499937084 -8.968765803105153,6.233064965695774 -38.456597248338404 32.147435474789106,24.36853224506305 -128.51547827155298 -48.159491514125364
-16.79888364260175 -19.87334634331766 -0.697587616865303,-8.102087061696457 -13.771810772625333 5.310299243657839,-11.987761311109654 0.5972543217754104 7.093482672411343,25.098379502508987 7.496139945966844 5.772409878817006,6.6215862426610475 -2.0069547163342847 -3.697770365768146,-2.8163127108363266 7.117224831997294 -41.715764261920754,26.70356693658908 119.38302801321343 44.29166386862303,7.720988158358212 8.094271041363966 -9.091571009801497,6.1110783022093 -37.93255909835451 32.32089485248719,24.40171902789449 -128.3984894577177 -48.099367541133454
-16.822438113025832 -19.85314707392939 -0.5917056263907903,-8.113313801241205 -13.70618071616001 5.394470881328235,-12.04026384592978 0.6302913659445727 7.112400293039605,25.129286086851536 7.421662637299105 5.600734334986084,6.598815943680244 -2.0343965248451616 -3.6398119259581088,-3.0453398228791477 7.49720644055634 -41.76961664805676,26.825524925306443 118.86241869532523 44.04619792183229,7.703153716713926 8.058293775244497 -9.07200993668115,6.101755018779468 -38.04844854465296 32.00011795923942,24.36154414414838 -128.5004147609126 -48.150651597671164
-16.867389891253623 -19.51500655380651 -0.3082867517682739,-8.173886960316795 -13.227418215214222 5.705161052349286,-12.018305175477524 0.6803428904611211 7.104815244939871,25.182318506199824 7.209300603693917 4.854683115965183,6.764405730950544 -2.17800053271553 -3.4769781189751945,-3.814498622243285 8.607968458446749 -42.06538991057939,27.171585116176303 117.34982686314619 43.32890881387051,7.872757087970248 7.9087902181844845 -8.931990863311068,6.230014424858411 -38.67399578963439 31.461699781666308,24.279054014613152 -128.74033272588136 -48.27175126133789
-16.898509062211787 -19.019629743160813 -0.0395810881683425,-8.272863959474853 -12.558002739657244 6.040483133052216,-11.861645976856353 0.7032419284966489 7.098388002525199,25.204747214127224 7.022287006851037 3.9075971091560047,7.032616243176944 -2.360526499260798 -3.3224882953057424,-4.716212376939154 9.720255992951323 -42.42621491089643,27.53536720837558 115.70662185237212 42.54668704905467,8.13592573693203 7.734398467551852 -8.743000201296764,6.511590233481982 -39.44159627155583 31.1789073639361,24.20873601107882 -128.9660340145498 -48.38377984574777
-16.887450267655645 -18.517230154620307 0.04494542826356163,-8.398763052964725 -11.906863088379497 6.21717972850544,-11.525150150184567 0.6621248096814932 7.1188087882999564,25.15000955827679 7.004779953429998 3.1093488679245174,7.324315408389038 -2.5113615919656276 -3.274112978393936,-5.374871986659137 10.190881047075633 -42.69925929103773,27.732609532608752 114.7080869142971 42.06605612949845,8.40662730829361 7.614555810049483 -8.570849577927161,6.946043507569865 -40.018037822565084 31.5502281828248,24.198133146800473 -129.04234930826024 -48.41716941316275
-16.862541946611405 -18.068688226309888 -0.03522319679651984,-8.535937699273191 -11.367679235013503 6.20755995337839,-11.087308061661043 0.5802673241674777 7.174912708154757,25.022589841366383 7.142598199516681 2.611473307282266,7.6166826705794985 -2.615472858853696 -3.301715095128829,-5.68252419445551 10.090864786279461 -42.93134108853889,27.762801001722664 114.41340273731697 41.91768842337498,8.665299296581738 7.551998369012654 -8.433557423855738,7.401121412893238 -40.3579189846158 32.3576839426357,24.237389595085023 -128.97535608845217 -48.37954690130826
-16.87978672734447 -17.69126246650044 -0.16833745406238726,-8.666707659629648 -10.977854391207202 6.059897075675757,-10.686977696773234 0.510311757583315 7.267304403298507,24.85189893117313 7.344242351314794 2.468655764457368,7.914394758626618 -2.684967370428131 -3.3126994488459323,-5.661913858149653 9.839981423637106 -43.266768946699905,27.715157150528675 114.53207240228072 41.96825797362734,8.924836862679447 7.512008583497224 -8.32580443639669,7.68020551930943 -40.556378168733104 33.08227204246567,24.28862129687586 -128.84010358124354 -48.316234015064
-16.986735836745527 -17.382837299624388 -0.258285553154773,-8.770393617082235 -10.75184220575761 5.8191082104372365,-10.448945612222476 0.5045581071983954 7.394651703577989,24.670770479235948 7.520349249322176 2.713423815465634,8.224818199373006 -2.730515246008555 -3.2148948341926573,-5.342847663903806 9.83907923762937 -43.83237092640489,27.66715844247039 114.8109272260476 42.10094710809188,9.19881602810558 7.464921264281783 -8.228961063889962,7.608265270001162 -40.69478157431734 33.2679656836085,24.31822215504724 -128.70343392527363 -48.267534021777124
-17.147136381858722 -16.956215373248597 -0.36671609952770023,-8.797355951872333 -10.485160197645385 5.492563437768442,-10.357527453901946 0.6100571084521271 7.537374114601761,24.54360521541439 7.60735734136365 3.1697148818193717,8.579607107217566 -2.7470643175622294 -2.9243453071297267,-4.815054620624908 10.282501649389006 -44.578994011115704,27.57655103818274 115.38188369908138 42.36985515221079,9.505286034873306 7.432543865967877 -7.996808633411124,7.223920165090737 -40.711661594578636 33.089433231369405,24.335927166288037 -128.5480428572925 -48.22259090453109
-17.277639407899372 -16.120187469859697 -0.6439355518518091,-8.681679994589057 -9.850288623181116 5.066532234582908,-10.318097322674738 0.8709095277352166 7.665635987361035,24.552543869404087 7.556205007918649 3.5442433316610757,9.02406468358877 -2.7207268392997013 -2.36171171877616,-4.201938757279545 11.248540917559067 -45.35858771101761,27.333793068327473 116.59326766234857 42.92513300384982,9.864809975977794 7.4656103305471415 -7.411426207818262,6.6858563113277105 -40.465281182753294 33.07577978392306,24.37582806342086 -128.30933769728384 -48.14179826016076
-17.30396277579682 -14.623492391876681 -1.2188164561721322,-8.372377792448702 -8.563299451814675 4.532260288121692,-10.240382324782193 1.3187358958682867 7.747468610917226,24.763348308134628 7.326266492967068 3.577028215662899,9.60052623167912 -2.641406168935934 -1.4666620481236359,-3.618494848629084 12.804586330878715 -46.03185317487544,26.845132831142354 118.73514643476719 43.891472533449544,10.298504968470445 7.606382922225745 -6.290639633925668,6.158733354115848 -39.828880781601946 33.716745484329024,24.470897996445153 -127.9230764479907 -47.98657960521625
-17.26331511520019 -12.692712337014708 -1.9595995763767884,-7.994088669862819 -6.862925769906476 3.941569821492001,-10.09491958323115 1.8404554058042844 7.727432315335442,25.049082519495215 6.973108261633996 3.410411253152358,10.315060551221858 -2.544219591685898 -0.39922523158928536,-3.0776062558156445 14.906284373773802 -46.574015775303224,26.209078972629968 121.39235251487702 45.085185937956304,10.833603643998694 7.794900753868415 -4.877101486785435,5.861129949297662 -38.86019216199677 34.99862785101555,24.6379575147572 -127.33520770478971 -47.73404840195606
-17.264834583964944 -10.862715564470344 -2.5663761394784688,-7.784759872014105 -5.3251013844043795 3.3853646938437216,-9.891478489909437 2.2296315486460445 7.534944876489645,25.158489279090972 6.614356276557574 3.4462971754926954,11.15033869778297 -2.4934546685710224 0.5384014347804327,-2.5262780086140926 17.437189398855146 -47.03418748094687,25.648179072834754 123.6947281945224 46.12363078625575,11.501284127497737 7.905252518119612 -3.6875461016030875,6.046411211063249 -37.73597375810774 36.58292270910041,24.88340613510615 -126.49825463895046 -47.37144065825715
-17.408070988145596 -9.646440043671465 -2.757353174165751,-7.961546003204738 -4.499302257770135 2.9527282195249915,-9.648730220980788 2.292343118435559 7.105887963989479,24.869472787258925 6.360651236399496 4.06038234290481,12.079652946051297 -2.5492320705723057 1.0567028271833632,-1.921036606926114 20.264236461370817 -47.44970420980059,25.373141111338175 124.81964890837389 46.64481140392783,12.321821144323124 7.820805590106132 -3.2087759311568935,6.925294561632893 -36.62958495392487 38.129961522701734,25.210105596150914 -125.37739851788959 -46.89097825178866
-17.640605560249497 -9.17548721515424 -2.5454323464570576,-8.422072723961033 -4.483095018666821 2.697919779938796,-9.501541650639288 2.0329028767751924 6.470761319525123,24.399950600445997 6.209654748047915 5.19819752743238,12.949662079200575 -2.7061206499503654 1.0782097489623346,-1.3680140925037427 23.037156874189737 -47.67465372822428,25.398753955755577 124.72096267942497 46.62431555061408,13.16095712447982 7.571129447355712 -3.441562444733809,8.099513606339936 -35.63855244270707 39.35993521102881,25.57352464522852 -124.11460278463089 -46.352746693264656
-17.79768119448461 -9.299566605958185 -2.1613597430338976,-8.827763236995228 -5.039985493343109 2.6494561791328137,-9.670673935887507 1.6021622675121399 5.7300083365728565,24.293107322759905 6.075511917997696 6.487286128852248,13.513414763011207 -2.910231987730956 0.6822017742264812,-1.0839340430959248 25.245120414846784 -47.42766294793836,25.594978980980287 123.92650225837409 46.28727969944778,13.770201003059569 7.293869209986097 -4.027392874274883,8.720628415006729 -34.80434581151907 40.03728405063827,25.894098142288197 -122.98251195253454 -45.86699770598683
-17.721640115014935 -9.858983787428782 -1.8311928845585506,-8.851632648741992 -5.9258412541970324 2.8302317874041747,-10.36169449836981 1.151452542171411 4.985830282997336,25.06537763165964 5.874308749669385 7.557660382057252,13.538712455799557 -3.108411643120129 -0.04344953704303276,-1.2714571929135876 26.39779256020563 -46.45323617530342,25.832776202147034 122.96012686286348 45.857481617091956,13.913536966432778 7.122776365516007 -4.610190214146319,7.9892508157495845 -34.15766187978801 39.94884516830762,26.094431950562758 -122.24733869346738 -45.54150516356765
-17.423367281357653 -10.645635952371071 -1.6113616046947705,-8.463319975746696 -6.89987641073116 3.176229108714728,-11.482194360254429 0.780924337089363 4.342474578669684,26.637927290598327 5.589645957313458 8.211176001695215,13.086829654689755 -3.2798871856027745 -0.9257214127402398,-1.8448250938479531 26.424940262434 -44.99898283191536,26.05919351649117 122.0438701712807 45.43386302422712,13.617354910234184 7.080302498152949 -5.021913240309092,6.138164766618839 -33.56540502527699 39.25133324650277,26.148949179205438 -122.01086521306138 -45.42076893452381
-17.056308213457292 -11.410474443508626 -1.414817478777221,-7.883361259412531 -7.724135714801931 3.5499169215811417,-12.687723526252592 0.5474375637365027 3.905919365204329,28.428418486872204 5.262231047667344 8.39504117179405,12.46727274170485 -3.4312762559323153 -1.7195665909695301,-2.4743221780525766 25.61167003568191 -43.738059883923064,26.285637163903797 121.14446907964403 45.0097740440111,13.12999855619288 7.09475703546803 -5.253569330542382,4.2732089852927135 -32.755937064253104 38.41432101830763,26.075902151383037 -122.2357914873371 -45.495769062812315
-16.774855887671063 -11.912984460020258 -1.1535578836974774,-7.337448666112812 -8.171140159260304 3.815618930180106,-13.634853437716012 0.5029549694514175 3.7770060062284863,29.85362389471244 4.935090210989132 8.068829184794549,11.990091709478857 -3.5695059396783964 -2.1869151041845756,-2.8351241902514897 24.264830246484784 -43.328516069076,26.523232348520484 120.22876001120318 44.57876350990802,12.702267238967183 7.09340022786953 -5.30417454955699,3.4827990757296514 -31.48194781651442 37.89900950862771,25.896897899079253 -122.87227725669088 -45.75212460653096
-16.656611039844044 -12.125553806059784 -0.816852831967767,-6.99173283045301 -8.238523285282277 3.928047188341153,-14.1743605015304 0.6228606340902538 3.9440681255167465,30.654779429994832 4.662514298569268 7.360862696526606,11.807650364866843 -3.6895105677801343 -2.290082530765685,-2.8749623787564285 22.919877077389373 -43.81044829191445,26.73307622252565 119.44002709391837 44.21077399780346,12.486651728241807 7.04502486764883 -5.23772999730162,3.8817172715291663 -30.117955506995436 37.771577242486,25.676325826055752 -123.69365679267372 -46.09580722821848
-16.704908112209534 -12.226469830661276 -0.46870322306084067,-6.954781370175524 -8.141626497469954 3.9293289323345344,-14.344838056279546 0.8084788918145469 4.286632352989032,30.88691159745541 4.509688291340553 6.562663010035935,11.919813141174194 -3.774626197305946 -2.18517866176481,-2.805158257249059 22.333354871316597 -44.62632807221357,26.827883471721066 119.09219822076773 44.049628987004226,12.540567917617778 6.958590148407672 -5.181084239499677,4.643138408576459 -29.639852804246452 37.71617382162027,25.519950456303576 -124.30225526357661 -46.35576105710365
-16.91673919743048 -12.392977780878859 -0.1759801887137522,-7.325552444420171 -8.096797471376671 3.8647525498781015,-14.193506931316287 0.9603367024054 4.677197450236725,30.618318125935545 4.536515268828733 5.968166516963053,12.317259195821228 -3.8086499347952056 -2.032044854009119,-2.839646552480522 23.240302697201564 -45.205001547566006,26.72202214085208 119.49337148870774 44.23618992726039,12.912780060915612 6.8450529939716445 -5.257271594228449,4.922552940385634 -31.004946595692914 37.41127935014626,25.530602207543936 -124.31028214460652 -46.36495980217519
-17.197384201186555 -12.539634085661316 -0.00037224710878795697,-8.001673459158448 -8.101140458797156 3.7680972013519836,-13.79380498875501 1.0409130695770026 4.916739056612105,29.92937614321425 4.643932569349525 5.753053804417842,12.908872153553073 -3.801343110006507 -1.874068675461922,-2.9656265971197664 25.527878827111387 -45.27565447861421,26.430679112645933 120.59610274303252 44.74522840698963,13.519871513594014 6.7252141320959025 -5.412110206443927,4.453670891129662 -33.971938787632716 36.81175123901042,25.68270170112728 -123.79843539338759 -46.155668984060114
-17.350727136692804 -12.29056957155502 0.0021619188746637708,-8.658182957642977 -7.909366815333952 3.660417583617632,-13.248155327264442 1.0811804327713863 4.727157706513156,28.913817615462168 4.557126916916715 5.962263262274358,13.513103480554193 -3.7911727860590507 -1.625887783729622,-2.91962179523244 28.14583470715146 -44.899524506162905,26.080505366267506 121.95986458566337 45.36788905866108,14.132288017376524 6.630757481935954 -5.395490148466902,3.6094748978800215 -36.97436801448498 36.17800633029742,25.808701229739206 -123.36536820715335 -45.98048875683618
-17.18115467915496 -11.270125530376232 -0.2203082766983325,-8.9655589968898 -7.272982742263015 3.5623547983240917,-12.660774296502083 1.114597001549175 3.8383468793016857,27.669573867663388 4.001937750891011 6.628339061033493,13.946006861162315 -3.8174482146628494 -1.2003428939928744,-2.4351315209950046 30.01093485437271 -44.15746114818515,25.802675176252134 123.1266825346047 45.88745219430474,14.516704443497202 6.592924843170694 -4.95602983484846,2.790644050709505 -38.411152205194846 35.780999957897706,25.73840125522602 -123.61978887031856 -46.096311814410704
-16.703609035844835 -9.66071648185207 -0.5830671841031,-8.849092993814809 -6.2854678649143265 3.503517830443979,-12.146617126555261 1.135849794513549 2.4227428449904447,26.423044245446338 3.061159513682205 7.577723567863362,14.107203817007722 -3.895920340349989 -0.68845805543886,-1.6099577728838341 30.60841610685508 -43.21922981314344,25.682772714422736 123.74459503017964 46.147194607830016,14.578646208726667 6.606144076733156 -4.167071221064552,2.200628020509153 -37.92466594318793 35.698550063061994,25.47352984754495 -124.55706937586237 -46.49967742884161
-16.199274803321924 -8.350427075287891 -0.8286132860949009,-8.556281709911893 -5.472718951020349 3.5248553370045648,-11.834218102670116 1.0906005949069748 1.2123665531720165,25.56307280642494 2.2689476352146056 8.376248393152713,14.0019853833642 -4.012551196722134 -0.40656584328418566,-1.0025544266527415 30.142334834559414 -42.36702790735519,25.748734567877577 123.59569129473793 46.06625719668078,14.399211894001825 6.618292706385903 -3.512561344041413,1.7934846370461888 -36.729604745070866 35.764257014732955,25.233213388247414 -125.39703277693673 -46.857914252963404
-15.962333228900157 -8.257069195178435 -0.6929115547665465,-8.352107949488149 -5.379440232892405 3.6670937934104875,-11.848984174240178 0.9226645886027105 0.9638311050423591,25.47964459731601 2.180293118954148 8.580506155649475,13.643229126601584 -4.15121009764197 -0.6786215301414982,-1.190487133989869 28.866573288636797 -41.8864833930355,26.023332362761938 122.47837396907659 45.57179504616725,14.07017090149378 6.57499789329714 -3.494893770186951,1.5086467599032907 -36.12410348402066 35.79833765549514,25.246959298632355 -125.32242777922139 -46.822646637309134
-16.081760675409008 -9.51735105908648 -0.1406388900252077,-8.341543202923184 -6.101413702186464 3.923235064866458,-12.115378094207383 0.6411112658730325 1.8655551071195573,26.096368631810904 2.942113890342418 8.122981052649498,13.084401868835418 -4.2866343228012775 -1.4852745422621112,-2.2266646604247837 27.22158359734963 -41.8731509657504,26.45562432048898 120.57870837007744 44.74913635320264,13.653517015892863 6.458870694340498 -4.219722306419906,1.3545945090515772 -36.53046438588284 35.73576373646856,25.565093233838603 -124.15316142887337 -46.317637246264255
-16.349451367346706 -11.137150357740463 0.5324137182836693,-8.39790510197528 -7.084501249809369 4.2171884641028985,-12.266948821151182 0.34948100804569177 3.2833625386493406,26.661665369947702 4.110546505656856 7.480348391793233,12.43773288766819 -4.380340393304039 -2.310158675909355,-3.404432030975686 25.917921488977925 -42.14740974404404,26.887951242189615 118.64399234596243 43.91260194486869,13.168136840822374 6.306065018683757 -5.218327023837922,1.4397700877899977 -37.10301676083263 35.6776416195424,25.978533270210978 -122.63157672049327 -45.6606327003187
-16.535550702392065 -12.043080737339356 1.0068421869376287,-8.377363966107554 -7.728930246019428 4.468103927159517,-11.918682969382651 0.15752450665494747 4.523210968170756,26.37916498657885 5.198809002111924 7.1682256581999235,11.819514266790279 -4.393231622090347 -2.6033197798415046,-3.964201429911109 25.679174754972877 -42.508504235230994,27.15554799851551 117.45945963894545 43.39196783545675,12.629948723824716 6.156726158330562 -5.981284841135445,1.8781225674924418 -36.90622587382642 35.73691177500094,26.259665861335538 -121.56600297729914 -45.197571884347404
-16.51950546112316 -11.834083071289163 1.1306996071016948,-8.207612700485903 -7.815567075529388 4.642291103618889,-10.991606510957642 0.08888241727635193 5.219477651755211,25.038470605046864 5.961597778069203 7.436740258054623,11.307021382070623 -4.316882425310698 -2.2012356011321406,-3.620372439425555 26.63899051539067 -42.78491730734642,27.184332516751837 117.3745809999759 43.337514481012796,12.084377307603248 6.036510926745442 -6.308412902185043,2.6150325037333544 -35.686587790319635 35.94150242154514,26.309725919827766 -121.31307800827352 -45.08210191268011
-16.362235108802878 -11.22536065961498 1.03006760169182,-7.935092896695374 -7.757251681085472 4.784358742293447,-9.914861439852352 0.024227218969939332 5.551813846762536,23.402074083443168 6.5545348682204185 8.095227394338725,10.912750312647335 -4.19379033915485 -1.5819753486917174,-2.8743041780596728 27.951539559768538 -42.85367617136965,27.05078347013403 118.01533148568134 43.601506521316225,11.625836428373109 5.947020969674558 -6.5129587612258915,3.3160067642706332 -34.322971809493104 36.17819624872785,26.24387498171216 -121.47949785987586 -45.14860857908495
-16.141797575539652 -11.033625136819424 0.8568958115305632,-7.617632765900832 -8.023726741292014 4.945855841248521,-9.16392376499381 -0.16816885098793902 5.7503538780789905,22.32098200662483 7.169406022549107 8.911011258885138,10.642849547890712 -4.071116064958423 -1.28159509850775,-2.2993584614712677 28.681638443422266 -42.59802000302049,26.845598324538937 118.93948620862739 44.00798573278409,11.352636062946141 5.887663959155914 -6.95418675088038,3.622415505033167 -33.79516044713574 36.320797620217284,26.19672172140419 -121.60376054741404 -45.20243458073414
-15.939499504410628 -11.650905594492096 0.723869923630913,-7.334719534493408 -8.77993498765673 5.1280913071811325,-9.035506374048538 -0.49737243055330105 5.939848509764003,22.281089285270582 7.81195860127946 9.600094347195466,10.476195098355143 -3.980331662234657 -1.5515034034774864,-2.2194829998291943 28.234393784998154 -42.08700799351603,26.662133816408705 119.70638411152157 44.36680026853037,11.2809484315259 5.866261187829691 -7.719599594997751,3.4314253028802137 -34.417988199598234 36.28054326751086,26.220750705031648 -121.50952089228365 -45.16916066706746
-15.842847046397154 -12.65881087259866 0.668748355549868,-7.207172253923945 -9.609170449749522 5.236501051376161,-9.485189098637745 -0.7383763506525786 6.043945415327336,23.07154946454673 8.132923538468717 9.780542136288545,10.339618996067422 -3.9229706086890306 -2.099916916721424,-2.4826694144495853 26.66428657313133 -41.74429903737926,26.598821359156823 119.87834838880988 44.460712638614574,11.270202552860749 5.906689631903153 -8.378098264096515,3.128338174364291 -35.23737152027705 36.040101982267764,26.21172934231087 -121.56459747866768 -45.203817453546954
-15.939691828255214 -13.548869872579266 0.7207068877186183,-7.359958744513862 -10.030677426683868 5.1661489813937616,-10.429642755721687 -0.6407379620439871 5.963995715518935,24.4028601169657 7.7446265355233646 9.061138948649862,10.154325590787442 -3.8971751376166135 -2.5747278346350635,-2.883610241585738 24.099833582545433 -42.031753864916496,26.75424586802105 119.01999672622753 44.07039569554544,11.162618875482998 6.03447843845089 -8.441866262435326,3.152191567041406 -35.15971909384037 35.59051555858858,26.048209619264135 -122.19652694169329 -45.486614394797925
-16.247975618372877 -14.02265232164442 0.8777887479300809,-7.818807966675586 -9.834067089766933 4.893496453543991,-11.67689187120591 -0.13043438771388505 5.664699401307506,25.925239071336254 6.561236150708788 7.395043792785099,9.886239324942155 -3.896222898926195 -2.7750423253918157,-3.2617266395926316 20.8702718179623 -43.07827465186916,27.144066331172322 117.08533445666183 43.16661187090223,10.883534997353662 6.244666687581952 -7.74160998280788,3.71177463839278 -33.72547302461016 34.99041892920381,25.68991613303304 -123.53936608411463 -46.07368945176905
-16.631885893242938 -14.243675363139747 1.0695666549883274,-8.39119066960478 -9.40357442955771 4.574024026675664,-12.796012789178123 0.47855335707470037 5.2500810297564104,27.15632958794215 5.160770588154949 5.492806512080862,9.59963852611911 -3.9026927570993797 -2.832534777129599,-3.554812410959443 17.746286708587665 -44.280480488549074,27.60156091820219 114.88475574510952 42.13819179592841,10.541089894567156 6.465235983313061 -6.808570225063922,4.509486408270737 -31.869519086980983 34.447106105973134,25.27509819294306 -125.08171504684346 -46.74830741558744
-16.935310838174882 -14.436628666870625 1.216582946726052,-8.855791925224821 -9.201973908844106 4.3868274692036415,-13.324836638156688 0.8210094265054476 4.842627137387762,27.59682313238497 4.208905420516184 4.164928326970683,9.371884368822236 -3.8977851224664146 -2.9229505325046468,-3.7137714779965347 15.556338143427197 -44.93829738568792,27.935881957784687 113.3418890470897 41.429238979136194,10.267689701313264 6.615319268197939 -6.2664976931343,5.1806309929673136 -30.711252814839597 34.18739615091238,24.965642647372746 -126.22671801739692 -47.25759944417069
-17.070806167862543 -14.696898341164905 1.2738809867530825,-9.101180464749177 -9.440987738457434 4.422835370691668,-13.033996772908113 0.7012762933398123 4.53091702192737,27.036977465287723 4.080325491191133 3.865870396460751,9.277260530699985 -3.8817049719674803 -3.1419949364583752,-3.696783627891813 14.719691948440655 -44.67285413850558,28.017929287349393 113.0690249892773 41.32963399199085,10.169656022492177 6.645898989665336 -6.435637596163827,5.48673929362737 -30.91838768934547 34.32928114495252,24.872101788833234 -126.56547785760202 -47.42553128537307
-17.125523468901296 -14.791099847458678 1.284227357077603,-9.295318110616543 -9.694006049770032 4.5488001255989134,-12.286055630792212 0.35481988469500697 4.31731654114627,26.003309248763856 4.409834938022341 4.144817025793221,9.38222576470087 -3.9029787950119235 -3.381861524008189,-3.480528453833536 14.615186328920249 -43.921978216511434,27.87560358920227 113.88683842054948 41.73712609728292,10.286987250631391 6.588938986540302 -6.864534064720664,5.510289764865503 -32.01017848744537 34.71404681568271,24.97450331370238 -126.16700611359134 -47.271430342586136
-17.21392472472053 -14.434476353946708 1.3041075543075478,-9.64984180900093 -9.434644905758075 4.596421532655869,-11.536174140048585 0.084533660936239 4.190698502382703,25.1374868960916 4.716507874697213 4.409352026344388,9.75197135221325 -4.01767540431668 -3.5029170482096403,-3.0446323823643566 14.45902693003873 -43.25125054803177,27.56140377139338 115.49199342196229 42.488045070900505,10.649264887632944 6.489077235591489 -6.9810625040472685,5.383990349561014 -33.3261752527841 35.13968441364724,25.232428311565606 -125.17518425225387 -46.84523496738706
-17.414236087206767 -13.477644332726166 1.3683252848662153,-10.28407672705054 -8.360931287619644 4.460254173105958,-11.12727451683239 0.09260329090574589 4.148554244798298,24.910627028994064 4.676174238033221 4.259256651415753,10.399456704610897 -4.251826175089889 -3.416017607652896,-2.430613626096217 13.821776562839695 -43.062864538001286,27.1448435666211 117.51546224584433 43.39849029404652,11.247118765803107 6.382784864858183 -6.424332873756913,5.206962967739043 -34.36738769961696 35.44688478563548,25.595563110413377 -123.77728768656715 -46.22116812396482
-17.697818388041924 -12.170457995244938 1.447741153776113,-11.045105684927032 -6.832716222312448 4.22022153442791,-11.07126888602902 0.2842108994410813 4.213792550008286,25.29086148755845 4.426962207207569 3.8611334551949517,11.183601011853469 -4.542877227535882 -3.1809205361899116,-1.862519271816259 13.31905455798162 -43.27715739373976,26.74561617378741 119.39448133074923 44.22489844628726,11.956303952150547 6.282447646328335 -5.456419953916463,4.979278933053016 -35.110996190566894 35.6022667848062,25.98441278804355 -122.28856758572161 -45.54507202166717
-18.01642877848241 -10.836008867367386 1.5014858603908388,-11.730070586895303 -5.331257635366715 3.990251707200012,-11.319347933291283 0.5100554305802062 4.413984848073056,26.15405314286298 4.1918052751058426 3.485564314812485,11.935065884477304 -4.812024348952272 -2.884698036756911,-1.5978800257955803 13.75818840736656 -43.72607324152802,26.492619856800395 120.53074766264706 44.71276151031283,12.631502557709595 6.19603306528977 -4.453676975573249,4.682839432219519 -35.621531195856996 35.59554985849368,26.314129330136694 -121.0477513581797 -44.97592690930798
-18.32182440978464 -9.797388474957824 1.4886901040639953,-12.136113337220278 -4.337813452312603 3.884272782000539,-11.822702344271987 0.6208358283610906 4.7767025690530005,27.37606486598591 4.193636934613616 3.4031311073988406,12.484512933018767 -4.980463326636675 -2.6144223122901127,-1.8942265943052519 15.946505602896554 -44.24155620764691,26.5147528795681 120.32595822750801 44.607571468813376,13.127396693514616 6.13150860703031 -3.7924571697745613,4.299545651955132 -35.96352318571045 35.416453454032265,26.49986472237342 -120.39356641240383 -44.672713035701136
-18.565762433205034 -9.377688343880582 1.368484584149181,-12.060375840166873 -4.333641598680304 4.0162128494077765,-12.532522804623962 0.46725103682169833 5.329517143008523,28.832759528005518 4.65539067861648 3.88441571008452,12.662603768014216 -4.969389947886713 -2.4571655657257345,-3.0090896836163754 20.69133363647373 -44.65555041837729,26.940913505998616 118.18181001130228 43.65482030447905,13.298668470599967 6.096841756837779 -3.8491137675677103,3.811298778976427 -36.201502630350404 35.05469701875627,26.456770950434326 -120.66474015685645 -44.79441064966052
-18.7 -9.9 1.1,-11.3 -5.8 4.5,-13.4 -0.1 6.1,30.4 5.8 5.2,12.3 -4.7 -2.5,-5.2 28.8 -44.8,27.9 113.5 41.6,13.0 6.1 -5.0,3.2 -36.4 34.5,26.1 -122.2 -45.5
