-20.537726155600446 -9.399188359485983 -2.7597536917880627,-12.985248362695167 -4.95552097605411 0.9473527358774323,-13.061148180932953 1.6281026021235112 3.2952465613403867,28.16934630365622 3.9661562124361343 7.906416760468632,13.22703373660713 -2.911611704653677 -0.8218399723290798,-1.5165964781998051 26.114206723677512 -44.07383645006116,26.761233312411726 119.13222066241102 44.12169362101701,13.542027679993275 8.12227032916029 -2.3688014702174724,3.7610936559409804 -37.04099794637338 34.82305152480116,26.078073874724915 -122.03870031994593 -45.41845252530965
-21.012971702848677 -9.403593983781157 -4.212834262117967,-13.375829902406782 -4.989275711305275 -0.13332046239006345,-12.841679426892672 2.0798093380460196 2.033999446152927,26.88583109423507 3.316122166394175 9.234228765230707,13.335498392798634 -2.219732619409634 -0.24627403159344036,-0.5981735828546344 26.089492354027914 -43.27858053288743,26.642780413154053 119.80231154909511 44.43110784817928,13.53847335256479 8.832278618095243 -1.7698343459270938,3.8836136035064963 -37.4861092749453 34.496901923150205,25.91738836495914 -122.61573408233156 -45.68709291875125
-20.973596756142996 -9.53108543371916 -5.193269907873027,-13.624503921762248 -4.813215855580071 -1.003297613698935,-12.519761947987718 2.5542127483062296 0.7597119537651449,25.82669720426303 2.4127944064010194 9.701469762678126,13.544297987631266 -1.7400575945325707 0.19003162250094774,0.0038766740036135783 25.45214742672765 -42.677258560993984,26.538974076541088 120.38902312136996 44.69796758509861,13.662000755767776 9.343814188288926 -1.2610083688268237,4.242320014956172 -37.93974539566912 34.189449148520055,25.864859591830136 -122.80470793689959 -45.78509195842522
-20.427662653406014 -9.692816723880615 -5.640338669335833,-13.681009525755039 -4.395423098602185 -1.6254560119914356,-12.240289533784617 3.0309813086680673 -0.26837554882945147,25.409139727093734 1.4055438306354469 9.279882060305184,13.90660816741333 -1.4990997916714563 0.5061227723319298,0.030448478050868696 25.088429524517768 -42.54865768281036,26.512750307806346 120.5594428002545 44.77129877175791,13.966143051966599 9.619355314391441 -0.8544933906180492,4.723754227501437 -38.43992431665043 33.94187583285316,25.954580638428688 -122.47777687828653 -45.65291959925004
-19.569810077232184 -9.718674640832916 -5.699713406141287,-13.545275606440178 -3.769043643109726 -2.0266822465547873,-12.068906763612093 3.468176611062553 -0.8659083181422074,25.686456466264733 0.5242790211955421 8.32788429147346,14.396609586099721 -1.4383150754985352 0.7882589990646389,-0.5056411408074195 25.731984140380558 -42.96020418246642,26.577648390308703 120.23423645043285 44.616435720047626,14.412902582199676 9.698897410276457 -0.529905421077387,5.151458257424654 -39.011465079979885 33.808933957736926,26.16870184626288 -121.68833305356507 -45.31151184929132
-18.7113886252072 -9.393482872961807 -5.634576653478392,-13.280466476191298 -2.9823454536358174 -2.2642353034276557,-11.974040645956118 3.8147459476014194 -0.9884410779619066,26.345057861411203 -0.021812179592901604 7.408280433054768,14.928016734009281 -1.457524535202235 1.1512784867753372,-1.3104529941869345 27.619292405273608 -43.7501716149107,26.68308518154424 119.65724049584107 44.345775890693794,14.895495912282819 9.668089813666061 -0.22988803033417504,5.370121120587651 -39.628860775560184 33.84799709349836,26.44686767234135 -120.64515359866294 -44.85110015481726
-18.156319469563723 -8.545848992911676 -5.688466554937744,-13.000288128221223 -2.0633268730175285 -2.3926471410082266,-11.865028450893897 4.035206259597883 -0.7505586694925639,26.880457518452495 -0.15506376495838747 7.009956337908248,15.401676391950614 -1.4690532602444977 1.683016275286894,-1.9424409483249652 30.395887311004508 -44.616191384377174,26.73693291948559 119.2793785095932 44.16521191071189,15.2943937545949 9.613640886816109 0.12424478308748953,5.324938216690825 -40.20653281453622 34.09201010533735,26.71049486021687 -119.63359942399765 -44.396828979766696
-18.076737419501264 -7.149944945467356 -5.970828770571247,-12.83043420360013 -1.0234188134665319 -2.4470707740436275,-11.65894931359692 4.1318920582660725 -0.3887312943050145,26.856028498647436 0.012812747729173068 7.318835442274847,15.756393518132503 -1.4346034683485092 2.3977381988722275,-2.0234496790449494 33.3168220367895 -45.258864079344264,26.65287180368104 119.52292468235858 44.26656818240592,15.53750421960414 9.588449236743998 0.5988794732154452,5.090702794546982 -40.629637565751175 34.52024030127977,26.891496318060028 -118.91522057900391 -44.06500777444626
-18.445314618330944 -5.382850181498766 -6.421797116711575,-12.857246404521337 0.10438546258044656 -2.4460226985471047,-11.336579583668772 4.149939021335187 -0.17667225351772586,26.114474070581256 0.21699788553163124 8.153094379001002,15.995747637171029 -1.3688656068145875 3.2212528133398974,-1.421365416746677 35.6310595164968 -45.50837175927787,26.39649545527467 120.5564557880995 44.72542956283848,15.633178553028875 9.601250355980074 1.2107718052415457,4.832357292674016 -40.809947343083095 35.04735145005861,26.954169669083544 -118.64337581173078 -43.92625560043688
-19.056507998858322 -3.59425115221209 -6.868842465262835,-13.085842236252496 1.2241149590944929 -2.404130579060882,-10.957669817514159 4.1590854092907295 -0.32047506265906867,24.844019405686247 0.16345661397266653 9.087175910480866,16.17714537402273 -1.313296822467493 4.015882408462413,-0.3125813321911248 36.94551968227043 -45.378318147503514,26.005316968624385 122.20172655733448 45.45941681892189,15.659241107639295 9.6310284682741 1.9059554840352388,4.717655683484259 -40.731516242265556 35.54507141906872,26.90283112870304 -118.82374688584629 -43.98779407622963
-19.627544605527703 -2.1867648102270962 -7.138704161845711,-13.429268362737298 2.1699169541870242 -2.3410816126986767,-10.630211029649416 4.219570695672532 -0.8717938776036331,23.47840459050932 -0.31557682136367404 9.689267227467571,16.370448990124288 -1.2994008554336434 4.634839535011226,0.9062343343197337 37.380942113972395 -45.031979867358,25.572544507005855 124.0186922436244 46.26769839348826,15.714886389835412 9.65324930577675 2.5694847576312583,4.830272806703901 -40.45464024809368 35.89324990437462,26.77426896525601 -119.32946184684695 -44.19890521091154
-19.931605204624173 -1.4532686190910997 -7.160088553820074,-13.738283326321863 2.752889541659533 -2.2783630446179757,-10.453287512725637 4.349399343910081 -1.6950001314167933,22.490330740359465 -1.1542016862435478 9.741815908396902,16.610552630134894 -1.324744109420053 4.98181925259924,1.810955752762593 37.44834549764119 -44.688380535855444,25.20421520868463 125.51755517651719 46.928165344321854,15.862305388145723 9.66018673341022 3.066012898734582,5.13150889851737 -40.073239373566736 36.03768479070857,26.6201293924031 -119.95946106232614 -44.47478763736204
-19.899625817336137 -1.4462116406933152 -7.0005961628579625,-13.86273874228026 2.8470039745695948 -2.226251728074661,-10.465455897661943 4.511081803270207 -2.5069154895073607,22.182563403856122 -2.0555334940172085 9.332003538573986,16.871639205550128 -1.3554030792321163 5.049307799733394,2.149190704858251 37.72677052582041 -44.51845598039995,24.972987648366125 126.38129324186436 47.29894020138535,16.090317627305822 9.663329095880625 3.2947742164868363,5.490467562948433 -39.65346200708876 36.02280358519038,26.48741009768344 -120.51426260789808 -44.728180985158325
-19.642116825393714 -1.9455957893939748 -6.819976169408859,-13.71904089489974 2.4702350899826246 -2.1722216041732327,-10.625205605519875 4.626701466503981 -2.9799771360616982,22.57153747744016 -2.6137614583461066 8.77581500334971,17.07847599343843 -1.3516864005362446 4.919073634089495,1.9466525622659772 38.526774785623836 -44.57737733675968,24.8923333796074 126.58312442242982 47.37145520825717,16.31999433535825 9.67818396047209 3.2333607891195646,5.762783494537553 -39.19760973922999 35.975762236755415,26.404476520313015 -120.86028918793534 -44.89698526832592
-19.381652350181348 -2.5486939178842967 -6.769180629248618,-13.332591112676399 1.8109520033236617 -2.0824649861787243,-10.831566753968948 4.615461998969719 -2.8719706374865615,23.405498697676222 -2.5031656226186634 8.430502765922686,17.148808646496327 -1.2997941712166208 4.725503831927314,1.471233573369239 39.72423471249572 -44.794970979147735,24.92242051260507 126.34707451817418 47.251541483399535,16.44891585062603 9.70327717032331 2.9484181042878532,5.870212217274069 -38.664126782519666 36.042619606580836,26.376429834427295 -120.96201982671357 -44.95932336450468
-19.330925795323875 -2.8461721156206563 -6.894521207146498,-12.833372385336894 1.1728103903112643 -1.9199390610490787,-10.97221293247844 4.435584548191469 -2.1303158348506175,24.293397320683546 -1.643453168319256 8.505331477724496,17.042705313139454 -1.2286576307316932 4.598654589459203,1.078927177218918 40.84805279890814 -45.017684479253944,25.001164380653737 125.98794226309874 47.085336203070554,16.40918334487049 9.709012324204952 2.5668275460180596,5.834196284594974 -38.037099903956715 36.305017487429254,26.38932787698764 -120.87566476836577 -44.9330980263659
-19.57824538567966 -2.605469490369126 -7.102422248822798,-12.403570678435539 0.8532062486738079 -1.6704744220142347,-10.974173384273914 4.1092894343638315 -0.9251088994963883,24.874766113961392 -0.2576160173276332 8.971685060713932,16.79007738982844 -1.2002239426891337 4.611811151750103,1.024705978668754 41.361838930200314 -45.07685221208861,25.080887340895924 125.72942060752109 46.97543772408249,16.20660518777778 9.646123403734219 2.2204070197039023,5.745400655897255 -37.40021127847814 36.72142839894194,26.419684419118433 -120.71237486976315 -44.86261796616576
-20.038239865241607 -1.8759577097393123 -7.205591282054916,-12.198766026246984 1.0086390311834617 -1.3608823162149184,-10.833538439277062 3.7175486188993982 0.4074299078061836,24.953311496720065 1.2111010882800692 9.61016910790326,16.479515632012827 -1.277408858783729 4.755026260084977,1.3358383668061817 40.974296202606986 -44.854690215718435,25.14976185701225 125.60265411552989 46.9343446894884,15.919014711904719 9.47126633654829 1.990486127795858,5.690797789054277 -36.95676611615914 37.1297498164162,26.444811587324736 -120.58800272618159 -44.79847193513826
-20.492285909971457 -0.9658102641795808 -7.025652770030067,-12.277720220324394 1.5733681335302494 -1.0552511518663539,-10.612836615901085 3.36635914460124 1.4912762627155183,24.545214072842438 2.2872974119763465 10.15341445256513,16.213580856093994 -1.4874553357944569 4.943894462310141,1.8090756788726519 39.803453782057275 -44.327695482509434,25.22771749226581 125.47358323958838 46.897424748193885,15.65468741737094 9.176064085512813 1.8787816524673646,5.686221517999545 -36.96225667016503 37.31897768955747,26.450615618264674 -120.57805904422538 -44.777852273952746
-20.697658822912846 -0.30074150031966695 -6.495918587613013,-12.573122446967899 2.2764562055480013 -0.8273587235335613,-10.410530021863558 3.1406724954013363 2.0549668447943303,23.837866069297164 2.6680414605569833 10.43427498184137,16.05537402670049 -1.8016878979053979 5.0578104644250095,2.127186485598473 38.30864009513788 -43.57866085528485,25.34211667697893 125.16989726305135 46.78195305706477,15.494463282682826 8.802357453455471 1.8176613520157132,5.659212515295952 -37.588430522309785 37.140600692081385,26.435298373880762 -120.6918718866265 -44.81135328321655
-20.50991379859973 -0.23027187075258304 -5.708046222853849,-12.917633866511169 2.7558539598594907 -0.7218914714658005,-10.318399528028927 3.0683583582615173 2.032336636748102,23.092501195733952 2.3467607373139794 10.455527049281983,15.997155752539738 -2.1438122725405293 4.990762865389681,2.0296946251863432 37.03843547865566 -42.77707722615445,25.50001167428401 124.62280029877627 46.55305669796929,15.450630771756963 8.432878088066145 1.713092423950373,5.495906052478376 -38.78804092678574 36.60494788749391,26.40895396507906 -120.872037460463 -44.87977444275248
-19.957103226669048 -0.8708367986915082 -4.877217379122842,-13.114586532910277 2.719745855623561 -0.7260257337220684,-10.385256662084217 3.111495296756249 1.5761349471625898,22.53962013913139 1.599228793625271 10.351168325090939,15.970099690876062 -2.4230857621677395 4.694431292727127,1.4483621797092614 36.345525152407745 -42.13253390412217,25.67477442793248 123.93575580210542 46.25588976380667,15.466337819589844 8.159671249777016 1.4976370950076268,5.125159940885627 -40.24475336470438 35.909175914677974,26.389806140059168 -121.01714705225086 -44.94147798515644
-19.229843721514165 -2.055931606855289 -4.24457228850533,-13.022590521820176 2.0800460609745413 -0.7697840885569569,-10.600202647496694 3.188579565484826 0.9800206083159999,22.307913135085496 0.8428256008788435 10.27612127288759,15.891037780497106 -2.5749075478655223 4.198164233356066,0.5406429437658922 36.23277247715645 -41.830151832724816,25.81532087707819 123.34080977848205 45.99566431763155,15.45622298958493 8.045102504651311 1.1668946486445462,4.587746663689217 -41.45804166628423 35.373672586519426,26.398051635266956 -121.01953031431565 -44.947951748042186
-18.594426221091563 -3.4119558879138348 -3.9685488054701588,-12.617480969466047 0.9944272166594796 -0.7590472930251416,-10.899654477220814 3.2160271494600154 0.5461558361215793,22.405331280363463 0.44161595579179513 10.300413267494758,15.720196699793163 -2.5874160838792655 3.6002055436079385,-0.39021141445639634 36.41331333323449 -41.96373504135296,25.872144234171632 123.07215813285117 45.879145408674184,15.364978852321142 8.095120597018289 0.782416275522817,4.044292616757393 -41.94229129649342 35.30872872409282,26.448509855694372 -120.80618767114588 -44.86283155857722
-18.274491580488114 -4.520371125340999 -4.060904018131347,-12.005820493657746 -0.20352387256206272 -0.6266222342894947,-11.193946518276451 3.148314820887038 0.45980914478435975,22.748091356259604 0.5529438329729577 10.374114342011783,15.496041377158821 -2.5006502448811356 3.034906285769856,-1.041932068029062 36.539753152445975 -42.489250668561425,25.824369967238933 123.2348850342265 45.95373601476208,15.209340600420461 8.25871142208838 0.44177308545715954,3.7103064183862426 -41.450384939488536 35.87068990918402,26.5438202507093 -120.37033090694392 -44.67823692075953
-18.360532567292385 -5.090107058475358 -4.397266758716858,-11.385883633604683 -1.1529345429810767 -0.37470627080566565,-11.40386781402959 2.997577395905016 0.7269432532679816,23.21848343821827 1.0853664570239796 10.379330687164765,15.324576734674531 -2.3800896277284123 2.628013946959261,-1.250187430097151 36.45814338721199 -43.222141808458396,25.691797182133545 123.74680520089615 46.180494079380836,15.07730685978123 8.454076760401005 0.2326154938036191,3.750189007877452 -40.10585682497878 36.9764264839093,26.670493532251776 -119.78305635231582 -44.422465347819234
-18.789161558894754 -5.064831923934482 -4.791334005798077,-10.974143082829313 -1.6228636813070203 -0.08392460954901648,-11.495132954810273 2.8242898192562746 1.1983417343502263,23.727134420390733 1.7778781414818448 10.228157669375664,15.325329624108825 -2.280268330678331 2.4548446763075,-1.049902770273596 36.32874106228825 -43.89086149777086,25.525175127097693 124.38514883472004 46.456085375780695,15.082139852872807 8.608168228164118 0.19400518793425903,4.188675480189585 -38.36452731734185 38.32038962951018,26.800030798947326 -119.17966269745854 -44.1552833888393
-19.395763200231187 -4.624653933326961 -5.089094280795909,-10.927783830669586 -1.6053477663587885 0.12001715773549847,-11.498795973904384 2.7050135773430215 1.6608635764918205,24.25702991017081 2.348892748621906 9.936766083392968,15.561341159267105 -2.218920444504705 2.514442425827417,-0.6384762671685231 36.535232377392106 -44.236159078706926,25.380924814552912 124.9066927852296 46.669208396144775,15.294916589862867 8.68929632156589 0.30245648028145156,4.891187017411603 -36.81177670648144 39.490867070224866,26.89603825871347 -118.72249563980867 -43.95102218557492
-20.005827012645973 -4.0917689491328275 -5.232227691658727,-11.29211843834047 -1.3039822267622934 0.12883358931737243,-11.508006508723248 2.6938215878585225 1.9448610869529355,24.872248387887407 2.63248070620903 9.623079412220285,15.991754076986531 -2.175306393467257 2.727912596499232,-0.2692133735568951 37.43091784584604 -44.12016554750785,25.295314826598702 125.16809300096241 46.757217433319916,15.693365604830333 8.716349409254128 0.4861207689093807,5.62698927605145 -35.89122241469732 40.13473458041748,26.92592411220657 -118.55034371715685 -43.87431436955728
-20.512437279544564 -3.789849821963553 -5.260766334637573,-11.988514990116379 -1.0282635183197262 -0.08677149063048661,-11.647199575021329 2.795976449300265 1.9926312504037842,25.683741010397195 2.633595865723829 9.42719289803966,16.476010822271952 -2.112090930997642 2.9623288420102583,-0.13465296204280253 39.070923945913684 -43.59568945921998,25.272632758118608 125.17682931701665 46.730012118281536,16.158064956490428 8.740649016869769 0.6565315873630126,6.182008969528324 -35.70411425067723 40.09676477956572,26.873318227539208 -118.73058636356159 -43.95680624425459
-20.89906294746958 -3.92015019947241 -5.261131783956165,-12.841198157131934 -1.047195224354358 -0.44867439922799246,-12.01921776844739 2.9654020632083613 1.8574529061614664,26.778604745886266 2.483427265977829 9.406720014928503,16.832525576899094 -2.0066217384049407 3.074199219338954,-0.2969774697463796 41.09520330557669 -42.89585776572511,25.29275970941717 125.04852544471481 46.64930219054323,16.522640304368426 8.810943631652451 0.7407019820959477,6.458981557385984 -35.98812147350879 39.472090646516804,26.746147987560757 -119.23153871924123 -44.183805860651105
-21.20067086157698 -4.50094703385086 -5.29589316638056,-13.62828584710449 -1.4711678256476945 -0.7936966358823792,-12.64700416931382 3.1255788547345484 1.6423711465738062,28.13664227705578 2.332019136172022 9.47957972316142,16.925430969166936 -1.872325643886743 2.9598953425935157,-0.6911645415158725 42.84740410418674 -42.33751966121046,25.331554103678833 124.90465976884038 46.578876806939455,16.655153776837757 8.940807852962653 0.6997358364931769,6.508839056652016 -36.29131976034553 38.55222042027842,26.576307066358233 -119.92707098537949 -44.496813159586075
-21.432924642425583 -5.383045798147124 -5.359282222364193,-14.138300951791592 -2.2131342583249367 -0.9399880750927468,-13.434477067103822 3.202835228144578 1.4206066679288551,29.572016848464813 2.2470232558294603 9.460349821019118,16.736264003182082 -1.7569526166441112 2.596611293189904,-1.1857435269134906 43.68321192874573 -42.17485681616371,25.37997087834834 124.7799731730604 46.5386894988522,16.529337819106377 9.096197433490534 0.530203703443858,6.476133086017969 -36.25013596632169 37.69480403889025,26.410001600431354 -120.6345395643788 -44.81202134361505
-21.53810543850149 -6.3211315838973485 -5.3843590609878715,-14.217398206585884 -3.0396793811827907 -0.7684749151269181,-14.170118518117789 3.156502202377796 1.1874637939213941,30.738692587846984 2.1786266927045026 9.17811899877653,16.382654500556477 -1.7179779572605036 2.05834271606903,-1.658782060076785 43.31164662511185 -42.470225352375465,25.449358125706024 124.60009080653242 46.49216275532554,16.247164892444307 9.2100527145664 0.25455260917398004,6.490927466669063 -35.817930802949725 37.18033819492531,26.291904058910056 -121.1741317221592 -45.04842558231205
-21.386730273428167 -7.063607074586159 -5.295239277313622,-13.799997321126682 -3.6808852439194903 -0.28174606585331574,-14.58353390166027 2.993428060402283 0.8728706558832489,31.21918824863504 2.008178810256596 8.608970424482616,16.071221302597813 -1.7888418187722248 1.4981074189588632,-2.0461710462967577 41.98580729524892 -43.04861722369455,25.559771210564286 124.24321103887054 46.37452066199167,15.99767397500242 9.216485282239654 -0.08924948843080838,6.571362344553696 -35.31123204578196 37.11969555868564,26.249289958106722 -121.4282482926903 -45.15492496297891
-20.84091621004911 -7.426492408633995 -5.070237674018632,-12.92130239478429 -3.9448666124468454 0.38787867730828385,-14.442662971995242 2.7625264024510536 0.40627480833108365,30.679689372274975 1.647226503999589 7.93925855578299,16.00444327715231 -1.9553242342054835 1.09905286308023,-2.34246921074933 40.43181072597614 -43.56638775274154,25.719459962881412 123.64460878757409 46.14363637691113,15.969202845980865 9.086777416897299 -0.4524423158357278,6.596181525366248 -35.236673375872655 37.446362780941655,26.28277758782876 -121.37810650482928 -45.12581380001764
-19.847686723824843 -7.333390422844769 -4.775006948505703,-11.711998710257488 -3.787396221624903 1.0264047536970566,-13.656729427228512 2.5338746994001844 -0.20697728544814487,29.035367768367337 1.12379724057597 7.509429598336625,16.284679185842435 -2.1561330667630276 1.0095418662633246,-2.565591859796389 39.53799427011524 -43.66925662296953,25.909787723261672 122.87366240381007 45.82011967775256,16.25653947150272 8.848429398688662 -0.776233888568679,6.3670297504650275 -35.983915179645976 37.98371025321724,26.367710900752776 -121.1028016014053 -44.998588445405375
-18.509018011931584 -6.821594728138315 -4.542278767008552,-10.374759926255871 -3.3136737190334045 1.4222195709072634,-12.339411569598473 2.3723310427825006 -0.8475348098400426,26.54904139152189 0.6004392975579074 7.654989838952909,16.860779326766 -2.308707206330452 1.2855797711035217,-2.7167017368615385 39.9498255060871 -43.16691292749256,26.086823554372344 122.1285711933269 45.48937445598939,16.80826170178327 8.577104994733679 -0.9963265378438408,5.728386243629951 -37.551370080318144 38.543491626644936,26.465673183808597 -120.74089113928966 -44.83525232510852
-17.083145532218772 -6.024595356632803 -4.506189676428585,-9.142728338395733 -2.7224413373164746 1.450176899351675,-10.79649490811744 2.3159687492376424 -1.3115540711311848,23.800612940476718 0.3086575472219404 8.523429671149897,17.542681068149637 -2.3475785096406487 1.863604350998246,-2.7651227633573248 41.764519776310074 -42.1379883132741,26.200453809810806 121.64485754276177 45.26163726101718,17.44056747749434 8.36491594315742 -1.058199285917783,4.678242098889347 -39.4647502560196 39.00353443102891,26.541165692606192 -120.43010836934153 -44.69517082186998
-15.905399543442947 -5.141249666739985 -4.726242913189674,-8.2245083952054 -2.225643142509854 1.1205186032491166,-9.431572399301503 2.365848984247395 -1.3985253579428483,21.51473986705536 0.4335386831723851 9.96672892681271,18.077149667107125 -2.255835332218545 2.576493902401176,-2.6679440593370614 44.46918558719116 -40.90944670573948,26.220468980465423 121.56897545588117 45.212429624174334,17.911801263927504 8.280068624733232 -0.9423600178696496,3.4052334076747024 -40.952283598265524 39.3318271630174,26.576218362712943 -120.25027030845142 -44.61097727649091
-15.259226598018113 -4.396541441160507 -5.143330462204151,-7.747643229359244 -1.9804328358879373 0.5737127522205907,-8.600697455169328 2.48840942706717 -1.0129833454686763,20.300726054100878 1.0123198175428354 11.574478989736868,18.249509700493263 -2.073818462588481 3.2089322379482264,-2.409114378698215 47.14597294473938 -39.91530629925569,26.153853655916038 121.87342740610532 45.33913991027635,18.022880717278568 8.336805986877177 -0.688741513615279,2.226967643244677 -41.30327885802101 39.5578037688484,26.57668975600559 -120.19339099497505 -44.5775206857562
-15.256612443194967 -3.9954414825328817 -5.593887429745284,-7.718716670412559 -2.056409690622755 0.025758866632047184,-8.47458408741095 2.6276015347737864 -0.2243395616226065,20.409657359576386 1.9044139949940906 12.840029769851277,17.965531328628753 -1.8809801741703875 3.5718354779462325,-2.029109431969231 48.84111713940021 -39.50059573072075,26.041972630098275 122.36808876956208 45.56105354948285,17.69731041797344 8.489256142412493 -0.4040805758340986,1.458066940137571 -40.231736686471905 39.71987507550862,26.56778837347065 -120.17354933408599 -44.55805044830249
-15.786276683320102 -4.074080200732555 -5.877462414606132,-8.017850404475283 -2.439822147655755 -0.3117499006176243,-8.96973575900056 2.7220426018722934 0.7511488892585498,21.620221005803536 2.851604067610042 13.380829220100404,17.27906182189196 -1.7603593987261978 3.5668496369419436,-1.6219063245458036 48.9258136749284 -39.76559175775106,25.93813794738474 122.80571572603938 45.7645976834922,17.005653860413183 8.651314475263746 -0.24030737691548332,1.2749066554260144 -38.05267141325846 39.82619450464128,26.581137181422044 -120.07197017903935 -44.504337034302374
-16.55740439986149 -4.659384170657956 -5.844824102191289,-8.435808114260858 -3.060184559485619 -0.3047014075664283,-9.783444689638216 2.72248127768139 1.6414660975550994,23.316824532312264 3.5977052918278574 13.103656669169421,16.357860015340474 -1.7632516057750198 3.2154159872383876,-1.2969881475883582 47.29573130180465 -40.526516751658676,25.878171222650515 123.02154872271132 45.86796885464477,16.126870205251635 8.732884098020454 -0.34506127277631515,1.645746527765141 -35.567379654207734 39.85105433699068,26.639315622330276 -119.79746021882681 -44.38152877505463
-17.221423134163807 -5.653146296919842 -5.463336165322962,-8.745613138158866 -3.820421169075674 0.06339797160450944,-10.522125220501927 2.6056726567900554 2.2385249502084976,24.739310309240558 4.0046657594744595 12.23289953801013,15.408480933476792 -1.8904784761416227 2.641559551600469,-1.1270204338700107 44.34558594286598 -41.41088321242773,25.861557883834376 123.0231962939823 45.86646458699279,15.26854316364291 8.676210865167985 -0.8011813310808407,2.359325298690473 -33.70163502257235 39.76308068880489,26.744682380379437 -119.3355338933177 -44.18676261160734
-17.517108818217014 -6.853088618946282 -4.828707648146963,-8.784578122747693 -4.6184626100762465 0.6948377518545581,-10.868781459412629 2.3815243227676484 2.4855442743375633,25.30154639662201 4.10464863469694 11.19063351840865,14.597198178122456 -2.097400506761872 2.0170498291976355,-1.112285538257799 40.763795336420884 -42.03834645575217,25.85519499651455 122.97363986424641 45.83011745634307,14.585140167112726 8.477235663485887 -1.5816723249742948,3.1323666453400465 -33.071016098076704 39.56038482608545,26.877161378587378 -118.76431474753933 -43.953523824101914
-17.373606017442487 -8.010737914439044 -4.119901237460459,-8.515200645772152 -5.359291724101952 1.4181929366074486,-10.715170602016977 2.0912162393877596 2.487517643664609,24.837797009343163 4.063259900628392 10.39273666825111,14.001128958233135 -2.317809988230205 1.4931023932662757,-1.1842742032947946 37.26366672782453 -42.19625946375282,25.818431644471584 123.07327996268297 45.85330737911437,14.130527641616341 8.184522101589744 -2.5438842946389673,3.7363319433042568 -33.69077844680426 39.28461586342315,27.00166095403489 -118.22959381942734 -43.74004736692075
-16.92668052981257 -8.909279495023654 -3.5217132431931404,-8.039447086215846 -5.963855536566418 2.047732385871864,-10.198659488011792 1.7956187962977732 2.4408309006149347,23.66330140688547 4.077551609032227 10.065201928430684,13.605158512800758 -2.493430921770247 1.1472800150024092,-1.2480354953614046 34.37149578852532 -41.9245468663073,25.734784513510192 123.40983704644015 45.98565337439501,13.86100069534216 7.878275395236635 -3.471323354698458,4.077934831670942 -34.978965365789065 39.00147821305763,27.08173207563778 -117.88910133985667 -43.60687597718984
-16.444815833487844 -9.433081001641213 -3.1529884897980263,-7.55904401718548 -6.380965787120321 2.4405951916988515,-9.62733431208676 1.5561410245937903 2.5210875721559085,22.419040364878413 4.266777302774458 10.169015083509839,13.336691918996639 -2.594828944111503 0.9658880389910405,-1.2395795853614309 32.3373128568237 -41.47336958712756,25.630475740008844 123.8694995870162 46.18684286073482,13.679336764343976 7.63962742154917 -4.150235986484137,4.198248030119422 -36.0546315201174 38.75905681121766,27.093656625321707 -117.84949787311781 -43.593157890441866
-16.20294159990174 -9.601589102836488 -3.031836546696851,-7.2968136664841445 -6.601973620085085 2.5351984331874418,-9.329234626535781 1.4134919702263526 2.7900503728976034,21.7713914215908 4.6154983915081536 10.46102345655176,13.11387873716374 -2.625706714436394 0.8652507247990029,-1.1648446207332446 31.159648190945475 -41.16272611719899,25.566450428654466 124.172051464084 46.33630915262789,13.492126361307252 7.522819725280715 -4.451093584526104,4.2030211422310675 -36.18348896103943 38.551713826848655,27.035237111622386 -118.12307132898755 -43.70163160921586
-16.362912455343643 -9.554590322653391 -3.0878484304051264,-7.410516612039479 -6.671173208756946 2.3628089949949667,-9.497222947292897 1.372066824192604 3.171305510784879,22.106116485334695 4.997463145637681 10.64670438745424,12.881048217060645 -2.6117932733760427 0.7380650453693469,-1.0966067006799047 30.66527157881784 -41.2207156856833,25.605638500992686 124.02197864405647 46.29750985003427,13.250233435241237 7.5400176649043935 -4.380970122286694,4.174145019992547 -35.148388958122766 38.315641647411226,26.92588247738864 -118.62316685375079 -43.89853149616369
-16.912359179901046 -9.496722860588363 -3.2077316482671208,-7.93337617796995 -6.682948978365664 2.032650813368853,-10.102287589763716 1.3969970120520376 3.5060128141052385,23.358370829609736 5.262795863230752 10.537320223235593,12.616778749803174 -2.582701437012307 0.5016078686362724,-1.1298220544192166 30.58163484387917 -41.682479258161834,25.772510739119713 123.29636156402782 46.00338984933122,12.955264878686098 7.662377817778675 -4.084079229528103,4.118160013015801 -33.36052453715284 37.9630264542922,26.798061455307877 -119.20131905024692 -44.12851035687897
-17.682836742577923 -9.626030993767998 -3.2873753693537813,-8.763288694253353 -6.761352210594021 1.6971134474178005,-10.914221781946173 1.4267001004368696 3.655954921009031,25.054417441711397 5.336237478596275 10.1299893413482,12.317516386127407 -2.5568792309701633 0.1267802343657669,-1.320425020675652 30.575598075960347 -42.394193903758186,26.028446385453464 122.16054254140602 45.51379956931627,12.63512037928793 7.834670239341051 -3.7894577848324866,3.980379596330785 -31.658805858349 37.436878338784396,26.68345177754396 -119.71156854912539 -44.33861958339054
-18.430761614378437 -10.075725620535344 -3.2656476823796137,-9.701652449319296 -7.026289359859259 1.5072547873695399,-11.616373958448879 1.3973207342035252 3.5952922795873343,26.53896729052217 5.269464825748545 9.577930066390481,11.973011136512527 -2.5361266515484298 -0.3612676780434425,-1.6433278673050753 30.276058249198282 -43.108428093785434,26.279712581215648 121.03396765234201 45.00735984167747,12.307890110797938 7.996592890730342 -3.726957087728989,3.7102009352654926 -30.901262055517726 36.75355257408555,26.599036405280703 -120.07572422676121 -44.50174762915296
-18.938790889490654 -10.88853841117156 -3.1296061321746658,-10.52278128046135 -7.557627589814953 1.5703630951593357,-11.956422978693922 1.2696457314411183 3.4390303183057505,27.27496250697282 5.217710029362305 9.079953776832472,11.552396155998876 -2.509974186312192 -0.905526798735773,-1.995814938785464 29.31809817804593 -43.61113396148768,26.417935825853903 120.40684688649455 44.70434325106463,11.957542511715106 8.102834108568327 -4.045270103314309,3.330805090069086 -31.553453071063302 36.00483879651625,26.53844782068977 -120.32218841665477 -44.63000732466561
-19.091985833353377 -12.025273139449444 -2.8976032094817947,-11.044907937931232 -8.370110039751403 1.9209931518479832,-11.859813838379488 1.0469801916526278 3.3913588937037504,27.072770239517645 5.3540955617994745 8.758572577526753,11.011298221386763 -2.4652693835925787 -1.4471329541107285,-2.2477026286331796 27.429216886268556 -43.810659678665004,26.374754085428847 120.5917302658102 44.75550165149405,11.535985001805296 8.1355286716443 -4.763425835202769,2.963962568024062 -33.47462793251248 35.314317396319964,26.472118380388945 -120.58094647485623 -44.77228158474878
-18.901137220199264 -13.393547865096949 -2.5964246843508887,-11.177266635563491 -9.407403286809446 2.5140350506457247,-11.453449959679839 0.7756339104535378 3.6411950223083016,26.146266722684295 5.769943772139546 8.59475640285089,10.31665645956476 -2.3949647007706885 -1.9467640736314198,-2.3131994524824973 24.537481414047342 -43.74811629405378,26.16293565253134 121.53655842046106 45.15325846736866,10.990067023279714 8.105923421399732 -5.771851513933045,2.78896222821582 -35.99795027510769 34.770420890226596,26.356826954641893 -121.03456968992242 -44.99609457086595
-18.47355500856551 -14.87748889918737 -2.2470690999424434,-10.93135455456545 -10.555844050318294 3.2425141028824447,-10.99301868619892 0.5270512269341197 4.261132729399245,24.981601088207157 6.416734563307229 8.449032872853914,9.474936508199269 -2.30222505992416 -2.3888972345930117,-2.2059864788568446 20.847025692762003 -43.537024522203005,25.881240977650215 122.80213863696764 45.71380587001958,10.297995810976655 8.045705173826633 -6.878349383603839,2.9561160741446546 -38.25281744904645 34.374633136466855,26.151915757095587 -121.84285353683028 -45.360016427079515
-17.95462752855894 -16.355804227816744 -1.864141085922525,-10.40044352266376 -11.671852424821575 3.9747735747052375,-10.734352612124574 0.36890276969955726 5.163951264291938,24.094720808742203 7.1219606270967475 8.148096750543296,8.546952392903561 -2.199483875274487 -2.7714611656445296,-2.046175967593914 16.82473052827146 -43.279242469465906,25.67761200255917 123.72769341569261 46.14463084345684,9.494693130282966 7.991682924149218 -7.8775242868282715,3.5044790039630698 -39.56171581664691 34.03716061431511,25.836795888967565 -123.07000316900228 -45.88674352615312
-17.471261068929767 -17.70850002075313 -1.4634948019549452,-9.721993261188421 -12.614392413382209 4.598123389758046,-10.81410843901149 0.33763667065831326 6.139431621148928,23.80113637530362 7.6705295956541 7.5827546045186125,7.639286720436445 -2.1045390848014165 -3.0913976767058062,-2.011876038776527 13.078772780676609 -43.01185112613529,25.686121795502302 123.71378391723137 46.169232454555264,8.671681232301843 7.969662964829729 -8.61595037288503,4.332594151582265 -39.7177647655034 33.62661440563198,25.423306904979164 -124.64349056246496 -46.54731568668035
-17.09983144903668 -18.82237699023328 -1.0683721327521938,-9.039092176729108 -13.275120384726433 5.052580745151343,-11.19645168202514 0.42443335972899876 6.951139893212495,24.1049251285632 7.908252659572639 6.7636614779503486,6.874141435262951 -2.036023791779069 -3.3373588972584765,-2.256458880957179 10.165705147011623 -42.71372991689392,25.966686894872115 122.49163791930316 45.65150528342394,7.950192136577785 7.983765824060793 -9.030845651278531,5.240717027357391 -39.02039862331 33.04895422526721,24.95764311636911 -126.3624536364473 -47.26333994036078
-16.863892324254316 -19.605686041679547 -0.7076609606158836,-8.471139865454134 -13.601480956569786 5.341575371265249,-11.706412433862543 0.5803934524024239 7.44177359587135,24.74621752568778 7.813247760142934 5.811573827324967,6.349947438204557 -2.0092450040943493 -3.494515151018811,-2.830586571779569 8.405160716328018 -42.35890361915575,26.475768147087095 120.25289363510139 44.66157748956649,7.43922113151574 8.015664393149443 -9.153173828365215,6.021429246380489 -38.073660430635734 32.31223857138962,24.509852857563896 -127.95484771995889 -47.92768140774011
-16.75131288913756 -20.012972915347614 -0.4074624447212014,-8.096029986137165 -13.609466453327725 5.516049943675501,-12.126695858495546 0.7380478525112384 7.593196614531705,25.365263334595248 7.49969802410833 4.897760528203676,6.109135301511174 -2.0321456150204504 -3.557549764526426,-3.6465903217615594 7.784100191595808 -41.972994717538384,27.081589384460298 117.58084304645426 43.45288824648291,7.196852592042388 8.034445992077494 -9.08030317316764,6.547880979261807 -37.466681472348974 31.539084574571945,24.15345758636117 -129.16357958954677 -48.437079105378416
-16.73456844035111 -20.068913679218316 -0.1828526927505667,-7.94135453602435 -13.382608023488395 5.640371472450313,-12.305437800642204 0.8391228826633303 7.513823622939409,25.688709069981844 7.155149106050021 4.174102365505959,6.125785391875629 -2.101317778476351 -3.5420005171358824,-4.503069850641408 7.992196159846565 -41.648246277548814,27.616384142930883 115.21827074540798 42.36228221377679,7.210878471582851 8.013154671706932 -8.93288164556382,6.811695202343569 -37.50210931794147 30.916158581925256,23.941906244161864 -129.83002789312812 -48.72519932877061
-16.78264035216752 -19.87391038227891 -0.036394531095663485,-7.9825642050927925 -13.053980781544443 5.757075447694983,-12.221379948971027 0.8562580642925466 7.365999372871802,25.6440256335616 6.946892371151418 3.729344357456049,6.316988605020383 -2.1994564478633762 -3.484764280989455,-5.1597811936117575 8.5677768034122 -41.501519495805205,27.941463348159164 113.78021414550832 41.67957898174799,7.405562711792666 7.944510049288694 -8.812909379000631,6.893904835582527 -38.0979078538306 30.604723518395154,23.890568340010358 -129.94361970138934 -48.78385580379782
-16.86315797404513 -19.57985802388446 0.03586403931269366,-8.149356586173177 -12.771193078231343 5.867967067335684,-11.978639159412982 0.7998730500228024 7.277003499621087,25.355902014965224 6.946742542372217 3.5839167105189644,6.572251103726021 -2.2969089735186263 -3.431316491585327,-5.430595122624491 9.083333711422672 -41.59960095716366,27.9965028870207 113.53754217607528 41.543862669566,7.670314493128131 7.847801859647351 -8.7760877730802,6.892886163206737 -38.889097774138946 30.658851508153756,23.9715803185611 -129.63879382447993 -48.664144680523606
-16.9414940323024 -19.339829591234576 0.03679489753653825,-8.343410442357879 -12.651134417559174 5.94066669777334,-11.740633044803992 0.7086102540085456 7.282663447127826,25.044334193308302 7.1105361280456485 3.709167634852352,6.789243771887092 -2.3593676053910846 -3.415816003396744,-5.255535807035535 9.287244043733324 -41.90125761164191,27.813760104152802 114.3545725796394 41.907092016455685,7.898024752180721 7.762383860443832 -8.824446146540676,6.858152411138733 -39.45421007524983 30.995296912267708,24.124221451019174 -129.1410280142405 -48.45678848232728
-16.98452355411287 -19.25175372270673 -0.03305795774123915,-8.467747259700092 -12.738893871982915 5.936245181862866,-11.641966055792183 0.6290897509020793 7.3305741753175955,24.891841438795876 7.317559803079184 4.045779176004142,6.9033998284481175 -2.360802435662158 -3.445419386894034,-4.72353191877381 9.148268692187633 -42.258976206574545,27.495345662372436 115.78712675187676 42.572007084005065,8.018651117863737 7.729472400002311 -8.918106290444658,6.772728077247225 -39.53845632656717 31.432059514193554,24.277261647907615 -128.68357328633888 -48.25917540512828
-16.97102000099553 -19.323127197951713 -0.167077632110589,-8.46107964814364 -12.988575811919628 5.842083603499925,-11.724118915636986 0.5947361865210874 7.33429829677497,24.953689046686318 7.443678038901372 4.506303761285451,6.90252435303236 -2.296844629799544 -3.4985034253507754,-4.039247298432956 8.802295803375452 -42.48808653665381,27.167993512786868 117.27733685243162 43.27865219228486,8.01707411367953 7.77026040119701 -8.999720885794368,6.593432965393235 -39.1634762066368 31.775900170156746,24.374532797485088 -128.42788444080918 -48.14200636310416
-16.903091661433333 -19.47583938607601 -0.33968159139185683,-8.323876469479673 -13.278454979832244 5.690807634355933,-11.924135529671474 0.6127189650697381 7.241493794588683,25.151551572620154 7.4269232554668925 4.96842938191804,6.823437773592878 -2.191594467137534 -3.5387937801409,-3.449703713401138 8.446366112759012 -42.46814446548659,26.93721796850797 118.35123951384415 43.797637436006205,7.930923703615336 7.8713338197011025 -9.02217802999536,6.31866093244567 -38.584804640384256 31.912764317715347,24.393302707951214 -128.4185374931469 -48.128642208286465
-16.80954648280949 -19.59036152125048 -0.5002217693624701,-8.121981195332108 -13.459102235610608 5.553203519072763,-12.115952786292272 0.6635349981128645 7.073584734841332,25.340462961157915 7.292404484195741 5.28086586365033,6.7334335602829185 -2.0923607749307855 -3.537976774166831,-3.1600603269273866 8.24003403945965 -42.217807712678265,26.858895625706378 118.74346852219841 43.99379681028023,7.831084160514909 7.985955868539021 -8.96960313954768,6.032533448997487 -38.139833289942246 31.853867482587713,24.347941075118648 -128.5883742998731 -48.1948459700893
-16.735524157489326 -19.567381997873653 -0.5835205404688887,-7.961201552879369 -13.416448632821506 5.5069569828387674,-12.17791801846053 0.7120174816162643 6.914360056987146,25.400767467949155 7.128255042445615 5.299417314612663,6.703544669151932 -2.0521773333677973 -3.4937484003167527,-3.26873085758445 8.255309429504063 -41.89591504471052,26.93479318653519 118.42280215123685 43.84469539991813,7.792774732393756 8.052547573051253 -8.863634268240903,5.886836549248385 -38.07757176518477 31.714852890567702,24.277818099639365 -128.8080014394439 -48.287799185872444
-16.72119603846221 -19.374598028637816 -0.5374098110818273,-7.9399567867125 -13.121224577058367 5.596497871851025,-12.050255469403652 0.7242432067551432 6.857126576390266,25.300490769991328 7.031099897658835 4.948025655877331,6.782703796589612 -2.1066257145674654 -3.4319323210023898,-3.741828166398846 8.480401139746771 -41.7229264021905,27.126459378384638 117.54200065030976 43.42125071496766,7.867479787187904 8.02292619204602 -8.75157506805673,6.021644918540923 -38.456259548923285 31.64228534912956,24.225521909193787 -128.95495562191286 -48.354881611783846
-16.780286177769337 -19.053472387719182 -0.3553527560325871,-8.099954205686142 -12.639156608115517 5.804848323368552,-11.755817329152473 0.683402841451525 6.945210946887068,25.09846518635196 7.053579014484304 4.273872194322777,6.981632167914002 -2.2557381706124544 -3.389708283220525,-4.43142899083664 8.853598247381349 -41.864391954971914,27.3755095821148 116.35954270990646 42.85065970044232,8.065399854170789 7.8870671738129525 -8.679812446145583,6.468293138998494 -39.14634063428515 31.730310295526497,24.215932425569093 -128.97019256432807 -48.36858039159545
-16.891106115992482 -18.682286549586237 -0.09514386623399274,-8.399232979748515 -12.093563167896257 6.052926640836161,-11.379092008837311 0.5990293126743824 7.143829893663034,24.896478438442486 7.181482982789941 3.456844206958277,7.272518203591655 -2.4606516507400973 -3.387727566273048,-5.127635670178168 9.297953879402984 -42.34292052708645,27.619829012092783 115.17263182266022 42.28064409873857,8.354727888643685 7.681698100407088 -8.662880001904886,7.0971114432772 -39.916673880780664 31.974712618351052,24.246177340977262 -128.87657768124242 -48.336050820278125
-17.006821518173638 -18.316291397648584 0.131456032491982,-8.723783829456492 -11.596218519701905 6.228002496756959,-11.01955423944846 0.506786351832768 7.361102278883067,24.776226223969804 7.3487470881777455 2.752145382923143,7.605359341982818 -2.658125607976983 -3.406093575452081,-5.625203250772442 9.743258628194079 -43.03094748584371,27.801994525929405 114.27333195503867 41.85335760626129,8.678462993954161 7.477184438974433 -8.662607987714885,7.652987984313679 -40.54463112850755 32.28948779786668,24.291092658198192 -128.75263187716064 -48.28940453018853
-17.080842125225505 -17.939516022304268 0.19910343935688846,-8.936009145094408 -11.181064535655613 6.228241838074791,-10.74543594922982 0.4589401653948368 7.5048243240760595,24.75943737172447 7.4770443157734 2.3829589815744834,7.935267282092566 -2.7871087287813268 -3.37874205527235,-5.783163048393522 10.142441500596892 -43.73014966308275,27.873032724985737 113.9153171531267 41.686416879222044,8.98286737831172 7.347679058150122 -8.589991442123612,7.872875837085306 -40.89208083621639 32.57485054324019,24.32103498882056 -128.6763782482011 -48.26225894974512
-17.093856395073004 -17.457738865208743 0.023035086467037003,-8.939125382420704 -10.777458213261099 6.002396470350469,-10.56959485068565 0.5079587746277088 7.53866889903993,24.80925673570638 7.515127399059297 2.4353460357878265,8.249354873834909 -2.8150109769696483 -3.212548996622351,-5.559849861278963 10.496343546150722 -44.29122859756397,27.79709681805457 114.27396297649778 41.85491419086918,9.246171695623541 7.338110420164849 -8.333973791241053,7.628221002691301 -40.9212919861725 32.795681577258414,24.322561580494025 -128.6686350806237 -48.26492374395832
-17.066916187888893 -16.74047079308761 -0.39930842443517206,-8.726470368326185 -10.242025634367348 5.566773765007715,-10.455049073382735 0.6873937260308316 7.500936200789534,24.86339641216277 7.4567007160734065 2.8159050959756837,8.579959785289462 -2.750994434226925 -2.825481916261238,-5.01436664804514 10.887164116249913 -44.701314984296175,27.559796537276767 115.39795249047596 42.373067928926574,9.494330037250695 7.443704468184369 -7.808954267953941,7.012834685067276 -40.663535774413106 33.02259602563427,24.310835400798965 -128.66556056789506 -48.27144947963596
-17.051861999249773 -15.69307229092469 -0.9816153171862676,-8.389848344232345 -9.438387308707757 4.993729157526299,-10.34279705596688 0.9954417647986206 7.471693444304614,24.87281134450582 7.330634467251728 3.3043105472493908,8.994990658035736 -2.639963875569388 -2.1882389703000413,-4.276538571596748 11.49771066290068 -45.08280499031305,27.17747199673648 117.1719826341242 43.18212022983254,9.794356960637574 7.61199968164701 -7.002021419909614,6.319041301405033 -40.174835064796866 33.40808626508522,24.326593580896162 -128.53628293802507 -48.22608768732199
-17.102768341182706 -14.32284616409446 -1.5824460226062185,-8.08003594224127 -8.327075499385336 4.380241570300149,-10.186274388904843 1.3870610733881659 7.506815165559518,24.82271691833224 7.173902622467835 3.6802778499136366,9.565690623616907 -2.5407747261267826 -1.350951893234604,-3.4979199493133337 12.582112666620425 -45.5993101339324,26.700976475126367 119.31922660522139 44.15478836835413,10.224707802959882 7.766436927670758 -5.9976143034987555,5.902755537748653 -39.50853712282631 34.10646617228165,24.418266659605546 -128.13954905347288 -48.06716752633737
-17.243124392130735 -12.76455839176468 -2.0636153699132485,-7.936365649960388 -7.018725399475488 3.8138541902780334,-9.977544345508353 1.779410820566604 7.580351399617647,24.730570785692688 7.006075812390553 3.8573711298433597,10.323568982419696 -2.5001584791808384 -0.4420293421630104,-2.802984796677731 14.369862822895762 -46.3221921917362,26.2084752859 121.45952915662299 45.121875410647185,10.833145716191606 7.840080990332906 -4.96455018341232,6.00077755818296 -38.71192564683492 35.17864435642129,24.617512550766065 -127.3939081017637 -47.75759901831151
-17.446810753677287 -11.250479899882599 -2.3439117128582994,-8.018769983779105 -5.758473481010087 3.3520029095726525,-9.757050399706113 2.0719799085547135 7.575242376058987,24.63357248847617 6.820615348535153 3.9441842400182603,11.22614037968133 -2.535572808212677 0.3625636295470409,-2.259214539290835 16.92617562813475 -47.14027822964945,25.787048229590532 123.21105152499852 45.91567410474403,11.600523159279858 7.803273516993812 -4.106052351934796,6.595512457782693 -37.83284705664393 36.533247965298514,24.920137555576762 -126.32838483129896 -47.307497962884945
-17.644410545641723 -10.03710948395101 -2.42118860890109,-8.275916620361746 -4.842229444288736 3.0209367786438954,-9.606156006316278 2.177380619293073 7.336071036828503,24.582783111421136 6.596093787372485 4.188233658037346,12.150580452138634 -2.6346751590974726 0.8895076595477458,-1.8764575039826357 20.034551672671107 -47.77637655466884,25.50918447197232 124.2970590124597 46.41458302649382,12.429254477082392 7.6724659514673395 -3.590707254717241,7.403391271030639 -36.91765834886096 37.93838564950495,25.282160525406717 -125.08867282320837 -46.77768927792752
-17.753282884085753 -9.320905333066113 -2.353361801266585,-8.566314480286676 -4.499901721672375 2.828307865766698,-9.626030793500394 2.0532279297618388 6.760522622610309,24.649282979493588 6.317908668208408 4.823512084841852,12.924135710371075 -2.7695636222001063 1.0204064349184685,-1.6322782036989951 23.181211331577828 -47.91519243455155,25.41351385732864 124.61337531739653 46.57104008190894,13.166403657847104 7.4972638653515595 -3.4926261601641304,8.001068381477307 -35.99532319516882 39.10250410106572,25.633652640802655 -123.89389892322991 -46.26157509503203
-17.71710073983472 -9.17853879907059 -2.211871114077711,-8.723556052971137 -4.79883095836363 2.776372948451054,-9.907625600456743 1.7226356831669687 5.879778032863927,24.929718926506855 5.995519586327822 5.9028602084270965,13.383725796631245 -2.915841419724608 0.7284835583281519,-1.50700742103096 25.687229847262145 -47.380418436045225,25.49719554108495 124.23116413351204 46.412747220618876,13.656221896928667 7.33363977661819 -3.7666546080305165,8.030242330769486 -35.06180426597752 39.78741394749732,25.90446320976913 -122.96153860689319 -45.85285937527537
-17.535054423448535 -9.552921763236196 -2.0364692276282073,-8.635040472702194 -5.612602833049179 2.864625649491124,-10.498092431888663 1.2730270427257184 4.878450726547285,25.529770573378435 5.664214611567777 7.214605404659784,13.442051374294799 -3.0646091511022675 0.08820446036796281,-1.5067625646571534 26.96176051364161 -46.26295366680394,25.721471207797098 123.34326396502786 46.020809872718765,13.802308281017067 7.217630160673168 -4.269546937799472,7.37747470453368 -34.08706437498106 39.90021372843786,26.05025235191752 -122.43246545742993 -45.61309096956987
-17.265636595797524 -10.2834605641366 -1.818615979166759,-8.296655719244763 -6.669626405210433 3.079961006631815,-11.371303710890276 0.8304863346243405 4.0335529779129065,26.514500512090066 5.370488068347103 8.344348056568553,13.131437591657699 -3.220726579933231 -0.7442256881453622,-1.658900964849449 26.774513317755634 -44.920465672633675,26.025693074325012 122.18967100207172 45.49941049090828,13.612684247692311 7.152473826165731 -4.8173569384126385,6.2350122990937 -33.05500940600928 39.521701914667986,26.067197555424805 -122.32769981397624 -45.55286440414236
-17.002424104746325 -11.160415537079722 -1.522837988142978,-7.8174917027133475 -7.657943222700279 3.3829749603500305,-12.41343188261849 0.5172097499951376 3.5949092968746212,27.84044331833557 5.1496756345039065 8.86470635164677,12.603656451057109 -3.3898727253104184 -1.5725913647800405,-1.9803562015587453 25.41235176025851 -43.83401311001561,26.342431903276637 121.00184335585774 44.95300476740842,13.206207713916458 7.11413940407032 -5.252973391724199,5.008753852584007 -32.02070289221982 38.86065393501345,25.989282895965474 -122.55361303182657 -45.63398236463749
-16.833088238673007 -11.97804917394269 -1.1314769630471515,-7.372834551061524 -8.337104314093263 3.703748207828209,-13.435170201572323 0.4080873319976539 3.66340570113823,29.308892390274575 5.00807299203161 8.560266376933061,12.081901644080617 -3.5644053831236957 -2.2120180280605553,-2.437196955496316 23.62083689220172 -43.38589442835156,26.60840847953462 119.98417766421954 44.47803061100576,12.774485634413484 7.070133859356583 -5.494011098736097,4.1188773925251185 -31.147146065872718 38.159118908168864,25.870385533571973 -122.9503875053442 -45.79020843057461
-16.800985728894027 -12.570012518446221 -0.6825999021657223,-7.128281502628077 -8.60752335312587 3.956017083224811,-14.21614005183087 0.504506609294484 4.129391197589397,30.583629100408682 4.9181834130361795 7.565829035979382,11.782096086723834 -3.7190705528129655 -2.535799255620556,-2.9231482689983235 22.327716470544004 -43.67080819527219,26.77101255381605 119.3191510304667 44.16305777684922,12.512931128972777 6.999906749485697 -5.542134857118209,3.794973085536228 -30.683911918852203 37.595403925891084,25.760300814345733 -123.35985655771081 -45.95610918178866
-16.887198007100032 -12.825530699581376 -0.27336176058737427,-7.170665530720306 -8.511945996685121 4.067308647627939,-14.573870319465884 0.7371836557055457 4.706895748711144,31.290415813402813 4.828241408003579 6.3336671071736355,11.834913519374199 -3.821386194669634 -2.505630554786565,-3.2786252303066323 22.25669903165933 -44.44142175177079,26.794140439612455 119.1628399554261 44.08362090053612,12.548719036844798 6.905438853435559 -5.454782168992213,3.970488914255081 -30.877255252706096 37.228697023520176,25.686063798363257 -123.68197251422816 -46.09066437967102
-17.02084983655041 -12.695863541947634 -0.021137926499986415,-7.476665372661779 -8.178986951239676 4.011239413579152,-14.43447428768756 0.9973668307615366 5.052922516837996,31.169754235621443 4.680739215574662 5.433372583012723,12.240286902749514 -3.8516817654960374 -2.1777312010905225,-3.351087198061734 23.60718679921625 -45.22284849090333,26.666814149892385 119.60522643786315 44.28193770309499,12.895230568466165 6.807151054171984 -5.2988184698018745,4.329158740564149 -31.84319539183859 37.00538140545874,25.646567675606313 -123.8966734115352 -46.18585095029846
-17.112172894022425 -12.200596358769623 -0.0010100214378152839,-7.930628947723632 -7.746004407034704 3.8240430277006645,-13.873610387693908 1.1827504723320232 4.918510078322901,30.213929792905457 4.4326279018796955 5.27974626324559,12.87228695182461 -3.8204149432123518 -1.6833173604186116,-3.072157493416778 25.957944838563975 -45.54261295776503,26.413446548158774 120.60191863506611 44.735748828763455,13.451071343209088 6.729033165007977 -5.1132243435280005,4.47672125515553 -33.4667747543455 36.815646649230125,25.62149418060026 -124.04552469751492 -46.25821656338111
-17.092617923034584 -11.433931969362135 -0.19508027196201905,-8.379500121147545 -7.303853469003966 3.593792106275208,-13.102150501423303 1.2373451481123463 4.261472660723812,28.711053227712217 4.071873256343938 5.9288163487718375,13.530539252176414 -3.7704026693039285 -1.1884310770496191,-2.5113047311457932 28.45192529236031 -45.16060323402472,26.099013449529064 121.91960983212897 45.33545549528955,14.042310820622191 6.682766488832186 -4.900667880801751,4.146967940300257 -35.39020379093769 36.56637679544112,25.58860502854624 -124.1863878535723 -46.32956214714489
-16.943913077034498 -10.560545821874225 -0.48578652776546966,-8.696638887434908 -6.887862380277467 3.424774858583053,-12.39222255361424 1.167310330035017 3.2684120111773662,27.154300962716658 3.6280701072363994 7.0520875935528835,14.015018537631796 -3.759597274694271 -0.8441190889682679,-1.8708584292474513 30.182994131998257 -44.18155613754189,25.820490741269627 123.15010524578197 45.89321463419322,14.488444126093546 6.660402609360496 -4.649938961921951,3.335745120376779 -37.114873206982296 36.23288156717627,25.539914721521612 -124.34567324927477 -46.40740151070385
-16.703871089942577 -9.788166355927727 -0.7025524112034958,-8.825086283792064 -6.50936617900887 3.393353987622139,-11.967954243318271 1.0264603982293976 2.2767399931413133,26.04071651720243 3.1758379436373185 8.107634693736546,14.19296137175349 -3.8316971234517387 -0.741737507994525,-1.4132600818493155 30.60283006198458 -42.993008264466354,25.68056933672829 123.82227510431116 46.19564299761982,14.664089242939873 6.63935329904861 -4.372678805396866,2.297082533724535 -38.184228735573804 35.86739602102031,25.488647717351885 -124.4918259805785 -46.47501831988649
-16.447651711569957 -9.313879131034945 -0.701039857935019,-8.78382328516462 -6.198141308668523 3.5172412385156115,-11.907129302933159 0.8801974584189625 1.634234032152198,25.647303422761638 2.8283259457644347 8.621654265541528,14.032881342035063 -3.9903092116096666 -0.8878725665208888,-1.34706156746352 29.752901444245254 -42.062730225258434,25.749521727660262 123.58659541262926 46.08748438971362,14.532954311995445 6.595796686583478 -4.128964320787814,1.4092096411896464 -38.36721606488202 35.56643750922485,25.46408927087571 -124.54202126820839 -46.495594163321805
-16.253862148517335 -9.25855988431817 -0.4341971531232929,-8.640102491481278 -6.021805588088052 3.753736296768042,-12.101845402790033 0.7673814013602487 1.5609449430670967,25.896157761130077 2.716965270704135 8.432869383020646,13.597286400218852 -4.19213141646281 -1.207966235133175,-1.724501698110192 28.211950270765406 -41.702804250085734,26.030782340363064 122.39299270835488 45.550286624399156,14.144996629488785 6.517802756299954 -4.0221363844958296,0.9849346220140381 -37.75323540088053 35.41880414701125,25.497562990564745 -124.39794535867023 -46.427986751489506
-16.170767049091655 -9.617778578410606 0.023563053107781506,-8.466675896327985 -6.0654400688549615 4.027182679606084,-12.303697359213041 0.6804280061677377 2.073535319532256,26.386441968366785 2.9561169253208623 7.769603785112899,13.003996621399398 -4.365089920703658 -1.578100973428707,-2.4045192307678187 26.791235386461164 -41.92347825757438,26.448810324858435 120.56447723859154 44.73300272145689,13.60425324704551 6.4103167404813215 -4.160706797629395,1.1257518287648445 -36.70752263131803 35.46197845432792,25.606715382628884 -123.99374919088548 -46.246649863619936
-16.196975024259622 -10.257317059048683 0.5135290704269946,-8.307268030281527 -6.382347724847158 4.270065645625982,-12.240274806392947 0.5740922879385455 2.9993424160655047,26.591176878680603 3.5986183660392834 7.117730430595663,12.377217889137725 -4.44347733886895 -1.8736969607071725,-3.1070448796963905 26.134561030964917 -42.450344578841495,26.870545538417982 118.70507253051578 43.9082460639145,13.025534558268395 6.289854930879947 -4.604661683904304,1.6908032391976415 -35.70319386898931 35.666090933405464,25.785376519452218 -123.33510864494323 -45.956987153731504
-16.284272188528654 -10.96395696663989 0.8723939248408565,-8.165960952355892 -6.94781638916324 4.45482460535667,-11.753025488739947 0.3979078900917059 4.064355350699529,26.130164955740067 4.59733558235456 6.950013047303721,11.80941587860094 -4.401766164286137 -2.0165985987203516,-3.5393876243246085 26.422824738761246 -42.890310240713546,27.15636353061206 117.45915703850945 43.363146049661964,12.498830588854993 6.173582525335994 -5.324150452697888,2.388009709013853 -35.10825084528148 35.94821637690916,26.002948135576943 -122.5134943957357 -45.600081222778726
-16.360912350258886 -11.534814669951752 1.0120315882573618,-8.021613408891422 -7.64885256557865 4.598998970135219,-10.8911089517357 0.13422102773767142 5.007567783920612,24.983357837527645 5.792488648882852 7.4624939636082885,11.345435876321845 -4.2682640860895935 -2.0019364170761516,-3.5362388466712344 27.322066209082692 -42.95296528826077,27.220298959837123 117.22169024672023 43.27001448250827,12.072297642920406 6.070925481443156 -6.194248956690025,2.9310651750807235 -35.02945075908543 36.205347996489806,26.212656676984484 -121.69063067197322 -45.24541733056074
-16.36538561036594 -11.865847849269073 0.9566120062791809,-7.85530133172443 -8.32283482091286 4.741892325150976,-9.91186770142047 -0.17981042645250467 5.668237711498235,23.530299740505967 6.939300243823343 8.460034338552218,10.987668313570511 -4.110102242375528 -1.8941338222009172,-3.1430859957625836 28.183795427833218 -42.606635040813664,27.07146525751519 117.93861149347961 43.59895805488042,11.753719865660274 5.983722821995321 -7.032157621669436,3.1763243545353363 -35.2867453228437 36.34884105329206,26.364555092023714 -121.05920049288244 -44.97453112516654
-16.276444993918815 -11.995979979547823 0.8181411927575923,-7.673612498319479 -8.828435506187146 4.9077732690486,-9.180575217029633 -0.45986243315561626 6.012822391479851,22.38451369546528 7.774969635509448 9.452289373010313,10.712386162241863 -3.996903068144289 -1.7945344272419592,-2.5973480540875813 28.377514611529758 -42.086573562078456,26.81459108718361 119.10639886464669 44.120265343639424,11.522663545789362 5.914488885963706 -7.661874472838004,3.1714774804528623 -35.5262569846295 36.32723036915585,26.418305838251914 -120.79271669605889 -44.860792295421426
-16.126383087803454 -12.082136943510102 0.7262346999251452,-7.515079117450703 -9.110678568424294 5.078986373352475,-9.010822521328027 -0.6097638004510424 6.10199662919847,22.096508271670334 8.104321711317242 9.90731029964913,10.486341056735297 -3.9630158174873547 -1.7955561381279659,-2.211950394372732 27.57644274598726 -41.754708799379785,26.605863074832893 119.98826849955643 44.5031848077729,11.344466939486136 5.875847640922163 -7.977305377805937,3.100358165101423 -35.41089245099452 36.13343699277803,26.352316066342773 -120.99868015674755 -44.9505539937515
-15.9908395197485 -12.314187658892749 0.7537499006772439,-7.437498193911242 -9.222112938084287 5.197086650276725,-9.51812866345951 -0.5675287236743418 6.026942458607512,22.871097819128842 7.870127431346615 9.525154279390286,10.27795872996757 -3.989990023059047 -1.942067609463502,-2.2171251824617286 25.857295053703922 -41.89096360367603,26.582288869340232 119.95551313819308 44.4692465280594,11.181522236997669 5.892136662084553 -7.975310429129961,3.1644350513688515 -34.791565779239434 35.80009930433064,26.168233195203186 -121.68616356312154 -45.24959185844658
-15.957774221904188 -12.81010117917993 0.8817170156330838,-7.4941150951171585 -9.284908715838483 5.193819573808454,-10.556487159396037 -0.3387333245891422 5.854098916044841,24.444237383992366 7.175915647521835 8.384830736389434,10.064117925994342 -4.020328338147721 -2.2167816127866624,-2.640643268962999 23.587258149057597 -42.5317994201469,26.79721556499805 118.79296379304476 43.92786209940276,11.002606965566342 5.988463499700522 -7.744924723749162,3.470786493785779 -33.776508551729975 35.38914976245164,25.891462187202073 -122.7545217147515 -45.71734452718243
-16.08743886650069 -13.543483634435393 1.0233524056952537,-7.711381679077485 -9.41194248325715 5.035509882746663,-11.770517731167372 0.0004201835525114994 5.6059547315100176,26.188607142241658 6.247709608241465 6.889170597201919,9.836541995413862 -3.995930153884155 -2.5545447296625055,-3.2898608012699118 21.19032687355147 -43.443801469531564,27.193314017336156 116.81707154228556 43.026930289662474,10.792938374501984 6.171010749651106 -7.420087996230809,3.98502109781576 -32.67184776241935 34.979300021568164,25.56844989467932 -124.00600064373309 -46.270534893614
-16.38056120048248 -14.340730750697901 1.0912082671329106,-8.07865930660917 -9.629702770917477 4.754742893511633,-12.741891092275798 0.3330201175873633 5.280891796099001,27.402628024251477 5.348754395078906 5.543839133758256,9.60948207200608 -3.899740413470755 -2.8762948078473185,-3.8477752774211664 18.94355097824092 -44.24517459179885,27.62702956916001 114.7430200344684 42.090976287611625,10.564823576651772 6.409993549561757 -7.119743759142507,4.565562482652788 -31.832601521296517 34.65154398308988,25.260532761917425 -125.181737561766 -46.79693226930336
-16.770637435978344 -14.950361021683653 1.0645752304384406,-8.553189860139321 -9.847365148042638 4.448163083853178,-13.16396878000487 0.5505173520276829 4.892012258680145,27.64293028303542 4.684098264896685 4.696582459827804,9.425056204635585 -3.7756614139989493 -3.1242778891196346,-4.035542931200146 16.920728310129043 -44.60751906366058,27.933458520406607 113.36098417853968 41.47472042425439,10.363833613213208 6.63819681161417 -6.9030155447712715,5.049182213475753 -31.50453308495669 34.47193946691807,25.033538681538168 -126.01684115111719 -47.178453044022135
-17.147512897373336 -15.15069146121595 1.012452807024976,-9.076309854521257 -9.892753618799583 4.2367239130529235,-12.965234171393368 0.5976954389742497 4.495477540910934,26.935191976500278 4.337255455125141 4.381260172171869,9.349178063378353 -3.71243252782102 -3.2805815077360423,-3.757286861934732 15.099581882866536 -44.427908473572025,28.00053725224961 113.17778895076671 41.40258933456124,10.262988506586925 6.771473604377747 -6.757228083614555,5.333229995808139 -31.734054970129677 34.473734683867015,24.943238236994258 -126.30504635229292 -47.320042022020736
-17.40581255389016 -14.843197564538517 1.0528258652393778,-9.59291981055183 -9.599535892034515 4.205560146135605,-12.326734194628429 0.49271985707749644 4.186905071936566,25.757090266358276 4.265158547977023 4.348812811003547,9.453258419279575 -3.7967462887096746 -3.360877057235959,-3.1501057018837497 13.541069404486812 -43.87916031149493,27.81681738717581 114.19811742833977 41.87207036065367,10.340865278022045 6.745730491247958 -6.618946481138391,5.4094456289846455 -32.38082066900848 34.64485937283522,25.01917610449321 -125.9577672753391 -47.17748040519342
-17.498694137279344 -14.087618554374576 1.2677204491077143,-10.066727742002497 -8.90091292245678 4.353371664144861,-11.589157440010872 0.3142775592834266 4.064036930247858,24.80073791001596 4.347894274985654 4.259884328373185,9.784665403684066 -4.058868567998975 -3.389208806452237,-2.510777003457263 12.501585016155865 -43.31325632269487,27.470539179609663 115.94866249991613 42.666578099628666,10.648215770547793 6.554086145675305 -6.412632328620548,5.338767312033474 -33.21176430725089 34.92794747780905,25.2520600376575 -125.03912618447839 -46.77513206582258
-17.471318860779952 -13.06610323415362 1.6231620120729433,-10.4872091851583 -7.879681665414546 4.578473770915149,-11.096428923654837 0.16414097896172897 4.17387998362841,24.632509928871443 4.462072894995546 3.9222018767953055,10.337878927337272 -4.440333863478195 -3.3701802689104485,-2.1360094221592956 12.380074420875534 -43.071855449975196,27.102343844489084 117.72547778451484 43.46810293061948,11.176835403390262 6.264556584574779 -6.085749997280955,5.19340103941911 -34.01723086031504 35.23613189736383,25.590796042928012 -123.76114284846335 -46.205545501551775
-17.45383012939147 -12.000148642593546 1.9455672448222079,-10.867923074871825 -6.746357428723873 4.711408496714518,-11.04990790725191 0.12475803587594857 4.47232034175017,25.419001194139643 4.536405006882896 3.431557298476953,11.042217912152175 -4.80377237126712 -3.276185168609173,-2.160543551706069 13.50861989873118 -43.30608311238768,26.83699299623254 118.93341410805374 44.01015600840907,11.847795306553078 6.005675220854867 -5.625015917499997,5.009182369089304 -34.6880790889276 35.48028289479938,25.953091762960224 -122.43332337047198 -45.60758982615785
-17.61009124648242 -11.065853782695271 1.9780943649555836,-11.237971514825766 -5.7544412353303205 4.5810309284260455,-11.438077711510418 0.23208449129498931 4.819404319093913,26.853215875213067 4.561138988129658 3.1316582454185795,11.777019128666367 -4.983992917758064 -3.0585781040835758,-2.480766538575045 15.902941711125614 -43.90038838435962,26.728954508487035 119.34484428452 44.19328341928078,12.529992417681221 5.922197480452527 -5.051291441356757,4.779271334489794 -35.22392212513404 35.59666823100865,26.24857599469678 -121.37634761479467 -45.12732065197484
-18.05976009941128 -10.348752653806516 1.4963608881795765,-11.628964842462121 -5.094591752666412 4.084254939217141,-12.067082235596954 0.47410906464849606 5.017218667151908,28.313331610841903 4.552188103339646 3.4129800080342365,12.412415900566641 -4.857885040355247 -2.6775757564645004,-2.80764190397964 19.131784078662122 -44.53791950988117,26.747966853197415 119.15355316853723 44.107772303549915,13.085938059358018 6.118259359195964 -4.402356492861665,4.489006828657867 -35.68545632254173 35.56286905403647,26.407620243245205 -120.82477639225229 -44.8731708050418
-18.80752269652066 -9.852783003822395 0.42703268082054224,-12.060105421797273 -4.81969424002035 3.227838773873211,-12.668410054551837 0.8111824778167285 4.877918188730994,29.170120835369616 4.499147803483311 4.464572138822473,12.859707851353335 -4.3999869111752075 -2.134008153151849,-2.8239707370029956 22.411372001875016 -44.86968673670892,26.808725852882727 118.81120132453424 43.958574718554516,13.426645540376045 6.6130268914941714 -3.716949238776722,4.162338327543174 -36.13227653839242 35.39569687928273,26.405365865863153 -120.85165648222078 -44.88088819211622
-19.715309500962135 -9.545117761570374 -1.0940379605548258,-12.52500381058008 -4.835378680110453 2.1244549936287624,-13.025945400658262 1.2033470651226366 4.295844405397037,29.08755193015077 4.336913734295274 6.122412900682148,13.107851001344018 -3.6966381510218103 -1.4834730910864844,-2.3637204939040686 24.908770238483612 -44.697085537746595,26.825608187570182 118.74765943253473 43.938650833378695,13.549958548553272 7.329490178091685 -3.0286655117109094,3.8817300182099537 -36.58698737547073 35.13474633037034,26.27107165968824 -121.34363295143737 -45.10158236011815
