-0.9 -11.7 -2.4,-0.7 -10.9 5.0,-13.0 3.5 7.1,25.5 3.4 3.8,2.6 -2.0 7.0,67.7 -41.0 -47.2,30.0 89.0 29.5,2.7 5.5 -9.4,50.8 46.8 49.5,25.7 -123.6 -46.1
-0.9083724653471605 -11.797075110133244 -2.289753264643953,-0.5296042142002874 -11.04958715406338 5.270664221915371,-13.229435623933183 3.7174585642314883 6.9687599273453875,26.043205175180223 3.0339856148238797 3.300613719323799,2.8375091414998956 -2.0256910668955 7.123197506019557,68.57053362498067 -39.752170384026925 -46.401144054319055,29.984064244411464 86.90044029931195 28.49874104210908,2.9219485970248384 5.472647872934896 -9.278001946870559,50.64094982177443 46.51770249334857 49.764876760652925,25.687835821393396 -123.65131336635979 -46.11181665761981
-0.9046869993680382 -11.713991759544097 -2.2661803263979583,-0.5507216349651669 -11.034342464722954 5.313411940584621,-13.197934312039303 3.7651382182451933 6.8740177585571525,26.006120096868514 2.9309335775017447 3.2462787435562346,2.9135607705414737 -2.0233854593646066 7.217141274755191,69.35338267951211 -39.09726391598756 -45.90292155514058,29.98686701549488 86.06803907003533 28.095488135954938,3.000737005245447 5.4389213246145625 -9.256495823308326,50.88023051841661 46.0619430537912 49.42990890063885,25.724086630081178 -123.50584288126866 -46.03930266860142
-0.9000579674455053 -11.512396578528179 -2.297499956893483,-0.690934069539637 -10.908440836331534 5.207935708172379,-13.011758325088813 3.7048616853270473 6.803216889361742,25.624511148890406 2.9940664866226316 3.4828660478900577,2.9016293005868548 -2.001495432328878 7.296092503132815,70.06511277238175 -38.80906404759993 -45.61113493590771,29.999273281497658 86.0840292640868 28.092963560819445,3.000919692842577 5.401927885400922 -9.296964061371908,51.370780903180304 45.52775662134215 48.740395557781156,25.795622367479936 -123.21763168141847 -45.90786085159703
-0.9055997349624334 -11.253936197381107 -2.351930927761996,-0.8778233251686955 -10.726057173241925 5.033928076843274,-12.777169923852172 3.598451688762982 6.743800715485611,25.134144715071443 3.1266069407755794 3.8562466075180173,2.875189145098159 -1.9684332407098708 7.374312388078341,70.72228951237709 -38.661354230582056 -45.43158663006358,30.01214801066724 86.52964383338305 28.293889595984506,2.9870511279969842 5.364775085655901 -9.360889093119908,51.96553978931924 45.010178136015675 47.94163586990321,25.889312975006288 -122.84072290350103 -45.74289402525883
-0.9324266673016954 -11.000257246398503 -2.397692010634966,-1.038971209097341 -10.541366379806938 4.871081598761934,-12.600431369099839 3.5077309518389317 6.683212632655211,24.77078717923714 3.231777538549625 4.212291397632866,2.907714717537508 -1.9326111394291428 7.466062126517681,71.34147850828555 -38.427917916652 -45.270079071051335,30.016356171251047 86.9861157298408 28.50098852073201,3.0236857788894196 5.330570455741424 -9.409753350610929,52.5174459900872 44.604242537826075 47.27892897482842,25.992028394076854 -122.42915968420824 -45.569805008239
-0.9916531298461628 -10.813006355875988 -2.4030019771438598,-1.101959528570572 -10.408543360379378 4.799088826092984,-12.587804921602268 3.494522197840827 6.608896036596986,24.770204925213033 3.212800878533806 4.396871393427352,3.0726804313670213 -1.9024413834082503 7.585602915376745,71.9392453688946 -37.88253855752774 -45.03241469231411,30.002762731496503 87.03467790537668 28.516982614343846,3.1753781137006367 5.302421526019415 -9.40503926590357,52.87943831873792 44.404984766787585 46.99757401038013,26.090638566108225 -122.03698516023191 -45.413996619189746
-1.0863601695513803 -10.742348289213854 -2.3463293050126355,-1.0161817729745146 -10.370593077930613 4.875661357303636,-12.809456189984536 3.6014061945313562 6.514825802632603,25.286804928333 3.0046849490522134 4.2960204517215015,3.408264243831625 -1.8853444999684617 7.73688814433253,72.50746094536996 -36.89889921979924 -44.661949456934536,29.966291071226948 86.37605521396111 28.200678730887482,3.4752890942722856 5.283734014714923 -9.320803645283357,52.93950992892845 44.476913801564656 47.26734190707254,26.171326586502804 -121.71988911834663 -45.30032074268022
-1.1758368959709402 -10.775856839357786 -2.2620165782453867,-0.8499332065466836 -10.40962992098453 5.038686267899572,-13.13877751346 3.7660702563154125 6.430581786536462,26.031480545498173 2.7157090720834183 4.014711889287601,3.760232941729417 -1.8833348230397875 7.867680370608488,72.90337783744 -35.895264604722925 -44.30675445712543,29.92398814314428 85.36235735657581 27.7166169292627,3.7854446182920687 5.27953914816076 -9.199649838285115,52.77674530157924 44.71813279480361 47.846277537690796,26.216531354795276 -121.54253771020024 -45.25062596257691
-1.2045234736162405 -10.879882488855301 -2.2033521407887386,-0.7118262392124445 -10.48712153697067 5.185420602798162,-13.38243946379775 3.890634485535553 6.397816760453815,26.564738789997534 2.512905314139935 3.7321568895298487,3.9091106424318185 -1.8965935575947932 7.906688996156145,72.93860236526977 -35.474555842201575 -44.18431547378675,29.90040254836564 84.56656523489436 27.333005108283757,3.909842203951941 5.295419329047531 -9.107423917052598,52.53502405536709 44.97032010701237 48.35281793927756,26.20742219073091 -121.57264078809858 -45.285742505264984
-1.128853658408358 -11.02086804932652 -2.212733353279325,-0.6906912706453996 -10.567847684974048 5.231338126729,-13.382778471456131 3.892654365851142 6.449090354539819,26.529943093116675 2.533557682709383 3.59959948974655,3.6854661484336932 -1.9243602993872042 7.7979742334169035,72.47124517653465 -36.10110281760202 -44.45664218821752,29.915012449726678 84.46830327659157 27.275112811195232,3.697974604241276 5.333825105446279 -9.099820705727499,52.3388483274616 45.1006815231324 48.4729799854861,26.13173531006624 -121.85532943337125 -45.41768411207634
-0.9819309689289446 -11.165955415471826 -2.2629081346679008,-0.7488193806240039 -10.637846331299002 5.208457317997799,-13.210243509992662 3.788441867790178 6.558829532808714,26.10036811449697 2.7246708492769303 3.5892977539710653,3.239798890804097 -1.959870816015916 7.583727530822513,71.65663713835019 -37.35321504850023 -44.93110616936288,29.95487661208569 84.94986597108829 27.493463055288974,3.2901744053958213 5.377203608682887 -9.167587506089177,52.18863808830287 45.13973644381278 48.325077256662496,26.0191508285055 -122.29152702932382 -45.60216615268624
-0.8270126904154521 -11.282561427254834 -2.299231688192761,-0.7987344787608907 -10.691516170100954 5.194633005202617,-13.024998874327276 3.6331493072455805 6.678598023638378,25.65769948276723 2.9584137417681937 3.6031156158103146,2.8484351348854435 -1.9939996047831676 7.344734774677166,70.76700408178353 -38.46073545370458 -45.2756019026856,29.994303441778797 85.65862145679559 27.83052266535564,2.941159789244579 5.400134743944527 -9.275928141416125,52.036012522051394 45.182234554092055 48.19744308497328,25.9158451508735 -122.72544091990949 -45.77276217836427
-0.7214861303096864 -11.342182894836842 -2.27658982327123,-0.768032388690204 -10.7235348812308 5.252642307254534,-12.963007098807728 3.4812390165806235 6.762568969071407,25.526379276781498 3.118079703446649 3.560045651171012,2.7471760196353032 -2.0178862944991103 7.158743871982371,70.06320074550506 -38.76752670738151 -45.218505008257075,30.01097706585358 86.2705035035461 28.14025997385152,2.866882364066984 5.3820552999019835 -9.390221281088316,51.84779482770539 45.30899154022597 48.332351455688666,25.862643346069436 -123.01476925657451 -45.869625554545365
-0.6780920818167347 -11.346966721827263 -2.221969512598502,-0.6984472604276222 -10.730525987012816 5.331151148263282,-12.976776602074606 3.381290742777037 6.7849325457567495,25.597000319931638 3.171891439550185 3.5090429617362267,2.8650729370565546 -2.0247050478176174 7.0799827954685846,69.71854284711922 -38.48040952946782 -44.94512664256237,30.008174494746406 86.68029908116691 28.365003290883937,2.989962673552662 5.339035930311828 -9.477618589451255,51.705921700053615 45.494974486661576 48.62295039110093,25.859866373861912 -123.11959374630199 -45.882745490210866
-0.6892712122171596 -11.312995967148703 -2.1951410876351423,-0.6836102943626727 -10.70999775627197 5.326940738302846,-12.935401862981797 3.3792095061094676 6.728980387200434,25.56289043813526 3.126687810961657 3.5581547347377747,2.9917025945780438 -2.0085551005798266 7.1519853430667055,69.8665433742452 -38.198579213732394 -44.84853995845235,30.000809453751383 86.88230455220778 28.487256933661122,3.0996478581020948 5.303804178881782 -9.506077886082945,51.74467027972056 45.667022645642604 48.803645374848706,25.889418559935823 -123.04654842172746 -45.824770833439295
-0.7456474216983566 -11.260358445385949 -2.2479372089165355,-0.8042719314425598 -10.663592134901865 5.1521706941717405,-12.724195647960217 3.5115085704248465 6.5856344904015796,25.155085546505866 2.9944168322813467 3.7969184915959757,2.93603334109824 -1.9647389269306959 7.4050284120573675,70.60076916225539 -38.455451200578615 -45.261263799111475,30.0019342264356 86.87269839568943 28.49199239953441,3.0061923644526516 5.305461732070436 -9.451137574304223,52.07462206877118 45.77037954882696 48.65203194367403,25.933281847685443 -122.81228055316738 -45.71154162443548
-0.8225973699924469 -11.244130305930417 -2.360139274185056,-1.024320531355729 -10.629669673693543 4.858072164603705,-12.376421242632832 3.7313058846577056 6.413261711392056,24.448760450332237 2.830731511468747 4.147633488005636,2.685710551228372 -1.8992172575772623 7.751982043278611,71.66135167086084 -39.18194933544141 -45.96805150113377,30.00752790157472 86.65994402425233 28.384322994174227,2.7126218139270986 5.3401226697831286 -9.35570934592148,52.593306751440345 45.91609937417053 48.33686887533764,25.974952251913834 -122.52039630733867 -45.58626148656246
-0.887507742696555 -11.337722549712854 -2.473771834113037,-1.246405503086184 -10.665832484182403 4.56875361317094,-12.002872081443396 3.9480179547775682 6.305571870774338,23.699428216073294 2.7141874772910084 4.444961520184996,2.3220112844836245 -1.8235360433524588 8.044191849656467,72.60321248404395 -39.99327526638688 -46.4666121820272,30.004622743423244 86.25894249426408 28.179916885816,2.3229792351245107 5.386614657120562 -9.298010352372861,53.08660898879495 46.30212564718776 48.23189526436442,25.998719202562405 -122.32007070881727 -45.50647331475937
-0.9124839985251587 -11.598142537215248 -2.533991327141501,-1.3793283959410039 -10.818687046558964 4.400048838999616,-11.712486281278515 4.0781084456370875 6.3443574670911245,23.154496594473493 2.713055722490065 4.538204552979032,1.932362520435807 -1.749914311797086 8.147951747646877,73.02220646777121 -40.5208794450506 -46.30684891529206,29.9817837871664 85.69365146742496 27.89814147867329,1.944730087413511 5.42419113297073 -9.345970363227512,53.358763460915156 47.08328848366486 48.65975211141468,25.991891186416428 -122.34016451004709 -45.52137022728269
-0.9204260322973221 -11.90670443018965 -2.5226956277444397,-1.4028574010243156 -11.01642104462367 4.373226698476344,-11.587288373043194 4.116863817655087 6.481713799102929,22.958575749710405 2.7843878112155473 4.4401214974240455,1.660681006264374 -1.6971887091705264 8.093843771609032,72.96562430611198 -40.59801699262062 -45.61903849743232,29.944668075403875 85.08348497519576 27.596614386421294,1.7122117271816106 5.438234682266137 -9.455113099393643,53.419050126867134 47.94903484863515 49.381988373627244,25.97372369750899 -122.48982627502413 -45.59024680767011
-0.9648273354357143 -12.038902004138102 -2.4439120552491262,-1.3395040683187887 -11.115898269938402 4.452599382398228,-11.69309277772054 4.107045668207419 6.591619267046525,23.19436064153301 2.8182476098733793 4.261921729948619,1.6849073959967917 -1.688181687522705 8.011401037779457,72.75265743389943 -40.17949041079538 -44.88301804932193,29.909227203054236 84.60535062301236 27.3559914050248,1.77594651138758 5.417819487602168 -9.513259880251555,53.400248152162874 48.308510448330125 49.82220608022069,25.982713980099945 -122.54587145062067 -45.61825156131861
-1.0919839292200086 -11.79381850620789 -2.30543546755859,-1.2143761014030128 -10.988192226842475 4.600516325570258,-12.079908383162513 4.089313652617819 6.55776820024075,23.918152031897797 2.7153823821092673 4.111732922066377,2.1564466673688996 -1.7420941901595708 8.021388433175295,72.68834012536831 -39.245560401529026 -44.54835157628153,29.890448904431373 84.42231861922245 27.25083290120054,2.261964299099246 5.3544665558600615 -9.41941007576754,53.42881242066334 47.63226663171305 49.45478533252368,26.053513573083414 -122.30479382141849 -45.518968763224954
-1.250856148539003 -11.290526395848193 -2.1593135763175284,-1.078247336566023 -10.698461045332646 4.764249661190851,-12.59863976642118 4.069134103621929 6.401714320700316,24.859878262351526 2.524806111654548 4.041019812958846,2.881677332398088 -1.831154476853038 8.11516205784272,72.84907338236525 -38.08042958490889 -44.616416209132574,29.88919779583854 84.51056022708435 27.273771256169315,2.9805070224949266 5.27031227348681 -9.22727556642658,53.52870536886414 46.22466716185476 48.46225012121389,26.168257868995354 -121.83775846088817 -45.32327607171618
-1.3231712108875915 -10.869125723448237 -2.0881610663019603,-0.9996200936320616 -10.445923803707581 4.88065710995993,-12.96266328650238 4.027664111612906 6.240235590147371,25.524030981392677 2.3979457221061593 4.062108099153974,3.4286562172557393 -1.8951451539517885 8.194690897103285,73.15333331595318 -37.17824375212924 -44.779010938705675,29.89658316861663 84.71714915908201 27.3608483644462,3.523690995622713 5.208640126053322 -9.097433502458959,53.65309436311526 44.966018808968045 47.516263857563246,26.27280754588528 -121.40565537993392 -45.14306973247781
-1.1999779254168472 -10.853279779102238 -2.1680479026533805,-1.0405667556212246 -10.420936341178692 4.89124391277872,-12.905287369167015 3.948118368758741 6.186895409531038,25.44923767890991 2.4773766521805687 4.181445049099722,3.3909734786209556 -1.8777701650477931 8.16553066547693,73.51122180497691 -36.99984630338303 -44.733669311969265,29.903800878788932 84.88904361633803 27.44739448858555,3.50777634577484 5.2103880097770805 -9.18019598511885,53.75016657505682 44.695413524676674 47.26082235616554,26.31457752653616 -121.26087369920279 -45.08655467138613
-0.9384848228777614 -11.241876976629372 -2.363543370789402,-1.1574304662963684 -10.634111180955541 4.813191468861332,-12.513180838984843 3.8533257560375045 6.27561207004083,24.776162766721733 2.7359307193050832 4.325984618225942,2.834156309333005 -1.7939233979174838 8.016873034092779,73.751287237327 -37.42184132350445 -44.3633393883746,29.90642203119008 84.91144423125345 27.47519996577138,2.993036003325216 5.273371285263009 -9.432715755617961,53.71243654112269 45.430839942930255 47.75691753934669,26.276461968318298 -121.46444187798897 -45.17926521311324
-0.7273064384634479 -11.77696027763239 -2.5510373906712145,-1.2229392986335048 -10.953912371553862 4.723529024419178,-12.152464590428291 3.7974436991589617 6.477317204330172,24.121586442564443 3.0121994398378114 4.359814150590041,2.1969592985756696 -1.7147987029976912 7.804052459948167,73.63758211530006 -37.85879219739107 -43.697602719631675,29.903477859013115 84.69979533816898 27.391164028335723,2.3908866524546823 5.361302222116006 -9.659387116002483,53.38839056708541 46.5409241134684 48.604477653353534,26.169413479909558 -121.9260524220013 -45.381356339585196
-0.7482929708313435 -12.199833163036784 -2.6104980940341775,-1.1154573570495672 -11.246845362203151 4.6972803424902665,-12.17832640017567 3.8315785738968517 6.758842732411872,24.084834505501572 3.1481500126895257 4.155765261909851,1.9104100268515447 -1.7096450986496003 7.58376912697435,72.95178795839193 -37.743962754355756 -42.783197933473566,29.89444422062803 84.18695527753928 27.150909281818965,2.1057648887301283 5.437919037735105 -9.670100173989516,52.64203998696953 47.39274079114821 49.396572073614806,26.006702450469103 -122.54787226294665 -45.64981335749634
-0.9832408674819786 -12.373045780801922 -2.5375694259993384,-0.8663805183610868 -11.416579448168516 4.739134580683741,-12.587221173907004 3.931347519184409 7.041037061057532,24.676706666585364 3.121817987116379 3.788814916111387,2.059272034588226 -1.780421197740452 7.404210771513426,71.8502767980457 -37.115793665096646 -41.92102260493228,29.885562847158344 83.62632448663427 26.875929499196374,2.221929895295299 5.485457391440517 -9.461553763081234,51.66062929118448 47.66605361107574 49.83703307483105,25.83158085769844 -123.16650628987621 -45.914872353197545
-1.232998742755707 -12.26881541359871 -2.4325236511275765,-0.6455212972143468 -11.400398477669732 4.790163521903565,-13.051131342704451 4.0040879553581945 7.203156689694013,25.375683098903707 3.034312201499535 3.5167797516089077,2.4151143962734176 -1.868221705331791 7.305865654455338,70.82832676394301 -36.56010567938625 -41.64186007986929,29.88919517509229 83.56123247188614 26.83774827371666,2.5340416417337766 5.502883806209286 -9.19941447644812,50.92376609212634 47.32345207394116 49.729877539598874,25.714418908525282 -123.5592587814428 -46.08257484816963
-1.2986480113890566 -11.869492310104924 -2.396283382728185,-0.6214733003656808 -11.142484442610803 4.791087746920214,-13.240412368128252 3.958712551037879 7.128819462079145,25.657013686356862 2.988257417865973 3.593449813835755,2.742492683042129 -1.9135848638512771 7.3268179853878515,70.37882014503371 -36.65922583261913 -42.454165444349,29.91713464271568 84.51405922155112 27.297806802089667,2.8300493690548896 5.49011935908305 -9.050877464714487,50.902541574361706 46.35121995741246 48.9002667451386,25.723533431099234 -123.51134992175471 -46.06233218574765
-1.1463390392877866 -11.308544289839517 -2.45351368006252,-0.8111159213561507 -10.72604472819422 4.730076146801793,-13.071440222973187 3.8027831084074513 6.844895138152123,25.385844444978837 3.0149345694054253 4.0131363297600116,2.910369465799053 -1.897054162414923 7.453163881979803,70.63756352150958 -37.42794392435725 -44.11807210513363,29.961899127168294 86.23968212466127 28.138925250455905,2.9889284174199817 5.455683823941192 -9.071679293444605,51.60234135517143 45.065762886730866 47.60201850470902,25.853158499612707 -123.05374480233941 -45.86724525280105
-0.9129054725216058 -10.875696557486117 -2.550028374647484,-1.0744542331737823 -10.378040647821482 4.644359735944099,-12.714979046601306 3.6458658198334377 6.526377681528335,24.830478679224292 3.071854212509686 4.501846308294178,2.8956654085156814 -1.8405389962050824 7.617243149793277,71.37114289751821 -38.29420942870503 -45.61993985537491,29.99607534361121 87.69937165482301 28.852425087115478,2.983776207937445 5.416988130577069 -9.202307011163192,52.547005895997614 44.12483644664518 46.53218664365067,26.020925729955547 -122.47151170363279 -45.61763117089263
-0.7402810520323988 -10.859089213478626 -2.6288085295099033,-1.2667561038407116 -10.325539366664659 4.573301776274384,-12.351746429396783 3.5991580860084444 6.351230537820107,24.275104720284745 3.1139590052684794 4.778826627483079,2.6830913907635767 -1.767931570214102 7.749702646658804,72.32714355434175 -38.67351934478078 -45.939549135040394,29.992237559503756 87.84849555615811 28.926603481203653,2.7948194222560847 5.39150403333823 -9.37828429181813,53.246546356554006 44.1812018243829 46.38852399478888,26.142377735659288 -122.05630761528953 -45.43666536525329
-0.6822901740389575 -11.26766095728409 -2.658407855715888,-1.322691719408552 -10.588401086859031 4.552089080652363,-12.105812338704316 3.6762267456767526 6.374715133334225,23.917648753045007 3.122730295422657 4.741728158977609,2.3465255991170855 -1.7054769462922528 7.806187257636521,73.1907949612032 -38.44565417177746 -44.98122242756528,29.951759567503284 86.61749448421625 28.32720845945524,2.4907365738369753 5.38561062398151 -9.54638633942639,53.477316009051236 45.2290711408766 47.24173220821697,26.178946814941558 -121.93674504552847 -45.38121286173601
-0.6885896450332929 -11.780263627793556 -2.6376134194604024,-1.27080494202814 -10.941514833169546 4.610970840005043,-12.034274885769602 3.775214554543672 6.507027990696308,23.854053229635294 3.1110248920123555 4.49912053758576,2.0652645895879744 -1.6822018597732713 7.771895875396296,73.57360620422617 -38.03929524687162 -43.74232537283746,29.910063502523982 85.08959255140468 27.584456042385234,2.2447786724610674 5.392572654015754 -9.666690519900728,53.330552046227844 46.484084514641275 48.42117941775034,26.146318510804647 -122.0486765779229 -45.429742978011824
-0.7037202145961554 -12.061189845725904 -2.5672809677417003,-1.1452469377676924 -11.148743685239893 4.778516461056719,-12.1881130729397 3.7894575569495537 6.65071628113181,24.170385144140365 3.093251159934482 4.17134748502985,2.0214820342904964 -1.7264850690756708 7.635020027681583,73.09441249271082 -37.906485681271704 -43.26584532838381,29.903834788916303 84.39610180972858 27.25208655218816,2.2329557038725323 5.404883531571082 -9.700711067126045,52.91681558686797 47.129226954979664 49.22282185321004,26.063634250144883 -122.31597600068194 -45.555644693177726
-0.7105856830918439 -11.966789423484432 -2.4620347831178564,-0.9881172095940559 -11.107059748617083 5.023805203585399,-12.522259391743194 3.691578146933504 6.739371408740963,24.782678083122534 3.072714194652724 3.86143694468281,2.260403279166384 -1.8322131984383996 7.438605391919931,71.86614583242114 -38.14369389187545 -43.848342133733645,29.939775244354234 84.87994907982177 27.496852187254795,2.4913735612230363 5.414438487578962 -9.638486352595807,52.39530298186534 46.872385238946585 49.34350698665959,25.963808901071168 -122.62637059681936 -45.70871036869666
-0.7439864535293903 -11.613222474226271 -2.355124888393184,-0.8522675774376585 -10.893501783731914 5.235439502552201,-12.86171694838721 3.561455365267014 6.748580661293467,25.37694857229262 3.0376988586184157 3.648992495845149,2.641993303187655 -1.9466127513507325 7.299903005942334,70.67014036582266 -38.3663754917426 -44.776626624793494,29.98402559218357 85.8175528038703 27.96199701825697,2.866879281724665 5.4123235533958365 -9.508641507850397,51.99100314197977 46.13152049670923 49.022398218574764,25.898389708186368 -122.81868953569989 -45.806811435237265
-0.8416971856052164 -11.135383605664295 -2.2808353259902203,-0.7907523819490196 -10.598028983456352 5.297652879745709,-13.02410320290214 3.4858548896026016 6.657658350351947,25.626266815616688 2.9757277716928674 3.610759639190302,3.0135213914435353 -2.014106037909986 7.33968622380828,70.32544861788793 -38.162142183660315 -45.273604285183325,30.000229025612235 86.41663907395949 28.25707377944691,3.193661265193547 5.389760093285324 -9.34272694600545,51.93063526505729 45.37283114268103 48.53637809594176,25.919411162762273 -122.73096905840205 -45.76688499033593
-0.9989215111386351 -10.685711043238355 -2.256164718951229,-0.822983337980799 -10.318926773000028 5.175293000246178,-12.9372630885886 3.5079370352956527 6.490680718821756,25.406561049038878 2.892559822977405 3.7517629820159297,3.249534809713164 -2.0095881386636854 7.574028461378539,71.06751683907355 -37.4965934488899 -45.02835708940373,29.974925691223202 86.30562746745157 28.199764015257003,3.352438753292992 5.349535808196098 -9.183469857035721,52.26452678491897 44.93256241623815 48.115766973309384,26.028787696105407 -122.3619256427344 -45.585758648791796
-1.14487796873944 -10.443835619865162 -2.271319290279046,-0.9162260903989784 -10.167386237695947 4.958159451235964,-12.699894122316053 3.6032738061410035 6.341105003189463,24.90818945806929 2.822220118895384 3.965859746887252,3.2668616938450254 -1.9551869283571752 7.856718230305868,72.2272015543365 -36.92120982532755 -44.45254057282021,29.93014601333075 85.7650124638881 27.930348925898915,3.296053792549415 5.312366220938669 -9.090921435047619,52.769597901147144 44.94553213544908 47.91871380694853,26.150747646576185 -121.95933013343729 -45.384090327161196
-1.2036838191001107 -10.58979600500519 -2.3142184902934333,-1.0332821491326805 -10.254536620358959 4.7463850293277865,-12.425065219850001 3.741545506388608 6.307604540928327,24.348018614657207 2.8009263065690915 4.137952661054169,2.9875533726832213 -1.8770502836258145 8.028541140040362,73.06162003223318 -37.03142017020096 -44.01633328870934,29.89087866681969 85.130603929795 27.616455159517557,2.984862307233391 5.300363351565226 -9.125986966360578,53.20031660471379 45.526546358710576 48.095254463385636,26.203390884845515 -121.79056607595679 -45.29231407792652
-1.1511444082604654 -11.129978161029372 -2.374395722993346,-1.1388905437412162 -10.586126931368813 4.602757234448097,-12.196569405746624 3.885450479634223 6.4212230043220755,23.894419681904843 2.8434099322011224 4.207638493887359,2.4762769246365868 -1.7974566916752248 8.016338885564114,73.19428274357779 -37.84270118503102 -43.86317875040634,29.87359954645683 84.66834129358433 27.38928864943614,2.496986935156343 5.322540409217435 -9.292373199877924,53.40706191779888 46.54902081606393 48.624156187078285,26.154648441346133 -121.96015237877118 -45.36210500332173
-1.055040384034632 -11.761765307584524 -2.4442563091008433,-1.201237983292299 -10.980389491057023 4.523610245424535,-12.046105321289968 3.9852631630001896 6.592661847077313,23.62946966375951 2.926169541046915 4.211838204568579,2.0514740942839205 -1.731799334169322 7.900083895627625,72.90067101705756 -38.33854562034991 -43.555118515710625,29.87963665528446 84.5198344677375 27.315247236086694,2.120107873557566 5.364602193017852 -9.492006121982115,53.41087977700883 47.456834176026604 49.179425790879804,26.06112238019407 -122.28280181742102 -45.5049922093063
-0.992344895403712 -12.151837016192207 -2.516514622332231,-1.189048676924869 -11.236888317760078 4.498373055503227,-11.99984575484522 3.990258792702518 6.720536112973936,23.62589076896125 3.0217958473443107 4.197434375979251,2.0561971131259367 -1.6946873942398193 7.775313740313616,72.52292115202867 -37.40135847532654 -42.59678950912876,29.90870752333914 84.81269064889241 27.453481750615165,2.162067435670723 5.409889703498674 -9.616700028512046,53.25056159067767 47.652077859630076 49.40497040107116,25.988353647058634 -122.54396703620509 -45.61836734609769
-0.9974080156541364 -12.136617378074128 -2.5858063286202735,-1.097944206461643 -11.252885381445276 4.5083523651658295,-12.060948679145614 3.8912897641730955 6.7505494123351015,23.888557404291 3.1078031486601505 4.200848128075659,2.604658056992494 -1.689764253943822 7.70507041521337,72.32163434472076 -34.6952008922676 -40.866210998283044,29.95329430436895 85.49926956390361 27.779482331782976,2.718063892852214 5.447489295126419 -9.61441974645639,52.987445214214006 46.90472007171917 49.13905681048466,25.972109393142947 -122.61977591874447 -45.64529020184232
-1.0172922906905921 -11.900149213737631 -2.650701696087257,-0.9786291132811089 -11.125717669875486 4.518221282866042,-12.185440171421337 3.7643540744777204 6.724837733357274,24.28339889162496 3.1717887177488273 4.237076616995246,3.3424286929461524 -1.6982165006101717 7.685848434255275,72.39043656888727 -31.484882689760315 -39.00604959187539,29.991061870740822 86.17304275363728 28.097410915065563,3.447823126786493 5.478253196385061 -9.548120420732635,52.729041229520234 45.73810155811246 48.61797974493294,25.987183204102124 -122.57204959829527 -45.62234405577635
-0.9885231425129264 -11.668697014049375 -2.7102236545376956,-0.8884688422784474 -10.977050777732607 4.490724990985281,-12.323626785307027 3.6957318996781625 6.697243773278645,24.659500545950646 3.202583271750618 4.318409243125793,3.8583331377930206 -1.6985300668005887 7.70599855283483,72.80204970093052 -29.229268603992498 -37.751748906066915,29.99791633629444 86.38444474282716 28.190888961697286,3.958351201177936 5.50445898562284 -9.494692620913517,52.58829763861238 44.76694792135084 48.12639238506124,26.000956187886135 -122.48524790394238 -45.59749236266512
-0.8897909844856526 -11.572798793395817 -2.7552517135188666,-0.8614188304372842 -10.881162847249193 4.419036581302777,-12.440221806557608 3.731586684725757 6.693393095898282,24.913225359506097 3.1886943151063583 4.433488447011257,3.918724772563293 -1.6829125059488035 7.755152941162468,73.50078117070375 -28.842459997275068 -37.60109261480373,29.965299464782216 85.93758023314676 27.96597825427634,4.024844493744874 5.524100665427009 -9.490613552649302,52.617687673018395 44.36507398752322 47.84328394307641,25.995740793323712 -122.41632143304226 -45.59877468295179
-0.7994555275866623 -11.516715022519021 -2.757416025446924,-0.8760981095825462 -10.800317907801372 4.368254414864287,-12.533993048745021 3.823254239538303 6.672211811759909,25.05269095157526 3.117865344446357 4.515060158795705,3.7095993521703745 -1.676006438357226 7.825972768398265,74.12739328029583 -29.95085056063738 -38.49008556213629,29.921376075378994 85.23617763168903 27.61816410982895,3.8200664140156175 5.5250467533899705 -9.476831608089284,52.72673474493058 44.33683145467474 47.69787591686953,25.989144063399742 -122.35719466257179 -45.607134621678114
-0.8101930003532553 -11.372120707138528 -2.6855988606595735,-0.9031412511970851 -10.680643477074941 4.413806712004798,-12.608638664132458 3.9083992942337997 6.583038818578544,25.10218373612662 2.9777551308287684 4.487856960133889,3.4774467733673458 -1.7071182129381786 7.911543298439823,74.27908133658086 -31.994865192513487 -40.27339916685871,29.89959518990158 84.77030386298514 27.38460763164921,3.574100643828542 5.4937187403431995 -9.380559362276221,52.804378853918536 44.404433762886136 47.583352676610794,26.003850538002474 -122.29042196085886 -45.5967336661412
-0.9596698285620046 -11.079406748717107 -2.530891005011849,-0.9193839290881175 -10.498396475877245 4.59040787142086,-12.675306314663128 3.9431372717299915 6.407629055547786,25.103125903020096 2.773392205922011 4.318055838996196,3.383906306922408 -1.7908699679752786 7.995831743392598,73.74380259513765 -34.44667618499662 -42.68258576401489,29.919435112696974 84.84029874259443 27.412464381728412,3.442356755629296 5.427139832779298 -9.17222259450123,52.78453468625961 44.373740834540946 47.422054887987855,26.048331815492435 -122.21429646608694 -45.55604336346181
-1.1349770366180445 -10.767056407949186 -2.3451734302903997,-0.9186357639700677 -10.312305434445685 4.821328517664998,-12.7655348081087 3.9340876930230415 6.216468164600532,25.143844488218885 2.5573504213985125 4.085277347997688,3.3583601271756223 -1.9016895345873326 8.037846958134319,72.83167682715268 -36.86535627887855 -45.11219038228135,29.96213284774589 85.22717218211827 27.60252255065906,3.375842861949702 5.35135274845586 -8.940532285013985,52.72422374124822 44.2795736501243 47.216131190534824,26.092155166859218 -122.17019221237365 -45.51270542486704
-1.1976972425811168 -10.595420288546018 -2.1906278403374646,-0.8975863485244636 -10.19507203374888 5.0109542723343115,-12.914310109760661 3.8964340894258283 6.0950743244665935,25.320598941871808 2.390257735745319 3.888366490506036,3.2908288834279555 -2.0071914767304078 7.992378747818979,71.94133197247982 -38.82474726334379 -46.89969663612348,30.002443464099862 85.6239049077003 27.813807908140653,3.290924788716854 5.2973164268723885 -8.79424086159069,52.70133311691472 44.19557040317594 46.98127097018215,26.098298791421474 -122.2067724608629 -45.50099538693011
-1.0725518986262728 -10.655106855201353 -2.110789401707759,-0.8580834119969792 -10.190156153168164 5.094682138095316,-13.128260425580782 3.8469331160486058 6.094515168677343,25.67283319630418 2.311805149679405 3.7961565825487065,3.1256135069647364 -2.080603991480656 7.849481292044312,71.39109341642711 -39.99260409148354 -47.60531317277729,30.02123406113586 85.80018462974326 27.936696984704525,3.1474476856771814 5.284195863366034 -8.801273268775297,52.771012900387774 44.180988198628654 46.756638518780186,26.050335488160936 -122.33012994652937 -45.53371355573893
-0.8850393407412144 -10.814949661200364 -2.089898653442778,-0.8183771814009505 -10.24803087747535 5.106523045810851,-13.323838356771782 3.8073438468507224 6.156308111671453,26.059321984280597 2.295105666454009 3.7820459650454223,2.9796222637171654 -2.1130062194818637 7.7113469070972185,71.24393028234714 -40.335318722636856 -47.49749798638756,30.018807548532152 85.76962166954361 27.961259441950443,3.043517778649308 5.2936521717095 -8.899726034541475,52.91611114376438 44.24935332935955 46.656046615507776,25.997327379732518 -122.4109862384672 -45.555370571973285
-0.8004759831595825 -10.89980001608 -2.1004366597272477,-0.7999707242467924 -10.300728200338051 5.100045222352354,-13.399613160831066 3.8004173323139354 6.200244623109053,26.30300984959157 2.3000684665431557 3.80050596532737,3.003994494391676 -2.099017685276376 7.702406722639004,71.5121670374749 -39.87851153515462 -46.98517070748212,29.999321442804572 85.59420195380481 27.897336536696077,3.104660776836609 5.29990868944855 -9.001947883795715,53.10513621633244 44.40512264151869 46.80811180963279,26.00132424492307 -122.29321697136619 -45.49693420939733
-0.9288016750516657 -10.806174288235765 -2.1208479143440178,-0.8132257116350843 -10.309323959352259 5.1130415441672,-13.297278271377078 3.8409109512538424 6.180062306579047,26.28516201144278 2.30035046400967 3.8101767893468814,3.2755411088091493 -2.0401211467673575 7.8889257424890715,72.12536527362614 -38.739379351307996 -46.384458214663205,29.96773513740962 85.32400009967719 27.75608166944962,3.3889710281357353 5.287200407984901 -9.041556197566907,53.27912821823504 44.658290288840995 47.28755888114558,26.094236634280314 -121.91433168952885 -45.33008046483426
-1.174838166559005 -10.696040497371461 -2.1516658098990984,-0.8272354180170864 -10.342474121872067 5.124872049067986,-13.118261641820297 3.913973045982105 6.175237269907264,26.10306694836537 2.3205309978891373 3.7851404180539356,3.5957560766806504 -1.9632211874723127 8.121718171976376,72.70652795701838 -37.374323602235776 -45.667777500286824,29.93197822580688 84.9649705234706 27.553508499190443,3.7047730973170037 5.276846081584868 -9.030948727384175,53.27738314280484 45.03936094253823 47.96949428313466,26.19633759979046 -121.55866552173387 -45.177271020697425
-1.3959257577613209 -10.792814333509128 -2.1985369540261344,-0.8015401660376879 -10.49373767737855 5.101370538407695,-13.00096712706681 3.997897956190444 6.2943520066458145,25.904018953337978 2.3969771070340773 3.703053348113546,3.7024020460791447 -1.9011071234072578 8.201724917204958,72.80769479835295 -36.31826598019924 -44.72798239832932,29.900667853669965 84.51285454414818 27.306755754411373,3.802573972151816 5.298748742756901 -9.0007595785917,52.91564490411147 45.58358711965306 48.68281612498272,26.20205795748843 -121.59083798778855 -45.19587195366999
-1.4785328993025635 -11.23330383610852 -2.2637416828279457,-0.7137852673059331 -10.811312492342992 5.019937037066957,-13.041589295128551 4.067923502842785 6.600702595899622,25.797909001670373 2.553971412771227 3.5625588663188505,3.4209150488540807 -1.8784027779819006 7.992513499083739,72.14848572967188 -35.96986096212051 -43.54260109014105,29.881649962008815 84.00921886157556 27.05079526563814,3.5179350322867657 5.370246809289325 -8.981290242544418,52.11421770954089 46.26905373949204 49.26103466229503,26.045079295965397 -122.23243480414253 -45.48142787581589
-1.4349605693543486 -11.780175214050173 -2.3350181645435333,-0.6198289126590427 -11.1474380682444 4.90793722556335,-13.1539801638675 4.086083459632477 6.961949489994259,25.733047126902136 2.7635923019835325 3.4529624125815195,2.9554768752981553 -1.884457350118724 7.628196086182008,71.1724610090064 -36.13909372072144 -42.454951789753395,29.879438916357746 83.6935941174468 26.897637201189518,3.053849468165485 5.454400030499587 -9.001405330529462,51.24510234632233 46.82688382448604 49.55758445089053,25.828645082012457 -123.08714097436955 -45.862416970406855
-1.3114812638661868 -12.095086088858856 -2.396178559377077,-0.5966447411364196 -11.301450232044084 4.8062262151054185,-13.202763993380659 4.010846850061438 7.192936597681836,25.614120700422017 2.98382437266379 3.4880458559763508,2.612520844136789 -1.899096805309069 7.315924882807725,70.51862600017787 -36.47702398928587 -41.90710652980365,29.897649643308476 83.85895608168576 26.980090081871786,2.712507526333899 5.499614323447706 -9.089581533494695,50.80224595922745 46.92152709219779 49.43127909072097,25.70177609034656 -123.59182434065524 -46.09521641382988
-1.1565830093705038 -11.924192334156237 -2.432599027626256,-0.6982078609315922 -11.128264512572798 4.749971765039363,-13.087159956101935 3.8224431357277258 7.151953525978729,25.3779054401216 3.170505645654927 3.74039810689872,2.6316796040235904 -1.905534349033466 7.2251556935823515,70.67906542551023 -36.688089702770625 -42.21770732507004,29.936398096814866 84.67879592008025 27.374891636002122,2.73040921475196 5.467580543477368 -9.257152322488981,51.14888483453377 46.33307347556993 48.81713972373781,25.776725010553587 -123.321923275786 -45.9949635874395
-1.0299224046081774 -11.439718702471225 -2.437542111149626,-0.862527480868824 -10.763047101379886 4.745663548281398,-12.880827139689647 3.6108235273435514 6.9163579142526705,25.122977817518795 3.268651683553516 4.074901142052754,2.9157523778062013 -1.904063232261883 7.335264071503427,71.40503868380364 -36.7458873081337 -43.083023973401566,29.978157623113113 85.72412989543977 27.87605525935391,3.012820424254124 5.3869766190642805 -9.429010877956365,51.98916942926478 45.424704501362726 48.03444419391231,25.980347218395305 -122.55159591246391 -45.67308492488829
-0.9946682585635317 -10.947876946012052 -2.4067504029335733,-0.9911447087426795 -10.429095352168817 4.790772764567649,-12.712281210215403 3.5004437223160414 6.63239830152051,24.998796212192566 3.219874682079618 4.291118793035956,3.2616134960209693 -1.9003479127404919 7.565850533478795,72.21483588814087 -36.70865623671081 -44.00360724654994,29.999853451241357 86.37651240506706 28.188685284097918,3.360842982674292 5.307546079554312 -9.502867275066336,52.8199857482282 44.74296804168941 47.523308559784105,26.18119570929627 -121.77472862190473 -45.334181656488646
-1.094992195448399 -10.707152838122447 -2.340105302431378,-1.003470682077037 -10.311559513446177 4.879653730400168,-12.689021331279015 3.5866178586129576 6.4280121017793865,25.12481106821926 2.9886711141374738 4.2307344361926,3.4954574457243486 -1.899153921295043 7.837031431641477,72.69617403929158 -36.62703249889642 -44.55299518076145,29.983754489796947 86.15166437819921 28.08206862994539,3.6030334974739753 5.271261505686157 -9.40177407532756,53.21449711131825 44.72365351602413 47.629391947340295,26.268951142447374 -121.40767367441465 -45.1527788284627
-1.263019646807439 -10.694272922035928 -2.261892078122909,-0.9243861069563438 -10.370422091718346 4.988297906144593,-12.794480741995718 3.792719262544143 6.322995949833991,25.44338718925274 2.6745080982826592 3.983978120862268,3.6166265546870897 -1.8999336766687078 8.072093991919466,72.84672665489875 -36.50662764748744 -44.735599985710735,29.94365670900296 85.35698098932251 27.704209639361213,3.730091297927851 5.274219847604608 -9.198303312486924,53.19616940967082 45.14894173728013 48.14102002533011,26.258023108095838 -121.40904186631855 -45.125822308473275
-1.3899421406222323 -10.783028470462396 -2.205311478769175,-0.8173029509521951 -10.483404925662228 5.085988238790626,-12.966767601998583 3.9793060193530256 6.297639344000691,25.83219457446574 2.4261616609544014 3.731881603262131,3.6877193564040267 -1.9001985551432332 8.195483857488545,72.81393691569964 -36.33660442286331 -44.71324539432996,29.904873879638608 84.58908024537307 27.341469720692064,3.7919514122679936 5.295758283489665 -9.019651059820992,52.952977846042735 45.56223028948909 48.64290749234857,26.208388492564296 -121.57021702346836 -45.18538285511504
-1.3859125893858015 -10.859530069940307 -2.196457761621426,-0.7391506613592325 -10.542502482324162 5.146653092254627,-13.146999549755233 4.02850477513478 6.329751262664717,26.178346076143615 2.3662814667342076 3.629559437463143,3.763217692252143 -1.8980822985366548 8.150498082248905,72.73935195955026 -36.10962546773602 -44.62909923908608,29.889034239777807 84.34961456539409 27.2339864015737,3.833924662446658 5.316243015693271 -8.973090014290582,52.665880767689906 45.57714452803007 48.78080606239436,26.17427740441284 -121.69994858556872 -45.26618710378212
-1.2927638208615673 -10.896221522515997 -2.2121388493463963,-0.7015892183358363 -10.539353156168374 5.176447635633652,-13.297590715309974 3.9723940589068496 6.380372787943513,26.43498449099616 2.4361515803649647 3.6517845181757274,3.8407686106169954 -1.8960468560078065 8.01092222360033,72.72217273047154 -35.84274984591702 -44.49557397677578,29.892134952166344 84.4798744323512 27.300495073794696,3.8687051617607517 5.323335001040389 -9.027413606135134,52.46558080309414 45.29590690250196 48.625081429994474,26.169671823256976 -121.72890955636639 -45.32201011121496
-1.208035712257738 -10.902069806113827 -2.2083121326825834,-0.6971274016548108 -10.507749600189264 5.195160554009032,-13.389964687035091 3.9064893857990755 6.4034513611015695,26.583186514166552 2.5003295406265966 3.6970363910879884,3.8939752605783218 -1.8983852202717488 7.905744862892763,72.8436856597894 -35.56335750146482 -44.26976614025476,29.899329980131945 84.54178490777107 27.323762294135342,3.8951885592686555 5.307781234551554 -9.092831757680328,52.461519951848615 45.02744034852978 48.425731786854016,26.19152680015912 -121.63935257494278 -45.31468534873892
-1.2150732638863173 -10.885898664255002 -2.1502680226944877,-0.7194625959352133 -10.478045619143545 5.217435807549513,-13.398286692100498 3.913620505766692 6.360670780795631,26.60293139266585 2.4440581894659683 3.6803780354221733,3.8968373697176744 -1.9079550990603678 7.944915863757999,73.16072756456208 -35.31172100802806 -43.931855979288216,29.897856567772592 84.17586511014635 27.126082668010053,3.908864022457745 5.263812426591307 -9.091009135558881,52.73774495529025 45.03546650891455 48.39388835893123,26.234961788546578 -121.42660760135263 -45.21608803495447
-1.279665774361603 -10.854295898632628 -2.080128354430519,-0.7725585634428879 -10.451279421081463 5.2155024126834695,-13.318849927025484 3.9711607382484395 6.2771047466702194,26.464420097380998 2.323756960516448 3.6545364079464777,3.827295386672235 -1.9158387777341643 8.081284453123809,73.53097820389272 -35.23310576874552 -43.65216318439901,29.892282636604985 83.67266676522077 26.85654543444748,3.8778027742015557 5.2140207063303015 -9.038871411821006,53.17152009868062 45.20851428295864 48.418012218423186,26.28060194830005 -121.19130141712009 -45.07986910562309
-1.3101993173229378 -10.81275748578856 -2.0775322543371426,-0.8653922064039304 -10.414174214706483 5.140877888883663,-13.158752821801283 4.004988331677829 6.208780665378485,26.13307880243362 2.2794319468513278 3.739460694209968,3.6652140401783613 -1.9073685251950823 8.190986580193517,73.71486763110222 -35.52404587832052 -43.693853789901254,29.895638792307263 83.6401568108991 26.823815808826737,3.7566876740676514 5.194847270919955 -8.999860836159286,53.53913642927128 45.25190347714304 48.22900247190945,26.30199478010306 -121.08547793662372 -44.99961111889379
-1.2252915917314666 -10.768426274496594 -2.209574395148999,-1.0020564531078275 -10.356689713844029 4.95610538315909,-12.92992653282262 3.9485749150894507 6.206553290102272,25.59134517126189 2.433609649256214 4.033820864750453,3.3983099683323834 -1.870805202327888 8.161792080309079,73.49825368525133 -36.34116083759804 -44.27459608468873,29.919197497577752 84.60032848925555 27.293323004363884,3.5102773607406896 5.237340786934427 -9.03143953942864,53.636970817135975 44.91321427523887 47.60500929821205,26.275793200517406 -121.24297238618115 -45.05820801677409
-1.0465868138540304 -10.744493028919207 -2.419192402219038,-1.138935846625612 -10.301122954989806 4.732047273538845,-12.690474527566867 3.8124371473557614 6.269064792273913,24.986997878310724 2.7337582847889688 4.425443489472858,3.090344314762006 -1.823197412178831 7.999368804715797,72.92005479089173 -37.450493886637545 -45.16458953502703,29.95661976305358 86.22030220058758 28.100585750230852,3.201954311434599 5.319327729735655 -9.130001754980219,53.462883220106306 44.36202505281044 46.79291103081373,26.209240423396174 -121.61760163724077 -45.23224149053793
-0.8536278240098709 -10.773167086729963 -2.5795503862964004,-1.2056038727185314 -10.28794383476436 4.600438950151119,-12.524448091130745 3.6503892900863106 6.365615027186379,24.560733589305993 3.028967186877553 4.683665810423424,2.8478135533007367 -1.7977718321803837 7.775640682005136,72.16140382459183 -38.39859304544838 -45.88256602568857,29.991669352832133 87.68677871563482 28.839522592046798,2.9505254193189443 5.388724880358068 -9.25762290842804,53.12796263506206 44.00506783572871 46.3030008590925,26.12677073309384 -122.06201622734304 -45.43854809789213
-0.7217754034575661 -10.882681307991039 -2.5749554124771996,-1.1389668526907044 -10.353657259500187 4.680087317494878,-12.508567120283784 3.5142992397174884 6.466932275974275,24.531766463599386 3.1790479953565676 4.598636872923841,2.767915171627071 -1.824584728301668 7.559813872666382,71.39783844653333 -38.76982959576045 -45.989419717632074,30.009303791439372 88.24673570725164 29.13380710715535,2.8648569166754334 5.397996440987938 -9.377091636342076,52.73937101651046 44.21009512279734 46.5956148054396,26.051366868310144 -122.43705965171131 -45.59893359078661
-0.6702882007239762 -11.053875991803297 -2.428272387415061,-0.9646417147815871 -10.486325559666417 4.9316353807181175,-12.63096933674909 3.427810463166952 6.564143929643571,24.85756318405529 3.1811785390977034 4.217762385878902,2.834220705037836 -1.8947446747497338 7.380934254160053,70.72146506153878 -38.61664870953777 -45.56869340246427,30.009637680490385 87.90998314861763 28.984251533689395,2.931089046453404 5.356337400323989 -9.463924721259332,52.343979102070264 44.861060884650165 47.51627999643116,25.98691472103616 -122.71189830432029 -45.700695035072464
-0.6822299399929191 -11.237015591486125 -2.2517583736071716,-0.7654780368663399 -10.642757790981635 5.21368491958112,-12.822642671897247 3.3963571179854366 6.66153809524629,25.326721093868883 3.1211599947385253 3.7544200992147707,2.956994622777167 -1.9742327026593294 7.242137843928124,70.17056345807022 -38.293478713734224 -45.0411225367262,30.00256438101265 87.17848088409006 28.634983374807206,3.056183993968406 5.309543254492332 -9.501850652792333,51.94976007007753 45.52979100923095 48.51387265811753,25.924979636999367 -122.92558432027482 -45.7733819571823
-0.7395324864999555 -11.383795144017187 -2.1535114546174117,-0.6224156910457813 -10.780409042120313 5.389377668337423,-13.013269748312368 3.4244255948829765 6.761490939480424,25.729344427877294 3.0809671549093784 3.4163983579596846,3.0481246361120937 -2.0298997784409667 7.147703485031837,69.78538675203028 -38.14295388083967 -44.81090117712073,29.99764249213831 86.54105126433194 28.32401328807574,3.1488060285696178 5.301144929892778 -9.476895032449725,51.56973731223913 45.81179626010251 49.062435253976886,25.85846340696779 -123.11383017070446 -45.84462863517325
-0.8166807026700709 -11.473242745334062 -2.162049358447962,-0.5760527015417818 -10.873173855318923 5.409772837292424,-13.127562807758348 3.507425761625078 6.836353310318088,25.91641655867277 3.0678605323552435 3.2937726496025332,3.0595788778625606 -2.0467523228288784 7.124093610761025,69.6466264718735 -38.27065003972807 -44.97001772559392,29.997418489148664 86.18588117315137 28.14604849871726,3.160189056903916 5.334176609883984 -9.405516829034266,51.29721414987627 45.70954444284813 49.08368235619548,25.801988355070474 -123.2488904613091 -45.905166736747674
-0.8826544711714279 -11.5045916584857 -2.2470623549206237,-0.6371655574464955 -10.907099159669972 5.2909200682375275,-13.086559882858154 3.634057930959891 6.836280714064077,25.783923986881675 3.0338702862443845 3.3896026628799443,2.9729537641869523 -2.023217646957145 7.214169226857862,69.86486706380362 -38.60690447478976 -45.37967165422022,29.999255339162925 86.07892148863456 28.089863346710402,3.0730353491384 5.381736440961236 -9.326671991025954,51.28483850221716 45.52633449407189 48.83025709423547,25.786233076596975 -123.25611042048773 -45.91844875056837
-0.9083295114285787 -11.477832124132178 -2.3763032169279503,-0.8124488827561844 -10.869973488937841 5.053308751688838,-12.820075615538382 3.79126609142413 6.715779904178625,25.243767702314592 2.933858121678205 3.6995528896764722,2.775278659938151 -1.9592561676894285 7.455257800733784,70.53615605976148 -39.073172353294666 -45.894358689758654,30.000506274143618 86.17847362696648 28.14016569273568,2.875453110885309 5.4170659711642495 -9.278211607990658,51.67223434374296 45.55485559093935 48.55293143771673,25.8397612568504 -123.06607302892085 -45.850049615517044
-0.8996461378978807 -11.397860234930526 -2.5078553152600254,-1.050019020379386 -10.774810926018963 4.7679266654996235,-12.411398793939103 3.9383041971917545 6.513717689316737,24.465166671946207 2.7941404821490456 4.126552102010321,2.5356360723233706 -1.8759283561845044 7.782206552490955,71.49267311643449 -39.5082396640606 -46.346179171922685,30.00046025894521 86.40059468391905 28.25424996821431,2.636388902667295 5.428042934663407 -9.269721228897646,52.34940122045343 45.78194369686735 48.33573003665234,25.947994906968432 -122.71910572355982 -45.71337260653033
-0.8922037797309363 -11.273721660252534 -2.591623232224391,-1.2484443302562216 -10.655962388137398 4.548475255272592,-12.073633117827649 4.0110048024652 6.340316173993788,23.83499027026159 2.7014732452716914 4.495089285289707,2.3925125201456883 -1.8121420002419648 8.043180582954705,72.34340730269847 -39.68096731497279 -46.54829047666358,30.000043583017312 86.62560972575677 28.36622316886917,2.493165778101746 5.414924969710594 -9.286878215277643,52.99519579908961 45.93573121579203 48.12163561905823,26.059864988896383 -122.34836243522417 -45.56227622420625
-0.9205545983021944 -11.115466998929719 -2.580302077485008,-1.3094345795882132 -10.547670416774592 4.504272458148772,-12.014156538467468 3.9482168142378207 6.303183424146811,23.728765396539938 2.740406667845786 4.635294069182892,2.4787648294457036 -1.8053331321888475 8.090518838208954,72.7064398851417 -39.37260368710553 -46.32521738027549,30.000186218648043 86.73910658594835 28.41298500340557,2.5775532997651744 5.378907365497963 -9.314938902502822,53.29478741370287 45.74882716078619 47.85166635331617,26.125000471750223 -122.08582525893449 -45.45033086828252
-0.9763057438732416 -10.95209314837398 -2.4926479621012874,-1.2366076220952096 -10.467262170320794 4.620474618039814,-12.227632001666475 3.770150421375029 6.404560932721918,24.127610981862667 2.9064280583020663 4.553092960392481,2.757859003633473 -1.8488570127421373 7.926195150957174,72.54927351327086 -38.680600868957235 -45.76077555373314,30.00078015504849 86.76512396289722 28.4077899295645,2.854283165160138 5.333054792899501 -9.346357071248217,53.21430280431508 45.227475811482385 47.520552833815486,26.133070179896478 -121.97470732295211 -45.39724438945632
-1.0095319568788668 -10.830920099109768 -2.4113050370335727,-1.1321373091383404 -10.415705826117803 4.7621605648197445,-12.503004337112644 3.575700857062362 6.544789469435626,24.631211351761955 3.1088913471494606 4.424426810804809,3.0294420393454566 -1.8934380911567241 7.696896261745298,72.17733861217204 -38.00821368664759 -45.18954264066345,30.000713540996784 86.86159732006385 28.437735597741835,3.1265436261346466 5.301910881849311 -9.380547200073869,52.99158451276674 44.64255595893423 47.17497130432204,26.112465751704548 -121.97237268921381 -45.38997593891159
-0.9708556459322051 -10.797659076362102 -2.4184855351397516,-1.0990221647682044 -10.392701993205309 4.793877358068966,-12.627265634236467 3.4645245379906977 6.62220604114444,24.83604484312205 3.255044466033586 4.426352364497155,3.093504817399421 -1.889859810124116 7.551833777005665,71.90271372595275 -37.758962404634026 -44.94813099479553,29.998911896780786 87.18399118911725 28.58872509515825,3.1976817372109902 5.309467123809443 -9.416441937964215,52.86921614071669 44.267662379394515 46.862808204671296,26.09260082208255 -122.03284043869276 -45.41407374532194
-0.8732528875780502 -10.832567708756361 -2.5118794161432114,-1.151254787619497 -10.381343371536904 4.701741584683447,-12.566770080434571 3.4680700933581377 6.595225764597101,24.682666127065144 3.291474661202809 4.573873722261042,2.9455726087418057 -1.8389433513768694 7.5459978968123185,71.83833109366184 -37.996544833678485 -45.144925893745715,29.996477673709496 87.66717216356184 28.82966983698704,3.0588585423997534 5.351358108222796 -9.431698184761775,52.91287826046726 44.151321284770134 46.60656262698961,26.08729066295242 -122.11475868778244 -45.45310726236041
-0.7986372247583611 -10.843538914615591 -2.5957298297030365,-1.2044238941490026 -10.34636115624169 4.606275640908199,-12.486172444474617 3.542376441686872 6.488685393300567,24.49203653748713 3.208262252664779 4.702831528724865,2.797351157675627 -1.7968310199776505 7.630208765969444,71.87694919122387 -38.40895516100775 -45.63598750078903,29.996920111883867 88.00211640585007 29.0001366508568,2.9088799768421634 5.391867374226518 -9.380450627579636,52.99266957967095 44.093225785302515 46.40066571667833,26.09310518345496 -122.18189335884172 -45.48845823382433
-0.830352653797083 -10.738224658645354 -2.571820536005959,-1.1712523101187926 -10.253373942008583 4.631905060004671,-12.555767025548562 3.6401867808670034 6.33139920538438,24.59606511534794 2.9992633574118663 4.643780418671781,2.8656658656331437 -1.8209351892372974 7.750307310508332,71.90235570569833 -38.67101120154082 -46.26282086957747,30.003677175675826 87.87384061110338 28.93647412699078,2.9517127246022823 5.39454447875896 -9.217843236794518,52.97181499282487 43.88800159730682 46.24061219382855,26.105625598569418 -122.19941767001016 -45.50190934218356
-0.9734859927676015 -10.55258699427772 -2.4289599946080407,-1.045995751788455 -10.135291581393217 4.791280445320972,-12.776575275179853 3.7364625778892755 6.17196282006454,25.006670514960124 2.7141787831427386 4.37322791625069,3.1451491071795243 -1.910341352745523 7.8672066955282265,71.8870745741843 -38.68699747846032 -46.812103525022515,30.013015845722546 87.2113128743026 28.60229486903143,3.1868103925727325 5.3554726486164 -8.98055420132302,52.832462111487885 43.61625910661366 46.2140334070124,26.116908772891705 -122.1743400446043 -45.49407098497461
-1.1341697463044949 -10.484832985831229 -2.265997297385862,-0.926006307944989 -10.110112098688235 4.955715698620702,-12.935577213814035 3.83425976486319 6.083984885008493,25.331151268552023 2.47332360134094 4.052235452158929,3.3494755362459747 -1.9903820721967456 7.960878568714826,71.91583458062169 -38.651353630184396 -47.00118490501092,30.012135566774834 86.2519719486505 28.122133754524825,3.3550247367595265 5.311873151045907 -8.808359761886699,52.707133453166364 43.720229412431806 46.52506524812622,26.114555115005764 -122.16656851334317 -45.489360751095866
-1.213438476242287 -10.739206135504944 -2.187487741642139,-0.9137233406856654 -10.298440553021528 4.989342614601401,-12.810157471479494 3.9381298164411946 6.141026819587107,25.158173615198496 2.3995575872882497 3.8519582389528715,3.17975037957621 -1.9829616734820226 8.012848704051065,72.07858495769197 -38.774406674078776 -46.55084808709629,29.98797910505439 85.25326267221716 27.630846985847143,3.185560685711684 5.303008970034667 -8.844975254116976,52.735877101653166 44.65425475259141 47.3783542610332,26.086238644841885 -122.23805599144632 -45.51319344195297
-1.1751530464312268 -11.300240804852168 -2.2299868787386097,-1.034869833255754 -10.677577992725915 4.8510182151568495,-12.385543133915705 4.037207666342801 6.333635295203414,24.44451258055299 2.5159674835736614 3.855822839492414,2.611195863406577 -1.8754741757788767 8.02130223034905,72.36588589941032 -39.12945971182616 -45.577947025056,29.94382319651633 84.48354468286793 27.2631850822795,2.6560311808950616 5.338122684537232 -9.099691979745804,52.95213771190458 46.31547374410246 48.62860282205925,26.03770023796139 -122.38297524052741 -45.56434555408903
-1.0741301095818967 -11.834390908764584 -2.3316046992459976,-1.2041038401506894 -11.01735934238475 4.636736477376005,-11.947861927379575 4.098309194052847 6.532173689859454,23.67986688616464 2.7011951967159424 4.020248046280428,2.015882781037592 -1.7501252698733436 8.008542594892262,72.62440868502358 -39.59144163010998 -44.772741043279964,29.906591824441552 84.22697934789981 27.153745562067343,2.10367795059199 5.382995305119717 -9.387190963394579,53.23502650440834 47.79434224115944 49.62388715265228,26.00083677550645 -122.49737137275255 -45.60302839789203
-0.9721082949958755 -11.986597721644067 -2.4231013354908333,-1.3279384572101958 -11.073893300699234 4.452737852929101,-11.804066196054867 4.087020245807308 6.598866266771072,23.391236751993056 2.823448866870525 4.2912494038278455,1.7935544908319851 -1.6957762088935937 7.998675070776857,72.69136920509835 -40.019468258224755 -44.86201554535392,29.904733785153145 84.76345378843139 27.434422589643226,1.8908694360295168 5.400315914466988 -9.50861889419698,53.45237029260629 48.12804947160467 49.68049792221354,26.009239971120937 -122.47067921526313 -45.58683549145716
-0.9165193816758074 -11.64787449350568 -2.4610625818198466,-1.352723151978428 -10.786000666908608 4.369865616307515,-12.062810078905331 4.006528460367351 6.488127537820709,23.784914659677405 2.814323434701103 4.5811467025640775,2.097532514185876 -1.7456365312298083 8.009563259347596,72.535396469475 -40.25173994807091 -45.964883159946986,29.94298192315888 85.97184684880975 28.04127043312228,2.160266563094082 5.375299053170684 -9.388584163637239,53.52980037748311 47.07182448840699 48.687041603301644,26.070869902360023 -122.27016427510839 -45.50250192403338
-0.9310415376062243 -11.117786871925485 -2.4449524844028607,-1.290947573665566 -10.395858469876394 4.400193238707194,-12.503513932897425 3.922451594554026 6.30743514623935,24.534723210527396 2.7106547130057677 4.746314796144119,2.6720051014139714 -1.8405174376397435 8.048707737259106,72.3433042073894 -40.09173116123082 -47.19153963884274,29.986693575249877 87.06524480391693 28.58519109986667,2.6897506766942785 5.330558196874015 -9.15667817427417,53.48892063843908 45.57305522962841 47.482338494975856,26.15113053549735 -121.99231405140247 -45.38514642845159
-1.0367568463619299 -10.732932794061123 -2.3784240750289034,-1.1614571243520448 -10.172913792595203 4.5499208731602385,-12.875500662067315 3.9058025596139228 6.178206890054525,25.265405954097414 2.559272904128963 4.639087219419819,3.2235120085940174 -1.9128051682429665 8.12241306403351,72.32121322775576 -39.34195403971375 -47.56241874983937,29.997734229653993 87.19945804230238 28.64915976271089,3.223547777842727 5.292149431773833 -8.961299080380236,53.36044524624565 44.68625879770409 46.98969235912643,26.2115638021042 -121.74547667802486 -45.274368394273345
-1.2142302850522038 -10.660861942883713 -2.2817542890233176,-0.996715224856825 -10.235297793194727 4.787483612094353,-13.035361849432148 3.971795399817862 6.166039302427481,25.729455949979318 2.415180946157373 4.2519682611374625,3.5638343936773675 -1.9274666044817015 8.212099791078296,72.53157624128717 -38.06764980228076 -46.70736605452982,29.96304170852252 86.15506704377476 28.12637446514383,3.5896830360323237 5.276640080752268 -8.891774442426774,53.18209608802322 44.86682380694955 47.552112916097656,26.230793566522856 -121.60130682763892 -45.200547732404694
-1.3667081743809193 -10.746529793100676 -2.206943400265606,-0.8551725148211836 -10.41238596525354 5.009249611284565,-13.044389533118022 4.029163371446982 6.230005386711538,25.92315021309128 2.3489777809862025 3.84494958275767,3.705585223718335 -1.9116421547759068 8.251702401785657,72.76268461574188 -36.83542467090128 -45.41916556703226,29.91739928352215 84.90489892746155 27.502030499165564,3.776095288833364 5.2824900919442435 -8.924707607726926,53.004967852156554 45.42682401638518 48.40523674124937,26.220041087279796 -121.56143716572188 -45.17647085400344
-1.3890745382954228 -10.799139361182412 -2.209367112001412,-0.798037501909829 -10.50163629206329 5.103790836495967,-12.986711839855907 3.975031610655073 6.317282577203872,25.87021753834804 2.432701980502489 3.707264198036787,3.683919841625654 -1.8993769512091672 8.17010682589134,72.77271564461695 -36.26668570922118 -44.619132100483824,29.90085855189272 84.55264112109771 27.326294089117297,3.788729199160678 5.306111251762274 -9.024040269829234,52.88157086685211 45.55216441593176 48.662736325269584,26.194172238629243 -121.61957529762985 -45.21287162097966
-1.2423368190208781 -10.732289560077344 -2.3062257019237546,-0.8538096075903889 -10.410786886672767 5.020936461282069,-12.90994139050756 3.779334076034349 6.391673681777848,25.601705753991087 2.675928967366528 3.961329834101032,3.5255734651447086 -1.9074103309615895 7.954150706962883,72.4623722313785 -36.66864070023994 -44.781611778048415,29.931171919603646 85.56291784277515 27.830749890864507,3.638017744185784 5.341553965780838 -9.156667281929153,52.846880848796786 44.90657705310298 47.948477393571615,26.163847577269827 -121.75935714126227 -45.305763245730034
-1.0329291495575332 -10.689179498106611 -2.430759393154324,-0.9790504393485666 -10.290117381406791 4.8452399860205615,-12.78138144929765 3.57213477362804 6.45354605873474,25.16475959952431 2.950857583837572 4.362683682599909,3.2387627452209373 -1.9144206151679406 7.718126169700268,72.0458169938921 -37.65747202599636 -45.39792263456909,29.977048689925176 86.99484751256406 28.546319097130013,3.344265149519976 5.37767520266689 -9.295978446303222,52.89730925720676 44.204689551569366 47.00840489424611,26.130478812340698 -121.94226773037667 -45.41878349182318
-0.8865154961089852 -10.84330912586095 -2.5051213185448464,-1.1207682621243733 -10.321949537488436 4.679096415079106,-12.55775278693665 3.504631110498811 6.50812414210847,24.608745800921973 3.1115586523090757 4.6183374787868265,2.829341822127671 -1.8940541917766696 7.593151586044757,71.77873837768152 -38.75761113335443 -45.829133940041366,30.000709983905733 87.72164710732149 28.911246312521545,2.929174055367731 5.402653166276923 -9.416238289257624,53.024091008502964 44.29987311960934 46.736755373797905,26.094249930845294 -122.12687103466156 -45.51130112631317
-0.8763423089769999 -11.260645925313439 -2.4879883452253724,-1.2347782255795672 -10.588965170025707 4.587560285988114,-12.24012022720283 3.6533111341827493 6.556700495711105,24.016294185398635 3.077223981405894 4.562239563724908,2.3458635318775003 -1.8340485342450625 7.653075846474134,71.83598295586079 -39.58529403977098 -45.68092714664592,29.980720183240066 87.1018996576119 28.604806158526927,2.449807991146893 5.409866589101542 -9.496012068730966,53.20011175440932 45.57612587872316 47.5893026101484,26.056696551673543 -122.28304001013439 -45.559378357929035
-0.9423778795744199 -11.733742486648314 -2.43090355072553,-1.2992880968257763 -10.920498938285085 4.540743280125821,-11.942298953155346 3.9047049035901757 6.590570406392168,23.554610218978784 2.932623717463601 4.351090641439492,1.9454475408101106 -1.7579694818171456 7.826132946928413,72.18684662386435 -39.99018148601708 -45.18094109470993,29.93719847533456 85.72829272780578 27.919122536765904,2.0531400161327342 5.4059172049445205 -9.524800196378738,53.35160182211357 47.224005556269724 48.90697337764156,26.02279098861065 -122.40940213982331 -45.58152258063353
-1.0037404434522517 -12.012410076303075 -2.399932951198179,-1.2960228453325673 -11.106275655433777 4.493904359404028,-11.795717486299539 4.115630473442308 6.599468199882996,23.404074356666282 2.7884317398860747 4.192076805300125,1.8021511657206883 -1.6949868786096174 8.01777115257215,72.76841101310248 -39.85856729966871 -44.654142534763515,29.896765295827013 84.38660193623892 27.242207429508706,1.9001644248881704 5.399475442720243 -9.493824132568987,53.397514752089165 48.247469947029124 49.8563388711808,25.998042512370112 -122.50908457325939 -45.60287989857395
-1.0039870674189058 -11.935904201558486 -2.4378410578587046,-1.2200586433654834 -11.011974727354024 4.419904668049412,-11.879744685234424 4.183995102295817 6.578694147157439,23.66016811850147 2.7257431804365204 4.225722158818299,2.0124673866470513 -1.6664746239101615 8.153063991436044,73.48377128206604 -39.17769288815633 -44.3471144771055,29.87892649151043 83.6667078624736 26.86683958359598,2.0806247408566496 5.3968944688582425 -9.405118504306975,53.29257627979138 47.995704935959736 49.87187020826981,25.98648798365327 -122.58155635986047 -45.63905352069602
-0.9587488791376152 -11.607265883403121 -2.5186724800915172,-1.1058465167854439 -10.72727792239325 4.343517029123769,-12.120217053722941 4.12888474774256 6.539963390747582,24.167992352035963 2.7384206663852177 4.3959538298511465,2.4441394259674394 -1.6708151164674594 8.214963061709213,74.13579099094932 -38.23251037743649 -44.27527362117641,29.882205837492222 83.5807649748273 26.80493955205952,2.474134454685478 5.397693468424948 -9.29260771360541,53.09701012177263 46.836029808845666 49.178118650635426,25.98782188820492 -122.6154982209359 -45.67750311658198
-0.8968784784317304 -11.177925713003285 -2.603865651659332,-0.995060527375664 -10.382958643864459 4.299037092741552,-12.41480668060441 3.991614735009443 6.498002264240166,24.726717357111397 2.8043246445240393 4.6106346339422,2.9229479953223807 -1.7021731283183013 8.197037280546928,74.50894692846832 -37.362584800385086 -44.4116308562388,29.90127809755223 84.0349480090284 27.01690645641551,2.9217602019444326 5.400137981371415 -9.19606611414411,52.89039284640848 45.32253315868978 48.14457002463447,26.00094213407024 -122.59761183598663 -45.7005256243436
-0.8472284651246 -10.799314281525282 -2.6548590063248714,-0.9293747369193547 -10.109790295080652 4.320760509017214,-12.661185654718183 3.813500389323374 6.467537101221936,25.135513433569443 2.9013155616448603 4.777627386634999,3.2746738063524266 -1.7547134314994777 8.092855565104452,74.38771588333906 -36.907481189877956 -44.72919707155517,29.930818035470292 84.93543170080525 27.463139418180127,3.2645686182033113 5.402493547648707 -9.155268059602895,52.752301022074576 44.009303578494965 47.14071015662371,26.024746629294402 -122.51459888451359 -45.69041798209263
-0.8386514390395734 -10.622862180135417 -2.6330909778508538,-0.9504632071997294 -10.038546279354833 4.442982928065215,-12.757026064903602 3.635857035911256 6.4632942352796325,25.19355088125176 3.007253864539557 4.804794903473088,3.32509757069812 -1.8226007980477812 7.895986832537053,73.5565746442776 -37.206764578790974 -45.20098315638807,29.96550041502627 86.18839078588634 28.10403755886957,3.343626339031905 5.403025707207882 -9.209987903661586,52.76231121714654 43.45042966126408 46.536024872959956,26.058133281922597 -122.35316104601773 -45.629477127940845
-0.9 -10.8 -2.5,-1.1 -10.3 4.7,-12.6 3.5 6.5,24.7 3.1 4.6,2.9 -1.9 7.6,71.8 -38.6 -45.8,30.0 87.7 28.9,3.0 5.4 -9.4,53.0 44.2 46.7,26.1 -122.1 -45.5
