-0.9 -11.7 -2.4,-0.7 -10.9 5.0,-13.0 3.5 7.1,25.5 3.4 3.8,2.6 -2.0 7.0,67.7 -41.0 -47.2,30.0 89.0 29.5,2.7 5.5 -9.4,50.8 46.8 49.5,25.7 -123.6 -46.1
-0.9 -11.5 -2.3,-0.7 -10.9 5.2,-13.0 3.7 6.8,25.6 3.0 3.5,2.9 -2.0 7.3,70.1 -38.8 -45.6,30.0 86.1 28.1,3.0 5.4 -9.3,51.4 45.5 48.7,25.8 -123.2 -45.9
-1.0 -10.8 -2.4,-1.1 -10.4 4.8,-12.6 3.5 6.6,24.8 3.2 4.4,3.1 -1.9 7.6,72.0 -37.8 -45.0,30.0 87.0 28.5,3.2 5.3 -9.4,52.9 44.4 47.0,26.1 -122.0 -45.4
-1.2 -10.9 -2.2,-0.7 -10.5 5.2,-13.4 3.9 6.4,26.6 2.5 3.7,3.9 -1.9 7.9,72.9 -35.5 -44.2,29.9 84.5 27.3,3.9 5.3 -9.1,52.5 45.0 48.4,26.2 -121.6 -45.3
-0.8 -11.3 -2.3,-0.8 -10.7 5.2,-13.0 3.6 6.7,25.6 3.0 3.6,2.8 -2.0 7.3,70.6 -38.6 -45.3,30.0 85.8 27.9,2.9 5.4 -9.3,52.0 45.2 48.2,25.9 -122.8 -45.8
-0.7 -11.3 -2.2,-0.7 -10.7 5.3,-12.9 3.4 6.7,25.5 3.1 3.6,3.0 -2.0 7.2,70.0 -38.2 -44.9,30.0 86.9 28.5,3.1 5.3 -9.5,51.8 45.7 48.8,25.9 -123.0 -45.8
-0.9 -11.4 -2.5,-1.3 -10.7 4.5,-11.9 4.0 6.3,23.5 2.7 4.5,2.2 -1.8 8.1,72.8 -40.2 -46.5,30.0 86.1 28.1,2.2 5.4 -9.3,53.2 46.5 48.3,26.0 -122.3 -45.5
-1.0 -12.0 -2.4,-1.3 -11.1 4.5,-11.8 4.1 6.6,23.4 2.8 4.2,1.8 -1.7 8.0,72.7 -39.9 -44.7,29.9 84.5 27.3,1.9 5.4 -9.5,53.4 48.2 49.8,26.0 -122.5 -45.6
-1.3 -10.8 -2.1,-1.0 -10.4 4.9,-13.0 4.0 6.2,25.6 2.4 4.1,3.5 -1.9 8.2,73.3 -37.0 -44.8,29.9 84.8 27.4,3.6 5.2 -9.1,53.7 44.7 47.3,26.3 -121.3 -45.1
-0.7 -12.0 -2.6,-1.2 -11.1 4.7,-12.1 3.8 6.6,24.0 3.1 4.3,2.0 -1.7 7.7,73.4 -37.9 -43.3,29.9 84.5 27.3,2.2 5.4 -9.7,53.1 47.0 49.0,26.1 -122.2 -45.5
-1.3 -12.1 -2.4,-0.6 -11.3 4.8,-13.2 4.0 7.2,25.6 3.0 3.5,2.6 -1.9 7.3,70.5 -36.5 -41.9,29.9 83.9 27.0,2.7 5.5 -9.1,50.8 46.9 49.4,25.7 -123.6 -46.1
-0.8 -10.8 -2.6,-1.2 -10.3 4.6,-12.5 3.6 6.4,24.5 3.1 4.7,2.8 -1.8 7.7,71.9 -38.6 -46.0,30.0 88.0 29.0,2.9 5.4 -9.3,53.0 44.0 46.3,26.1 -122.2 -45.5
-0.7 -12.0 -2.6,-1.2 -11.1 4.7,-12.1 3.8 6.6,24.0 3.1 4.3,2.0 -1.7 7.7,73.4 -37.9 -43.3,29.9 84.5 27.3,2.2 5.4 -9.7,53.1 47.0 49.0,26.1 -122.2 -45.5
-0.8 -11.3 -2.3,-0.8 -10.7 5.3,-13.0 3.5 6.7,25.6 3.0 3.6,2.9 -2.0 7.3,70.3 -38.3 -45.2,30.0 86.3 28.2,3.1 5.4 -9.4,51.9 45.6 48.7,25.9 -122.8 -45.8
-1.2 -10.5 -2.3,-1.0 -10.2 4.8,-12.5 3.7 6.3,24.5 2.8 4.1,3.1 -1.9 8.0,72.9 -36.9 -44.1,29.9 85.3 27.7,3.1 5.3 -9.1,53.1 45.3 48.0,26.2 -121.8 -45.3
-1.0 -12.1 -2.5,-1.2 -11.2 4.5,-12.0 4.0 6.7,23.6 3.0 4.2,2.0 -1.7 7.8,72.6 -37.8 -42.9,29.9 84.7 27.4,2.1 5.4 -9.6,53.3 47.7 49.4,26.0 -122.5 -45.6
-1.0 -11.7 -2.7,-0.9 -11.0 4.5,-12.3 3.7 6.7,24.6 3.2 4.3,3.8 -1.7 7.7,72.7 -29.5 -37.9,30.0 86.4 28.2,3.9 5.5 -9.5,52.6 44.9 48.2,26.0 -122.5 -45.6
-0.8 -11.4 -2.7,-0.9 -10.7 4.4,-12.6 3.9 6.6,25.1 3.0 4.5,3.5 -1.7 7.9,74.3 -31.7 -40.0,29.9 84.8 27.4,3.6 5.5 -9.4,52.8 44.4 47.6,26.0 -122.3 -45.6
-1.2 -10.6 -2.2,-0.9 -10.2 5.0,-12.9 3.9 6.1,25.3 2.4 3.9,3.3 -2.0 8.0,72.0 -38.7 -46.8,30.0 85.6 27.8,3.3 5.3 -8.8,52.7 44.2 47.0,26.1 -122.2 -45.5
-0.8 -10.9 -2.1,-0.8 -10.3 5.1,-13.4 3.8 6.2,26.3 2.3 3.8,3.0 -2.1 7.7,71.5 -39.9 -47.0,30.0 85.6 27.9,3.1 5.3 -9.0,53.1 44.4 46.8,26.0 -122.3 -45.5
-1.4 -10.8 -2.2,-0.8 -10.5 5.1,-13.0 4.0 6.3,25.9 2.4 3.7,3.7 -1.9 8.2,72.8 -36.3 -44.7,29.9 84.5 27.3,3.8 5.3 -9.0,52.9 45.6 48.7,26.2 -121.6 -45.2
-1.3 -12.1 -2.4,-0.6 -11.3 4.8,-13.2 4.0 7.2,25.6 3.0 3.5,2.6 -1.9 7.3,70.5 -36.5 -41.9,29.9 83.9 27.0,2.7 5.5 -9.1,50.8 46.9 49.4,25.7 -123.6 -46.1
-1.0 -10.9 -2.4,-1.0 -10.4 4.8,-12.7 3.5 6.6,25.0 3.2 4.3,3.3 -1.9 7.6,72.3 -36.7 -44.1,30.0 86.4 28.2,3.4 5.3 -9.5,52.9 44.7 47.5,26.2 -121.7 -45.3
-1.4 -10.8 -2.2,-0.8 -10.5 5.1,-13.0 4.0 6.3,25.9 2.4 3.7,3.7 -1.9 8.2,72.8 -36.3 -44.7,29.9 84.5 27.3,3.8 5.3 -9.0,52.9 45.6 48.7,26.2 -121.6 -45.2
-1.2 -10.9 -2.2,-0.7 -10.5 5.2,-13.4 3.9 6.4,26.6 2.5 3.7,3.9 -1.9 7.9,72.9 -35.5 -44.2,29.9 84.5 27.3,3.9 5.3 -9.1,52.5 45.0 48.4,26.2 -121.6 -45.3
-1.3 -10.8 -2.1,-0.9 -10.4 5.1,-13.1 4.0 6.2,26.0 2.3 3.8,3.6 -1.9 8.2,73.7 -35.7 -43.8,29.9 83.8 26.9,3.7 5.2 -9.0,53.6 45.2 48.1,26.3 -121.1 -45.0
-0.8 -10.8 -2.6,-1.2 -10.3 4.6,-12.5 3.6 6.4,24.5 3.1 4.7,2.8 -1.8 7.7,71.9 -38.6 -46.0,30.0 88.0 29.0,2.9 5.4 -9.3,53.0 44.0 46.3,26.1 -122.2 -45.5
-0.7 -11.3 -2.2,-0.7 -10.7 5.3,-12.9 3.4 6.7,25.5 3.1 3.6,3.0 -2.0 7.2,70.0 -38.2 -44.9,30.0 86.9 28.5,3.1 5.3 -9.5,51.8 45.7 48.8,25.9 -123.0 -45.8
-0.9 -11.5 -2.3,-0.7 -10.9 5.2,-13.0 3.7 6.8,25.6 3.0 3.5,2.9 -2.0 7.3,70.1 -38.8 -45.6,30.0 86.1 28.1,3.0 5.4 -9.3,51.4 45.5 48.7,25.8 -123.2 -45.9
-0.9 -11.2 -2.6,-1.3 -10.6 4.5,-12.0 4.0 6.3,23.7 2.7 4.6,2.4 -1.8 8.1,72.6 -39.6 -46.5,30.0 86.7 28.4,2.5 5.4 -9.3,53.2 45.9 48.0,26.1 -122.2 -45.5
-1.0 -10.8 -2.4,-1.1 -10.4 4.8,-12.6 3.5 6.6,24.8 3.2 4.4,3.1 -1.9 7.6,72.0 -37.8 -45.0,30.0 87.0 28.5,3.2 5.3 -9.4,52.9 44.4 47.0,26.1 -122.0 -45.4
-0.8 -10.8 -2.6,-1.2 -10.3 4.6,-12.5 3.6 6.4,24.5 3.1 4.7,2.8 -1.8 7.7,71.9 -38.6 -46.0,30.0 88.0 29.0,2.9 5.4 -9.3,53.0 44.0 46.3,26.1 -122.2 -45.5
-1.2 -10.6 -2.2,-0.9 -10.2 5.0,-12.9 3.9 6.1,25.3 2.4 3.9,3.3 -2.0 8.0,72.0 -38.7 -46.8,30.0 85.6 27.8,3.3 5.3 -8.8,52.7 44.2 47.0,26.1 -122.2 -45.5
-1.0 -12.0 -2.4,-1.3 -11.1 4.5,-11.8 4.1 6.6,23.4 2.8 4.2,1.8 -1.7 8.0,72.7 -39.9 -44.7,29.9 84.5 27.3,1.9 5.4 -9.5,53.4 48.2 49.8,26.0 -122.5 -45.6
-1.0 -10.8 -2.4,-1.2 -10.2 4.5,-12.8 3.9 6.2,25.1 2.6 4.7,3.1 -1.9 8.1,72.3 -39.6 -47.6,30.0 87.3 28.7,3.1 5.3 -9.0,53.4 44.8 47.0,26.2 -121.8 -45.3
-1.4 -10.8 -2.2,-0.8 -10.5 5.1,-13.0 4.0 6.3,25.9 2.4 3.7,3.7 -1.9 8.2,72.8 -36.3 -44.7,29.9 84.5 27.3,3.8 5.3 -9.0,52.9 45.6 48.7,26.2 -121.6 -45.2
-0.9 -10.8 -2.5,-1.1 -10.3 4.7,-12.6 3.5 6.5,24.7 3.1 4.6,2.9 -1.9 7.6,71.8 -38.6 -45.8,30.0 87.7 28.9,3.0 5.4 -9.4,53.0 44.2 46.7,26.1 -122.1 -45.5
-1.0 -12.0 -2.4,-1.3 -11.1 4.5,-11.8 4.1 6.6,23.4 2.8 4.2,1.8 -1.7 8.0,72.7 -39.9 -44.7,29.9 84.5 27.3,1.9 5.4 -9.5,53.4 48.2 49.8,26.0 -122.5 -45.6
-0.9 -11.2 -2.6,-1.0 -10.4 4.3,-12.4 4.0 6.5,24.7 2.8 4.6,2.9 -1.7 8.2,74.5 -37.4 -44.4,29.9 84.0 27.0,2.9 5.4 -9.2,52.9 45.4 48.2,26.0 -122.6 -45.7
-0.9 -10.8 -2.5,-1.1 -10.3 4.7,-12.6 3.5 6.5,24.7 3.1 4.6,2.9 -1.9 7.6,71.8 -38.6 -45.8,30.0 87.7 28.9,3.0 5.4 -9.4,53.0 44.2 46.7,26.1 -122.1 -45.5
