-26.50806977346127 -17.096571158916653 -0.5761423569237456,-21.869261146692583 -11.048446085819531 -2.748802143615409,-25.181269167439748 2.2757054515432 9.976320569493351,44.16159368848159 3.755965619322088 5.034619962929479,5.765328606109965 -1.87023384324748 -3.521851204925783,-3.09893471742446 -23.856478975385343 -48.99787940452315,21.498217204410295 43.19463177750318 8.68549393823555,6.471203790031273 9.675330219521697 -3.5920841478786643,5.1730063960679376 -3.4011657320845208 46.3020386017136,21.897131797702954 -44.08047722157179 -8.959313460580221
-26.184064277005778 -19.882175362362545 3.45563456168492,-23.030211774445824 -12.84766307670981 0.8794545240713241,-24.5712283433802 0.7654940692334611 11.43631781080779,45.684948987319146 4.787268913325619 1.1965758260781598,4.67742367153134 -2.8790167877912642 -5.916465067480922,-4.965913255299122 -18.36597381446716 -45.810038303787955,22.38734358463163 45.62402188768037 9.595480579499553,5.882285946001814 8.592982532339128 -6.230136301158794,7.725381331923993 -2.4245058654551523 46.8221039672185,22.543847168124206 -45.885534192290756 -9.625297417688884
-25.663293204691637 -22.091544094034365 6.042738414762886,-23.834062111999867 -14.427510346530234 3.3429238798599155,-24.11525148661712 -0.5428616757918547 12.066580645590118,46.871078443261005 5.593017654447994 -1.4959437297900635,3.525925554533105 -3.4578725299321906 -7.886327345115855,-6.485530070279987 -13.910272928249071 -43.42667430660875,23.279494849145294 48.041923339666305 10.499932291487141,5.151867907271315 7.939205494356569 -8.409885847306542,9.271167070312146 -2.008368506674281 46.99176288319899,22.979610534732792 -47.11687451289518 -10.09316441506466
-25.153842885224613 -23.2786161330411 6.871786947604068,-24.29098572207674 -15.327877002201738 4.0747041172495155,-24.543143923951202 -1.3444623741608859 11.78859782839653,48.36479675317971 5.764650037846961 -2.687783642004627,2.704464050662425 -3.5776560269925914 -9.058309620297448,-7.556411732910048 -10.73525996408712 -42.35125282999568,23.863293225875964 49.63315017271555 11.101735159094023,4.581854841282134 7.780351883700677 -9.627667924533204,9.593127809434794 -2.278475913663029 46.339543868766185,23.112811235718876 -47.50701249869125 -10.255897410609933
-24.929272046530762 -23.369354581414214 6.256036304595346,-24.536122359431165 -15.301198583977868 3.131703442496562,-26.08114586786924 -1.5008758579212724 10.816230893030061,50.385280501644914 5.191681227693774 -2.5665278007438452,2.5089252404793667 -3.37129935912651 -9.334799046500676,-8.196047889008472 -8.62586491957944 -42.51812177738004,23.947290913538026 49.88687608384212 11.210901868588575,4.433822309275596 8.011492725747392 -9.702137130273263,9.073643026013354 -3.0309779391420846 44.746308134995566,22.98954307735923 -47.17443454133691 -10.147866476907645
-25.21013545224462 -22.657949176423585 4.931867208306354,-24.76569287006673 -14.440318038642742 1.1518575907273991,-28.368179949690266 -1.0994329663419746 9.493195678193075,52.633251953399466 4.097227557358822 -1.7273885894093937,3.017755785274077 -3.0621347984802636 -8.930446077297816,-8.469721622404464 -7.24882865125385 -43.40738801082192,23.544588213736787 48.81848391858709 10.825516837016735,4.822573715920024 8.42139018798392 -8.82767818883846,8.39480725893472 -3.8837806250261804 42.487766623107966,22.76288995846422 -46.54338103318613 -9.920195477972968
-26.058958265792857 -21.652001110537697 3.7034927580858636,-25.148748510620365 -13.14964611359096 -0.946049018709747,-30.7047269005202 -0.40842531180657904 8.120269414693112,54.54809935279225 2.9005014613021878 -0.8835507134964864,4.075943650010023 -2.8605166201674135 -8.269705326197013,-8.43887260705567 -6.4432907747010155 -44.36038031966463,22.850148662794734 46.92108428614639 10.118247056124002,5.682201933262418 8.793535964314547 -7.467564555601717,8.12499340970285 -4.474991820759035 40.093738012311434,22.60436432810862 -46.09692376718055 -9.751632409004861
-27.336991836019394 -20.844581614344783 3.109228263982316,-25.752768586648564 -11.962380487548412 -2.3751796101073896,-32.47348655761919 0.25026716481004296 6.868427148700862,55.72995453347484 1.9872377125988019 -0.5607742276499952,5.380367900150947 -2.8774356211390373 -7.78938927596219,-8.159483875107483 -6.271005989417063 -44.915614980044566,22.12611777134651 44.88085571910154 9.338766477729752,6.810656748054515 8.992944295415413 -6.1447563606802795,8.436883035082829 -4.610803872789682 38.10630020469806,22.605671749123747 -46.09835699468884 -9.744082184913234
-28.7435669015779 -20.519482871720577 3.25635991073478,-26.51567168376122 -11.289793521136527 -2.806345914350735,-33.47834654870828 0.6469173994638915 5.807852825383231,56.245234060890894 1.5167760815910822 -0.9112581316955648,6.6141683839420615 -3.092608566944117 -7.739066068861474,-7.718317521450973 -6.812363568535311 -44.99124955570349,21.560955162230954 43.21842785604115 8.687136501641948,7.960026488977564 9.00027879774265 -5.234172301460457,9.105299800715782 -4.308403183680802 36.86239854431875,22.72638444456971 -46.43948475658833 -9.862842773226868
-29.92217084922146 -20.671615227448175 3.876631690363675,-27.275179313378345 -11.229858537411026 -2.4534369442218624,-34.00434037166758 0.7350659013333667 5.005134181235937,56.611181190613166 1.3702470350770422 -1.714934348750386,7.560308474533412 -3.386192950020256 -8.07511391562456,-7.262941792640651 -7.87393968815033 -44.83948695102185,21.181124971489428 42.05427689462831 8.226725155585706,8.923614837296004 8.885024060209105 -4.8512756364059335,9.754388155506462 -3.739092817075496 36.40312932376317,22.8188878331834 -46.70724582855451 -9.95787575655255
-30.588682116832587 -21.062810996455422 4.542784773710532,-27.839071126148152 -11.536233410433997 -1.889597449264918,-34.57100286091057 0.645031976889701 4.5994077448763475,57.456366927888936 1.2622721652086848 -2.54320553673584,8.145902507316222 -3.6125218054353523 -8.49877638116682,-6.982222689824983 -8.846740817374844 -44.829988298436135,20.862539133285896 41.12070413831047 7.880765934252746,9.583047440340835 8.741111757548591 -4.8750584967335335,10.171886632982186 -3.120545525977431 36.53771905473793,22.71866912622922 -46.43716224882864 -9.856470804030174
-30.629185152381822 -21.368068249283 4.915653885741163,-28.060784303415844 -11.766183524957134 -1.7021089253179955,-35.53490421384039 0.5893150763861792 4.786893663709421,59.05838731862663 0.9453348258911984 -2.988066839256021,8.413133054669133 -3.67616290152423 -8.61727412012121,-7.028000593338739 -8.872722893357174 -45.2071024400305,20.431235061651815 40.000433917154844 7.508586978568268,9.907970319196279 8.625121466891084 -5.071727386025697,10.474391785559575 -2.6175506971129403 37.007039898496615,22.34979517292104 -45.412241311158695 -9.475353402928764
-30.12996904973531 -21.33168963484371 4.893541065433879,-27.8844212490675 -11.530789784019632 -2.171959106009731,-36.78765886274268 0.7355736512614901 5.709238830805131,61.04542361283754 0.3841201610584468 -2.8419135588794155,8.452173591393692 -3.5731502563267936 -8.146406982315913,-7.414777088952146 -7.284080614926584 -45.96308412719212,19.791884840992957 38.4435941546587 7.013212707440779,9.927757233498616 8.531165260246645 -5.238121451609516,11.01033255482717 -2.2910171182443824 37.6439906586951,21.784512397145566 -43.83341020402476 -8.886511162650773
-29.332496223282906 -20.86167026720358 4.603286110855513,-27.342025784725443 -10.71485904040275 -3.1431945119791243,-37.74137746605275 1.1176094663683864 7.312644878155453,62.46384157950025 -0.2042231396084695 -2.153292928697061,8.344297518770384 -3.3807067713781414 -7.054230187667822,-7.961833517468275 -4.088011980935551 -46.884848349517796,19.00751379779496 36.57322289806622 6.416159139938818,9.703434388798334 8.412584971824895 -5.2852604003329855,12.062413353878808 -2.102843171761922 38.43976414901184,21.219682516061336 -42.254317378890605 -8.295010301973008
-28.536991817754508 -20.03386158433176 4.26433765300989,-26.5135924856457 -9.549047675728017 -4.1402766749867554,-37.626096733981726 1.6304781070628382 9.27644184121457,62.20778597947059 -0.46957052300014324 -1.1549986914840655,8.145141893879043 -3.2057852697982008 -5.57752399318336,-8.330318771417538 -0.19749702941480862 -47.72106446879542,18.282601254479918 34.85697450155023 5.8560746158289385,9.316353002613576 8.232745695313039 -5.228107883666096,13.549560373329506 -1.9585690199724923 39.48650096035247,20.878958321069803 -41.304825321469835 -7.9364442394284715
-27.996446499985854 -19.027304803466546 4.022265396369393,-25.480804556662445 -8.495759579701566 -4.657426172369736,-35.939715321293306 2.106700650411713 11.079626248127878,59.597120738741026 -0.14023845967310278 -0.1234357417100469,7.903917725001936 -3.122457766346057 -4.10843382845882,-8.158951990286036 2.789193417519252 -48.34773916125798,17.85782074391488 33.85971810601987 5.5128756967960015,8.869088519711372 8.010959236009702 -5.1083319857712866,14.942108304615992 -1.76040989653983 40.841950897761166,20.892599989790778 -41.35052641374707 -7.948781195023966
-27.841764748843257 -18.04068116241025 3.8537993275513056,-24.306609408161737 -8.010682408412338 -4.454638542157,-32.79607271674172 2.4245532414513584 12.196949078089837,54.79675086128511 0.7968060952348273 0.7489127387039538,7.687918495075351 -3.1313523511052344 -3.0132254908313136,-7.242192791945174 3.224993103245337 -48.82311704524412,17.875928146244217 33.919467036833794 5.502250769267156,8.480004969020348 7.833349443643078 -4.915916794092973,15.480201050982114 -1.4484925511941804 42.408071708057186,21.221945751541938 -42.27914676979969 -8.290896447272209
-28.061193546014778 -17.234653901006283 3.5935787203275407,-23.053246978811107 -8.308390034368376 -3.697469925047471,-28.96566688182422 2.582519697563206 12.33628955055262,48.84615271598411 2.0553254876965106 1.4092497308766134,7.580087589740623 -3.160652976390259 -2.4754313213024703,-5.6595696498202415 0.1910532327419272 -49.304338532700406,18.29554073285572 34.934698499748144 5.80234690347795,8.256385147529075 7.8194207124257655 -4.570532402813053,14.59570204600864 -1.0192821197163902 43.90750193513491,21.673171395118015 -43.54091363984268 -8.75672927860042
-28.532620123222927 -16.71495274941562 3.056745144434081,-21.822672991920385 -9.256649539444052 -2.868121238929879,-25.569167725170246 2.695464660336777 11.593828634862087,43.270146254686594 3.1799171758640075 1.9197826839687344,7.640635963359357 -3.1057484617823694 -2.4375947070632886,-3.778494472013269 -5.97323478480827 -49.89397026781575,18.903056317854077 36.388946693991954 6.255853624111361,8.249645016457748 8.061057796231342 -3.9793047914106974,12.297147486583787 -0.5196849493674947 44.98457094521596,21.996523970205352 -44.431487742103585 -9.08167166468786
-29.087190003879233 -16.539375576718527 2.175927587547376,-20.783435780396008 -10.452338693554994 -2.5024714302586073,-23.573815593648824 2.9152513832311375 10.43640706998585,39.458505746041055 3.7812089310679546 2.3889843378735076,7.855111938736371 -2.885302638989477 -2.661113970006051,-2.1128052397073622 -13.685376037482015 -50.531925071044085,19.417872548339137 37.60428778405446 6.647529223530131,8.41639526885754 8.567152298518359 -3.1325884689985126,9.275259740942058 -0.021131266321531506 45.3832361870501,22.019259977363625 -44.46916162128487 -9.085385811830177
-29.574761472557945 -16.720004048465558 1.0664762731439303,-20.15090617245174 -11.432428035713356 -2.901389354525895,-23.35159901935743 3.3240178478715037 9.506483405306462,38.11590671184262 3.748553876947129 2.910302559813828,8.108687280453601 -2.484708626446134 -2.8628434094751416,-1.095717341069672 -20.721223454833726 -51.01676908921442,19.633626532496542 38.085410650766846 6.814224974338245,8.615372097872243 9.24509038184733 -2.1685742612571093,6.632875574370134 0.41749668775225235 45.104684071120055,21.74008912314227 -43.660288883529425 -8.772628462002166
-29.907209002454497 -17.206163963764283 -0.02001729520836726,-20.114211950103037 -11.90176187491613 -3.97463376827147,-24.526567691556632 3.8656857069266053 9.338462644037968,39.037922326295075 3.3208060916503417 3.5405738196226597,8.216418838794384 -1.9660039815577435 -2.852304644546508,-0.8771689968517385 -25.146533691296334 -51.15030027054659,19.517970323909363 37.764014040762355 6.726015950985362,8.65549276170613 9.9312589144857 -1.3513948286704351,5.358320124486933 0.7839526867932669 44.450559356105614,21.332226174085505 -42.50314263268724 -8.334598580531754
-30.069623733513772 -17.861535322469976 -0.8258376746542151,-20.73929533878175 -11.854809329862007 -5.2986899509941745,-26.1857692392721 4.360137343546802 10.124391368784334,41.29510210742452 2.970489412327503 4.313791253589303,8.006331470180202 -1.441155985805095 -2.60109345127498,-1.2512207108317828 -26.14052503086643 -50.9093379574642,19.21667471407071 37.008544179908625 6.493399939654934,8.381358113213794 10.457057568177145 -0.9589245984506334,5.820632294084013 1.1259409637220967 43.91357421069891,21.051335918667007 -41.72185472001323 -8.047215736997686
-30.104239147643945 -18.467850709358963 -1.2232691297054359,-21.901421152350945 -11.532373393644319 -6.350555761376183,-27.339056354345683 4.596625567398002 11.643921225527505,43.70421133354174 3.1574071570028894 5.2583449007539595,7.41625372243606 -1.0235823599453808 -2.2190229341581613,-1.757796275819958 -24.308239748016753 -50.51924759082237,18.961331984536066 36.39546528283904 6.297219732583193,7.75661150385825 10.718441758924753 -1.1352244921941552,7.571167778142146 1.5295553337217078 43.95689176769904,21.096917311493442 -41.87135666991298 -8.120047722177997
-30.080829248229808 -18.780771773089533 -1.2763285120697798,-23.29522106388964 -11.249033568966844 -6.78456653093254,-27.389712470366376 4.455731304811462 13.389273696308909,45.341003216271545 4.079379512538914 6.386058083283711,6.5496180945109455 -0.782023841263084 -1.8638368589232033,-1.9146252678684244 -21.320822764877377 -50.35818030417941,18.933478559627765 36.37148048647016 6.281375225695039,6.8997423384583785 10.715366685046488 -1.7923158912981552,9.577424195625238 2.0634896943677763 44.78537734256844,21.502015131330317 -43.02803767263971 -8.578218562367146
-30.06786056511619 -18.631426914096956 -1.1922572793306276,-24.53467457074337 -11.198396517204955 -6.60046765989132,-26.38352228154072 3.9899758112051567 14.815619762861672,45.85955179737091 5.551154892691095 7.648482428383644,5.651840399782154 -0.7176910682985044 -1.643719563431163,-1.465983611731666 -19.054022138776524 -50.72927226191276,19.161662548614334 36.99676495675055 6.46914664471278,6.047228453595181 10.543105667868515 -2.626363850643676,10.775935862143015 2.711590981455897 46.222681081275226,22.111597919556864 -44.73679325366102 -9.242954186865692
-30.112855249277505 -18.028985866677207 -1.1920213274799627,-25.30627907726263 -11.350782291045507 -6.116342945541813,-24.929442701560593 3.4138043565622342 15.584844872120543,45.50875944902013 7.075842453668753 8.890467842111182,5.010112997538892 -0.772700629790126 -1.5680968370911206,-0.5224075913487035 -18.647394154911723 -51.63330083100476,19.50887003369841 37.91371467124002 6.75056885357689,5.455809676422118 10.341678605296869 -3.2527815056845233,10.646468016820204 3.3332424630009383 47.761316801102325,22.662098454839683 -46.24621828808007 -9.82302871222004
-30.23297785296056 -17.20202464935204 -1.3766375696305513,-25.50319986792929 -11.498719472916527 -5.770962415822549,-23.857430701599327 3.003279498954167 15.679489316133177,44.89746779358127 8.072762978726672 9.84743759274268,4.822603565738552 -0.8624184878785237 -1.5674743555650907,0.4817141724002442 -19.9495668125639 -52.693379713426125,19.756815519552546 38.55972766062845 6.948434914968386,5.288977044247014 10.229786428279281 -3.396459457890799,9.487803838767476 3.6887721513132323 48.771055961120894,22.91962443742989 -46.90605943449098 -10.068517967575072
-30.41231260294641 -16.535938387645885 -1.6687843617046345,-25.268791243082678 -11.415209366539823 -5.873585142322958,-23.804529015719 2.9568944427359183 15.338126232692172,44.66672544182336 8.145532149526336 10.216223795278813,5.102957963684462 -0.9141371128951519 -1.559656782586772,0.9941916609234351 -21.624197852378238 -53.306758151069786,19.7394491203277 38.50634483055257 6.926449502285623,5.543229059656551 10.255631781072761 -3.036764910429927,8.234471138420906 3.539513828066225 48.77442074706922,22.80246533214775 -46.51187857592639 -9.903702361486282
-30.60254690513076 -16.414938452497577 -1.8655792698721965,-24.918549713651082 -11.021663804793857 -6.443615223306521,-24.93678910775241 3.2925440877271583 14.862157391459645,45.233745285957724 7.256644409379449 9.786068423049944,5.670171851921658 -0.8938438073883893 -1.513560136324464,0.6132076319050697 -21.86218980918207 -52.96588583859814,19.450614438040553 37.73592526357907 6.679166794758741,6.050517576950052 10.386535485704892 -2.425090247164916,7.908783189946563 2.7886464686806876 47.664423240183766,22.422289771484863 -45.410735066543715 -9.467045670440516
-30.72738037923116 -17.033714660833823 -1.7737946555314532,-24.771769958109182 -10.456927336149757 -7.226157291200269,-26.923129922051753 3.837972849567832 14.412687084197135,46.69281632424779 5.727370806312873 8.571433725271586,6.2302383228964 -0.8108783230911982 -1.467348162514132,-0.7151200030411635 -19.344328966951924 -51.57899762023851,19.06489993572871 36.69957639685545 6.35261966164198,6.5545997781397185 10.538606310054417 -1.9580778845857663,9.011149713426454 1.5925300096743915 45.76513350625709,22.02291461303868 -44.312652285928266 -9.036933018746417
-30.69435045526619 -18.27221493191616 -1.3501072326845254,-24.97534198010205 -9.999263999904061 -7.86645365677982,-29.136902836899168 4.322071488630438 13.91749551876754,48.85580863070771 4.074130923561609 6.870804320390988,6.508526620901842 -0.7020709753516668 -1.4897736158685158,-2.6658511327085903 -13.97622653419259 -49.60008619159351,18.858100235022942 36.117715713253574 6.181662620826376,6.821987285807836 10.627971437342554 -1.9675644166956192,11.194013586564814 0.3680208159073447 43.7074506109424,21.8510956238916 -43.91310892433578 -8.884209585538288
-30.417498232468695 -19.706612471918454 -0.7639642998324705,-25.4128837077843 -9.884068990759012 -8.135886459721952,-30.9516596247069 4.519483539028735 13.14222518819493,51.353841763069305 2.7740802498341 5.201186069785822,6.366889951066829 -0.6063299241645537 -1.611694247965851,-4.682189189441872 -7.033716696395032 -47.86956711522721,19.068054311527217 36.62279592521579 6.3746658598004675,6.733075585045192 10.616104938239948 -2.535855448057516,13.412879367916304 -0.3395000434469886 42.175970654920945,22.02985287102745 -44.53307515008469 -9.132010332624349
-29.849333525243892 -20.76630842728041 -0.3422521477838121,-25.753421008941995 -10.127395312340917 -8.075586997569506,-31.974007282503468 4.371422317866638 11.883779555074778,53.729758767141696 2.08078549223401 4.117493271645603,5.8503706230071195 -0.5434137798381651 -1.77514859814724,-6.223043213595822 -0.6500198363553427 -47.224834451772715,19.76845970053436 38.42790043093934 7.004324493986645,6.313350676779119 10.527278580129346 -3.434974866244483,14.483267197837645 -0.09275265813328293 41.638950494151445,22.501870086927283 -45.96985951169912 -9.698239366245613
-29.01303943020895 -20.972006274775733 -0.4199862472916056,-25.62260248571546 -10.46825498586177 -7.974452660027421,-32.119609030435136 4.01788207974516 10.17109879584736,55.505557042255894 1.973670802733022 3.989204739875351,5.147878329082665 -0.5063764102151823 -1.837703815031626,-6.987564509351117 3.1033496864438437 -48.076314288554926,20.821023638019778 41.19132741273348 7.960385281977943,5.6989068534346785 10.432144201914811 -4.225121518081451,13.742088055744777 1.197172468854211 42.177196648624864,23.07075551084244 -47.632922599870355 -10.34957319536908
-28.020191967248298 -20.143875875537958 -1.1736320694532703,-24.81248090954866 -10.477390533707888 -8.196058759706435,-31.54062024655399 3.724000592727108 8.349459148333832,56.25764933776474 2.246544755679258 4.838146907578452,4.4961895394054 -0.4689888340086262 -1.6359976554216344,-7.011121838675278 3.101131694430604 -50.17865005606511,21.929950944904494 44.14549315081178 8.98834700042952,5.064429114952559 10.408965900822947 -4.464287626708725,11.446232970535068 3.1518031623270657 43.479731333153275,23.513965351676717 -48.88119243583677 -10.83421594258593
-27.05982721005231 -18.478560704610786 -2.5246283397833325,-23.419796665269825 -9.783179166844715 -8.956938769738795,-30.489961883353885 3.7402084776473234 6.984804818102431,55.73312984451894 2.666254152557046 6.3205537016533135,4.08175210985941 -0.40191016479228336 -1.0750322039791753,-6.597631180882632 -0.39485219265218774 -52.732368394287484,22.770266880878516 46.42441791514706 9.795014582066546,4.556150813122092 10.504075901621324 -3.9226147771750726,8.679758461470911 5.012369643995451 44.998522006096216,23.70300013217623 -49.37015231390076 -11.018185632337055
-26.353249949319885 -16.45676220049144 -4.164493727705471,-21.833998146444742 -8.29248831683297 -10.186757276272978,-29.218540951252237 4.1709553606495335 6.622149528435761,53.98991434674656 3.1028242530042425 7.870741579309646,3.987477979117727 -0.28810123875051674 -0.19156737608836039,-6.13695998686668 -5.920128659224556 -54.77570288303406,23.125736752278506 47.428316464559416 10.169758184209844,4.260582601000149 10.7113527945531 -2.6929386327610088,6.80929806768923 5.925190455315022 46.18677089445234,23.664795504266536 -49.21718089274829 -10.949916581027356
-26.083262928701355 -14.627448884815703 -5.689592930578997,-20.57124233312513 -6.279079652954684 -11.553590651333804,-27.94988163322151 4.921294904776329 7.5144168335882995,51.4829626211561 3.5607203591631817 8.945047971237365,4.199001430304888 -0.1299258234296227 0.8477265257514258,-5.909099807315756 -11.495828492404344 -55.66511704944805,22.97083061197876 47.053586572956185 10.065125643937064,4.211624087636541 10.978972424855709 -1.1438630955686704,6.777031331091791 5.314910025871518 46.714821880666904,23.553065363050788 -48.90004049886494 -10.819700170859974
-26.320619365753775 -13.375851724974424 -6.777527405146167,-20.031364402290023 -4.280074358841906 -12.64252058157568,-26.905301726965202 5.747914422147306 9.460929292535779,49.00219793398848 4.107174900008527 9.25384301719621,4.648437566843142 0.05420704690917452 1.8165998495974984,-5.973371518965868 -15.473004284732859 -55.38812392656986,22.462848300668398 45.69192171403309 9.603072358040986,4.413264222168868 11.237200572730208 0.25642474475761273,8.612538807051568 3.1762370071202692 46.575427977133444,23.549435059843503 -48.9545625058318 -10.839952560767639
-26.977377478318783 -12.78760205235921 -7.317786858055315,-20.29855176624853 -2.8456837321938306 -13.187538370898402,-26.312998304322694 6.385042109948145 11.845343587856814,47.42395570831058 4.757359444584413 8.873741003064865,5.256067579561686 0.24018779153834788 2.532257172055046,-6.186923195244113 -17.140932371790004 -54.53788689293781,21.85637657815741 44.019302490028956 9.010264892970158,4.848980314120611 11.431235132132867 1.1525912591418306,11.427168148246801 0.13606327100814886 46.04451116507067,23.752672516020866 -49.64815097065752 -11.115970104358405
-27.811563624654358 -12.668092631767006 -7.435772603243028,-21.088625843051698 -2.2706338146583045 -13.22549224707646,-26.352402392643555 6.676733993650246 13.866255956312024,47.34529582350076 5.400330330644658 8.190365253453086,5.941121493421066 0.4091251024361853 2.9360918975699235,-6.324660220562633 -16.853582477396976 -53.96173949851854,21.388017823164507 42.692126738148886 8.51811746039491,5.4654033132262585 11.542515419411757 1.4439462432596168,13.891792078693724 -2.763685770812186 45.5279537229073,24.119071186244508 -50.81476964529233 -11.580596068155497
-28.490236832665023 -12.693707468998491 -7.405900883479032,-21.87387669895219 -2.45011087312705 -13.083940413029236,-27.046044877496765 6.646006911310087 14.859211586363752,48.76585325546851 5.821386218900449 7.70457298660535,6.602793190730515 0.5532791162017272 3.1089952789726074,-6.22254394132116 -15.678769765951197 -54.275211981943364,21.187602641745706 42.09742227651382 8.275150379877035,6.144684784890842 11.589782476817703 1.2911434791632577,14.936436014221696 -4.480613068937389 45.37059523809669,24.48633539636707 -51.94176686779226 -12.028746598663803
-28.694584763473742 -12.604951672705221 -7.505218599590793,-22.12673569147088 -2.939116200824856 -13.207586037653304,-28.169962088779968 6.467665719863839 14.563906260971903,50.99772229635991 5.8139945598743 7.799605924346003,7.100225939975962 0.6751087804153795 3.214375983137282,-5.8632401778886205 -14.797335313375036 -55.50890748477798,21.25163321895152 42.25926471318868 8.307359147678499,6.697568241579575 11.61251687452631 0.9970661440045826,14.293053061820508 -4.402400903474483 45.71242757440223,24.66534795224344 -52.455016660519924 -12.230853195724109
-28.230812999465858 -12.336284922517674 -7.884780759496144,-21.56279479264342 -3.185987893618974 -13.91800612228788,-29.265676739268436 6.364575373038786 13.216473413356868,52.89364703006976 5.315660492453833 8.580684860662327,7.265541831285049 0.7816710177744158 3.401926777415478,-5.364966165844374 -14.968077164954547 -57.08359459610652,21.479382017183386 42.91542737084392 8.535315222571176,6.903143763110567 11.647968743142933 0.8352536988051205,12.594237278773827 -2.596718015646252 46.44855020885989,24.54636891519437 -52.03830990112355 -12.060283585665434
-27.10382213724824 -12.020003332011768 -8.520298916374639,-20.2638337013711 -2.81756025516266 -15.238270276784153,-29.787791306999793 6.4872162751148466 11.429471967479657,53.32457941514227 4.48223729171649 9.856547949333354,6.962009690232488 0.8789067177782044 3.72600746286201,-4.893909831273949 -16.297964812375547 -58.127592167890604,21.74194563530486 43.696632196036035 8.829855301238483,6.592768870033355 11.71469451700924 0.9199223523609955,10.988074381913158 0.235635308315866 47.299448219278894,24.15951749759844 -50.80711505129986 -11.563144693054552
-25.521725238580466 -11.875851632444846 -9.257301508613239,-18.622815548972703 -1.826105642924199 -16.87770889733168,-29.33806662118049 6.842220963732091 9.919848381624947,51.69437021050905 3.6464489898365238 11.258157669670526,6.163820888622628 0.9696982154576229 4.122730688997473,-4.5625787024347755 -18.372119799515918 -57.960362272033365,21.944413326511757 44.30553358220107 9.074439831345405,5.7416267923964615 11.810204133691917 1.180525290091131,10.49384145000036 3.0816867873362845 47.95005731032373,23.65674548842656 -49.24249715781626 -10.932525572976378
-23.825236377694203 -12.06109686403016 -9.915752527174842,-17.143273041612993 -0.5616373035533098 -18.383549045878887,-27.871570995035874 7.30530368802586 9.21074437862104,48.237398693254164 3.1712980905332033 12.423028849892265,5.008853255643474 1.0565684985918304 4.455565763230201,-4.378039940199864 -20.609743520196183 -56.47369018134889,22.053306169234943 44.61413376704248 9.206005544344677,4.514743433924483 11.921539203978975 1.4412702583590689,11.458382685771372 5.059898351368821 48.190352000922466,23.227575435408056 -47.92761268305618 -10.403463456307131
-22.366775977006302 -12.572247263951724 -10.391599728242412,-16.19786710161352 0.46223576612089623 -19.375101389787478,-25.757699029304767 7.705620091160062 9.437532256431563,43.93846494906077 3.270594179423158 13.14836018392495,3.7805072080638076 1.1463815832004352 4.600526842715874,-4.267159077712435 -22.617286846797846 -54.199306596259134,22.085510375847683 44.65592810770729 9.222290087638001,3.2292617236307177 12.0403507124695 1.548538143310918,13.406351510036597 5.780190412098061 47.995869271300506,22.997758747274762 -47.23873246080123 -10.128832161871411
-21.38646926619546 -13.25207680522178 -10.70085022713453,-15.86780750929657 0.8422007325511511 -19.732881018631392,-23.646740262695094 7.929566864525068 10.333677651865884,40.10144506687711 3.8918210997785434 13.442682482907905,2.8103977484213347 1.2525174703507487 4.520926599034344,-4.1549699177132915 -24.347083354314353 -52.02747024392172,22.075961034385884 44.54637113280571 9.161740911536057,2.236836859249492 12.172077673307168 1.4681779900223564,15.350333401384725 5.459937192672245 47.51848487266824,22.968141180278373 -47.164242982991716 -10.105557657577892
-20.93542073579672 -13.88842904310803 -10.948308437297904,-15.938662329478609 0.4928700208081072 -19.642335163650575,-22.19584653930133 7.983663314418166 11.387399001562281,37.775490178233426 4.727338723146921 13.466196479998224,2.3412009735224957 1.3909827715285978 4.289733518913705,-4.0387811720772655 -26.00387588934289 -50.73623013960228,22.04833949674109 44.392379150681556 9.072894497659984,1.7767379328186244 12.33284278620783 1.29927724432208,16.36919637631279 4.7570751139420615 46.99993769398535,23.026640389408783 -47.34866419034481 -10.190721621195854
-20.87800628100721 -14.335643182945258 -11.246158573917198,-16.044683242015275 -0.3181670644150745 -19.473171232719274,-21.787631566734962 7.981993930672726 12.086436162856522,37.323741739835086 5.353934587456468 13.409381587507207,2.4192910949877495 1.570472391326593 4.0492046946211016,-4.004513126172929 -27.790695015277777 -50.5958153550248,22.004812104515278 44.24050054389311 8.989999231129397,1.873571025715561 12.535223899013758 1.2040324810547367,16.119486078414653 4.416258638171571 46.65393151714725,23.02404133651206 -47.32989353057857 -10.195906094421078
-20.971561515558022 -14.578849306128665 -11.633380641070776,-15.878075175995734 -1.1191526675335122 -19.56477609475109,-22.382637994979127 8.068097370075698 12.137590969712798,38.34425627870149 5.433633778710388 13.385720773713523,2.878747372117204 1.7807337131487682 3.9336914839946653,-4.169945000612007 -29.667273487752766 -51.26776045565656,21.93517858600655 44.07864354141764 8.923613768274983,2.336648366456976 12.771000610598584 1.3024978540716918,14.9931268761914 4.904809482643547 46.573177576596265,22.868623895786136 -46.83040383413947 -10.004768712869582
-20.988113785808146 -14.701556759228474 -12.042909228937987,-15.351206013660315 -1.4807902493154628 -20.036826010685736,-23.576590281865656 8.318654467164045 11.569414421670428,39.96482000926366 4.8764019806227745 13.395842776219947,3.432457141297346 1.986260772374207 4.001275062308642,-4.5881936863525805 -31.270770748282363 -52.04949557759899,21.833583267184743 43.87270663028304 8.865297756337519,2.86667213261739 13.001659454466784 1.5981656532715518,13.843568872973314 6.205289436966342 46.70228085809268,22.58535803343754 -45.93665371030676 -9.647321073435798
-20.824002154400027 -14.782435173065435 -12.333939699037716,-14.631611884350871 -1.2275121108514608 -20.7267209530375,-24.823664209274536 8.686004077433608 10.685478018380303,41.335711939090764 3.884666012734034 13.371208329697541,3.8263219247193354 2.131478705652712 4.2123585161369785,-5.173753287800867 -32.042950631322164 -52.318150744201375,21.7090370137232 43.6059033675668 8.799688457902747,3.216442098743933 13.164429390916077 1.9775742040138622,13.450567842033465 7.842394888574155 46.884265557057304,22.3068988968799 -45.067862622053376 -9.290174588780152
-20.548421972520448 -14.796548365789324 -12.369711203811576,-14.041966141065842 -0.5063460046144339 -21.283682167597256,-25.700405962164062 9.013694961545102 9.90245200315499,42.046995250133136 2.859417926968937 13.256348493780262,3.9734924036753103 2.158908182578779 4.463983376997467,-5.704446830337163 -31.486047017258496 -51.914294816633415,21.583578459125818 43.29768444118902 8.716774680933177,3.3193685436498956 13.194259373166142 2.280208736790061,14.03990463359846 9.104694887807831 46.953556467694845,22.202746033119567 -44.755097868308084 -9.1495476724624
-20.369356849608458 -14.597339427609871 -12.09701706851605,-13.889004382995083 0.31202642931478364 -21.36414429823368,-26.070564413107217 9.117540411573819 9.552482777482485,42.253015876308105 2.2160999944455266 13.068493432370921,3.992040780353405 2.035072948690043 4.655561873552347,-5.9099570147304314 -29.400689867044523 -51.24174463963194,21.482077218964605 42.999011966509336 8.619958408416597,3.3136324538167905 13.05385527831353 2.392984486549439,15.137561516356353 9.33788108637222 46.82743841427201,22.387090797784115 -45.35560148215328 -9.375936547465912
-20.532813007117365 -14.00548580210062 -11.584587636779231,-14.31777293434571 0.8355014868168049 -20.82101764622979,-26.07558810251948 8.887721807210038 9.736815696235828,42.462265165474875 2.200331470828691 12.892709806733546,4.121121545748305 1.773310645916975 4.744667597286163,-5.6057065838878835 -25.97778740598485 -51.023538540474746,21.422859680161313 42.77537630281853 8.528327691789602,3.4458907602957667 12.75857215918282 2.311314876702038,15.842030878711043 8.173864997707508 46.55060188738078,22.856135103805318 -46.858215513203554 -9.972956793844524
-21.201552915567795 -12.95862030834459 -11.00101773489361,-15.264945352250223 0.8425242927983989 -19.787032321002755,-25.979161752320888 8.355783605994443 10.288745257737025,43.14311129870455 2.7890850621819907 12.816032407530141,4.560188097491227 1.441380189536849 4.760124672972401,-4.800231715649102 -21.705259051979933 -51.85342429652073,21.415514951681 42.68992948063829 8.47280357045773,3.906721186694665 12.383308065036395 2.1320699662840665,15.357040880759026 5.615647193418621 46.27161569236417,23.487353545435024 -48.87971575998801 -10.791753899253909
-22.368538530809953 -11.626662483849413 -10.544895760818644,-16.523085784827465 0.36596891524670205 -18.61267316741844,-25.974852601347976 7.689722430527422 10.854590575633349,44.39376804506606 3.717200913876619 12.846813068856292,5.323501768954686 1.1464126941743944 4.767838677582894,-3.7135873009557048 -17.154954998918836 -53.80298292366355,21.46467365778954 42.79020186442971 8.486268022462797,4.691849407313621 12.044894905590994 1.9869244742536174,13.477646839717949 1.98180309059885 46.16420131795227,24.097935454953262 -50.844272704915134 -11.5999834207335
-23.843865390765043 -10.404693052187348 -10.362852704261378,-17.86385685454517 -0.3617793066150101 -17.697085766150057,-26.076761889162743 7.119353483364991 11.052995726555134,45.87321493827117 4.607697167909308 12.878820811134675,6.198586686936794 0.999159379254914 4.814834167881061,-2.6897993050640343 -12.77508154724126 -56.31713798136086,21.572919381272214 43.09426418809266 8.589303495583177,5.572970317400731 11.863568824612262 1.96058496761423,10.748987968711088 -2.2232341417909702 46.333536185235474,24.528100989609317 -52.24167142567645 -12.185262059394978
-25.319985404259803 -9.759992153266118 -10.494328276455136,-19.139229834493168 -1.0557004013636435 -17.30325189197341,-26.15043451846326 6.8309366776764815 10.643663942205425,47.02232567423328 5.138535768882679 12.734548276488585,6.841358443801313 1.0698182818908482 4.890187941546328,-2.043332239723408 -8.797951357928973 -58.46954642800645,21.73718035468771 43.5745035139624 8.776388292147198,6.202715805066449 11.916866557762878 2.045390052244509,8.202373458419503 -6.436704499979697 46.755142844340725,24.70454760735916 -52.82722731611565 -12.438502824429374
-26.48468388047267 -9.997820156744462 -10.865403197551537,-20.301250185338862 -1.526074480092437 -17.45028023176839,-26.04665995399798 6.884884946590577 9.63574414500887,47.42370941393033 5.1689280361172365 12.272937940766429,6.961939473144169 1.3539627404033026 4.929863544165345,-1.9164943709546776 -5.2953661739388025 -59.44469158659379,21.94024645344181 44.14787139315362 9.010376443334204,6.301559559850773 12.204413832059648 2.1583998109488305,6.811728622847786 -10.123454237842775 47.27754605669794,24.65435002817021 -52.67115206466512 -12.378815786389072
-27.131235329171687 -11.070446325655173 -11.32854320549217,-21.338282406580472 -1.747774829794999 -17.928840435616163,-25.73482514650698 7.1962483751114785 8.291895023151154,47.06486364477646 4.775400987615561 11.502546849179042,6.498313399893941 1.765425025493737 4.863194441560814,-2.2209566795134883 -2.3223848193769143 -58.98112422218354,22.146477496255482 44.68959145848625 9.232442718243524,5.823474589205226 12.639747878741762 2.2059857966506815,6.970481549727465 -12.831040961654026 47.68782024003701,24.46974602747372 -52.0561538425255 -12.117038793675817
-27.21935726211755 -12.546889783892595 -11.724384590159719,-22.183123183758433 -1.82629212541574 -18.419326560888734,-25.337041166635146 7.583555446553928 7.026119127874618,46.33355572551764 4.19411974333921 10.629240664896287,5.674476619531691 2.162935852788859 4.670278641101168,-2.6936960437901165 -0.038466310524576386 -57.525860036599965,22.311400384246944 45.08125615035422 9.388323614829332,5.00268890315149 13.075648658703253 2.1502574322906005,8.277861647034069 -14.249300000118629 47.80744791279077,24.250940597245954 -51.3036819856613 -11.78779802247682
-26.86597850122831 -13.784158827675139 -11.93536288474149,-22.67006085264109 -1.8989307366141273 -18.643165238902462,-25.03601679259389 7.856755377003758 6.236309142705492,45.74764228791189 3.7069164535483368 9.997118178791636,4.8993659175486 2.4025569185190805 4.410037038228566,-3.0385749389910846 1.2877970081453185 -56.00618022709783,22.406306307668018 45.28217958866294 9.461428809044925,4.245806037992757 13.35579287896952 2.0308518155174364,9.752614031455971 -14.291076079120572 47.57073991991608,24.06214591876698 -50.63530892886345 -11.491789044899127
-26.278180299279 -14.23217032809664 -11.91002651695955,-22.589195023794527 -2.0428003037746247 -18.470047820780618,-24.92157387197745 7.897916999608921 6.140201110236592,45.59643613724134 3.526041674446754 9.93802990367514,4.551752257257567 2.395055930824311 4.194994173278379,-3.080908824055976 1.4089197839608048 -55.33571927521111,22.445816632521645 45.38699727588603 9.494975993137569,3.91952076752299 13.373477203123013 1.9253754516875838,10.358187431806089 -13.164841266128326 47.04742525769345,23.922401048055107 -50.13622973514158 -11.276030095261392
-25.665361309411388 -13.723061461204981 -11.654417330799264,-21.822771242174404 -2.2471406787339863 -17.937211137360812,-24.891280356772018 7.696695304674455 6.684706537671237,45.73625075701837 3.723159498504289 10.598188314621762,4.76509854696493 2.142929949953373 4.121952035742793,-2.8566228058870267 0.29306024577459766 -55.91976560785211,22.498080854229624 45.622783621199346 9.585375227447292,4.146551357879429 13.11330438835622 1.8735621904385225,9.556175489078075 -11.374924632661454 46.40027405420607,23.827461762817595 -49.81277047036566 -11.15122932326309
-25.17225525465039 -12.589329979235792 -11.202977104151197,-20.48749999474623 -2.4585476279461034 -17.188453725775425,-24.69315661132763 7.329831631504143 7.570908782133297,45.69273977759703 4.221488662782348 11.830132012007494,5.334562131122731 1.7389779087581219 4.197809373554286,-2.5921629787224996 -1.7391794860617544 -57.42784592510347,22.6617499545648 46.259521371779414 9.840646799478606,4.724730721259371 12.657148181435028 1.817472837501004,7.594016323353746 -9.595801332237185 45.80252011281992,23.778914215256435 -49.67499135677179 -11.121337504466345
-24.858201300535185 -11.533392212376745 -10.588568675831322,-18.98686555965286 -2.6569732130934547 -16.38017295706954,-24.105716957450465 6.903913166637219 8.389127441599715,45.0267549945149 4.842003843933957 13.21218838148089,5.807815403679564 1.3249088746263828 4.307879017252672,-2.587199003545807 -4.040058240392835 -58.95805245892652,23.01154256587524 47.4546663948886 10.316846813868626,5.2221965997520154 12.150081068608202 1.604608020309143,5.380321048571821 -8.428851301713083 45.360291925580746,23.794321640596348 -49.76713001158542 -11.19596811211891
-24.72103317317762 -11.296798935748065 -9.827655291192984,-17.91444106896242 -2.9006772473877738 -15.609388452934226,-23.149745239165956 6.497018647248076 8.808888393403025,43.73752408188871 5.37753265013038 14.197533097951665,5.722607017075223 1.0272415248404623 4.25362021107005,-3.059984270497525 -5.846310264699165 -59.50638569108711,23.536203223919994 49.102022778151195 10.962379667184692,5.206970467912093 11.73954592859661 1.0642311369301969,4.022144214987501 -8.131612137349805 45.08097328100331,23.888520459432062 -50.11582412001072 -11.373425789599846
-24.741124951381856 -12.28548381766349 -8.926169570442006,-17.826945174372835 -3.301573017700672 -14.894941432657909,-22.184256994907415 6.130297841638038 8.739370496146279,42.424881173305636 5.665900014285962 14.331209603547052,4.870367731379565 0.899649359104695 3.8480249120003784,-4.031221564953944 -6.599344223643655 -58.491371459448295,24.10511703398692 50.775264032183216 11.603718638287354,4.493089255354381 11.5139363174973 0.12052132113143577,4.271780847588357 -8.458394621337384 44.90141211965135,24.039840907910545 -50.63553426587145 -11.608218285296772
-24.91434804951108 -14.3392972894841 -7.900263182051716,-18.983156381812517 -3.9427885798094957 -14.206206941137903,-21.79080470440826 5.779713832747291 8.382845702753851,42.055065389899866 5.640594961131217 13.43856532051267,3.4438588849310405 0.8994628594936287 3.021694570001674,-5.300241647453513 -6.226260602888651 -56.05743150683321,24.492393540659187 51.82670051059781 11.991130540478526,3.2706165939680356 11.46835859293881 -1.1223230406710134,6.166091405637154 -8.72598083557482 44.75492990439784,24.16982367123003 -51.07427183592432 -11.793727696879525
-25.254370323531607 -16.769382374570988 -6.799068506827069,-21.178007844064314 -4.794350309445914 -13.507337950189667,-22.473248894888734 5.414317612244764 8.14783057176648,43.410741351004525 5.347749618270807 11.700225405492086,1.982228231194072 0.910922880840348 1.8817309804763234,-6.52073160612791 -5.23465620757224 -53.00229485907985,24.46027740005222 51.62884314418897 11.894299584793053,2.043632383190347 11.513924166311128 -2.379543182392196,9.027433889685508 -8.117743433067314 44.63295885264728,24.16015413504151 -51.068512749487844 -11.785642846498027
-25.76689248296721 -18.655997510160475 -5.7159332931815685,-23.767999043110663 -5.690881885106841 -12.783549341520906,-24.324216559296268 5.034066708090198 8.453190203413408,46.51917395235732 4.927149359064731 9.580951818189472,1.1313753846005699 0.8055293673459565 0.686681565890237,-7.336869773258854 -4.549889103785901 -50.37539417812781,23.87001466102984 49.86450697490857 11.209095517253026,1.3999591064228545 11.526944942863619 -3.283580068065538,11.801284886111741 -6.109670646728476 44.599748518327665,23.9077565334196 -50.309020550863245 -11.466435522222858
-26.417493123858158 -19.26829876795657 -4.7795158201866546,-25.897189624674706 -6.399882228028037 -12.036526528295532,-26.856638682231594 4.683636220670179 9.510006117148595,50.40966176400767 4.562481831808599 7.646393883517801,1.3359422744959164 0.5110913693811376 -0.2563291130439642,-7.516872001002845 -5.14110305619206 -48.96526484085472,22.766783254870536 46.726727838448944 10.024263801524912,1.7260720753326853 11.415022301577057 -3.5395952336288974,13.539169352938773 -2.8138667747534876 44.74665213643616,23.391886107372283 -48.739511650081084 -10.820903059719301
-27.119389502519745 -18.403931142392903 -4.124291111622335,-26.83472627141561 -6.75099918427377 -11.262331087406656,-29.130664597034663 4.43512264279939 11.186158314565178,53.402610131977646 4.413910709536656 6.350435448371648,2.618276142132116 0.05547314446548124 -0.7244228375802746,-7.028491167891616 -7.587116205783218 -48.94371079904414,21.390490422602298 42.91423322102296 8.609874792258019,3.0119000175341952 11.167864121812674 -3.06301433595157,13.781636628990178 0.9533647538785659 45.11085151238085,22.71305942166167 -46.66932789081152 -9.97742460411087
-27.754973701679532 -16.48350151929466 -3.8487391918683245,-26.275315200206336 -6.751930502232952 -10.438636753013364,-30.151142722380143 4.351303065672617 13.026423419690394,53.84714542233374 4.554087686286501 5.884371025288857,4.5574044517166765 -0.4378798019081326 -0.6762924627055875,-6.03240947751342 -11.774588748729167 -49.84072337685559,20.096888119744605 39.39793077706941 7.324204103832322,4.845545409216488 10.86698690256963 -2.0279926163772757,12.672685097457018 3.9528832318139524 45.60972594526349,22.073288761589904 -44.71059761282065 -9.181082517352973
-28.223013631080583 -14.354709207327888 -3.976206636270126,-24.465151598091385 -6.614940077825713 -9.54011259286357,-29.352009094693546 4.451339230452676 14.429884183064448,50.95714143439296 4.932788423037651 6.145862819801608,6.479164761570829 -0.8024729012665291 -0.26524105939036935,-4.806745267513929 -16.87583290662239 -50.842900732783775,19.218491122949874 37.047547715880945 6.476036414943131,6.600635665123831 10.648046523044172 -0.7989630562557937,10.790763874264993 5.0534781495128955 46.03946205524895,21.697004168280706 -43.539623164524826 -8.69930083866326
-28.485312339268557 -12.902404188640574 -4.435671422269927,-22.094002195441938 -6.664049908797099 -8.577588148744123,-26.914196891520056 4.697710972664558 14.90910916808087,45.30290605087647 5.3897957870337985 6.828901419914374,7.7611066388789665 -0.9052087568035234 0.23840815190959352,-3.6412021638404357 -21.638182967673835 -51.240208065514736,18.928460237872166 36.285763760216014 6.204190631471022,7.720712650661086 10.633242478225077 0.22352124927249317,8.822787316978996 3.7715249210899167 46.15360412097548,21.726265556620895 -43.58370883932537 -8.699718536897983
-28.583832052205146 -12.652865191436572 -5.075350413901395,-20.001810195199624 -7.162124942552094 -7.6348341675570675,-23.731293648466494 5.010046550502908 14.310653009124113,38.663820322443776 5.71823804897018 7.583714448467685,8.09955266324231 -0.7098239854453903 0.5761610314779566,-2.7438707355236938 -24.879493564358295 -50.78013470521347,19.173409697345292 36.934451318218215 6.430934430014743,7.957800461027616 10.867188217790236 0.7683787954696746,7.263523805896966 0.5512007451361001 45.790426836614074,22.142600067618137 -44.78951098474274 -9.160898291712456
-28.61446454738797 -13.558167707103381 -5.710882736153144,-18.832796495027885 -8.149084089481299 -6.8720100119926375,-21.01435557337244 5.29696447003288 12.889121977422667,33.269228777179535 5.756524325433475 8.170956276415694,7.610273840112627 -0.2957506789004474 0.617262564566023,-2.1901705032546097 -25.985450987110163 -49.75374681151948,19.709218407366297 38.32933962227831 6.911597778267261,7.450276896204434 11.289235391579046 0.7926426996157665,6.275436006405309 -3.373557063507276 44.98338551673095,22.75895782538876 -46.60157926494971 -9.865412589835948
-28.668740410027397 -15.053492150449316 -6.194462288939926,-18.790782402812958 -9.385035319196621 -6.481508469401143,-19.7215247691813 5.489278227708593 11.194498392076705,30.782186519979295 5.468206027981056 8.545595518935428,6.7241810663709325 0.17774212563213732 0.40615668153300977,-1.9223436051317213 -25.19012561898612 -48.79152001212174,20.222602504471435 39.647534617309326 7.355649011940132,6.6119718998746295 11.75786639693354 0.47105723625082496,5.734764168043206 -6.4947861943252345 43.988097451088784,23.29189517683437 -48.17956923714788 -10.48565297197602
-28.77536350473341 -16.34593733319049 -6.477991641664082,-19.59771977053589 -10.440463336640597 -6.610395887843435,-20.10162390341585 5.560078716506373 9.823111100515128,31.533208941346963 4.968052980696269 8.84356110957177,5.945795140756949 0.5451858699849037 0.12266140098403878,-1.7900839607765058 -23.502880057819773 -48.500195503125724,20.477310582886297 40.28514559474193 7.559028228907284,5.902382887423806 12.116614844003166 0.0907054414789944,5.388467821764958 -7.692693820882324 43.19665310653854,23.483219928436068 -48.760848798349166 -10.725388900199254
-28.876818498355387 -16.78593979337535 -6.639714617933447,-20.660294300890676 -10.896411210912348 -7.286252402188263,-21.591525442441966 5.526236536455263 9.151136357849714,34.39813280512424 4.474266290603129 9.28859917275408,5.607991494276527 0.7103013636919051 -0.01951575956941598,-1.6137607206360245 -22.292307639066596 -49.14331587859815,20.411365991243436 40.09793774677387 7.482720856617154,5.604569346222114 12.269231642148995 -0.08976327559479225,5.008829683573579 -6.730643306248469 42.968529631127424,23.213855502550413 -47.997225395847316 -10.450111353273963
-28.85898494127961 -16.143199845184704 -6.854817715656637,-21.355209396337624 -10.554705412657547 -8.385524025925777,-23.125625924607032 5.435295587114604 9.179703628772884,37.38795893880461 4.2032651082231585 10.06802951988194,5.74819937632475 0.6859720915296975 0.11846986041748274,-1.2503411156922113 -22.690544892774582 -50.526061858814884,20.13838360698395 39.39166474146678 7.2415892944365705,5.723994572653549 12.225997784024463 0.05465167905906709,4.467980285755214 -4.34229370964923 43.45638637223307,22.55519041433341 -46.10346004182121 -9.743247081764068
-28.6220920036379 -14.667619897296158 -7.314415493113748,-21.296978354561578 -9.547830999958904 -9.663372252111104,-23.697620565707293 5.3462315786013805 9.565472726831578,38.649943508858534 4.25657970815347 11.2330882074506,6.156709138151585 0.5793773668391176 0.5380890650131152,-0.6445068406854335 -25.071956848633413 -52.12210364017489,19.85784965175766 38.682579653230675 7.015301548249875,6.048484488877336 12.09685216714382 0.49028119307082646,3.7276414629061074 -1.8663670773369079 44.51644201385827,21.733768182338654 -43.747746217567396 -8.861891944090367
-28.15559810672911 -12.927352123261251 -8.124495633760187,-20.471874592317935 -8.28765491380547 -10.832939965751583,-22.87885625994824 5.311119077448717 9.816988263539878,37.36598297299357 4.559563273064623 12.663264556837687,6.5506531719418355 0.5306621962091392 1.1127354444487756,0.1490862229426837 -28.844103356441195 -53.350219309909505,19.72822410409297 38.37062898697809 6.934185600672004,6.318968875840124 12.033851903905322 1.0778075731863908,2.7963488943990846 -0.6062307481389562 45.757232931148124,21.02783813604122 -41.74198514106818 -8.115643273880014
-27.57282964820687 -11.521902964905998 -9.232679317844292,-19.193767227709827 -7.275920476545947 -11.65788087955704,-21.020134145414815 5.360596303737976 9.553300947653184,34.09264762217781 4.8898414582061465 14.104645193193345,6.761917515997765 0.6371603222934155 1.65614634017729,0.9811944658937045 -32.665114659752874 -53.84228933221566,19.775679767946627 38.51107677560485 7.004668140479658,6.403172717819085 12.151761113988977 1.6612055787262672,1.7118380089117755 -1.2259294990669147 46.71282601471059,20.646714388019074 -40.68552577038694 -7.729131051408558
-27.0789727188541 -10.817093924934742 -10.424668433863502,-17.923336418272456 -6.872008979027635 -12.01824093594611,-19.034836664776115 5.493527277721752 8.691359344420158,30.38657559012364 4.987995226969174 15.262916410110138,6.828330945831565 0.9023716992521256 2.0095994855448183,1.6603442642746873 -35.01718005578137 -53.57068977076734,19.889431065042494 38.81037899459528 7.1150320437765915,6.370294989047638 12.467443621192745 2.1386724541956457,0.5643256982977416 -3.4723278699238866 47.06104236880296,20.649636333550824 -40.73119020242858 -7.753944894570919
-26.88043116147734 -10.822043346371192 -11.402714696356481,-17.049593527414597 -7.135412751629309 -11.92708043897638,-17.88808788864071 5.6723946776578735 7.468755714578601,27.937634576210016 4.697007634582516 15.912715282647849,6.941217483065719 1.235753599274411 2.1038128802516214,2.02768885958592 -34.89917104025627 -52.79641464009837,19.90394374226268 38.841840665578815 7.115695645691542,6.428003202934215 12.88957289030256 2.481585903901306,-0.47523141082707987 -6.346016229005214 46.779140754059,20.938059100853152 -41.57218933420948 -8.067311947546196
-27.076960620021275 -11.246987882999079 -11.917143585607535,-16.737229940493755 -7.8200262347721345 -11.501840304960597,-18.0747106751678 5.82870655118261 6.297464868681654,27.685552982517212 4.0564990650091834 15.981184224455466,7.289969042936756 1.5026533108603988 1.9708350422616157,2.0265457264266433 -32.32975703089515 -51.89914224952102,19.717376966450406 38.34878300999456 6.925021959369519,6.765897744264048 13.264303910943255 2.7042697699731963,-1.1762512378023091 -8.61805102900125 46.15596066677792,21.317299175523775 -42.6336386191508 -8.449445150079724
-27.592000925849458 -11.690522883096754 -11.889574306677838,-16.89867162898682 -8.517208641717922 -10.914035058979756,-19.370679110179687 5.882771016656826 5.534469061490752,29.38828562409021 3.296749628083522 15.574204940727698,7.904715964952803 1.5973501385955664 1.7103462659657258,1.7342278236442592 -28.416470120626176 -51.19998041127559,19.37356083404566 37.45025937894963 6.5962534761809835,7.4042346518259645 13.453314496838598 2.817263454825463,-1.3413414091882632 -9.421676653925116 45.649627100156465,21.590784565972754 -43.35507475181927 -8.693654996420149
-28.182214941818437 -11.850806858955247 -11.462311758043434,-17.28305985150882 -8.868383493616927 -10.342951411617532,-20.987733692672396 5.776715274491552 5.297713578184779,31.85049618598506 2.728675281713913 14.934590710526612,8.597481551794726 1.5000830711017212 1.436583232407905,1.3346468653122123 -24.927822778706123 -50.86600082362958,19.05485424734006 36.61809570462622 6.302706022970394,8.142657904153014 13.40347010277711 2.802293544979046,-0.9319432237073331 -8.622843482712929 45.65861113965739,21.639181845841765 -43.41972858501571 -8.692351239358507
-28.530077293499307 -11.659058340631706 -10.939105770574264,-17.620685896662334 -8.736274880744393 -9.945425831496706,-22.035522535891086 5.510174468669405 5.427463407745925,33.65468374800304 2.582998970874873 14.346225559249907,9.04230806084578 1.2875787019658405 1.2357134359894049,1.0356135671141118 -23.530292155058646 -50.91686015344725,18.984695926698368 36.425524732432876 6.24525598256756,8.644513209871882 13.171622651856897 2.626926774040167,-0.14332257570030293 -6.7999473981450125 46.320113021588625,21.45096264403237 -42.83229712514069 -8.46150967854739
-28.38152909918695 -11.285273537332003 -10.63624351034112,-17.745135806489575 -8.251837095697036 -9.836580764476388,-22.02602735440747 5.160591117361179 5.609502107428386,33.96831230705624 2.883153094188102 14.019373683270368,8.95158019863988 1.0914610096798336 1.149936526847818,0.9643234635393417 -25.01854536267992 -51.28745720837022,19.292583468249312 37.20325088828886 6.532192339829703,8.612785774044179 12.891753247250964 2.285855245770042,0.6440818312006469 -4.8716757696319775 47.43797931977368,21.10025575505327 -41.837527344587805 -8.102858493989192
-27.66566724323515 -11.033138417618051 -10.713365054862482,-17.639431938902014 -7.723669933255298 -10.069274750000016,-21.13568673945042 4.871288061331378 5.584217637251847,32.97397092862718 3.4226849465145612 14.00261503221233,8.247744874236023 1.0268396486675642 1.184846089064771,1.0921815706887252 -28.893161468675288 -51.8787905517295,19.919464410487436 38.80061276470602 7.100331826226303,7.959560240650719 12.702360626943873 1.8350439781751757,1.0415847412848604 -3.5909298530149263 48.57722815168448,20.69472812617869 -40.753686341776984 -7.735396780089012
-26.53879526750109 -11.18857642477502 -11.07235482177478,-17.399190324276482 -7.4685432974179475 -10.60838035837932,-20.08141351688385 4.803006409449959 5.316358866299617,31.695359780019956 3.8641435801162722 14.160478092416701,7.130158649107063 1.1294331220525775 1.3238732117225789,1.233126760353249 -33.50251423279304 -52.56037807247542,20.622576562003356 40.599826170501686 7.726347721570664,6.872748929933702 12.673260689214823 1.388317462464719,0.8745599487627568 -3.1797482748872854 49.2768128273257,20.326534908091446 -39.82460099245823 -7.438604947173204
-25.329348643092327 -11.89497838167707 -11.385908727684765,-17.148565829162088 -7.656934802985377 -11.31288029148854,-19.687229634573885 5.063906037794229 5.022483931981432,31.338755067294656 3.91060259336372 14.232214011856628,5.99515455023681 1.3351284173332323 1.5349926702248244,1.1271051378250014 -36.71751939237519 -53.14345753457542,21.08497478273974 41.79477305135307 8.128631633991638,5.74013574619518 12.771225184136314 1.071132413806932,0.31840954718095915 -3.289421596371434 49.27121882161221,20.04976337996553 -39.16172279503644 -7.235287060500262
-24.40684089588069 -13.101676331514462 -11.254226628345261,-16.962486683283686 -8.249936099345717 -11.949382759790229,-20.393353418284278 5.648846803891183 5.035308555530073,32.54121148555177 3.4594248182804477 13.953067789703862,5.249791337810787 1.5131990870964631 1.7672247754713613,0.5761907399508399 -36.859349845440384 -53.38057930580641,21.075824371961254 41.79706950004097 8.109234993854038,4.969304363534235 12.88279885585638 0.9566063659063363,-0.15387394195220683 -3.2851405956249433 48.60750580062721,19.88674446953221 -38.78027694834527 -7.113595807989552
-24.03402527778936 -14.591270468164645 -10.41919702727895,-16.8360110809116 -9.047378595852933 -12.252938408762724,-21.99025663494945 6.420644967274511 5.5805260672118315,34.962078184071444 2.654949736974732 13.188417606721375,5.119052334259057 1.5356031078249812 1.9474106103649527,-0.43202878059167793 -33.4686819795499 -53.0349313386115,20.576386808964443 40.55468174114174 7.66093527248569,4.798556100171671 12.881450522984121 1.0239867047330096,-0.013615773612807303 -2.677681924886791 47.60021354188831,19.847321215520285 -38.675377893398135 -7.0637687206654185
-24.268972939434928 -16.059161709485583 -8.927453921157598,-16.709561179194687 -9.805958607171316 -12.02522490163892,-23.729718165781158 7.149929418885728 6.597290228149815,37.451696486960216 1.8104086456025943 12.018741548282815,5.549191411659388 1.34534234119864 1.991004664161565,-1.6808950794765964 -27.559677746135968 -52.00791979884283,19.801866299576417 38.60759396303701 6.9806106651262265,5.197380054335211 12.701853029470174 1.1687600855245204,1.0087843772296488 -1.4505965347160275 46.65287546884018,19.94055883351954 -38.869339127514614 -7.099568478022583
-24.959073019366272 -17.207703920404263 -7.150560830319632,-16.526790694150122 -10.354672724974364 -11.23062896746724,-24.74816704961596 7.60227861912116 7.715179381627213,38.698452223347374 1.241036664243505 10.729153238132824,6.255658871619171 0.9873227349379402 1.8312123226969672,-2.7936348083789624 -21.22635422718479 -50.45431788039059,19.103641443103776 36.84203218050902 6.378904299910356,5.90459604485363 12.379971874520555 1.2623839290837076,2.7149811723373642 -0.09698286103037657 46.045630996531855,20.16867801990083 -39.394524399090756 -7.249067797463924
-25.82458201109743 -17.825364557941462 -5.638377199817247,-16.286662125493606 -10.647537788325048 -10.038063937504672,-24.558504898507174 7.635518540506196 8.41589072587742,37.98232928125351 1.1002498732544101 9.698270106451233,6.8841210073067565 0.5853617160024133 1.4551089294191075,-3.3916692053754285 -16.76412019880683 -48.795800121191455,18.80053224112083 36.065703373825045 6.131366795873021,6.577165062365635 12.036284048362115 1.2275286440198232,4.475195665087002 0.6541485972837149 45.80531782489807,20.509681969033483 -40.23067676595266 -7.523243976762595
-26.58753768410434 -17.83611934070607 -4.868298644940786,-16.05864754626484 -10.738350613447817 -8.773845813293917,-23.32735677404678 7.2610884700407405 8.302732154493423,35.60342421906249 1.3100482691234299 9.230642838817168,7.192886650257368 0.2781030377105289 0.9249735690780162,-3.2700288721831074 -15.697114678192332 -47.58705515322185,19.026370616535697 36.62319961533443 6.3477283327893765,6.964997953970556 11.810881662367143 1.0826258895286474,5.52108269045134 0.268094826419626 45.72788345001577,20.906035497679646 -41.25324336114608 -7.887631571522001
-27.083168746972483 -17.314612794966287 -5.013379191404788,-15.953079487612028 -10.709564556039343 -7.794257370767365,-21.777652100051192 6.638028061486903 7.333975574160267,32.73915211937537 1.6244823893501044 9.410589897104886,7.15774921895901 0.14885848539947238 0.3667473566098245,-2.502479656241559 -18.151526290027128 -47.27445126891312,19.672721852232943 38.24956353641128 6.926310358397489,7.018044458363243 11.786256709798199 0.9264610375442928,5.356097145421263 -1.2498392630078827 45.537796139841646,21.27409929131757 -42.24434065367512 -8.261018814578048
-27.30382052939204 -16.465440687262994 -5.851700899416581,-16.063636792227776 -10.608870198525478 -7.333368737914033,-20.771304974202618 6.000513611033515 5.886671112999689,30.80733554497068 1.7894702126470137 10.053174698535033,6.948287544108461 0.18762684324327517 -0.0750878898662991,-1.4187071296387348 -22.857916563670997 -47.9644766056373,20.454529461659632 40.23220339027274 7.615003271828572,6.874580127900327 11.94114287169777 0.8703756662487792,4.06081560278275 -3.289338034285736 45.091627472234514,21.53455993842951 -42.974385539234945 -8.546927333476239
-27.36215817062808 -15.566019241621966 -6.8733559053180775,-16.41282274310654 -10.432556430200671 -7.403783381761041,-20.810754919568613 5.553605095065181 4.602942599059726,30.69062763148802 1.7060201079862187 10.786416037184564,6.799118340950587 0.3058093738216925 -0.29589041378359926,-0.45788414994882265 -27.773026795099362 -49.33593120694284,21.0607468987297 41.78695076897754 8.14363007869757,6.748092261475732 12.16229639658316 0.9599244340745106,2.3088459883420205 -4.896162046086311 44.50597232700701,21.64782033631932 -43.31002327871379 -8.680626353462534
-27.401458523004113 -14.879706056814072 -7.5405855448358174,-16.928527667661566 -10.157098481703091 -7.807711160770725,-21.745986262512005 5.388629013604344 4.086725391587722,32.25483953628758 1.4998231471500438 11.234453780479882,6.857412665300821 0.3949244958595652 -0.2713021895157463,0.03376671817858856 -31.02251532423701 -50.76665832218976,21.30778150773716 42.44318237611435 8.355797091072976,6.785212853564146 12.309135576660093 1.137375708040977,1.0571759363957982 -5.230429631219817 44.12933043149918,21.631834673317762 -43.2792262925484 -8.66215017495584
-27.505138637686247 -14.560742931169365 -7.572440560679058,-17.4637560097258 -9.78620153538106 -8.259138429046516,-22.85768997510824 5.459442294143966 4.602790715415505,34.42849498330992 1.4521784625859784 11.215535919230232,7.09690532874688 0.3958026136842744 -0.05638604349364035,-0.03741037272753589 -31.71998932317628 -51.631045852101515,21.21486716629979 42.23560935799881 8.271275316134663,6.978557767390656 12.296089120988206 1.2733876885752862,1.0557869251235066 -3.9883435319467515 44.36332286506122,21.548619701067608 -43.04610849419936 -8.552867875301187
-27.65365303330776 -14.587248395150652 -7.1038279003493505,-17.851463068883664 -9.372333823704928 -8.55388380816415,-23.27318218833114 5.628285049696376 5.935019286344886,35.79835509731797 1.8271784012937298 10.851908725183065,7.34527936248748 0.33805331336200195 0.2562842856616019,-0.4758810337669716 -30.285369149912526 -51.62187515978804,20.96591926096455 41.61322869558574 8.05028478925973,7.181669588438931 12.14608169431537 1.2528269149620943,2.4333773992658583 -1.572051952668978 45.424627585184,21.464985765604457 -42.80433178134328 -8.435733775447087
-27.747986842387053 -14.7598310402253 -6.625515185775158,-17.9716425669208 -8.993873288909535 -8.69021458669445,-22.481242756457114 5.752377684593703 7.482364901924116,35.391741945031875 2.6928624616631796 10.524207009528276,7.4029082334761815 0.3251365484003894 0.593495683138226,-0.9030428129207033 -28.13307832153572 -50.92154604383286,20.786085048750778 41.134561662024815 7.885848282552832,7.211423603507056 11.982729737271958 1.062074636021998,4.590759112461532 1.0783552365389442 47.177962608372326,21.41073331713583 -42.653293472393074 -8.3632393177155
-27.681462147697175 -14.782918967378707 -6.721413275459187,-17.8037360675551 -8.704976028163701 -8.862319777387992,-20.65358417244753 5.760703693623263 8.549118057824618,33.218375884376826 3.8428079886540583 10.677541815552967,7.17716717979533 0.4702000654762562 0.9356441676957732,-0.9541893094233864 -26.905169796478337 -50.1167678461042,20.807304362195595 41.13358347971805 7.888996686686624,6.97253063243924 11.96158819201745 0.817753617861263,6.477384701929315 2.9063728752242293 49.139428590762364,21.361595957061617 -42.538379216081275 -8.326629102523357
-27.415668366914733 -14.407953049325094 -7.727522917320501,-17.444060736689178 -8.49923447970605 -9.316931219538695,-18.58767748050007 5.677160654487619 8.685149995598366,30.282940229432587 4.872196786668039 11.564844697582386,6.748788385498471 0.8160720149417169 1.3026671943482093,-0.46863156007562967 -27.63621139441441 -49.88547281170476,21.00027182312127 41.549106375539466 8.03284953873238,6.527780620475032 12.174836565058673 0.7071720062728533,7.120783850654067 3.206918725404518 50.66303100372019,21.26058523877381 -42.30101056806974 -8.268042658688813
-27.01544959849728 -13.579987185234648 -9.486525583263195,-17.081261414344656 -8.32206298367906 -10.145128107196303,-17.29776815079077 5.578269255201336 7.905335436846668,28.07299266987635 5.376375200865826 13.054485560169743,6.328579158860102 1.2839883450490701 1.6962750695822693,0.4207161176502434 -30.253545297661695 -50.612679165094285,21.209333248977735 42.00925386122387 8.185485764808993,6.071380544814515 12.580582565190046 0.8636877314334257,6.136248053937139 1.9182117421356575 51.22605724051794,21.067352026355085 -41.8150537008247 -8.130304798903063
-26.621804262232004 -12.514544764574412 -11.334189408153406,-16.9374817942529 -8.132787994930938 -11.13033077333689,-17.478318145464428 5.5130996330907385 6.679304893510777,27.809515043165902 5.168058575354503 14.608906790804117,6.128972413383183 1.6831188085143254 2.03450844352191,1.3404756163511315 -33.63553978295739 -52.14049199376929,21.265998114627486 42.111368343921065 8.209095215364787,5.820434477291433 12.997785973674382 1.245230631141712,3.9462686250003927 -0.3894799335835697 50.67281530942863,20.805351882642373 -41.12568972496448 -7.913565644350566
-26.376858076180454 -11.653545344473825 -12.343908921125237,-17.194521748691233 -7.977605391995573 -11.757357407089234,-19.135645655657108 5.437256305328674 5.700047447368023,29.86419398046013 4.3929893408469685 15.464452700003342,6.226393404632855 1.782559677780482 2.1271172912169005,1.8431173375313656 -36.1681088242767 -53.79504560917741,21.110926053947562 41.723311289939495 8.064177809392133,5.8875398138375505 13.175213512457939 1.5930842956195974,1.5887864062920034 -2.803764955010387 49.29194913922394,20.574175285715356 -40.49502793447164 -7.700435489596526
-26.342529187409987 -11.502438886777963 -11.727136228732519,-17.92977270540013 -8.016896483665892 -11.408267856612115,-21.589513558649152 5.206894601970159 5.550677227214273,33.639997363325506 3.474360771761753 14.944787639868608,6.497408191993946 1.4146455620654261 1.7232274120494198,1.6024524913867717 -36.50095079971972 -54.68984724103792,20.84957190014685 41.119891981266086 7.854525325237097,6.208462162163311 12.90446283585925 1.5116864283992588,0.21084492011167022 -4.48484082248379 47.683513806267534,20.512635320965774 -40.307572293138094 -7.627841374622574
-26.45932735704037 -12.411086829901308 -9.205006381313016,-19.084716875289104 -8.470465275824099 -9.667081610518572,-23.840634502741263 4.644906587963799 6.435445420383099,37.9476492552229 2.907654784116128 12.769565659125123,6.670268375980686 0.5602947765412613 0.622707045075692,0.5447188668638621 -34.12764249219484 -54.157022444428065,20.705571484270394 40.864565085449264 7.782965849867237,6.567525606005539 12.12298115856929 0.6456198916867777,0.5111802643264589 -5.00582669270746 46.47714070032127,20.727612775867463 -40.872668827311216 -7.815872215814989
-26.571287984695466 -14.396712231671442 -5.173151822680413,-20.47918217958786 -9.493790199485662 -6.5834938116566,-25.098718118184046 3.648046673641 8.101541128262888,41.64241249041639 3.0100249055811314 9.213469530834825,6.467812072962844 -0.6265568242629909 -1.199072045503946,-1.1401324509248252 -29.528901292657082 -52.08643368127074,20.895889562714565 41.495884732204466 8.03976017259411,6.708442132437449 10.956008737926917 -1.128075848643753,2.4199413908435874 -4.473438119563113 46.03779747014419,21.226971651438618 -42.230695756290515 -8.292411662300177
