-16.83579464217018 -11.441880343814638 -0.9437556747215465,-16.780773644237648 -2.5198221426874463 -3.6062020814367735,-21.28536804940363 4.701062857701396 2.217812985058324,33.1345201788482 -1.769258298854663 7.816525196995478,5.543273986984997 -3.036042209368497 0.9917783636246756,-11.622709513689648 18.714939996013463 -35.607129961395344,27.224405965481107 63.337819230426895 17.078901016228304,5.562595163537769 7.998058873503861 -1.0146127547484252,-10.417139769070145 -33.19169884952377 18.542533895824032,28.676139176370892 -71.93707545979375 -21.126551512393476
-16.353015490944095 -12.523051619809515 -0.9525142849867447,-17.171099096991156 -3.50884536940342 -4.0715229578686065,-23.453571123150976 4.95092274481626 1.4244909903093412,36.065868677977306 -2.6473897994842135 7.15388544876475,5.900820615455313 -3.0269088114816696 0.35241075442838143,-12.112419247264631 18.716382183419583 -37.40142133106877,26.889474505618164 61.65967696967702 16.295286796987995,5.986685479843937 8.175202773765918 -0.7922625665736205,-11.85929887772976 -32.649335806876046 19.41885750971647,28.216864254048897 -68.96064864279609 -19.711286130008286
-16.546691011454804 -12.568668296231603 -0.9728240153488398,-17.643953351419043 -3.4710462342360353 -4.266667773027473,-25.30166233741556 5.137431211958034 0.5505748935744039,38.42623771573654 -3.496679125049586 6.437295780735026,6.543460514207467 -3.183218515572461 -0.00450186364981775,-12.67605050800337 19.421778576009075 -38.969882876896335,26.362397266288244 59.177801253604635 15.164537648388682,6.63361472139261 8.235210197187127 -0.20969004106745892,-12.741783686642037 -32.765315185946584 20.428242865796765,27.70396809612017 -65.66006435087162 -18.144905217239675
-17.18621454088548 -11.391475355262607 -1.0675339839710518,-18.01152097656395 -2.1786223326346104 -4.14222824792838,-26.366703936851497 5.201160464951061 -0.34098325096258253,39.68017096581195 -4.145885433964013 5.864604806383558,7.371764574529028 -3.4282392637390426 0.13073281673398895,-13.316333059687771 20.69296960163063 -39.74459249558851,25.843623160440984 56.85042874759677 14.120203063921245,7.385976257305134 8.173567574914184 0.6076359625314414,-12.892244460465143 -33.6915741872522 21.26454169743841,27.28688288156747 -62.93491615676662 -16.85050886169466
-17.755199881158646 -9.064568509347925 -1.2833900037631176,-18.05213346012525 0.26401781955120374 -3.7966368676611344,-26.458323039456893 5.163604412160048 -1.189254645370379,39.59128382480401 -4.5743395847119 5.710148260349829,8.208027043227785 -3.6667656445727714 0.8960047441566967,-13.969867665341644 22.170730115177218 -39.406533610131305,25.51577536856758 55.49240521640387 13.522202559104672,8.055108438949421 8.013302054831815 1.5617173265393274,-12.57853029012885 -35.33215783518215 21.701368026676242,27.094430233226 -61.548031853942405 -16.18564439625828
-17.67864875131417 -5.865871539556711 -1.6284153098801986,-17.584468636846225 3.484252125301608 -3.429203325117683,-25.68233484595599 5.114035258218049 -1.925325668233707,38.24800510759088 -4.895184819777414 6.233558885849139,8.839335882793234 -3.8311223341580463 2.3144505793805044,-14.501345611115346 23.425585530398042 -38.03667135516411,25.47393944282426 55.461336833727216 13.519550877037197,8.429127141251609 7.785082095783025 2.613556370847353,-12.324853416114681 -37.374655197053904 21.663678273353955,27.19037638211785 -61.90439757981586 -16.34090692103464
-16.594917364485838 -2.2136386271608623 -2.063716832272597,-16.54433413921396 6.961545672340325 -3.2408457311643932,-24.356802840434202 5.154541202347486 -2.4900845997527528,36.00257900266257 -5.270120350565423 7.550780897362714,9.090975227867673 -3.9068318240501547 4.255254869557618,-14.75477800981663 24.16474256738168 -36.0930932366889,25.70079542231575 56.58195823856565 14.023142716274101,8.354300637799472 7.514662505041905 3.7493548351265376,-12.595676531538778 -39.39981409332104 21.227211094252887,27.551549430206112 -63.94423003077287 -17.291444381537307
-14.544794547197778 1.3876574149491958 -2.509289812693499,-15.032846915262347 10.153623075925417 -3.3297087386871,-22.873068539520773 5.333626879604606 -2.870133565416946,33.359593852864805 -5.805910566154076 9.527222120860497,8.901303202498854 -3.9292084554889 6.420303932303127,-14.637617419523313 24.378707430925026 -34.22080351898094,26.092102033294083 58.314402864401984 14.78733656210632,7.815011136976546 7.2223021027132885 4.9121852258831815,-13.520803109202344 -41.021362608720395 20.563487415978635,28.076686745153545 -67.17393282665589 -18.810995027586902
-11.98452131021493 4.406707606745938 -2.8608239071355364,-13.310020876028666 12.60066746565358 -3.635176120563548,-21.5645939975777 5.607549547789051 -3.121291343865697,30.847967985215956 -6.488924559771131 11.760027164090618,8.35876444903504 -3.9576679660782106 8.385519453447126,-14.186569266007233 24.332631284791677 -32.9843352323481,26.51406227625794 60.05332442330217 15.54614288468859,6.9658325398223795 6.929190695995129 5.956372705438561,-14.811668165836277 -42.001525706471014 19.870374927832238,28.622946614050015 -70.82086190921545 -20.54169705227923
-9.610482631543261 6.377372351356829 -3.0146060770560097,-11.726665230649585 14.004015634218417 -3.962579523573288,-20.62759762339259 5.855098800003679 -3.350995482368254,28.899721010549897 -7.190159952834385 13.684756953426097,7.673759090331958 -4.044017941879169 9.710312030440136,-13.57003166393861 24.395903806274816 -32.64980115079,26.861573629235167 61.39474472533944 16.12971669398705,6.0853829439385585 6.661296141453277 6.670288146959221,-15.91573237439294 -42.30639370875477 19.322617392140046,29.056416437848025 -74.06473029622722 -22.099008460378847
-8.072111982308334 7.026791578236456 -2.8974296182670827,-10.613605876679708 14.28352595103265 -4.081033119668909,-20.105480841858686 5.942112425627872 -3.6567807177346494,27.753550806392354 -7.733927643749638 14.781589799131957,7.0898672573500665 -4.210465553590628 10.09326238901192,-13.018833794431696 24.8070977117481 -33.113855101990886,27.090468258884776 62.246018270262 16.507149287081432,5.461126837057881 6.444145478912093 6.8694437702183375,-16.32740489375898 -42.095256477416015 19.051599566296254,29.297137850156876 -76.2755411549481 -23.181174829300936
-7.703038376726296 6.3989399104365425 -2.495868467308319,-10.168788633919538 13.60692782147635 -3.8479272954137302,-19.922271845179363 5.802540700053782 -4.051964960049299,27.403757200295033 -7.990273321968847 14.797243572594823,6.77392675289733 -4.444653486062124 9.514790121153055,-12.721219835937251 25.521715806494285 -33.99968975362535,27.2138330814714 62.75313749730222 16.747800313865277,5.256295144337697 6.290342478437346 6.512080216058264,-15.887882498580431 -41.6615544978679 19.139258085333164,29.34099189717438 -77.18250935958334 -23.64958968270399
-8.392318656081386 4.902107621863603 -1.875316361027088,-10.38833938633481 12.369629316143158 -3.2964057812321848,-19.939133189823018 5.490259376182998 -4.42811044143326,27.616013580281713 -7.94129665473979 13.875422014438588,6.741464442256558 -4.708867857304078 8.29289987213295,-12.741263907829957 26.24766233236455 -34.85740871609839,27.272265192240035 63.12046249231992 16.938338232988357,5.428622138287796 6.189039399115009 5.765423083352784,-14.908549476074331 -41.35014160907415 19.605305016874745,29.25020375077489 -76.91716510410063 -23.553412999147895
-9.651600558733668 3.220661586301908 -1.1775335597066787,-11.07234305594902 11.104216855486985 -2.6373077783471066,-20.01137002521193 5.168472139868903 -4.590880849920964,28.018851448634198 -7.688418802777174 12.519718602048007,6.860131316613652 -4.954716739345781 7.0024075301708315,-13.00658068444055 26.656774271076248 -35.36158173598736,27.299789683024393 63.44599256185167 17.11184937486169,5.750735993268 6.107572460577339 4.970033137838081,-14.042853240335708 -41.469045702876 20.382909554635837,29.11772255544876 -75.91632880230671 -23.089735942018827
-10.842486244969153 2.09004801948021 -0.5898545090577714,-11.905286750439506 10.324249256878847 -2.168731817734839,-20.032934169853252 5.036015088877957 -4.364986298048944,28.25095818053379 -7.400524546560854 11.389057710486709,6.933708307454322 -5.1354261525488365 6.2669371369712765,-13.369158736528412 26.640541620190135 -35.41314848153612,27.305640537174806 63.66886457896022 17.230520661851212,5.9306238942444 6.008702379236218 4.504203403275182,-13.963365080874791 -42.20577256029008 21.30198795641259,29.02240221210885 -74.72455345932391 -22.51483359674516
-11.455644322495917 2.0115926435374223 -0.290189261264171,-12.57849684178003 10.346717757763079 -2.1342153617161976,-19.962890400531784 5.225233501758817 -3.717584824481488,28.111982446932835 -7.233273425042945 11.010818893283922,6.824011857940515 -5.213189709190237 6.500069827673354,-13.698858552298972 26.43437973610981 -35.11352815501381,27.27946029906104 63.646318850642515 17.225897013892634,5.774411709449117 5.876299391429247 4.6100451996049046,-15.005454675870316 -43.55894549893647 22.11043757367786,28.996048984712278 -73.77854235108418 -22.042854755829257
-11.313800008082332 3.0346850368817453 -0.3852140031328517,-12.903097410774985 11.166736386734062 -2.599656651340146,-19.831083355937245 5.724764663936508 -2.8270597708433014,27.649907148141665 -7.261992528015176 11.54567661571805,6.543789739269229 -5.163946423172224 7.711083400615287,-13.950803934085881 26.5049004280986 -34.649056939914296,27.21197822308878 63.29487510747617 17.064072432483755,5.30514222946471 5.734743418719103 5.272333222354662,-16.961631535858036 -45.305668946134546 22.5491110093561,29.017480454525206 -73.26542687012397 -21.77483700461874
-10.612218306386957 4.721947426432823 -0.8672830324216307,-12.866566090355168 12.452441511354325 -3.4131833595597647,-19.721480555070247 6.371117389734524 -2.043496686446174,27.137075367599017 -7.459642547299309 12.721284488596694,6.26624215707761 -4.982762049428248 9.475457457135473,-14.167259211900026 27.244309558417797 -34.16480369160734,27.114129915848558 62.69351020340562 16.788966677435308,4.769282511280125 5.648272052481066 6.220449839558422,-19.138356723862774 -47.03182868349408 22.461489909955603,29.03512642120286 -73.11325184905067 -21.68764975596492
-9.790376673319315 6.3345996952562 -1.6122854843565422,-12.612112925521025 13.681376631350636 -4.272528860126869,-19.735865017868793 6.918896885648911 -1.742554642369011,26.93684561763214 -7.72523545795576 13.973010086255623,6.241265518714011 -4.6894773027137475 11.100993034424274,-14.418968089866908 28.654727996717014 -33.69926760174203,27.019820615465903 62.07474543405351 16.51240015009078,4.5205090635279985 5.69647985942024 7.061138963911084,-20.65619408790013 -48.241978870759915 21.885916617250608,29.004955749888584 -73.10777172368078 -21.683652334957657
-9.306989394846342 7.166095004387328 -2.4250104608228717,-12.35535284481466 14.370773175577925 -4.8702759509051825,-19.948478469890375 7.158083616931274 -2.137071106329927,27.319958648757307 -7.941983128215787 14.726677290480913,6.660914863095903 -4.329867164973386 11.927068207447654,-14.731171336425222 30.239505024771628 -33.20528609382736,26.96912144745084 61.703178704405744 16.354464832075895,4.8374626098902285 5.9359337132645145 7.478351155072251,-20.851088107158247 -48.5326303464268 21.071914062706423,28.9222853924376 -73.06544215493797 -21.671062228734062
-9.429849629360476 6.869807414036251 -3.1167295343559998,-12.280028338129622 14.299320246978365 -5.0462003156221975,-20.369349208489716 7.019995489675406 -3.144284248190469,28.321389430654285 -8.032104944330246 14.683949774820878,7.546955435129016 -3.966626874251879 11.623724658090698,-15.048770916945864 31.212905411985187 -32.628437475646926,26.98215956137773 61.714298834234086 16.37007861591681,5.770955029343608 6.3673532033540585 7.3962446370738295,-19.581989617370866 -47.7702471516249 20.393373696613835,28.82902234706587 -72.96274998445 -21.628686283543594
-10.13564977899701 5.619045532081451 -3.5824195940764634,-12.460954804622741 13.610768806888021 -4.8697382304134775,-20.933785758256644 6.616520364991871 -4.388040230213985,29.71280317056264 -7.981607709233702 13.966237697377158,8.723235647778143 -3.6590825525502284 10.347980021926087,-15.266643467860332 30.94538374878761 -31.984378518354116,27.040931307579505 62.01484148105847 16.507908342996522,7.103249470924316 6.926872501368328 7.016650289736018,-17.294739694528936 -46.18917491923361 20.187187117082324,28.791060983739694 -72.94565377020945 -21.616946824382914
-11.154717420608396 4.014890153848106 -3.842142160726284,-12.845695464927498 12.740316426111432 -4.608686865084489,-21.524832423636127 6.189556680833324 -5.350037825938167,31.10683726686016 -7.827870112120387 13.04309236972129,9.889422713379927 -3.438435825402706 8.676658780324626,-15.303467468038539 29.39378853435043 -31.38538955847515,27.09238842886344 62.31232153771316 16.62982578304131,8.442854072766185 7.508207033868882 6.707019258438833,-14.81145908337039 -44.33949821976006 20.59460461597829,28.85725873723043 -73.21060913357704 -21.727311014898234
-12.123869584786894 2.7829702561910112 -4.0257377582525224,-13.296120684198462 12.191545068422666 -4.5967049729791984,-22.018512153319595 5.993258138169796 -5.604810036177902,32.137918335344935 -7.6234594871513774 12.48140914482994,10.75612995379138 -3.2912788253231096 7.340993883347254,-15.163050750669395 27.23582936149579 -31.003795709126464,27.073639033610107 62.265583645431605 16.58341596758013,9.404853642250021 8.006119408651431 6.79509752904378,-12.948617376889242 -42.875404742241344 21.492166363078855,29.022665401368247 -73.82537251354691 -21.998871226823002
-12.76306515860242 2.4093547427188495 -4.3062331019227855,-13.66277442400099 12.270645251020202 -5.063614918067917,-22.328290216178516 6.166998824606118 -5.023149615858214,32.62112975094344 -7.400062111662393 12.645180314023921,11.167220300581153 -3.1630440024831232 6.886404267376674,-14.931217211896703 25.573170194851908 -30.99955482841616,26.946406139957748 61.6751343360486 16.287938219198168,9.780371987903237 8.359586345121176 7.378614607248245,-12.148751960888497 -42.25777597352427 22.557670389611097,29.217985622545818 -74.6004162482808 -22.353452873433273
-12.989265760875146 2.8994395276171097 -4.812557122895319,-13.852653665760831 12.912469535916252 -6.012548938622801,-22.424799896261764 6.6631933113315815 -3.8379462702802836,32.60281461180559 -7.152433089974595 13.50233128063715,11.143483339230924 -2.983903579098038 7.420749997388855,-14.699276827994984 25.31880979309531 -31.456291893423817,26.721268815966372 60.60510534557828 15.784670257056879,9.606073518942647 8.572584068322076 8.25287467192589,-12.30077873960417 -42.507002706512 23.44291369702448,29.334328957701338 -75.1032367844771 -22.595078337698318
-12.920862961760253 3.7821046369924844 -5.563339880578267,-13.859337321331434 13.69156097700025 -7.2059976135692505,-22.32157033328889 7.267400354512448 -2.5334788728696167,32.27964093281865 -6.848091321042231 14.64011942358757,10.82865698948866 -2.706664645974384 8.573669232260553,-14.460513623269527 26.598686299610744 -32.356586209387295,26.456905976353063 59.364569993328246 15.221656180736746,9.102065332438006 8.702169517215163 8.998078168539614,-12.828732749358817 -43.14250012343724 23.95990409245197,29.2735791313336 -74.83377603291672 -22.486703832562167
-12.784512647687876 4.355529800221801 -6.454343213462952,-13.74712705829483 14.019399480413217 -8.269543220832265,-22.039371063214322 7.701869144108042 -1.6104041597440646,31.841226673573427 -6.453438782428573 15.481835030834306,10.37671833448961 -2.3370128920073734 9.68688146833695,-14.05624306533773 28.537609646323503 -33.596310855987795,26.233218560775942 58.35468057576477 14.779789589377833,8.521527947663337 8.82125573549418 9.183826313358875,-12.997384463446737 -43.371100085133 24.17145178783892,29.00012123523126 -73.48727705582385 -21.873360569290696
-12.78252931079258 4.046995235176337 -7.30637068961358,-13.604802974529504 13.43355968244329 -8.864176187617186,-21.576925478881904 7.761532186347637 -1.3453730535715624,31.338217534658725 -5.959590743165178 15.59218491213708,9.853973483011615 -1.937520468857647 10.14157049312573,-13.228143064552848 29.61961056876792 -35.01299027732409,26.112146204396026 57.86471170461881 14.580720721123003,8.00462080396061 8.977258215853945 8.585977209596923,-12.280910655862073 -42.46533985563796 24.325516419187203,28.56730535906229 -71.17162895238442 -20.790074894656193
-12.99147635874808 2.7023534489617234 -7.95087773054855,-13.49720023393847 11.835623243889172 -8.844542969769847,-20.91299025880101 7.415046213256897 -1.6692932742077728,30.66274114343654 -5.394369958437112 14.91240116268813,9.21933153124502 -1.5992188972076045 9.661624809109773,-11.770014688970555 28.494978735059632 -36.4022053267274,26.10757656165024 57.9303787983348 14.627895621969756,7.523843795113414 9.16971967518005 7.3043967756506465,-10.616662170744224 -40.163969632362395 24.662899482998004,28.10364404137598 -68.45517176071219 -19.49347985658253
-13.338710591236861 0.6610157355406647 -8.311784392918199,-13.438881576655987 9.559003071992374 -8.327694597035745,-20.0437800299439 6.82113687523917 -2.2271848198891564,29.657616021547227 -4.816975205780188 13.803155813291255,8.396293747741241 -1.392498745545218 8.44480232848481,-9.701300601579268 24.824686833412635 -37.51842761151483,26.181333623440697 58.333768660754515 14.813677399937793,6.950892129374286 9.358821464781947 5.722476568830597,-8.428866868123917 -36.892111562087926 25.20957676825789,27.763560801715343 -66.19783859925298 -18.38987488052503
-13.659380689651371 -1.4135196221114805 -8.443629533459447,-13.398073742170581 7.233114047006046 -7.640660694842173,-19.032566587553127 6.252947773017719 -2.5868348753742803,28.285659445732964 -4.3016046108372965 12.873760764580613,7.390018902552904 -1.3227329389194558 7.060777362863693,-7.352656870998924 19.678101510896347 -38.083705382447285,26.267950455413008 58.744527921605474 14.988188591522428,6.199562285433251 9.498607779625013 4.331920334270823,-6.422537099190926 -33.66621063689446 25.68772339281538,27.665194740317176 -65.22578912522954 -17.88340991410733
-13.796195555807895 -2.8514995233925218 -8.50735389006477,-13.321360370486417 5.511953572781509 -7.173134690209242,-18.033085738239173 5.968492944111534 -2.484150109613514,26.74376521019988 -3.9199602307231665 12.686390204354918,6.369247625311322 -1.3167607836285786 6.170913268713807,-5.287569452395568 15.197483314281023 -37.835752045547295,26.314606690632086 58.92144295574908 15.05033188717487,5.350437799244894 9.574126375192659 3.5145933386897097,-5.257232577075808 -31.695217083937347 25.623016088628315,27.84400181575622 -65.99154227998058 -18.209758177147968
-13.687717179629418 -3.2761961069648926 -8.6950179224462,-13.160619875568702 4.800175628881243 -7.205058445718267,-17.25776881900391 6.090748602459525 -1.9732542162639937,25.430741795770544 -3.7290848773106493 13.486129087283233,5.648246663483073 -1.2522232566751672 6.210612149661639,-4.071732187503929 13.62556225016608 -36.62481802449671,26.313452968987047 58.85790094273312 15.008373119986247,4.671024351357703 9.619076444072945 3.3911805370106136,-5.260700616874264 -31.844901206741483 24.61511267273224,28.24247920757696 -68.37416322199188 -19.330811446838034
-13.40321828046844 -2.737625347259643 -9.138781072519851,-12.88732148140015 5.105422511622461 -7.787548247335963,-16.89367996473386 6.554222845971523 -1.4002311472082996,24.763891743986186 -3.764300575934709 15.090078510629777,5.5618269984042525 -1.0191349963617526 7.18870316384114,-3.9963210306357726 16.15835419149126 -34.526928753143544,26.306981255824788 58.784677631433816 14.974085378578135,4.50664995339879 9.701722607840775 3.806147858897902,-6.312499385163995 -34.215592660217126 22.633181227916197,28.7379734247201 -71.70960007457882 -20.9385943389914
-13.113244792272205 -1.6295266211655675 -9.846038265426492,-12.49143020075605 6.076769085075316 -8.727111053454339,-17.005830289487573 7.140519742275227 -1.2139319879463106,24.938275725588447 -4.032814659900826 16.983066180297627,6.294078262212951 -0.5839318876862574 8.695013560054413,-4.90506731505813 22.225204579534147 -31.907601633231582,26.36164471166879 59.02308363061658 15.09167854125045,5.097385339844578 9.885599981870298 4.443932585475954,-7.936899879755953 -38.04524277453881 20.161749786915074,29.192201149930145 -75.03296211927368 -22.565572564406285
-13.016778648650575 -0.45478905575043216 -10.689315428096162,-11.973817219963973 7.194344123133549 -9.673421440363528,-17.48558563721078 7.5817520505983085 -1.7146363564104954,25.773461522080723 -4.505161551561891 18.561062541717114,7.757949172532267 -0.02159592677157618 10.10182353759941,-6.235183795217787 29.615246848175964 -29.372864577240986,26.522858298871537 59.76687903550199 15.439948223124478,6.426766345643208 10.187151268611819 5.004021710015016,-9.541005094087645 -42.00087743551079 18.083156096017376,29.49752025487295 -77.41852534579783 -23.750091821274047
-13.262522345264163 0.4226568939857569 -11.45375318967384,-11.344336895811885 8.005163778379085 -10.265183863046587,-18.085960591962042 7.679780551405234 -2.8746465133464576,26.758476118305857 -5.1076848302421345 19.39292849209977,9.603530705407614 0.5048236350572588 10.85220052349491,-7.272836301521879 35.44298129598597 -27.59153684644515,26.776002515740185 60.91515788643054 15.962612133470923,8.197217421284963 10.555689634765375 5.3384800450495264,-10.669837125983786 -44.732879524753656 17.31707320527162,29.600169028304357 -78.26803887088063 -24.184292265448565
-13.897773787592456 0.9090501583392072 -11.919658999012487,-10.63087301756137 8.289610614272508 -10.26791341954203,-18.53996346089528 7.385634282177053 -4.326560572952282,27.298690791950914 -5.724633357436269 19.371886601107164,11.365069460214674 0.8119446082986148 10.694006021790292,-7.502282980264474 37.4963704950528 -27.044074354475395,27.036546589752415 62.05585685183038 16.468386356304745,9.958145415510531 10.889639776475919 5.485081969691579,-11.154257597598406 -45.4337745060639 18.37625710660119,29.495851011339074 -77.4381104410135 -23.786974355356513
-14.859623400779798 1.1429487563980318 -11.944319801521598,-9.893028681985816 8.092430233471555 -9.648810663233794,-18.70663815479857 6.806934620511067 -5.526240848584416,27.04618719520996 -6.2179259051513 18.695632778283553,12.677018440083947 0.7805645984496248 9.75605523074277,-6.86419357149478 35.285130139318525 -27.808832884731313,27.17823239527209 62.622037829350525 16.706094418646625,11.32383793089961 11.08293466618395 5.592821414768686,-11.093255840855075 -44.137073229085544 21.063258660471945,29.208894187776306 -75.1867636910923 -22.68529782763316
-16.002211170303678 1.336277781420982 -11.510830319281972,-9.226518071403842 7.629719721463558 -8.568025472024186,-18.663132527580114 6.14792228789407 -6.006413781876854,26.13011831024732 -6.464748075623419 17.70810182474923,13.443973819146564 0.4157578911004638 8.448253977953794,-5.775410363160971 30.23967439689892 -29.499180206215087,27.088559966855673 62.15174352927257 16.4804137997486,12.161337516105487 11.077923409893039 5.796641493899406,-10.702130472207289 -41.61918681860059 24.48211375615817,28.77345822475546 -72.00640713255021 -21.133210625899437
-17.141527233683245 1.6057736029665408 -10.728466760984558,-8.746992630842794 7.14443374966452 -7.303414660050883,-18.68003370289824 5.617384756600147 -5.59183678553741,25.14042884233205 -6.401653102057601 16.704190048022152,13.867175106099086 -0.14850455464818024 7.253552742995799,-4.886714262173838 24.944998572778 -31.40375009253503,26.72580950992531 60.52540533938188 15.751780333847739,12.63879857924261 10.896230491394487 6.121171160827739,-10.125115131207158 -38.965392684928005 27.38982842135475,28.23004944847954 -68.44884456166744 -19.417685982979588
-18.0994858548947 1.8991799381822068 -9.789900484589637,-8.554364182527351 6.795793193797501 -6.149279381438145,-19.07655841362403 5.349826073852606 -4.470615977939998,24.84521816011615 -6.055817989758314 15.806019985671682,14.305307364695619 -0.704714227489804 6.522609182622411,-4.702106645867426 21.80262933173084 -32.78303818321926,26.149436002224647 58.06217362710471 14.670840856803114,13.10001005353013 10.62988703627246 6.4684117877891065,-9.322142634548495 -37.027629546694605 28.738093784945228,27.63676308171058 -65.02186584481345 -17.79607489368528
-18.737560031435237 2.051687185735408 -8.905780404323597,-8.693126917087767 6.631174317501742 -5.330427141483073,-20.022162766691824 5.371981847229718 -3.093694317444068,25.77310372298326 -5.545610832404418 14.966256393456362,15.040087164148542 -1.0619631272687922 6.364613291908281,-5.269703959278608 21.822404266967364 -33.18972546195021,25.50734362362134 55.423802104009326 13.529591014439264,13.830247137441848 10.396110221893451 6.689049655545064,-8.092092811977324 -36.05053416382772 28.147950818384906,27.08139680064462 -62.16916777726355 -16.47742503479473
-18.979106278168437 1.922552187486065 -8.241722280093619,-9.130844342352546 6.6300374228756915 -4.95581110016594,-21.391825405405992 5.619863473158323 -1.9626218630324612,27.881689716858357 -5.04463515415707 14.074915780743893,16.07556569594422 -1.1280879055945412 6.6656682969972625,-6.126484391951568 24.181042685174443 -32.656890003618905,24.983576124178928 53.366719775286015 12.651163988248898,14.845785540972635 10.278904690061145 6.685625670788764,-6.216551185009553 -35.64704974652154 26.08032581248619,26.676842597201667 -60.282060082043365 -15.628379200673928
-18.822596044152846 1.5127133926650467 -7.8772560269324385,-9.77005107651419 6.766463643312768 -5.013683086874983,-22.76621734166723 5.986524558057839 -1.4174409066817795,30.504983785850555 -4.72065302302137 13.088076627866467,17.08905495915799 -0.944788166397887 7.197408219541989,-6.54502131324553 26.774185385703028 -31.656221063272405,24.72846991575698 52.453114462338256 12.267976090612889,15.833743145524702 10.288255599092572 6.478707531669903,-3.6410576560241505 -35.116651912741084 23.60929066242379,26.531162204091547 -59.673552759531546 -15.370782978314653
-18.344961964971336 0.9806636850758171 -7.795653324219395,-10.490842410312506 7.0352354893613125 -5.395184148138739,-23.59774284756054 6.370375001223823 -1.5266447813364197,32.63327986734745 -4.6742873708550645 12.092137687846796,17.57353695824063 -0.6599150002224536 7.740690767002059,-5.9598312311421715 27.451628397755613 -30.842072300103865,24.80135405278686 52.846751322940676 12.440667895353817,16.290005001446712 10.35871492819415 6.193474101559286,-0.5898103822637437 -33.918092957651446 21.902282208904538,26.70068834665468 -60.48360648858461 -15.751103972934196
-17.68998098061347 0.543912544108033 -7.90319960966027,-11.202452359800255 7.423623766421056 -5.930897076247244,-23.47314090463419 6.701362223682661 -2.119046764801466,33.399425555023164 -4.904487613431426 11.265297706663214,17.10671574754485 -0.45193369929742766 8.158643140256569,-4.339229799390422 25.254490396473827 -30.70842191456654,25.149868284518774 54.274827567117875 13.048498439888888,15.792355108992677 10.388343763511008 5.976432221038214,2.4553826323825714 -32.03111807688783 21.66114860340332,27.149135624262865 -62.55237548574528 -16.691557000659753
-17.036943883100697 0.3318939631208897 -8.069441328672767,-11.87410028885328 7.859475197600701 -6.431438908948677,-22.342001116080095 6.940702296141827 -2.9201175840709857,32.52366960129518 -5.316504360087739 10.767082721196655,15.607557700350148 -0.44425783678577024 8.398045083521211,-2.2830671597252343 20.973590367769997 -31.334147134617602,25.63326646371374 56.15892251638077 13.848159786212028,14.26485799549282 10.297471636014803 5.8976037685677385,4.909752940944683 -30.008479810645813 22.800742307095017,27.73834617341275 -65.34935952055335 -17.958605791865722
-16.552094949723866 0.29269060103354816 -8.176308786867052,-12.524784978257522 8.191306792952181 -6.730045064561161,-20.585344973701538 7.066840861010392 -3.705854901492491,30.476796720273494 -5.7687604641940435 10.633866960966206,13.439592677495437 -0.6504986770433614 8.446933241507683,-0.7669464479612422 16.7232322219524 -32.348667259271494,26.07797104256601 57.84590404736478 14.569577492553517,12.084926606236605 10.07615344187309 5.904119707475713,6.301473458297153 -28.69326650684468 24.523591562652662,28.263710108081845 -68.04225538034227 -19.187328678281446
-16.33609320488736 0.22581950249660343 -8.162477011503467,-13.17490051572667 8.238978688159749 -6.7254019488322765,-18.872541923388376 7.065991192509411 -4.390182293125484,28.260850105196862 -6.1371711213166575 10.754686474078127,11.295020509209321 -0.974665106286156 8.298987237693236,-0.6476502452068549 14.76943251791489 -33.13534706570758,26.341025672138358 58.83642308847887 15.006728012548594,9.962012826590955 9.795180737095638 5.859846060695851,6.443806834511536 -28.761693219449143 25.749325909376182,28.52513346863743 -69.72499067718286 -19.9750889382656
-16.38794719483661 -0.06663551628656794 -8.049378459896625,-13.7870160158644 7.903477599002229 -6.416502880370746,-17.86304169568551 6.937841100171146 -5.01089188324753,26.907837031878568 -6.368051778362023 10.949846186181762,9.906577783450059 -1.262425785582879 7.9600509907052475,-2.186227206492441 16.2655971160912 -33.164296958365355,26.356090397427504 58.92463593015956 15.070969731073607,8.636505117281374 9.57471088271046 5.651143135241308,5.479957921335962 -30.34681264570001 25.67866711004491,28.404457831294568 -69.73329418381113 -20.017947607177653
-16.60336947780008 -0.5992995321589194 -7.938130627197111,-14.234192195594774 7.273845223745904 -5.914466306460961,-17.89508399853362 6.712220583454054 -5.642354660589674,26.951665197370737 -6.497145543124389 11.10696040108679,9.725282224728312 -1.375300557743306 7.492100249913714,-4.852176153369757 20.60103254291389 -32.27730811749065,26.146492471887996 58.21326772561868 14.795881227326694,8.544899492646197 9.526645481591649 5.2943022005785485,3.7813955807024437 -32.95233581260981 24.206116984253867,27.913904516445065 -67.91158275811463 -19.23191553127011
-16.81249699114675 -1.1125102679608 -7.974010050026152,-14.323531934986057 6.653760504627806 -5.417311907686161,-18.818829842002636 6.461096969367714 -6.302932187694548,28.150826279567916 -6.628728255985628 11.28732892397143,10.722497570737568 -1.2510058692914894 7.053624507832536,-7.533510953191627 25.727230499354896 -30.773814970498073,25.804923540932514 57.024079473441695 14.303702158773266,9.619203622174268 9.700129054588297 4.973477078561747,1.7545361373808173 -35.70406052937139 21.97616019010598,27.191917575852507 -64.69893480533476 -17.79881824547295
-16.84416772696177 -1.1476908444676366 -8.28680720216305,-13.873972539177553 6.465229421909633 -5.1463015964551255,-20.06415293045589 6.290073549149275 -6.919845718209185,29.612762085990557 -6.886593999329575 11.726859888062092,12.412883509186305 -0.9233249060739166 6.88839401367092,-9.063070848885257 29.28124305826096 -29.25455946009559,25.452358379513704 55.75878900909038 13.75452082857335,11.321978305036257 10.057253241706892 4.974787159193269,-0.34324441474248646 -37.798967060566014 20.061725880800626,26.44736062314562 -60.979085257194626 -16.107732829195907
-16.59075759434007 -0.2708868234263697 -8.927704685602812,-12.815218279609354 7.056328848885108 -5.262063844953026,-20.91580283864974 6.305133982924087 -7.370719953414664,30.260335703014732 -7.359369035274232 12.715396195374339,14.083434451386461 -0.4971235521018574 7.243439459928056,-8.796231086874812 29.87836493333918 -28.31052422111631,25.19440828367274 54.76862988677812 13.298053503782247,12.898532461020535 10.489974231980609 5.542491763930316,-2.482901203847855 -38.90264885271139 19.43457824654358,25.8777817472906 -57.75202850992106 -14.612675777989951
-16.046496866109358 1.6667021746802506 -9.829806574456981,-11.257184825411073 8.504245337552101 -5.79433469941442,-20.8615555598228 6.566679130983738 -7.568301714016929,29.39873501965544 -8.061949837907456 14.412218529531586,15.111963624652514 -0.09611176963856227 8.244840822438645,-6.936968232366824 27.84863313585457 -28.22698871234012,25.090593159773846 54.2693030939282 13.03900174431881,13.71853724448497 10.868311544761953 6.731947932722861,-4.797774945638094 -39.27502754574256 20.49700304867108,25.599340716523805 -55.772871419346345 -13.668893514588083
-15.304374374049384 4.377431541134278 -10.814407356413657,-9.487782264986862 10.523290005843192 -6.61975403051327,-19.83951463528235 7.053731383754647 -7.526348428884732,27.086364237482037 -8.92500541460496 16.69993337510793,15.219172010739351 0.18846531315799187 9.79637625817524,-4.433807296371079 25.00052165446671 -28.861114224964346,25.143889236114028 54.309860010544156 13.018103504545607,13.538461530084707 11.095149976756817 8.342273120412978,-7.408614366737571 -39.55616811634767 22.90392126467369,25.618710440342472 -55.318354570962036 -13.420554839338937
-14.51606590478439 7.193819757588283 -11.647703247953617,-7.889155324987126 12.543568952136093 -7.50399302095368,-18.26129169735689 7.659333573835438 -7.3576483079323305,24.116670603607474 -9.811794249289578 19.16611844187299,14.540430014773573 0.3249120595623056 11.566226220264864,-2.491713224199377 23.540506620753863 -29.7531123545703,25.309138818253405 54.78512981720341 13.207192878979818,12.563807541922056 11.141601634083528 9.972797937965666,-10.235737940615005 -40.33444633302658 25.749633719253683,25.85488316121178 -56.17391909627863 -13.785592269424601
-13.835690540161178 9.323945916118909 -12.129089013393681,-6.803184850948096 13.938986810758292 -8.194580738072213,-16.802848531494416 8.22382873360409 -7.200619585682313,21.624362015097624 -10.55256251316803 21.236826381047905,13.501272640853912 0.33650943843451353 13.08673888377503,-1.9512181998301275 24.754902995478254 -30.401033861572955,25.51332204314135 55.4771527121745 13.517681604659375,11.298116700447284 11.048620064925881 11.181999332408509,-12.906759564854102 -41.742724867868965 28.007738015302074,26.193558648099415 -57.820974345879634 -14.533514100456781
-13.373231480551876 10.18699059147497 -12.173740388277219,-6.405070332344424 14.29978295551701 -8.52415771684865,-16.073815924567956 8.593435430441978 -7.1197396012500995,20.527611104199813 -10.984550523752658 22.403705135224236,12.58004876817218 0.2748600142395392 13.93214479127795,-2.8604341868828262 28.20187906255196 -30.54035127223606,25.679496273601977 56.115828883683044 13.823602523825523,10.27432627106759 10.898280008116695 11.6717499162344,-14.825087868172124 -43.31571128734949 28.993121689378548,26.542276339855754 -59.707204121752326 -15.406677663640847
-13.175206491467003 9.660858052200643 -11.849735506240076,-6.643649973406024 13.612854716292475 -8.475564224275981,-16.336008456402155 8.677955197294448 -7.045899900713687,21.100593884889207 -10.98859998444114 22.43316198205735,12.089368864962942 0.18965277480382214 13.892777672115997,-4.466567247899931 31.884255659521237 -30.271270368267047,25.748076922648313 56.452139809548584 13.998280910891733,9.815303613614706 10.772193902586526 11.404724895982355,-15.385379018284448 -44.19929426676081 28.61959303846114,26.858078448263083 -61.45466119394281 -16.219444205689353
-13.234049608440841 8.11446779864022 -11.347561169697336,-7.277444717933308 12.254289928904871 -8.17650564202958,-17.411201921778197 8.48118085170368 -6.801615677710361,22.89431010731051 -10.51734925670166 21.45225879692294,12.08254178565847 0.11061844545635724 13.059470737896104,-5.632144471909558 33.32870687438188 -29.967262823085903,25.69169396095355 56.33263734429257 13.957063557761545,9.939940809261746 10.718116997693485 10.59742199031648,-14.24525133049857 -43.608053285877816 27.346342497083704,27.13836110351343 -62.91367643922098 -16.890515765786088
-13.51310932357781 6.208095953263815 -10.89114886301325,-7.99033890625122 10.79401586458394 -7.825726630886745,-18.814531975858806 8.090920130346957 -6.2047753896708056,25.031541169770186 -9.611637709048622 19.869367385935142,12.411192513423362 0.04653636310626652 11.773560996428227,-5.455423319845213 30.986331322917472 -30.025513886403616,25.521481673476018 55.75440486818159 13.691270354563118,10.440703872072259 10.738337042070983 9.596621072242815,-11.526015029335662 -41.28698961151802 25.872075333383695,27.38825301350885 -64.07107935240278 -17.407908006161993
-13.969067817913809 4.5664784012991415 -10.629824146571238,-8.532843068995493 9.71185591065379 -7.587537015622486,-20.029993500892992 7.635375910182652 -5.194209123739551,26.7004155590963 -8.400894704209001 18.1735903456495,12.873960074019124 -0.005183339508221252 10.465327527815923,-3.765810862627564 25.17858460029413 -30.610911793079406,25.28336869674579 54.8752156829212 13.27673390103329,11.0618732787575 10.800344030557692 8.707378566511318,-7.838713026106753 -37.72493832706916 24.758133397912637,27.591021711396383 -64.90806269661876 -17.766509629451317
-14.55979455564512 3.4948812280935266 -10.563602860796617,-8.82326689507357 9.172821767975446 -7.508566699627092,-20.773466916269335 7.228411891543281 -3.9020510414921836,27.570587383719015 -7.08295890699479 16.718469519848075,13.352605596622723 -0.049601312824210535 9.460690137035748,-1.2323075166522575 18.05067629051024 -31.5477019714303,25.04397442284366 53.96312564050768 12.847797229432114,11.65950733374267 10.859296717797022 8.063076076835387,-4.1067272434768345 -33.99542205385128 24.180242882157295,27.704135310902785 -65.32465194051342 -17.930810561643078
-15.238222784418378 2.881999893312795 -10.541405490593,-8.963736168145687 8.97886390423448 -7.499922690839545,-21.10382252407843 6.9299059702558905 -2.6242544716123195,27.90955322057792 -5.882403870383626 15.599248999537846,13.852929815840355 -0.09346514285811924 8.85155781614402,0.9701985484277537 12.533411022450686 -32.42545571707845,24.868208422297545 53.29364792160527 12.542701362488062,12.248786701036115 10.87850583063581 7.601210771439356,-1.2488123782375053 -31.296746640331186 23.92084948776243,27.685376084159504 -65.19253795292639 -17.853138570747262
-15.943355054426332 2.330069791192379 -10.337299365256973,-9.168223935099874 8.719484044253297 -7.394190684079174,-21.333308549874722 6.737629406755193 -1.6975587969586794,28.351225995221014 -4.9946712020893 14.67795872618506,14.436936429267227 -0.15124013192556962 8.490690216443852,1.7571228454901124 10.858303352544274 -32.85879983276876,24.794370729966207 53.03057378905196 12.441714447756711,12.923149810778753 10.839003238222366 7.148470128089874,0.14668819739023764 -30.421332363353045 23.575144078223012,27.532109642432562 -64.50154380433307 -17.53515136194805
-16.601348079254766 1.4292570985965796 -9.770120006573938,-9.642154429726014 8.03552882639711 -7.047262334956546,-21.802386015390745 6.609755340269489 -1.3457854482829936,29.464974078033077 -4.532527362790373 13.728406877547283,15.105532781602564 -0.24969854449808257 8.106009432587841,0.6765847927792912 13.419892564830489 -32.74696888474689,24.815628180431478 53.14238796137249 12.52627359786667,13.712975265736022 10.737964615389696 6.559092330259321,0.01700234626726438 -31.420229014195364 22.8322841796783,27.305747293201915 -63.48895495441111 -17.084856773782896
-17.141999698641193 0.018118702572454737 -8.807281519987361,-10.474557835561232 6.848434526091191 -6.4306651083454325,-22.657230863502008 6.501739176665693 -1.578155143090776,31.381045996623346 -4.495409298618718 12.609814718853075,15.722904999944454 -0.4227471034547092 7.4676722028873606,-1.8843772409035562 18.595714717025103 -32.3744982943443,24.876774603068423 53.398052720165595 12.680601510992158,14.488970175266811 10.582347996136463 5.824214527091794,-1.1946302256928734 -33.62476734852596 21.667028333838434,27.11996694583308 -62.63602133522002 -16.71685029194735
-17.524189862199123 -1.714751879092569 -7.598225403072541,-11.594317090096627 5.42591715272104 -5.664178976265278,-23.760236910596458 6.395806537045056 -2.194804275012834,33.68907137380891 -4.776410948162237 11.367736780614585,16.045668577793148 -0.6951982220281752 6.516825372257914,-4.928344590203039 23.618520068640045 -32.28268146402035,24.89081062043497 53.45387153572729 12.738690862685353,14.985123565867212 10.384807442462904 5.0901190333168405,-2.7622462753892987 -36.00095576177288 20.343322935015912,27.092258293912312 -62.49015409526254 -16.674962867089334
-17.75585938075816 -3.339900035928035 -6.416187538801294,-12.807846611652925 4.245077858353441 -4.969335841138723,-24.781440247546655 6.307719688117939 -2.8949364603742365,35.66509709412946 -5.206544264083891 10.207887901014278,15.849957625931841 -1.0634844607896778 5.389942811717316,-7.37689655207337 26.02946413415302 -32.973604979984,24.772039125815326 53.001001859439896 12.557915593254997,14.937532606380383 10.164261746443266 4.577097141756983,-4.001961183700086 -37.64405629887071 19.246191569435915,27.281743811553625 -63.383231154591144 -17.106641772821945
-17.895408213840966 -4.439629498665055 -5.533007782162947,-13.894907203221221 3.7261180736710866 -4.5659092909489924,-25.4106140526323 6.269448214687813 -3.425399781043917,36.69271953658951 -5.618182664093608 9.364249465305079,15.081528236109822 -1.4862204471591154 4.331998972064103,-8.611733321197072 24.933660296090434 -34.609363591191254,24.47426987959244 51.91179940512781 12.086810276497085,14.257267747720407 9.947561993968774 4.447015576750252,-4.551324040393403 -38.159115785176084 18.65383121427489,27.647823472059223 -65.19801086754549 -17.956608317736283
-18.031442006284053 -4.857591471150798 -5.087162781983112,-14.712776020162472 3.9826910855347846 -4.563830964230268,-25.558808907791935 6.29978132551847 -3.6855509748528075,36.63351122679835 -5.899009291578569 8.943631817201965,13.930827073004387 -1.8939643873781484 3.5522066327918065,-8.742336611143411 21.395655323480234 -36.879697067534266,24.018412730551763 50.31926912794836 11.396063718580308,13.126369685672396 9.766236487654018 4.695317558476239,-4.479362589887208 -37.74695883433638 18.586054636234028,28.056088533438505 -67.33152966290525 -18.948073102928
-18.250381598012176 -4.80312543255865 -5.011134283050996,-15.258791583118894 4.728125706548097 -4.906024159627971,-25.42531342595462 6.380714407590268 -3.731184490935851,35.932779912321884 -6.0115161913177255 8.840651838296349,12.773170350800685 -2.216892566698328 3.1048097557535166,-8.471754082374991 17.78429745908961 -39.12332556725637,23.49600413129449 48.59080035986807 10.658069036146724,11.945526208817535 9.645371010409946 5.1280257394891,-4.183972650023454 -36.97975371278899 18.809952214406493,28.333489504220235 -68.909694036124 -19.678435539304495
-18.608576843512868 -4.751497812160306 -5.056433945511374,-15.665354165052442 5.3937943098526695 -5.391741267590443,-25.38684358397269 6.453249471785036 -3.680719210425484,35.39940943475003 -5.970845135842269 8.774480554404978,11.992915798885731 -2.4176006578929012 2.8600903372321484,-8.65277032794478 16.44321029973488 -40.64906594440335,23.043932921952607 47.202900770687265 10.083464746112359,11.148226630938101 9.588302955593475 5.43655238134136,-4.133520432750177 -36.414106160756475 18.98640390678764,28.347109820350813 -69.16910635251216 -19.793597050185873
-19.122538292393266 -5.195480362413829 -4.906427341169122,-16.13564771612419 5.4019611249377375 -5.768747931424299,-25.77278585888854 6.435225329597826 -3.585563501632243,35.784606818603166 -5.796864186572161 8.427439951714083,11.78353251450837 -2.5112298865748826 2.578652825574685,-9.78976714312012 18.415940660372428 -41.08957562422903,22.79751812681512 46.56641862234822 9.841738694015858,10.978642200589826 9.566203967061066 5.330501816245019,-4.582092064102637 -36.26506537042082 18.860874156074406,28.065906624409344 -67.81838248940824 -19.156083084992787
-19.779413458895725 -6.384757707339366 -4.322918288049245,-16.854708330598495 4.452466201970024 -5.8477440798201865,-26.66051341339653 6.25236934351405 -3.348975899441763,37.39719149548082 -5.4719345938880615 7.607021948962569,12.038082938330016 -2.560416267008362 2.04507415750807,-11.760146785393879 22.906804902353606 -40.59717503526219,22.83904003804175 46.87219835176095 9.998595734254923,11.359256276225867 9.521471752584349 4.660131491487468,-5.398368736524878 -36.315111757680995 18.38413753118502,27.571833525448856 -65.18544216273592 -17.917098560648732
-20.55707245101565 -8.193518601672658 -3.2551217276699735,-17.91690708689651 2.6751479286649373 -5.5818805718418885,-27.816129604573895 5.867843404621253 -2.750003105669272,39.96885843495986 -4.933940592370982 6.3403644882876495,12.400413538670257 -2.645849110910625 1.1864263145646103,-13.897858869219807 27.744290161922745 -39.77223744834643,23.162246689041353 48.017175887878 10.493789370760693,11.929820405823769 9.387281926532403 3.4697069211434535,-6.091857339007001 -36.09097969432668 17.699484927972097,27.01310547367607 -62.060544403540526 -16.448085591503776
-21.43738811608523 -10.183534126040254 -1.858409742095493,-19.29697160024795 0.5710284503090977 -5.073226819772504,-28.822127990779666 5.29744159207324 -1.5666042737823775,42.83687225540042 -4.114203466042162 4.8498580260978414,12.45885611957959 -2.8270797472567515 0.11240479426632088,-15.37718251930189 30.56680034871617 -39.35684430550651,23.66833536342251 49.637083326993015 11.165049341128354,12.244615826737203 9.116119450722573 1.962736381079211,-6.024466757879751 -35.189553363250376 17.01817273886553,26.52409564631289 -59.30597895948439 -15.16117474472283
-22.40158355930305 -11.822995385633497 -0.41561421329514214,-20.867475104753588 -1.2244797323854488 -4.5061755313181395,-29.322294535226956 4.6052475577571474 0.2691365794107199,45.32891589122796 -3.001919719954504 3.4266433708773794,11.981052948910712 -3.1144013064356093 -0.9413605705930642,-15.6721353755214 30.070589621641258 -39.85240373269967,24.19714885749456 51.23065152064241 11.805747891836198,12.023512369421173 8.703451835074633 0.40603209185700795,-4.706445472990288 -33.55582722497536 16.47153879714845,26.155815297973646 -57.434657608036105 -14.310189426335945
-23.40998002411166 -12.740529420685668 0.7976470118446457,-22.445315948245764 -2.233324151535747 -4.044903937593433,-29.240738216360683 3.88333981938165 2.5748216373895776,47.120982237099405 -1.6966257170378833 2.275844117545174,11.05920803180256 -3.4670433831478684 -1.7328940496768659,-14.833952287082301 26.648284148196442 -41.26099941577703,24.583463520836062 52.32881697589514 12.23365466430231,11.317102439530533 8.193528842812372 -0.9737416288173119,-2.0362247436359278 -31.551089919033775 16.03699128760963,25.85656187119906 -56.385507151461674 -13.878730449882223
-24.38171361696307 -12.882232474277373 1.6352481967495576,-23.84285444814961 -2.3359918258756593 -3.749037729043623,-28.84084335734382 3.22471224785237 4.9435094067800565,48.359761817316965 -0.410825265254763 1.4211506392717066,10.078985646094502 -3.8183408597402484 -2.1313207044216327,-13.43981935623204 22.09870168750191 -43.08422509728762,24.71787464244829 52.65109127368093 12.348038991744467,10.489501625452295 7.662919235141582 -2.0523644069531897,1.6278851640416647 -29.774061533660248 15.582991758477148,25.51545233544184 -55.62335078563482 -13.618267070666136
-25.19410928460474 -12.499877996229813 2.1305312470051296,-24.90662222417737 -1.790337069620226 -3.5504292744788692,-28.578952239444984 2.699175690447461 6.888889323144998,49.48362429795252 0.591597973826751 0.719977420933553,9.520479566359132 -4.113176664230618 -2.1725961700845007,-12.254324780838243 18.601995936945677 -44.57653113309944,24.589133070340516 52.199960189102 12.159708705856618,10.022037808605472 7.189329810982212 -2.8106463040942,5.594798814235908 -28.739228637979725 14.999102211740107,25.046195420685304 -54.514636960938674 -13.2184012228186
-25.712597380242784 -11.993184531213181 2.452931987812322,-25.540127182902737 -1.0740258133445506 -3.3011481203881368,-28.82764426494714 2.3387826812728143 8.041020577674244,50.85789530093074 1.1002780277856878 -0.024217438122898116,9.694236964007647 -4.335875467380708 -2.0303973715454458,-11.803763485949105 17.544189312998306 -45.11707368296168,24.29104178416533 51.265758161126136 11.788135436761968,10.242059425755208 6.821632717778561 -3.2937831624596017,9.103360237182082 -28.595863564716513 14.320608173340572,24.46398326586909 -52.772941253321704 -12.516825782176745
-25.844339312193867 -11.703637308107483 2.7986970768617248,-25.716958366297792 -0.64414737776492 -2.8659131064891925,-29.625716244278436 2.13496880563503 8.294142641106609,52.45448301912822 1.0576174814444501 -0.921188430315107,10.55601675002658 -4.512282217677868 -1.9244388856666221,-12.10507978862642 18.833917840538856 -44.5059635567495,23.989930569625667 50.34023686674803 11.427698629034381,11.12645658911271 6.566681985639718 -3.563085043488511,11.597023959187261 -29.046110372595397 13.758141932288531,23.908998073714468 -50.71857219195866 -11.629916393588925
-25.592004791419363 -11.772016283053887 3.275825788823428,-25.49013122085747 -0.7394732121268399 -2.2101661582932226,-30.60682418861988 2.04635714058224 7.832040002931925,53.7848846896417 0.5994040124560351 -1.908134605379116,11.706294082888885 -4.685062967980384 -2.017697581821368,-12.696231395612362 21.061304868204804 -43.036904492787855,23.86352758236835 49.961138465081895 11.290612238231025,12.292376658264427 6.39919363263461 -3.6698978894395684,12.888230916786451 -29.507984713806632 13.60080015994804,23.59668745812218 -49.187713629980585 -10.923474286391782
-25.078635399391267 -12.123215303979599 3.8436937154357547,-24.995290613535612 -1.3147021507257621 -1.4383106795791454,-31.165028579011015 2.014552194363814 7.020903802858635,54.14882945383757 0.00856259271158688 -2.7688897454730075,12.583100706406976 -4.877502506058153 -2.3530906802015874,-12.940323947267448 22.376502431605733 -41.32069916455015,24.0332541944273 50.52972667924569 11.538901422697096,13.186994120801916 6.287798430042253 -3.658101202990164,13.150253370876369 -29.433656922608243 14.041401145411678,23.714348757133337 -49.11445517022976 -10.8285319418327
-24.524708465010512 -12.563187545714376 4.336620164680076,-24.437116617080246 -2.117298062420175 -0.7625032976576485,-30.782638577879155 1.9843450577054176 6.228791662638132,53.07107757329379 -0.40358624096024887 -3.2467426504346966,12.751773426767866 -5.068594895313726 -2.8530298904080458,-12.421976506233076 21.577608105174438 -39.964795305827565,24.515337996390514 52.15593565865445 12.222930639710173,13.37878294705985 6.22098146201656 -3.5781715335344972,12.760788868624655 -28.609895892762573 15.026098567784551,24.31484935538079 -50.99444384255712 -11.594309703176512
-24.18016326678437 -12.912009417463551 4.555367881047269,-24.048600725699888 -2.8429610640289806 -0.4168374029294122,-29.347439883980854 1.923557127116963 5.6665541238499575,50.67564306511633 -0.43548131095367637 -3.185954654924603,12.139881504335538 -5.19624690923056 -3.3700041442064332,-11.206752200706331 18.802569832140648 -39.28274390950206,25.210142932232962 54.586821838968795 13.24760423376803,12.794833990839615 6.216690468205048 -3.488591073971583,12.09011537578306 -27.27998864118321 16.224358898949774,25.264192731191578 -54.519603504371 -13.111484676403988
-24.236373597183665 -13.088198726216437 4.375557373349507,-24.02458546937693 -3.275787407414617 -0.5574107736972311,-27.279697142219085 1.8364350368350868 5.328572559304965,47.76383840003993 -0.08618021979693058 -2.6214746276003718,11.09094794929575 -5.1890206552481475 -3.7534076488500814,-9.817060794361947 15.457921904671455 -39.18029589840646,25.935535400188403 57.25737838757426 14.385038007379537,11.774780698971158 6.309194087575619 -3.4334865721154384,11.343622415509483 -26.024982510533505 17.15128762858514,26.275759407676137 -58.60043747439461 -14.909365558661825
-24.7541842976335 -13.10320157745249 3.8153357782254838,-24.4485850848345 -3.345403686822516 -1.1937608820062011,-25.382216260269594 1.7645508397300065 5.053497922927218,45.51568202875045 0.4474180956084135 -1.7667530058091678,10.203946379732567 -5.009406305938532 -3.8981111939981594,-8.941151366907025 13.445992958722313 -39.26147322964727,26.493557881960395 59.466318010106214 15.340462095953058,10.908355808073619 6.520768796438764 -3.408590675718345,10.528338898013764 -25.470669432796626 17.38852030811509,27.021685240325294 -61.79851577506787 -16.34334728785966
-25.638191082369726 -12.989962889465447 3.0287405859250414,-25.24441395210596 -3.0940940375519177 -2.180593712552319,-24.472218350741926 1.7721574381930467 4.659049957832371,44.94175500113531 0.8679283744370874 -0.9075519771940073,10.037470264758092 -4.68347322375328 -3.759693048170902,-9.042280437993423 14.130790982285353 -39.078398211230805,26.74619613185329 60.63048587132514 15.857363262536957,10.738503457757606 6.835733905490571 -3.343446960243287,9.540062913016083 -25.97548891832334 16.791526627208018,27.272313228387272 -62.975927175828765 -16.888751578404033
-26.66741114135224 -12.732893157609308 2.231933872788165,-26.181665477649464 -2.6021749868843576 -3.270210463405669,-24.974339721727052 1.918962906193157 4.067968527402206,46.3602102918061 0.922769993705101 -0.26174899004251984,10.82844435208704 -4.298122557063411 -3.344786063484944,-10.089000076444332 17.60778075409918 -38.37869653417368,26.670999221636936 60.52838910303102 15.826059860041147,11.483407458392502 7.194080799572017 -3.123365706880712,8.302556620821807 -27.458197710494357 15.57395525729037,26.9983600044778 -61.844683160801964 -16.396846790069095
-27.568558488527863 -12.26103595319883 1.6043892564080924,-26.944410730582252 -1.9363370985104456 -4.199920704173264,-26.683617090259926 2.2300234889955575 3.3538838577381456,49.17753813556896 0.5259290218313701 0.11781510031283382,12.36790507953738 -3.964923757016466 -2.69705037641428,-11.55696155243185 22.65762499503633 -37.218804504143385,26.373424447329448 59.428989322933205 15.34883268695053,12.9207595779421 7.511151436559323 -2.6507261719738664,6.8678284651570785 -29.445153649042133 14.222571187644538,26.386215923033983 -59.13548885927558 -15.181653693304316
-28.101995181006068 -11.516755577615065 1.217761901154946,-27.24349651743013 -1.1565710834278942 -4.776700053755258,-28.827367858714354 2.676110469496525 2.6873951445262185,52.10543392561146 -0.20372417971712586 0.34682010985715106,14.095294516932638 -3.7687315587821018 -1.8935668658354219,-12.699877683529444 27.38290391939827 -35.89679768286932,26.048612133825653 58.032152709446976 14.724072822759634,14.492310716821791 7.714473914019796 -1.9164034254454412,5.4170489515911235 -31.301522019953453 13.28449986197238,25.7572810504046 -56.28728708593391 -13.887353482236405
-28.128947443592896 -10.552404898847616 1.0269733687395894,-26.928975716318398 -0.36520360865535206 -4.927100896007004,-30.405357642830918 3.1754042478342916 2.222740341029214,53.72495981308472 -1.0049645708094626 0.6222300775792453,15.361336461815116 -3.728810096525513 -1.049379526866475,-12.939056988233636 30.164579173222275 -34.76226682381249,25.905338950760328 57.21859484790555 14.342397769519385,15.572592634212494 7.777898612381865 -1.0378882877839142,4.165717468885645 -32.52114749919823 13.13330725985026,25.42757050991522 -54.79555768693908 -13.195022083763904
-27.64050764693116 -9.578023459919349 0.9222221297426139,-26.053890933948296 0.256790586580407 -4.698954350507107,-30.646073019812164 3.6186389002949806 1.998925869843384,53.12961282982217 -1.6035059161272265 1.097021870422533,15.72630844410499 -3.7941484222968964 -0.3135906097429011,-12.158968634215652 30.42497930243503 -34.023949725104536,26.08126021054716 57.693549253809664 14.52825940228253,15.763369551223862 7.733338945734792 -0.23286596717022512,3.2364409819352584 -32.93071346201522 13.827273505143808,25.571762174142876 -55.52817965629364 -13.508394237512931
-26.746417911186146 -8.906125741164121 0.8075248208962176,-24.858576279020905 0.47845886747194916 -4.222634787127641,-29.35718422196499 3.9085375457935174 1.9174034201798622,50.33571522090254 -1.8405656928930054 1.7879170396476392,15.1474551298812 -3.875985051509006 0.1592901732943588,-10.752242097121908 28.814744950067944 -33.66553710846269,26.58398899137935 59.669540869850806 15.392011370218713,15.066992040740963 7.652181574469245 0.2686893719870831,2.583184326696615 -32.719221332779604 15.120431109745615,26.152993779467486 -58.33559305889179 -14.769868377492973
-25.635295994730278 -8.803587983100545 0.6590151254581844,-23.67867706202594 0.12111454666934572 -3.6539697900164576,-27.00138754046309 3.9963997734622487 1.8096191049462926,46.26409735910204 -1.7354867172236927 2.565371476720574,13.970471504025923 -3.899607670537863 0.2627486042959015,-9.397016949294224 26.765910615521513 -33.507267078449814,27.28373602348567 62.73449515176096 16.76166356339334,13.85901138580692 7.605468651523304 0.3334686150700046,2.01995033825726 -32.29851877637493 16.605755216022125,26.94799537484688 -62.138129900735265 -16.49412876543063
-24.522491510037664 -9.32665185240068 0.5304923019686387,-22.814326219296966 -0.8145389342570102 -3.1234697215976626,-24.466654748965695 3.8988545751413923 1.5518338462883758,42.310117709351786 -1.4537369787606047 3.2272724389396803,12.740816877782093 -3.8462233251291105 -0.00542900045865391,-8.693632766880986 25.686831067359147 -33.361678433910356,27.962724354205804 65.98207274284515 18.23406716691171,12.684987824468688 7.624580814836557 -0.00320751061540836,1.3422852466356172 -32.082124726554774 17.905649602668802,27.652529357576462 -65.44105545315676 -18.000209255646368
-23.59833838682122 -10.240224031030362 0.5056340045010899,-22.415734918283412 -2.077680813182887 -2.708703549517427,-22.650673052927758 3.6868373575064735 1.1550205210727527,39.718653297651876 -1.2025794472364444 3.611871376118704,11.937714715767191 -3.7608431092652514 -0.5175783928950448,-8.857811882185644 26.23948479888179 -33.17910964316813,28.402456952666512 68.36648144757069 19.332462886480272,11.992426843141956 7.6848306426081106 -0.5455385335530125,0.4696970746869686 -32.297739970946765 18.811035153766287,28.016262169492798 -67.02400451527264 -18.72744270607416
-22.98399864548518 -11.086739460207976 0.627449821869698,-22.43305302919562 -3.2171061377918972 -2.43384181541158,-22.065773741188213 3.4525498732984667 0.7718664263759284,39.06567064161625 -1.114556488935204 3.686709874064891,11.763757432929468 -3.721194162355949 -1.0461428702157676,-9.62888371468346 28.061347200617618 -33.09103784994272,28.47263400657825 69.1357143318204 19.705321156571586,11.933020527556074 7.722188401282349 -1.0271988180278937,-0.4823132836499773 -32.915778521449475 19.310361683219924,27.94563102296523 -66.4762313043409 -18.483732405863133
-22.69996386482586 -11.389157060697858 0.8485671298979858,-22.649297255098908 -3.7532873339254675 -2.2888901051889543,-22.650884312895123 3.271265515816996 0.6123658300816557,40.07984736074838 -1.1833487114811008 3.5672533374707287,12.08487476350464 -3.7851228411926234 -1.346845121786746,-10.430166529590318 30.03365065053474 -33.32632043483546,28.18337514342825 68.14980544665943 19.27675504653692,12.324592113680113 7.674763246768378 -1.2391980598721122,-1.2562864351635437 -33.70717730719484 19.516913503296422,27.53158381424941 -64.33542394722548 -17.51257839677763
-22.654602632487027 -10.89208080942116 1.0339990189848085,-22.77847461051283 -3.4010928035523396 -2.255106972939354,-23.865069590753087 3.177069492802098 0.8148356762164496,41.858369890650465 -1.2855373764953282 3.459750135393623,12.533666883856307 -3.947040692692749 -1.2615792310821083,-10.683972238516292 30.90850211371965 -34.05447860057163,27.677373951908788 65.9334974228386 18.27650841805992,12.775165698037274 7.5260321222932145 -1.1283397190057312,-1.61557091264141 -34.37940124293467 19.556837327101253,26.99589548652681 -61.78718705417491 -16.356842261740088
-22.66250272611947 -9.712558148326611 1.0183192938016656,-22.58404243536351 -2.2302862183891516 -2.3234972617026877,-24.994075528857163 3.1634135106848853 1.347697160338421,43.33738860851646 -1.272720341235489 3.5632188131147604,12.708759592879725 -4.1299512853752125 -0.7912909900326661,-10.108800656440923 29.943757211412834 -35.253692383037965,27.164841314592078 63.43156781300475 17.131973924784113,12.89148718175914 7.324630911388905 -0.8125650700368632,-1.5287734050448785 -34.712348965668106 19.49189672242579,26.58666128078629 -60.092116682254996 -15.595039267552664
-22.498364996246433 -8.310465768974328 0.6884368539618526,-21.96743371821696 -0.6700286774267088 -2.498522098731803,-25.501381400426734 3.205100922536692 2.0020720221778654,43.768278772641104 -1.0785569454312511 3.983372430995629,12.364216028391102 -4.220259775092674 -0.09918202930712193,-8.847441276084185 27.22958943220768 -36.68451326304339,26.83003016950324 61.575922292342945 16.2707843570192,12.461515828318543 7.167502144497877 -0.5040429407528295,-1.2639557539905502 -34.63331683201132 19.317476765706132,26.473447421521787 -60.024996572724675 -15.581789476396512
-21.97901054567111 -7.280297600816763 0.048305034297202454,-20.993483855496173 0.6623372426318221 -2.786610314525983,-25.24710068915947 3.2860987942104494 2.4847196693656235,42.974691217587456 -0.7767697516462211 4.699141931716521,11.501139347843063 -4.128398286451722 0.5622881869489511,-7.3739565872609525 23.583865382350158 -37.985537408341536,26.751648599842124 60.8673502841888 15.927448534802178,11.526854164294672 7.153103659272814 -0.3821299272534384,-1.319146309214923 -34.214413125471324 19.021981585237157,26.687761413066234 -61.584509769129134 -16.313062749126235
-21.04809133678626 -7.0627483533107664 -0.7692970150845424,-19.849505801211922 1.2363709125500306 -3.176087950475692,-24.48016303009968 3.414625602207958 2.564038614396698,41.299190500926656 -0.5537093278082568 5.590203719900456,10.33270882465607 -3.8427579931728633 0.967942257606639,-6.2460323529745265 20.124549998612327 -38.83479179461671,26.873672359821942 61.172217932927666 16.047481265098888,10.326543299553812 7.328380191124799 -0.48720198731089953,-2.2012002557807535 -33.617408305400886 18.65347136138196,27.129551503536636 -64.08428533087249 -17.468641696631515
-19.825977268233206 -7.722144869906656 -1.5515368000321619,-18.762692063294313 0.8561756826474083 -3.6196333925567745,-23.633413996199593 3.6153016267350826 2.1911963634707354,39.313949055130074 -0.6075906315337631 6.501698183987111,9.15899881406057 -3.446432353258027 1.02355070142759,-5.842203438044286 17.770525237436004 -39.08404190921135,27.039981849509044 61.832538388511544 16.33570388508004,9.159631429696597 7.657802701386622 -0.6957137689791928,-4.153093741479941 -33.02763883164019 18.33744207901848,27.62884587414291 -66.5473231363898 -18.59598662684244
-18.59188454494233 -8.906517759664181 -2.0917220474102924,-17.914258646414655 -0.2438517486862546 -4.0307077812632155,-23.050487663314268 3.903099074093374 1.5311636883982165,37.47943532945763 -1.0290686221342922 7.30789211803734,8.225302620147943 -3.085188983075141 0.8055260850871253,-6.2161999313422704 16.915080033688447 -38.79338761719222,27.07630633457102 62.03447453937536 16.424079002829284,8.24623933525052 8.03216772540823 -0.7917783564687966,-6.971158897351508 -32.60696258172855 18.225440351658474,28.02853118822402 -68.19013388314748 -19.335755354302663
-17.690063427300725 -10.014859729056568 -2.2717001051946513,-17.38421126732102 -1.5073299602852708 -4.300803899102473,-22.797704612095167 4.256482134125626 0.8869286980310456,35.93731329819028 -1.7306785256203705 7.945199071838168,7.632531046830076 -2.9009002240368416 0.5177018961598305,-7.124902570620916 17.38630187743925 -38.15636345217694,26.880313842324817 61.25120674245163 16.074231667506663,7.653546242364787 8.314502077490312 -0.5960319226152007,-10.021616145994326 -32.47052121596937 18.403599253294473,28.249144161113396 -68.7609373217982 -19.57853452999586
-17.388418480853225 -10.489593539148085 -2.102630449357699,-17.142725324247444 -2.3190978146076953 -4.335525877651731,-22.656343683941667 4.609486875899136 0.5568719050101412,34.52866693922941 -2.468266230655072 8.407922011380709,7.330132264033207 -2.963463198453086 0.3881394926646342,-8.190043407327813 18.64558997635786 -37.371802722341386,26.47642410621027 59.53711881774451 15.311663140562418,7.308270142673564 8.401159021720765 -0.07940273936699604,-12.471623790063267 -32.673721508449326 18.821112082700637,28.309508395776696 -68.58800001784073 -19.48531957428083
-17.748439548423736 -10.088216473879378 -1.7082693509138025,-17.083046995910713 -2.2963656870759657 -4.097321379400091,-22.28656608466586 4.872373079011595 0.6987666976897913,32.99622997190446 -2.9487341778194556 8.721405213419317,7.176263530703331 -3.235818401755229 0.5581392087640507,-9.091079947545207 20.072817287712436 -36.54740200297493,26.008491086977305 57.52300226595442 14.422600183843027,7.069821874012497 8.268267429519366 0.6032612168284426,-13.640019691750505 -33.19650715862498 19.291067363038017,28.29994798286383 -68.3446815314708 -19.375205707278003
-18.571228653980537 -9.000061744353463 -1.2631549190656823,-17.07614339137767 -1.4670355860199438 -3.6357695427269054,-21.461953128356594 4.973204175468869 1.266753641594733,31.23337656188992 -2.9715270483105862 8.914614210865548,7.021714185610374 -3.5900935701355987 1.0171269777458538,-9.687440487877438 21.18758503989404 -35.69429224290295,25.67322969291986 56.11138026946671 13.813801334581019,6.814159750847409 7.981203351000932 1.1807201229540012,-13.30446714324211 -33.92803936255584 19.574059009184836,28.326132953004528 -68.66943046408795 -19.545905968993495
-19.45738576550999 -7.754410622991561 -0.9179671399107527,-17.023600083372422 -0.25116626732006964 -3.087253163032011,-20.24082494561959 4.8983677103993 2.0458851115141314,29.430252429975408 -2.531704472972991 9.006047307489885,6.774362271887922 -3.8669584273084063 1.6113257576477484,-10.023757964803885 21.736709093352953 -34.80875345838093,25.625885754165843 56.022256297881995 13.805327896813013,6.4859622037485 7.663499566053473 1.3990256312931515,-11.813366720034072 -34.67088289236017 19.504059000504135,28.452206920910186 -69.83191679155077 -20.11754226319614
-19.967190528861387 -6.970866981119274 -0.7467189548166857,-16.89097145414772 0.741355815076028 -2.6364160866657764,-18.980446448395664 4.7077130638547 2.757347144026095,28.03642382671151 -1.8309372250829317 9.002352326370886,6.422913688865601 -3.9486714676317662 2.1163342472357787,-10.24333784677427 21.672637890936908 -33.9765481369862,25.90323758601001 57.415929406012495 14.460669577249213,6.105019095344765 7.441536214549275 1.149961765509567,-9.94071255130347 -35.184203125851575 19.087349517031445,28.6686723475872 -71.59539551780247 -20.970288425791505
-19.815394492806824 -7.076742644008996 -0.7359439504032439,-16.71376516964037 0.9966867214758448 -2.449019936057831,-18.187098445985 4.51216297061576 3.1750034735791504,27.564652872895422 -1.1896060986070842 8.900204525132484,6.024725239747487 -3.810192789217924 2.3346829973955514,-10.480072677252004 21.095016236886543 -33.4159671476431,26.400880375742087 59.78202422941052 15.540092649481647,5.740691371315483 7.392122129881869 0.5264414944099998,-8.546934202577827 -35.26625584187111 18.516721891292185,28.896959073930834 -73.32122950904554 -21.79665669379717
-19.00949425517874 -8.123051369750847 -0.8138054287453831,-16.577442103952556 0.33195501859497734 -2.602112427001798,-18.280437191786213 4.422309022152123 3.19652132207899,28.342532033886762 -0.9035543540079578 8.685087492368988,5.676692407558261 -3.5248496919756755 2.1733868614271032,-10.795366047227539 20.20973859881108 -33.41124220528264,26.915823352699523 62.15161079722064 16.601253529459974,5.479252403829393 7.516624931344601 -0.2218742828156115,-8.205617859215998 -34.84843846476672 18.088556297914863,29.025884970923432 -74.25022566640048 -22.23633472447814
-17.85841566215244 -9.772119568534237 -0.8990070933649372,-16.578938376563887 -1.0228060825740743 -3.043836711910875,-19.390715181568023 4.494041062464895 2.844984288361181,30.337521715184216 -1.116458321080883 8.331486102550192,5.485688199938607 -3.224462335087277 1.6735956509472123,-11.183946872904833 19.306224179780358 -34.15826555723757,27.234395074015175 63.52955832148759 17.197769472155034,5.400418083677801 7.750353541733029 -0.8047855619515678,-8.974389142320064 -34.05530663156916 18.063580096597427,28.96257469188752 -73.82767098839616 -22.029751181598787
