-21.3 -7.0 -6.7,-11.5 -3.4 -12.3,-21.9 6.4 4.3,33.4 -0.7 11.9,8.7 -1.3 3.4,-6.5 13.7 -47.9,20.9 41.3 7.9,8.0 10.4 4.3,-4.0 0.7 43.7,19.0 -36.5 -6.3
-23.440005976184807 -5.994490329931179 -6.34385953250655,-11.667397853303491 -2.4217845984673807 -12.107610133802451,-19.734619990030268 6.586739101788961 4.654279205324131,29.451718344565457 -0.39080569003374444 12.06106543701781,10.011921842053336 -1.493195674473452 3.5976278560808392,-7.000930470002915 16.764923994808246 -46.43760159417876,21.379701950533722 42.60026246310766 8.431073452619623,9.080399429824608 10.360876104038942 5.351330648514856,-5.111216228770341 -3.200355049011852 43.08684372805713,18.53926992194408 -35.29918291367978 -5.873182256947118
-23.125962642502643 -5.9087566993194525 -5.494881459671546,-11.739372607725956 -2.0153963584673735 -11.183738161602218,-18.43585805708376 6.299625426387319 5.224054828042331,27.93327189236636 0.18689943689312738 11.53526172462195,9.910448838242496 -1.8853389208523528 3.3329412131888754,-7.243254130711693 16.714544917667443 -46.81225412165238,21.850343848586668 43.91657033326051 8.933430307620874,9.001943073684359 9.948273571630647 5.0578281576065836,-5.520767425348321 -5.487288489352108 42.908138894250506,18.824971131983133 -36.01983968123279 -6.116594683843272
-21.224343234251172 -6.550978358133639 -4.361907370931139,-11.70484566149749 -2.0853338738986533 -9.780259132849421,-17.816863462370566 5.733009335646326 5.86761949764583,28.063297519146232 0.8655634904831505 10.557951219786704,8.869929897612579 -2.3742066739714867 2.7370681600697853,-7.300680563044135 14.093653977949243 -48.306423463724116,22.279689602714047 45.14161512115912 9.37918091545224,8.15678103981391 9.333790990320525 3.8761259760142046,-5.324617471446181 -6.38707810208808 43.082993519021436,19.556051863506575 -37.88757163859642 -6.7610974353127125
-18.601620986728065 -7.729334556342556 -3.1537788557214834,-11.552738412848196 -2.536095738659894 -8.149048096994187,-17.690785467100785 5.08124119141724 6.4432658436258485,29.06043210064862 1.4776345804388593 9.364496279486367,7.364713929208703 -2.8575758686656374 1.9411367854692418,-7.246919347918038 9.44704238502528 -50.202575501697254,22.635503121471075 46.168088337504116 9.740435626562196,6.9370634364479296 8.689026947653984 2.262857552476748,-4.618730248776164 -6.1260016682870875 43.53051562281123,20.431460349903816 -40.12798012170806 -7.537550665979681
-16.12426913523099 -9.252004543915024 -2.0793375034787305,-11.271972260008175 -3.2721805466497713 -6.541980103486646,-17.870773332484507 4.538671355551314 6.809286495473616,30.14331251261704 1.8555608164627897 8.19025926069523,5.869149842075975 -3.2332234397695916 1.0762751781329214,-7.155680066251202 3.319501348267205 -51.78317611687507,22.88554831341298 46.88868149299609 9.989304791399228,5.734940371821086 8.185580031176436 0.6746563357332354,-3.499069639050514 -4.930336969016449 44.16981322606121,21.150144824564258 -41.96666646650509 -8.176814530468425
-14.658760915057606 -10.927167570819861 -1.3474249036390304,-10.851468601207522 -4.198086891766958 -5.210930201776914,-18.169976319731827 4.2996501898998005 6.8239740826803565,30.530575630795028 1.8317903082574767 7.270602520387577,4.857586545259506 -3.398926322118132 0.2736114268064974,-7.100672298961426 -3.744177922953349 -52.330691190560806,22.99758908709495 47.19608609833565 10.097898760411812,4.942561954168042 7.995048828433285 -0.4318442254773085,-2.0615995239814713 -3.0263617853434748 44.91999434921266,21.41105352087731 -42.62923200892487 -8.409749183403186
-14.80658038423802 -12.571890639372725 -1.1253382900035602,-10.298333384843477 -5.226278052137984 -4.358023494435881,-18.419560534573026 4.504559338360359 6.412425690794925,29.641786759006884 1.3089900817934637 6.80052935724022,4.644707201135334 -3.2805500841507405 -0.33891032218832634,-7.127772005687497 -11.11464938724182 -51.358708368004415,22.955056366873812 47.032567868228675 10.053397618607027,4.811116441998479 8.233698002801178 -0.7239734925603052,-0.4423259654723052 -0.7464959197699037 45.672129490825164,21.013694531095556 -41.600779449518406 -8.057430469078666
-15.724679111760125 -14.051690455201546 -1.3539046228707732,-9.718801790876341 -6.312635098460144 -3.914183764281605,-18.548907102415047 4.999581386288679 5.863908777088929,27.99183005646468 0.572610742885588 6.755034194326012,4.674810902703823 -2.9570795433010475 -0.6507025116633831,-7.131126042865497 -17.70163420880771 -49.64072673834319,22.826786502207536 46.61063581200353 9.92513092364437,4.8233683651895 8.716151025996803 -0.5448178843719191,1.0044634929884733 0.9982300306197148 46.16444852521816,20.30575676270047 -39.78102832715618 -7.432725995114065
-16.0801974179207 -15.2485120215725 -1.8971594519635555,-9.252721682305395 -7.427761181657943 -3.718376006024243,-18.520699841261223 5.531142070841256 5.591173479814112,26.46698977226573 0.03789693427361049 7.034510971239484,4.097067411437165 -2.559419104216812 -0.5570628467288664,-6.953433049555819 -22.25856072404365 -48.37745544119927,22.71057506516153 46.23443288048415 9.810283429300034,4.201525576007607 9.154751047304234 -0.46659913561105626,1.850466548208119 1.1005904520481382 46.083356215419045,19.820805959902767 -38.549365647693975 -7.015259838448088
-14.790680423523623 -16.05929916324359 -2.6048188256417046,-9.023784032880938 -8.513435402965296 -3.624877097599294,-18.333209101988576 5.881514761174628 5.879057947037136,25.838923018819887 0.012727042097391113 7.516796805012792,2.260911509631961 -2.2139091442215997 -0.004463102035054217,-6.509342956269923 -23.71559206560906 -48.549526540047644,22.681569667171605 46.14006513583184 9.783260997320777,2.3565612828630917 9.304396526881257 -0.9468017889891125,1.7354621546035078 -1.3039595045348065 45.19642216743413,19.98785748568841 -39.01264593082408 -7.189180687298962
-12.375328395392685 -16.47669609149741 -3.235547969677462,-9.052325732929464 -9.327285489720516 -3.586222547342054,-18.211795341306388 6.062416575214118 6.194895041604609,26.145342467431284 0.1186502849654183 7.936061709623423,-0.20377234088908588 -2.0174755987538573 0.7338486945140323,-6.173264620355715 -22.132356883759574 -49.72991798042747,22.670134712176466 46.128670530932645 9.772855824731217,-0.09371880564814135 9.192279104327922 -1.7089968050901585,0.7343898576748369 -5.529150837616329 43.78981621770343,20.567290979083584 -40.534809573166925 -7.728054611550733
-9.983263147780468 -16.53098541669322 -3.5122023569124607,-9.318035119732077 -9.554513517152154 -3.5935924049321155,-18.471132218723636 6.175803507606701 5.684497606540714,27.135304758037456 -0.29271334287351247 7.9699722725180635,-2.1635063514026003 -2.0554758762847465 1.25610533682293,-6.500427380621596 -18.012695972906656 -50.93798562361209,22.54969222027214 45.8303166199306 9.650591110771717,-2.056868857621899 8.952681724994335 -2.188111249786305,-0.9066646963728092 -10.278788580691645 42.35367062270689,21.056515582032407 -41.794319099174814 -8.16530912895906
-8.656797726664688 -16.26738730146838 -3.219552030452302,-9.79556890707486 -8.952553150653031 -3.639486460093177,-19.362853821557987 6.309390109950724 3.690646693637383,28.552921688766233 -1.7272250397504678 7.366878210237479,-2.636217493009477 -2.382478045059614 1.2225110343635806,-7.899592618723394 -12.07807157808163 -51.30773371677849,22.224229152488906 44.961762730154746 9.319400426109569,-2.584367161022793 8.71620717905798 -1.9082501036374866,-2.8812280492760025 -14.31138420888579 41.33565060942468,21.024546525503848 -41.660543688725674 -8.102523163784092
-8.624406541314842 -15.842679118023627 -2.6082087759227095,-10.422509358171824 -7.822855551983761 -3.7256255850156035,-20.66333773124975 6.442264691964984 1.0418337753819105,30.110341909803775 -3.6150711969002134 6.4072260173489415,-1.7864739069466768 -2.8219211060707177 0.7612057979945382,-9.67577700510562 -6.677067271243828 -50.84453656654844,21.82840735415272 43.89420658026079 8.919250277854138,-1.817606464689751 8.58388170696347 -1.0687504871791549,-4.432177507212412 -16.807455163736787 40.86067617645969,20.583142871834976 -40.44956328692248 -7.657652034623463
-9.744523313841176 -15.464361692353148 -2.1405958987450857,-11.119581518421384 -6.71422879016222 -3.8579233450581794,-21.932869252368363 6.504124778296664 -0.7579185812483709,31.505180889087818 -4.8973443891373405 5.613398917023029,-0.30020493233978907 -3.0921530078447454 0.2130932967264125,-10.632140413345756 -4.898095217823219 -49.94996787463651,21.601773212616713 43.29640958409773 8.697882629727644,-0.3935478990244696 8.64328351868195 -0.17596783366682886,-4.597486670302557 -17.13939891158513 40.906919723198946,20.09084147351951 -39.13525635264969 -7.183439957006943
-11.82085879509446 -15.326265913021462 -2.2257862608146817,-11.805621862692302 -6.137207845930602 -4.0379845224719855,-22.75589432039273 6.431459631003885 -0.40870373536427107,32.451649435949456 -4.649495781173705 5.448663769308805,1.1619429029081427 -2.946831236282377 -0.11447239028422779,-9.738106810127368 -9.29211045409813 -49.015950408206145,21.752799681156766 43.75014311444035 8.870745015290147,1.0709379402879744 8.962982523034526 0.30048024961402964,-2.6075449180289323 -14.849604278620651 41.43895281181368,19.869289653425646 -38.589611504158384 -6.995214767937789
-14.187060583317093 -15.498395425772124 -2.788965502085813,-12.383427104601324 -6.250923773309508 -4.228911048314544,-22.94137099218959 6.22336264204408 1.5440909084900203,32.812180407823156 -3.163622322966669 5.839779876871499,2.187470205165236 -2.4582999672948183 -0.22199049214152025,-7.464032421838149 -17.59770447869083 -48.33086332284469,22.20895125706038 45.050319476598204 9.3612896390157,2.1598021118002353 9.443121387375149 0.23139690865175563,0.5870598160546121 -10.983502345114807 42.30696807165769,19.901059829195905 -38.74914870478329 -7.065080785880564
-15.930450232233941 -15.985864989061204 -3.5017490247439085,-12.74738868089486 -7.030362285811675 -4.373628298675107,-22.415907862645593 5.9117334924934735 3.5880930190404836,32.52687909959566 -1.3693768805148716 6.432361798886445,2.4939135168311806 -1.8659039837438238 -0.2712838543503163,-5.06680333701335 -25.031657692217905 -48.12882606853807,22.750436263512707 46.579515142693424 9.939955107030478,2.562231754509391 9.895582263530448 -0.33402485558452527,3.13430815613387 -7.37415974868115 43.30122041958658,19.991039824953933 -39.06017656592253 -7.1852837480902805
-16.255750518605392 -16.772296373794074 -4.052587767195755,-12.811419269922007 -8.410649976524565 -4.421042740818071,-21.149197678040316 5.534273857153064 4.346877936239064,31.567297636335677 -0.13058821787934946 6.890213308035292,1.8667640530688254 -1.395683126878384 -0.4098803795167257,-3.709306062152324 -27.26536197923251 -48.59860590900763,23.16664755489364 47.74621864252425 10.386239280629365,2.035662464949099 10.148494452311418 -1.3192905074984789,3.3923425803743217 -5.665433220639286 44.227611741320814,19.958352433053026 -39.01004807233937 -7.163773870406092
-15.635866401839325 -17.61940582695519 -4.33216006482663,-12.697264314050337 -9.921340642022704 -4.38538112925782,-19.55691729685328 5.187161503101505 3.9761681603899963,30.23127418106562 0.4465657341336094 7.096296489813569,0.8001257319648918 -1.1169755457335715 -0.6186358234765507,-3.4840353778710362 -25.027307958625574 -49.45301455583574,23.358134675355164 48.27223112632734 10.590005306993394,1.0515729652128263 10.210546479378962 -2.374985231426838,2.0324735681993853 -5.420854361667919 45.06359422116759,19.78968337333288 -38.56719460515484 -6.99185326626997
-15.307531659836824 -18.155255427797567 -4.352946243157463,-12.651847370240553 -10.847710723298535 -4.320212766067364,-18.32336075429902 5.0017944718273135 3.5545016762466464,29.013169669538208 0.7122417486064114 7.065572946371526,0.21490140558392556 -1.0047376277510551 -0.778018954544988,-3.8387868579257938 -22.091887543366116 -50.11819468202352,23.292397079068532 48.06806260018289 10.507589579083737,0.5115116664437107 10.199178074497217 -2.987313748143003,1.119237592547521 -4.950970533775974 45.88994515214064,19.572641872268516 -37.98980208401024 -6.771257285949595
-16.403976497413687 -18.0415559084681 -4.140507977306324,-12.895199106219351 -10.54238622367844 -4.281410179549827,-18.08139489742234 5.09823716148875 4.075442409254975,28.375860126231125 0.9912523467642481 6.82865689681664,0.952481205596985 -1.0296930387887322 -0.7772208784688468,-4.235664085142322 -21.998186028382932 -50.06338076949713,22.948001859947905 47.075538506357695 10.10834528032905,1.2393430435582857 10.22756323321345 -2.687113213641527,2.546034684875507 -2.7112912252922685 46.76799649042395,19.387177681237606 -37.515333114892236 -6.596400526059247
-18.601819758914964 -17.393422993420547 -3.866162458306128,-13.281753394038839 -9.26142671960014 -4.347366396969813,-18.759622684571728 5.4455570882011255 5.284781400360395,28.345423819880068 1.204451378037879 6.5929810889137785,2.763360676574967 -1.1250559292769606 -0.6345072552710069,-4.43279255564074 -24.743882861652303 -49.358738048651595,22.433173724876028 45.60347221364132 9.516271626389532,2.990829429326959 10.335275671436852 -1.6043632924410343,5.7749753039228455 0.7704450089562547 47.49247964163905,19.197652209362438 -37.065584855333086 -6.448767305291977
-20.571548558103842 -16.639154881132946 -3.801905241679437,-13.413413783175304 -7.884924531613982 -4.612030131349,-19.800187703841097 5.908523011139373 6.066429901756791,28.64622773656474 0.9936644976767994 6.688112929723275,4.644516827817483 -1.1981313329835726 -0.4572999936431008,-4.392770316007042 -27.88048626787004 -48.489515354420945,21.945696368163176 44.21416831548018 8.962187183823767,4.783958149487149 10.511050852174579 -0.28289205456182476,8.588794303014964 3.5351394906269977 47.67397581143594,18.888586009113652 -36.34431344481639 -6.2318371024477495
-21.03686384473583 -16.184999036751645 -4.193190016537111,-12.91786054994883 -7.249584646596602 -5.1509766608078715,-20.666443091522154 6.354349006503202 5.36123666544493,29.015508037788173 0.0234906881556808 7.409667808344059,5.632893690318529 -1.1660432280652826 -0.347484073254344,-4.102087654050082 -29.03391916890843 -47.927218182803266,21.67665244775493 43.45100620915847 8.668839588458116,5.676178189866024 10.737035113998171 0.7514174541583187,8.872664696372798 3.7177563119911032 46.9505677426751,18.35843456465668 -35.08901944941006 -5.859326668992677
-19.86304580684667 -15.996332784847679 -4.840506038971647,-11.902912270611973 -7.322227117425603 -5.748549937511723,-21.303246101004746 6.720717940116773 3.2649308329005247,29.48469019992666 -1.599930942037155 8.486131509817682,5.622167632989097 -1.1070103464903498 -0.29298028266938014,-3.8562461068877623 -27.74883059938862 -47.8003707632024,21.684889328206587 43.4837310557724 8.700033419198832,5.568909991200059 10.90843192111623 1.3807764720000733,6.629475213135189 1.3634905621246605 45.44615302713899,17.74763675591309 -33.630844992462734 -5.428727309565131
-17.81818287632368 -15.689875044134054 -5.1924462228164545,-10.856100817553369 -7.3817308858563235 -5.958776093256005,-22.03624742671885 7.00104232150644 0.7865688918912753,30.31785682013657 -3.4212730262624134 9.197480189099364,5.1835545169710695 -1.2266518379163054 -0.19158179794644165,-4.195126133366953 -25.087277842256707 -47.96625350366948,21.924677215521783 44.18660255443315 8.993874488472642,5.031021650522799 10.851686704053007 1.81013413542619,3.5368920673943496 -1.9717727118567494 43.66883180329707,17.388001975895534 -32.77040858041961 -5.182866873171623
-15.682501627422711 -14.897233337390167 -4.715384091272692,-10.261706588575251 -6.7222092629752686 -5.358850706669673,-23.17639040339489 7.191190975491395 -1.0728961671821162,31.76198456310566 -4.987119140606528 8.845864630121538,4.888413081399163 -1.7213776556694331 0.052801514765321814,-5.629114394081164 -22.123627199656607 -48.27538491268313,22.34526141849493 45.41911487539163 9.483077332723177,4.632134132754821 10.403519433187093 2.244753065522195,1.263124943790296 -4.748595396198333 42.11567615223697,17.596646281976255 -33.273150984004445 -5.353823507196469
-13.9943738678262 -13.721702202778348 -3.404972823840685,-10.340806861833117 -5.295181858284244 -4.095224434076147,-24.549476143609816 7.30508935397451 -1.9510586566085868,33.61072959638247 -6.065244143611763 7.398605983336569,4.95332866065695 -2.542414200929815 0.37050331726821284,-7.969713163544873 -19.369370705449793 -48.59075321067727,22.85397292850176 46.91136504552097 10.062508179237476,4.604207621209265 9.635474615931964 2.7256463064090033,0.40987718521407634 -6.542537396839819 40.86791438632197,18.30577207089724 -34.97701152230842 -5.889258867892303
-13.073414717587172 -12.693215233563635 -1.735596972910551,-11.076412726242566 -3.6467896993598634 -2.8292369165270173,-25.542496523095398 7.372995057224179 -2.063076419097167,35.247721476117015 -6.623489541123154 5.424669386415729,5.273995436218678 -3.419220313755554 0.5419311926181479,-10.396286530614178 -16.82688282585245 -48.7866254236338,23.320231401232313 48.276410883101946 10.592799608139952,4.873789446794841 8.831494632290756 3.1452638041533936,0.6142013320846402 -7.937669954673964 39.63064576035609,19.099428843281224 -36.88100808977928 -6.479581010978498
-13.211684790396967 -12.341816186647504 -0.1928556527998361,-12.43012761724876 -2.3375439388153185 -2.2189864745047005,-25.55469879996037 7.4241005773432605 -1.6441414990849965,36.06445130169578 -6.641348581863798 3.507307437871587,5.731903679201206 -4.07857148411389 0.35157806913182754,-12.08405974675902 -14.497506405847922 -48.74246868916417,23.6155652874549 49.13324335496931 10.9367609910788,5.352432694438983 8.276367072096088 3.391356922383955,1.4794325116819238 -9.521329061442193 38.11840147336563,19.561122297365774 -37.98267251225741 -6.814802632989882
-14.220323397313068 -12.8244604980032 0.8851634226812349,-14.049908133083429 -1.7555103008395867 -2.3898222262461317,-24.67142771930073 7.447175365801933 -0.9104897591484534,36.005743717911464 -6.206936894305458 2.049121046894507,6.143952242718386 -4.376977359477116 -0.18413815948876383,-12.66386343940021 -12.80579317215783 -48.454938433953934,23.696447016307754 49.34898345218511 11.0405686396018,5.85414518010368 8.08846272489883 3.3676684528400718,2.6343048761619197 -11.072369845817452 36.607579711209226,19.56771547484972 -37.98212548950305 -6.801859022722986
-15.413191440262532 -13.912325794053308 1.3129011014042424,-15.259396271264873 -2.110443863287265 -2.9162242095228277,-23.687461076836094 7.38919096404237 -0.05875614190615594,35.58857690833983 -5.5206869535672665 1.26591510390656,6.260251677074228 -4.30509426599587 -0.8089863968558926,-12.237629672520638 -12.613897923540954 -48.04186418456809,23.60718211186098 49.04732159417628 10.93660128344929,6.09207173883559 8.214075407898132 2.9944765161956357,3.7338154747797043 -11.533668503542808 35.95555587956239,19.29940643766124 -37.30597306426738 -6.571986037473948
-16.103101531718288 -15.355455712439078 0.9233638790393844,-15.392305168127294 -3.5859182996963535 -3.3573309847647805,-23.406949672687432 7.196808330061837 0.7233489637980186,35.34415581587236 -4.7819468688302615 1.355250380333544,5.837269179141434 -3.863539240228632 -1.2596427652456232,-10.933300873677384 -14.757482706504618 -47.62833301805099,23.394029483902017 48.3589574924507 10.660063637010033,5.784618597327891 8.589456288486742 2.1983726767360365,4.444440882933856 -9.855596908748009 37.01102747187544,18.94960686999613 -36.41314601769676 -6.266646321141147
-16.297989436871738 -16.798069829851304 -0.08449229358051374,-14.577106043122297 -5.7955593426970315 -3.592162951834925,-23.89243167096005 6.868053457216791 1.5027156600573934,35.41723968032231 -3.9911223973275334 2.209139312292525,4.931094621278646 -3.1726389425135655 -1.3988943923743553,-9.01446489196894 -18.59020245433283 -47.39233129164902,23.03660282236782 47.26128536245364 10.209604568126242,4.964957365307742 9.084105098788108 1.0821492673057587,4.758607887141183 -6.451000024440154 39.49620896828377,18.68687935354514 -35.72459131631705 -6.023403557140537
-16.827602768562574 -17.7592768462747 -1.0790664059422774,-13.881875718199163 -7.6791697216876225 -3.8779219658756454,-24.32967102926104 6.461678836676318 2.6472363951696876,35.49571091899981 -2.9134189851092644 3.3583587174293372,3.9520478616757373 -2.494247166495981 -1.2386235957596068,-6.905076864025527 -21.713603859945565 -47.574385726905355,22.435724266305364 45.550453445473124 9.540654663569711,4.038392158800286 9.488604446474726 -0.043087386830390303,5.054099083450725 -3.461736883443873 41.801526254490035,18.65040852918062 -35.61634942519194 -5.9752118688332425
-18.547898527484204 -17.761020981140465 -1.41498591638997,-14.406927092821315 -8.15719926724168 -4.487298392796279,-23.872939850651726 6.038914935701853 4.531382486368776,35.25176493031959 -1.3088844608161552 4.317874199477414,3.3254965521950366 -2.0946301410509727 -0.8020873054211368,-5.036867955248146 -21.685529200376134 -48.411096103174046,21.49292655310118 43.02462481627307 8.610038295829956,3.4266626715787534 9.59269972715697 -0.8591601672007934,5.727059871560241 -3.0730712643570377 42.27602477997922,18.97352815235027 -36.45081333181806 -6.250930714325808
-21.40847156228977 -16.75438105213718 -0.9251642531894467,-16.313126802034084 -6.984392917332643 -5.422095027503378,-22.492930977198167 5.617106615604307 7.068801482555493,34.813865568625744 0.7030732790630962 4.818031426452809,3.2461206368144113 -2.079650472592159 -0.2304752470430225,-3.778234645765322 -18.51549221822797 -49.817500344987714,20.33413907752787 40.014366232714934 7.540491736504607,3.3359193493538504 9.34481891573676 -1.2594151595629695,7.007681499195564 -5.062700079125182 40.78418963609116,19.612362600658063 -38.11884634972164 -6.816112131520861
-24.132812032459952 -15.270958730897657 -0.08952847946141501,-18.490481408630686 -5.04410975278384 -6.3176645430649065,-21.26477138270702 5.154231356651595 9.549749739647416,34.92770556534745 2.5169127728882805 4.880536982288773,3.596531335398674 -2.3381806458499783 0.17548623419950457,-3.4118957928866873 -15.529568224213634 -51.27363531558338,19.38884957826752 37.57046721450987 6.67919284163743,3.6806687431860303 8.908051923430653 -1.4233418990564277,8.901656470989163 -5.9514223009908545 39.2405558272751,20.283311712625554 -39.87343791051792 -7.415389849631767
-25.373057240733377 -13.88102141925037 0.571073933611929,-19.750911838038885 -3.2943391054242777 -6.7871641331876225,-21.32645235919822 4.605747173359448 11.228350045840937,36.36833484453259 3.500246514024486 4.549496036060878,4.236358905338504 -2.743712617804228 0.10828916567639858,-4.206014088370955 -16.239737846887806 -52.23333345673152,19.10302624347458 36.78275311165838 6.385374605015392,4.353403158642146 8.459802238566619 -1.5489159220763167,11.3915039311982 -2.0880743058275373 39.67912310076873,20.68923437645739 -40.93141005840903 -7.78083007627193
-24.722124568946718 -13.002346936450346 0.8361871219319632,-19.633764397713858 -2.3641438634228957 -6.672724814527563,-22.884064894970997 4.028788436462878 11.845719783823835,39.04347139032459 3.4803558948583815 3.972029470266411,4.9754693263593746 -3.1710625847509646 -0.46700930381283823,-5.920281302845503 -21.187141853914923 -52.430821370845116,19.618616271110938 38.01578702386331 6.785686773276714,5.16786476666252 8.122047759382646 -1.7245945144143213,14.025476350657579 6.625210457490794 42.57066065525419,20.741513723037798 -41.05623168740653 -7.83133368492209
-23.231140521538514 -12.816354248763858 0.9509622123795732,-18.805894737253155 -2.372750927275598 -6.171387029312141,-24.69925450755753 3.638087868836795 11.897817957745453,41.51646868001498 2.9970091012600255 3.4549325232063226,5.546593947805685 -3.4970993139264372 -1.1628760872529218,-7.526259279184155 -26.308119228579706 -52.03493660933284,20.606334324340015 40.50997556286633 7.646275059979115,5.8157330295163545 7.930856719477291 -1.8690816734267592,15.678712856397668 14.778688076939495 45.962930339152656,20.67474545940439 -40.858674308726435 -7.775395281157341
-22.069483342523856 -13.480950794997097 1.1984999752551817,-18.02648820905828 -3.392097653992158 -5.509822419248282,-25.4183355846497 3.6598928897195058 11.941501377439712,42.24562790651498 2.647394270933108 3.31621720087605,5.677917999703194 -3.5999817096525253 -1.558008741949836,-7.9362772215524 -27.177662817468292 -51.2522390960694,21.697401125991913 43.41080430520448 8.70255139995455,5.98059675825141 7.914336024512314 -1.8872879647201026,15.179309700059006 16.532295981699168 47.70892520290736,20.749599881657254 -41.01794620116228 -7.84488670931433
-21.76044233482435 -14.868153864364187 1.6728498885716618,-17.635697991846286 -5.1854738197763455 -4.833901672528612,-24.48986028376909 4.136832226436935 12.170839811212893,40.641620745958775 2.680799817864018 3.64743176372315,5.285468372687959 -3.4579947648605844 -1.4624239231966794,-6.832644442495562 -22.4967138043037 -50.31954352930833,22.616745387606045 46.02386015454359 9.714862855997767,5.562681407516618 8.049229074350905 -1.7568648127552209,12.331774327358648 9.953135330898156 46.89004291783803,21.07131744746585 -41.81318362514691 -8.133746703072006
-21.67763710609644 -16.34125939170268 2.131657991481181,-17.228039069984728 -6.9669526029298146 -4.14571588030342,-22.789906283628568 4.784798096603806 12.13434907813734,37.80979496872468 2.7274511386904963 4.137148211849365,4.6195229420150445 -3.2275907842222527 -1.0977543037992086,-5.2677955426703935 -16.528617932912553 -49.52750084412463,23.25604257642557 47.9396190325541 10.487926792177989,4.847702057600846 8.220881533493015 -1.5849008691507918,8.6780690273787 0.06082952798267574 44.77354052588823,21.468562181104627 -42.811622905704304 -8.490471755558943
-21.079318317422793 -17.213005509915675 2.29923742796024,-16.323457736921075 -7.897362002234768 -3.432718300694301,-21.338385673433265 5.286798795553895 11.31711766181508,35.026576566596525 2.3560165313199644 4.433366961491702,3.963974214825646 -3.0831743059119843 -0.7272651999616135,-4.431565101292339 -14.08861444495696 -49.170888930056535,23.524939253163293 48.780543002505055 10.832188931866783,4.160118271071879 8.305477761251472 -1.491396235975563,5.933398746454957 -7.425332124886686 42.84806090098495,21.741829025350732 -43.50795732562724 -8.73855186622917
-19.68785670912524 -17.074201074163085 2.0984914687074268,-14.780701577123248 -7.635234070400022 -2.70944691356737,-20.664991861352746 5.443561816306225 9.66480081298551,33.03462668243014 1.4686286291320494 4.3271160972400535,3.478510777592397 -3.138036898555555 -0.49637021983381624,-4.947139061509959 -16.8170810548444 -49.33435704711436,23.44864080400795 48.55592729497849 10.728625412321612,3.677738751570979 8.21763909400799 -1.532645999731189,4.947561818227822 -9.29992378026233 42.0204868973592,21.74200864267601 -43.52118822602894 -8.74495840539951
-18.176091599044682 -16.085114214597777 1.8590148500530619,-13.15234719806924 -6.8583458472003365 -2.0459063293021393,-20.29550251633441 5.29689105295693 8.066245554507157,31.48351279779864 0.65031957097317 3.902329161918575,3.068464792489979 -3.3803172666102 -0.30913520334124606,-6.277267205298648 -19.85261661713029 -49.67223336269196,23.289004803629325 48.06726033951449 10.50744052782259,3.2780468354241767 7.950701710602077 -1.6344841480887058,4.79809584266566 -7.505644674609168 42.00631870102287,21.42319677146662 -42.724886635159905 -8.465707968019778
-17.331947580315237 -14.476272812646377 1.959513310341847,-12.074988285040337 -6.3681124115500705 -1.518636703956157,-19.634154303158358 4.918112048508031 7.523767204315767,29.890364890498777 0.5683387856538066 3.27881136326494,2.6084372591776743 -3.7827110032254523 -0.04056706891714491,-7.743044582546952 -17.55054619611158 -49.78675184002753,23.336223571522577 48.21106149180783 10.540800251936684,2.802267794022176 7.507826607079831 -1.7070277158345653,4.3475969328881225 -4.613158590638217 42.37554963944971,20.75260101227222 -41.025025859334335 -7.868151761248372
-17.581348980368496 -12.627295910271942 2.58678684891398,-11.922755439853464 -6.640741230829988 -1.1325522801590235,-18.471959769905403 4.379472053914508 8.47456750052556,28.165467843497993 1.4983453091075487 2.5783695259725103,2.0886478612714545 -4.284649088792531 0.29649155121591886,-8.786903964842262 -7.8557248162769335 -49.4469010736951,23.70090204717947 49.333144454465774 10.977269725920456,2.235704086246552 6.944397790441678 -1.7323593338244454,3.0353333050840754 -2.523790696939617 42.80190908876416,19.83032979418709 -38.672196813675754 -7.040382263982318
-18.494526551215117 -11.270223142211156 3.4740100854876586,-12.44937095089577 -7.383716403317119 -0.723258491235995,-17.51418946340642 3.755397046636532 10.02003684227838,27.14844322366625 2.790359676061194 1.9275418822271773,1.772614880299563 -4.746931855819225 0.36338297460551294,-9.13809534119143 2.8020878811537235 -48.815843033884526,24.069137837210747 50.47756894275954 11.436868082105658,1.9042267710085095 6.43924363830482 -1.862673381556726,1.6637064669696444 -1.556688450789362 43.20433693673961,19.07064155095565 -36.73159499174028 -6.355899288492838
-19.518381118576617 -11.187437473751126 4.2890422564317445,-13.31906467897056 -8.193628531685205 -0.10214118859973767,-17.597671464357013 3.1206568774399948 11.06925290743666,27.812495030089302 3.661081599130581 1.4533810884029308,1.9631076425031535 -5.019104383560623 -0.22525723458564634,-8.567727014739171 6.772797953006442 -48.11361138159552,24.065966452179318 50.501145746972455 11.463577703843512,2.1826125548930118 6.188885976499162 -2.2745628043309427,1.231490480281924 -1.8020508482623765 43.53721110728369,18.932772893235146 -36.38505458623827 -6.229070515691702
-20.28895318108771 -12.778182272999844 4.844054553906758,-14.283175461798079 -8.770277458047435 0.7582422207371751,-19.212711315101025 2.5697667486534215 10.972830537980036,30.680454181389962 3.59289794214558 1.1684126833311699,2.8082483845045005 -5.020713151190211 -1.6117031140315277,-7.135624227773582 0.03184124638691695 -47.51378148989342,23.492605958942384 48.79980976793022 10.81431048606143,3.2483936701937637 6.2958858400371565 -3.026126601080128,2.372505999237404 -3.0823579504222356 43.76587214997655,19.603397468065204 -38.11329023147473 -6.829958556089217
-20.960005183924977 -15.392953307979017 5.346235595613558,-15.331480897175055 -9.095972175139323 1.4441680201922935,-21.90109688153258 2.251289761117123 10.289980723679072,35.042369365493514 2.795446848263403 0.771673230671021,4.032852106367095 -4.8629157391814015 -3.2728303099194695,-5.691901713045793 -11.521376917831239 -47.06276093625665,22.632529546122367 46.245211601841596 9.82881892773092,4.739195561792602 6.605610398829523 -3.8511166064358915,4.721606165692782 -4.487277045499813 43.88566802540265,20.52311684830935 -40.477879360419074 -7.6599027711270695
-21.77303767323296 -18.204456417345202 6.06969009314494,-16.494166851428993 -9.200923639610052 1.4671947283471112,-25.04379555878472 2.322911872559147 9.78475301945111,39.97927799945084 1.6016790857969598 -0.09087264645966488,5.2899818578158975 -4.6893449350346605 -4.572764192989757,-5.22052108021041 -20.30571429116173 -46.78540395199856,21.850940032958025 43.95909421115163 8.945631510282158,6.2011338657718635 6.919835845738436 -4.428329744734087,7.744260321189492 -4.982328616681604 43.89703321789262,21.006126317004604 -41.71524121044747 -8.106939651885964
-22.842317345167064 -20.481051834109092 7.116565293947619,-17.743262736762418 -9.115147546653851 0.5746761681184861,-28.047694844565353 2.828709370902728 9.974400013220304,44.62246868724134 0.3457929691066486 -1.5458130460649735,6.297639889429685 -4.604658300613082 -5.078845294679915,-6.283473701579149 -21.380661375807193 -46.731575060469076,21.40021136280536 42.710133277275105 8.466211212495757,7.279984880468957 7.091350891149049 -4.549304165851987,10.906940289738793 -3.829959771682348 43.79626514599164,20.632728801443527 -40.744707694014416 -7.79291402098255
-23.877516540059514 -21.795273783254974 8.04219626112348,-18.865864686257076 -8.868038674290823 -0.7362219811264117,-30.402106270792313 3.4514880867684634 10.591377952249653,48.26302513930743 -0.6340460820779334 -2.9964703213079633,6.980330370414708 -4.589575025159896 -5.004623524221272,-8.100916395460652 -18.20272807424483 -47.03066968812578,21.173929889397463 42.14427629928487 8.2561627195079,7.938438535691572 7.135160327628165 -4.364086887602019,13.67930571643221 -1.2368226107403208 43.566505661022866,19.82943011373567 -38.657223182683055 -7.083164129016158
-24.50806896069389 -21.77998581531211 8.293475270740492,-19.612393940366175 -8.488868814207128 -1.819631287126825,-31.612691642416703 3.8024072364074093 11.212500348989579,50.2237279532694 -0.998888248527403 -3.7027299801881557,7.303512219249882 -4.6002342768087185 -4.69180672638755,-9.626892272565422 -15.893731027285178 -47.82785454108051,20.994526884484127 41.68481032887267 8.094650861491212,8.202036653426228 7.098440417927886 -4.093825361516171,15.53165183414681 2.4031704042023803 43.18828906351438,19.19055660687729 -36.97441051641326 -6.490479445162031
-24.50882165540042 -20.338015320617288 7.533609755372254,-19.853484388415062 -8.016935156650023 -2.233885749035808,-31.41425725703779 3.6277662061359335 11.50953718089698,50.18750700866171 -0.561714434266254 -3.203400901468606,7.257727322799239 -4.5911884271428445 -4.410765923092656,-10.119339248154477 -17.872115228526862 -49.163698212108116,20.763211556926596 41.003434246007394 7.853937791707033,8.109405044357034 7.032992607484162 -3.921144624705552,16.149637337990598 6.598387166093458 42.73932311682805,19.176667953295304 -36.88859041598257 -6.423527571172389
-24.193241375226762 -18.37215184975446 6.227051385886673,-19.90504473927877 -7.528669565938709 -2.2936973482942853,-30.390374276618143 3.174431630428634 11.505982833945868,49.1713066004723 0.30173399831298586 -2.070440761066091,6.926426378490806 -4.511112258704521 -4.1676362906537765,-9.961839714404388 -21.246935520412382 -50.69133164513077,20.672991292074883 40.69197915507735 7.751123699412172,7.7476333934855 7.007750294187639 -3.885980394223793,16.01664002902413 10.495236175494586 42.657251884991624,19.752844064250773 -38.372328916850634 -6.905302503210102
-23.99947643095611 -17.016659667632158 5.023726632635641,-20.186057463769224 -7.109099969737643 -2.4888670690392902,-29.321088902194504 2.8051431891351912 11.306750081944424,48.500873314413454 1.0854459411088908 -1.1149641072102952,6.414566937950193 -4.307319989308367 -3.9073867739991863,-9.798544157049111 -21.666727196884093 -51.97420037131003,20.984419930763394 41.55527156395264 8.083133080265767,7.215029971784349 7.095612639792767 -3.995238167671697,15.800696497912586 13.156338315515107 43.463038737186466,20.76946947479056 -41.11583900297734 -7.8695211715395885
-24.277170571069934 -17.122061865594357 4.4313537546525525,-21.032890270301344 -6.838320591780418 -3.174475508166276,-28.848841083534627 2.773678134803254 11.049965235001945,49.25517281110289 1.4160771871059854 -0.9267361030614488,5.823160473322108 -3.94845180025958 -3.6135684672918202,-10.084839658823181 -16.185547981765716 -52.64567721547375,21.852957027500924 44.081551369115296 9.030198532284967,6.6115880766697686 7.345084774662666 -4.261992091399256,16.062165725218716 13.877336632257085 45.458148844183775,22.05830201777712 -44.73539505962973 -9.212168857261235
-24.99363112527848 -18.31313021395389 4.343316825010866,-22.42501816513961 -6.775112238241673 -4.123616198244944,-29.021616880771116 2.863100084978801 11.017235845254625,51.447086329430505 1.4933996097655404 -1.139300797481219,5.236171540098897 -3.495275242298105 -3.4364059150031334,-10.460662419242054 -7.929260242255585 -52.64121831137067,22.980058727005243 47.39141607572752 10.268447993978397,6.044580257148783 7.699290520457308 -4.725964645018399,16.8962434190397 12.960521252785894 47.99582332000162,23.370632865128915 -48.52785947456871 -10.666231519852502
-26.01294450972836 -19.883715427777886 4.487145625131833,-24.24556438434947 -6.97250164551983 -4.952261263806046,-29.726915226608867 2.7293921881594505 11.52890567764528,54.8016799733839 1.6719115551012638 -1.1280473470928594,4.7329624685494736 -3.033429865718181 -3.5711211689383893,-10.345798055769281 -1.6629560696863916 -51.97783444877565,23.944612032215158 50.236235226012326 11.337914224500931,5.623244271301823 8.072903479545943 -5.434072666745664,18.272543272308017 10.979950899131317 50.17330738447772,24.43602927797208 -51.703861683194134 -11.92068953087893
-27.194851430835858 -21.223093502285348 4.644998281908764,-26.34119229467772 -7.462531354901982 -5.339293126944499,-30.829254507735747 2.1234090623605444 12.772965190840692,58.939685861313514 2.2037707230274393 -0.45791643856711606,4.385261176898402 -2.6463971931113157 -4.150335690626817,-9.347908979325636 -1.033088150596538 -50.732457507079005,24.39847473470376 51.58191944442897 11.855687698877919,5.436010894495564 8.385437563428416 -6.387733466041927,20.068105433844863 8.480564063703596 51.21810681865776,25.03141679280923 -53.5973477996959 -12.708179307135355
-28.37718859302483 -22.201724183029718 4.874495511943385,-28.374733247151315 -8.171436900387327 -5.280815745993656,-32.077292203858406 1.2743805662245644 14.270043945657465,62.95578123247468 2.825095973562777 0.3503655765706432,4.226301367193463 -2.4067754822107648 -4.991019859741879,-8.021995838507626 -4.045525656663999 -49.28414977667983,24.361450904431013 51.47617722556996 11.827413526174025,5.466396834998012 8.580814951502347 -7.358943997302171,21.693201422865283 5.860446483279926 51.01455328519806,25.172514702535654 -54.164063685276595 -12.981465224563163
-29.39090449166842 -22.84138633365424 5.319883476093271,-29.951208455867086 -8.992180408426723 -4.872690569163292,-33.18325071088592 0.5619724770578627 15.330904768135504,65.77921346629027 3.109726077053788 0.47550391781516643,4.277211364192832 -2.3837405018582882 -5.810880430996089,-7.220971226274367 -6.932328643221346 -48.10698529205664,23.969053644156148 50.30691288224954 11.380926611995593,5.66492619877598 8.610633555294367 -8.04755479315155,22.411316801380043 3.4715027227753605 49.65353220729819,24.95013639995666 -53.55529420111752 -12.762535876716674
-30.08666881165273 -23.162201203197096 6.066536176761374,-30.731699426947618 -9.8079906003058 -4.225929785538813,-33.91638274670987 0.30385187195278884 15.403886346303597,66.55262373858345 2.7250088576711544 -0.6942666645640978,4.545684403166722 -2.6174732288489877 -6.3569628580403785,-7.58684824513675 -6.693533992947978 -47.57934222882629,23.35415080521039 48.458094261024726 10.647615612802902,5.98104631636769 8.446314250126653 -8.211328880234166,21.704686068933693 1.706471459874015 47.33378159755152,24.451155177239446 -51.94232114197937 -12.090931655741976
-30.431474619332615 -23.17418831683169 6.852434129182047,-30.70803574371292 -10.444763657190851 -3.540684539815381,-34.38236398958374 0.451715763318122 14.749152548347167,65.67752994470709 1.8901245460431015 -2.534333888160744,4.960204400315168 -2.977161045117506 -6.5495554539451275,-8.517188648895239 -4.862250511609455 -47.51501414858314,22.633760432702807 46.289741085904076 9.77956493812664,6.357925094255538 8.176170173489101 -7.94973184814911,20.34596303100745 1.1990158341602275 44.88967105444747,23.73904538123642 -49.61394021508249 -11.109558213614843
-30.434811472606533 -22.88367673082159 7.288644375104264,-29.99287938524218 -10.707450428573734 -3.049671165435653,-34.80977572203058 0.8235610977404226 13.923451828179815,64.01535617591779 1.0258546407321847 -3.968398916448758,5.420317683233603 -3.269522138819508 -6.372237450745991,-8.95491802492227 -4.62765692155758 -47.52153457325882,21.91911015241675 44.153124098752514 8.93641978952608,6.736436373120898 7.931218783946194 -7.487063691184283,19.579231161220026 2.6708160650910977 43.38778584948825,22.86873300790831 -46.90187855660021 -9.999083695412535
-30.119343229544977 -22.332903470272132 7.081887245054985,-28.737938893340864 -10.459794400071466 -2.9299548559400788,-35.35634707334671 1.2413774343577626 13.440667639066277,62.34577520933025 0.5134071019065746 -4.116019659544274,5.8192880152949655 -3.3352181707129307 -5.846079856096448,-8.036778315658852 -8.593859695840907 -47.259675573231625,21.323853875829624 42.402363850442796 8.274236671908785,7.050336177469593 7.819712084945702 -7.044053523211225,20.451298675380567 6.5509565265868686 43.677487428181465,21.913991011346507 -44.16181812604992 -8.940569753211882
-29.598499614630573 -21.812718946199254 6.602347150621656,-27.363990947749976 -9.972749626877365 -2.9730187499095933,-35.688071813337544 1.5561596801745106 13.514916595928797,60.87783062732142 0.45797901507243066 -3.457202863644711,6.007183317342726 -3.250525426757914 -5.251046655337313,-6.245865671914179 -15.297835534034713 -46.76086478101172,20.978500831668338 41.411398313136196 7.9241518035764305,7.184130343275001 7.791870102785522 -6.81543517489784,22.638503460535965 11.242104969611912 45.1020157578064,21.079149211882957 -41.914831305788944 -8.117416255037014
-29.024108756519666 -21.71914920064144 6.500886283997703,-26.40564122053036 -9.689540166692309 -2.8072259037429137,-35.26291558596505 1.6311734240559075 14.233499268500312,59.57916193252971 0.8480013559573514 -3.04749172196802,5.815797554540318 -3.1913967119122164 -4.976626235304668,-4.634849974111099 -21.555966169321454 -46.213335274224086,21.02069087286696 41.56254919819453 8.006758901832884,7.001489466131489 7.731057602299636 -6.984945199735907,25.237407374790415 14.289655727396683 46.367447700811596,20.623769374585326 -40.75195872233628 -7.714012248705523
-28.544245711673582 -22.355439209263594 7.322186599585041,-26.317791329031056 -9.972554105709685 -2.118192404874877,-33.66574028775408 1.350535212407592 15.614461502929702,58.440654247503716 1.642488529940836 -3.7884597623181553,5.141900427769115 -3.3171846175646116 -5.352573663503826,-4.156525588639917 -24.46050772671473 -45.79771291953371,21.551468319270395 43.13218458917634 8.605603681828637,6.423836208808843 7.532356351394302 -7.688027278600731,27.389654442694056 13.54940608712711 46.323933223220244,20.767403593452745 -41.16725268596816 -7.882370495519239
-28.275213309770614 -23.264020801332073 8.735562796710505,-26.90107709854635 -10.518963424581068 -1.0638814765212568,-31.52384204999179 0.7682931689207294 17.113947699580145,57.6500864887158 2.563618326862032 -5.307409795371291,4.413451905773832 -3.648758137903413 -6.217604866368374,-4.9313771565230144 -23.40700830303526 -45.627918190685044,22.372793622239527 45.531104561999214 9.50196857082112,5.844862567304922 7.188492451131276 -8.666038222754182,28.62199895930639 9.43723889243964 45.01686672876046,21.401232705542125 -42.860619488196654 -8.510057749700785
-28.317799792462843 -23.615815725564964 9.982881966859614,-27.636652050132227 -10.701110689374845 -0.03290656566358961,-29.973544520585133 0.0214741279776835 17.913722074439388,57.49138211165743 3.217919654133821 -6.609409830786536,4.317795670809591 -4.1393638126495 -7.170658117020475,-6.673466986865575 -18.91572866604395 -45.7852988778219,23.140582606281512 47.747446621933946 10.329538837733258,5.888872769883296 6.739872374878475 -9.467899624158676,28.64924710640067 3.6191436600608666 43.07528836838325,22.256091695983653 -45.144178678421504 -9.355510034943569
-28.751805862671784 -22.696601011878492 10.385574693355839,-28.05302196509107 -9.984358469407082 0.6259106603973399,-30.01897564908832 -0.7576746815103313 17.3135812225587,58.19857699635851 3.2618147424502073 -6.8014300452516245,5.44350723475333 -4.736356778208241 -7.846657088893925,-9.0594624808587 -11.635769804338912 -46.31952977123171,23.543857512959995 48.86824998037608 10.757799159088663,7.08832198742972 6.230992149734423 -9.695157648326665,27.27096352510521 -2.2838885986876316 41.11332617582209,23.084760263700993 -47.39968602772033 -10.204509503598185
-29.454452375537205 -20.93075787557845 10.064986155492074,-28.15903706178982 -8.757784922775226 0.964914868905214,-31.348408959864333 -1.4887225953484255 15.776367421897572,59.51543610927117 2.843333508797726 -6.019854628857982,7.403982272320843 -5.334381362809404 -8.245365812827327,-11.42995849717191 -3.392234459478371 -46.97516716104619,23.602395869663887 48.967752997026246 10.813216000382889,9.069497106717566 5.742888742562614 -9.472505039103856,25.09659850929061 -7.169499569850561 39.56211375313074,23.863433678668724 -49.709903205737575 -11.11660251371814
-30.189114792274594 -19.38253790125386 9.591995843506002,-28.233490508280305 -7.9295759383321425 1.2618973343819853,-32.91063689352981 -2.12035871266722 14.418528900723077,60.91020300690948 2.3867785168007214 -4.979575679321258,9.26458695813576 -5.798459586311365 -8.571580531219356,-12.936684558611077 3.328887651856255 -47.325297488721844,23.52185235898591 48.67497811870472 10.72287169702301,10.949438480888857 5.37713432018577 -9.21863134674398,23.19074017714534 -10.226791044612026 38.749945879110626,24.693861820431923 -52.55154169272025 -12.305184852023544
-30.722648434058193 -19.023955674974015 9.515053125738994,-28.51745641267103 -8.31612369424451 1.7837196127530435,-33.716985377384994 -2.6011631212452504 14.270752732843576,61.86697459527341 2.2804039939597707 -4.365980455682519,10.153511090240205 -6.013379867339789 -9.008434377552062,-12.822077648004052 6.219135448948008 -46.98978313447434,23.49760294130682 48.587227269755466 10.702629816462483,11.902870489950832 5.217769062668332 -9.317453680294571,22.51375153788944 -10.74143602808771 38.959730907878544,25.656638568976206 -56.3011882867959 -13.937964900975357
-30.877081031729233 -19.672042022320586 10.06373704404514,-28.77862396630097 -9.599603195433135 2.641037355412186,-33.60133941423029 -2.874683766218304 15.282248049539785,62.08976505055613 2.45768305074309 -4.446667349396029,10.000123662524162 -6.097544869765838 -9.460718289550174,-11.407467314908379 5.119264127674495 -46.154426053124126,23.581501428319793 48.86132342854593 10.81199818161125,11.84093466144823 5.142368814019689 -9.710648758760298,22.755534072939845 -9.084065095688285 39.96005600794027,26.570186390697565 -60.12054670078306 -15.631643820934835
-30.510035419139996 -20.398676955657415 11.261903848996432,-28.47927273678688 -10.730436431821488 3.8437282108296102,-32.92826728138243 -2.881222049081696 16.70449627723588,61.42447065875295 2.5586816253399554 -5.219693547021346,9.250683472650467 -6.320076125361013 -9.653647594772435,-9.710242829352415 1.2566200301034525 -45.37015050568835,23.732806697080857 49.3699096082975 11.009609941480218,11.149880360046794 4.89530662079436 -10.054576920473004,22.786336665130847 -6.32528144882126 41.187688228052615,27.083784904514808 -62.387525108591355 -16.647434241876354
-29.498455154772806 -20.32889404464109 13.100364982944964,-27.12020210992737 -10.728134685840738 5.380948365843641,-32.05457890893643 -2.5655861515066167 17.806676979421518,59.73842080653646 2.2457551638297493 -6.648575352476522,8.347640698090242 -6.925618678384706 -9.329916768869275,-8.69431124789953 -4.108476867368624 -45.155770229880524,23.910198421289564 49.98269449141974 11.252690729550652,10.215475098198809 4.245988664049989 -10.020120558814881,21.534972024579407 -3.517844801294831 42.101064618772746,26.872452369412432 -61.59848743024876 -16.30060386353428
-27.983114387194465 -19.51150841299413 15.152703580693856,-24.816584079876286 -9.757345910125911 6.973594813608809,-31.10318201443225 -1.936837563881663 18.271124332031818,57.16757839793419 1.5641627307271808 -8.273508676492813,7.55842530794305 -7.778606978706254 -8.52062863994073,-8.406694499927795 -9.576746707896747 -45.49199937129346,24.085937642969547 50.594773166567485 11.502322444014414,9.305143653002208 3.347760959750204 -9.549738956441697,18.947746590731697 -1.2987854686578604 42.54181760510184,26.013524622710527 -58.102622944743445 -14.751410355057832
-26.299816338357235 -18.67821377119621 16.684078912378244,-22.137747683314778 -8.829226961447219 8.144261757771645,-30.024078922737722 -1.0515351621605242 18.085585015307963,54.046485834344416 0.8422137293098892 -9.321762168402442,7.021088683891607 -8.462415876959234 -7.470083503889589,-8.216633910607227 -13.646187593522889 -45.961777636980116,24.24232503479794 51.12000688323013 11.722437614345344,8.59882938398803 2.6377858554430365 -8.786646695275353,15.723119383760677 0.0021820732081116456 42.6348456229291,24.88173904445555 -53.618768070114676 -12.784745590076962
-24.782702164855262 -18.534708218151223 17.003416901355184,-19.652547378801213 -8.916771649274237 8.448005419409744,-28.77024219260951 0.02179572089356641 17.264677885551,50.71869057356408 0.40473043963041255 -9.070752942076384,6.857695268600975 -8.580577782335883 -6.4257687437595905,-7.520047498248865 -14.891597474283875 -46.16498522911208,24.35819161494334 51.464193348914606 11.8735987935268,8.261296754003425 2.5309022907103556 -7.884753114094416,12.567459330633042 0.08314211588097928 42.51029093207816,23.848299948136344 -49.839677627327966 -11.172330521748497
-23.657956756578066 -19.059306059580454 16.302749462841344,-17.737248344070462 -9.988461352689686 8.082523076731285,-27.416272503367203 1.0266915333563935 16.164374888104177,47.60306259175745 0.4012413533723397 -7.793344695875008,6.965990275273485 -8.199788871287442 -5.603811447007226,-6.449961615148493 -13.259401227285696 -46.15633890784675,24.34820945950598 51.385877370495585 11.856854164439243,8.229974966318919 2.9401607827817275 -7.101666933639079,10.01876303029226 -1.0011950714120696 42.274106279957884,23.102496205620394 -47.450430783474154 -10.204229661142477
-23.06045103576888 -19.615069683141034 15.521076839417852,-16.60521561316997 -11.16311843265236 7.789084942524742,-26.139648733113717 1.547722643910675 15.429378820907035,45.18218283078966 0.8330040761621638 -6.604391871116793,7.053980243416587 -7.77850878661504 -5.193812839237243,-5.762879958788372 -9.856203686429168 -46.37527539456337,24.072782302978194 50.51905103535692 11.522912143389636,8.25000346492108 3.354178018757174 -6.782710189479892,8.472610658967543 -2.8944699129337135 42.011783903240314,22.67974492887066 -46.283772099561574 -9.763102167959584
-23.10918895547958 -19.575101130364335 15.582128915272406,-16.447707766138592 -11.56751662076273 8.28776592027064,-25.121458993738774 1.1916367548801488 15.682375237005758,43.92365328677654 1.6847131348822246 -6.59719519870846,6.838956393000028 -7.76835043220847 -5.369588563691482,-6.198332672996203 -5.813099943783485 -47.24500335406438,23.402130486053586 48.525890983571145 10.73391387815017,8.072971765367683 3.2706151214315264 -7.252512264729816,8.29232837304279 -5.222438247698423 41.80517376342734,22.60429745184196 -46.1351760434649 -9.716381497460647
-23.641639464939292 -18.950117106661548 16.568736534655063,-17.088095694620925 -11.080815615029282 9.468191831330374,-24.55077728014256 0.1543429530290686 16.87176760107947,43.92695125001363 2.683326104259562 -7.823109554212548,6.368965315902901 -8.205085314234417 -5.980952367364562,-7.702345675263093 -1.99989411200777 -48.57438320890297,22.45627243201482 45.764431996687065 9.63414183982977,7.721533670393415 2.672907926302397 -8.32736187612467,9.239448584149155 -7.429189985314885 41.671157427294865,22.763464189670803 -46.57427314818441 -9.879658923545216
-24.22299711278089 -18.367475758337587 17.75049141008374,-17.993963626137337 -10.309812654935728 10.41685559000388,-24.624400788533777 -0.7984677272523032 18.29385662344234,44.93553812552134 3.3065414146635215 -9.325816950614872,6.01192935447162 -8.722321919090046 -6.56437357863551,-9.453541595166303 0.9663059643196019 -49.57813505398371,21.59680797421266 43.26567795706831 8.640739275824052,7.480491082656716 2.0142882691163004 -9.331928054189989,10.493504915453435 -8.783124690084447 41.56378508899538,22.912119071507643 -46.95227875443065 -10.018388796944908
-24.417120253425953 -18.454698208838973 18.381443749073348,-18.626519255086475 -9.87490485726704 10.22031967678675,-25.52102407492506 -0.9016340576862 19.22967157147632,46.66074356933025 3.0420112099254615 -10.131697816834357,6.135673467495135 -8.948064500888378 -6.657288718073029,-10.615117326575811 2.485917471803302 -49.477572384025486,21.184403092423267 42.05733315830325 8.169465084764138,7.634430515644203 1.7540543743597878 -9.588819534752787,11.22488126741764 -8.577024773836019 41.43331479056372,22.806593589383127 -46.62978014835184 -9.902610479429935
-24.05990525317127 -19.143732233642503 18.207596673429517,-18.673930229259838 -9.94783404086636 8.878905000572493,-26.908141174212616 -0.05159471762700735 19.276745779792225,48.32629095699264 1.9366427471613028 -9.930983237988672,6.7421525405993465 -8.811365049109503 -6.179730323871257,-10.793396617155103 2.158862565467355 -48.35155640344839,21.279528350329684 42.31147535509749 8.287866755873567,8.164333627020348 1.9864973913336945 -8.921617054311797,11.010779959577732 -6.97987754959831 41.19608966772589,22.39403358375723 -45.475454649581394 -9.486540991043782
-23.288010437063946 -19.597508068551335 17.51885053863893,-18.07528839512898 -10.204314115526214 7.403172814444931,-27.88806896466878 1.123754701513279 18.382535678512454,48.6168120165194 0.6556490200757241 -9.147849611836747,7.4288199006237425 -8.574110313869443 -5.474724496329579,-10.084618942164393 -0.19436630263635757 -47.22704276536275,21.610761864931835 43.254211876849745 8.67851342615683,8.715520192149521 2.4023610307515924 -7.707769976630382,9.878176869705118 -5.1293919459382264 40.730956943111046,21.832546947031407 -43.91971781660814 -8.928021958841622
-22.25659419972072 -18.96290365444989 16.632247283287846,-16.792695534214175 -10.300881162232242 6.835108183073697,-27.55723613171262 1.9684489417794082 16.52615298868567,46.23566879612542 -0.11490230710243103 -8.241008710816446,7.779296593464714 -8.509833173778372 -4.902609166326008,-8.616840256025556 -4.716456494148555 -47.15637636484399,21.89405955317031 44.07550036180323 9.009298037114966,8.922766048250548 2.6770440521150682 -6.352609151455925,7.890224957326487 -4.186616521159251 39.92416627706453,21.289663586116426 -42.418011675355835 -8.39381397392494
-21.228313105601284 -17.256293542924006 15.828020234152538,-15.155342115825773 -10.13178979797983 7.452962262334245,-25.867481835052015 2.184777823856076 14.182775293264323,41.59370368812138 -0.09697858234951932 -7.542968723381047,7.637224772532701 -8.687801887157763 -4.656075460885774,-6.7547941943039405 -10.61976886366203 -48.32495745666536,22.012113572235965 44.434182218181675 9.140234288965125,8.670830137142989 2.6887659167859757 -5.232855119794908,5.582506070505732 -4.331511484737828 39.00409243874482,20.878157043565196 -41.27770713734396 -7.991404813550642
-20.601752560845345 -15.593509767579269 15.339859116620698,-13.95659339660317 -9.891883992056211 8.569263110436937,-23.85229113683966 1.9280360701543475 12.45484348679079,37.26082677595421 0.4715024199003579 -7.226656451510612,7.175037007003819 -8.918997029175095 -4.7158291691224345,-5.162487608995741 -15.940288847732969 -49.821955718567494,22.058450031529183 44.58199106650487 9.174267945168854,8.160569003959738 2.57220796927126 -4.689051377659197,4.087976986468993 -4.503474504141142 38.63171914143047,20.641562760550535 -40.618942763098275 -7.753333212208055
-20.77467086085306 -15.143275208892288 15.393798596064684,-14.00532813990173 -9.792014427603245 9.442580150803344,-22.603269865381893 1.3830479878869721 12.462749122613301,35.90660676364157 1.317919721794737 -7.4504630534723795,6.5856454303025105 -9.000834736811338 -5.047431465986786,-4.513600952732414 -18.664566244430233 -50.67717922545076,22.1380558702702 44.803055107007616 9.227798150232553,7.611695006874744 2.4766887910871667 -5.050904731641449,4.5551750743286465 -3.584575670410161 39.47913767214423,20.617466959539133 -40.54571751449964 -7.706102497437206
-21.665028878172045 -16.187748350844164 15.98121992756675,-15.393577766487619 -9.878365430185458 9.733229302496905,-22.64571549421783 0.7581864665736548 14.206724022164671,38.24823209935765 2.0890356662412093 -8.156769827683387,6.031161602254103 -8.88175587071256 -5.538778370364436,-5.003117944805348 -18.08733952033863 -50.47140614229701,22.252164916839547 45.09804020398098 9.310124163393887,7.172438810055023 2.460302570872523 -6.220152835360044,6.989728418353851 -1.5753981200400513 41.38193710847624,20.767696703773538 -40.95455888644258 -7.814537314217681
-22.496168326040124 -17.725578040981453 16.753788588629842,-17.175569251445676 -9.958728200646249 9.683148643781701,-23.685061498952255 0.295916484740679 16.065306404086254,42.17636347732526 2.3149010689634726 -8.97523320138541,5.629106037545634 -8.728844955685341 -5.965327395129567,-6.132996651095484 -15.397256675238744 -49.58307290099154,22.251804068119974 45.0572340910488 9.2754930724444,6.887544581425236 2.4490748197973953 -7.4789477442403784,9.742636193209965 -0.09583462793823139 42.96467363412903,20.944399927380914 -41.44163082638517 -7.9541679666533875
-22.44582913139842 -18.663744556246005 17.339129037332746,-18.331910453595214 -9.825495212609495 9.578712772832928,-25.360802003832013 0.23852455909879053 16.30773088311347,45.37556949499869 1.524148564252279 -9.513881514372871,5.4916473860662185 -8.72436333458286 -6.0958688209396055,-7.352329750393726 -11.929250810979562 -48.4526427810603,21.978908617092788 44.24638212659252 8.968761539304191,6.792514321746483 2.359700075761967 -8.067964661395004,11.050634835392067 -0.8711314373835839 42.7736778583743,20.992800063262155 -41.58410636529822 -7.994952106123877
-21.329331140325696 -18.54843242725146 17.55017079351503,-18.39651417485931 -9.508198204656429 9.627437463356573,-27.183398697012766 0.6211585285228096 14.485153382822073,46.630936899043654 -0.1931175890153608 -9.587914769561047,5.595466348684743 -8.909757945027259 -5.854379443905767,-8.210174450392156 -8.877059035671351 -47.49137628032909,21.46927880144808 42.782471932660194 8.434500609538839,6.839688535332993 2.1820234832860295 -7.738299619553144,10.25909255986693 -4.070755963254774 40.55992113134024,20.87887220200263 -41.28782845165721 -7.909876763154061
-20.02056579752051 -17.987094659893927 17.507504690637553,-17.82194338252044 -9.430090366227297 9.905909472353457,-28.449081186800896 1.1350546456673127 12.277099068779346,46.55473867827802 -1.8145838553247204 -9.35649932143288,5.692293482008855 -9.092682084690827 -5.422491661919144,-8.42155869905849 -7.199991267476579 -47.06204862539648,21.080588114724776 41.69771663756365 8.048866386550962,6.8433349993082455 2.027341870458806 -7.088498480646645,8.554034852622165 -7.281121744288672 38.07443540188899,20.769074968054205 -41.004329491130356 -7.842988268151168
-19.488235997213987 -17.683605129092065 17.36033350444807,-17.145118582746512 -10.047748243965959 10.477135683883764,-28.43847209568763 1.4404579995622517 11.554130274109937,45.92811599104802 -2.235868719874712 -9.010599034589331,5.5148100787599335 -9.06023164863818 -5.005792184383771,-7.72023904331531 -7.827411696605546 -47.51920385974827,21.198528305140517 42.10380337231137 8.216787078546652,6.606561879104262 2.017568196043814 -6.793486957871679,7.288761198954965 -7.861620181970029 37.24646638770493,20.847791626743437 -41.2339304794275 -7.953588997384935
-20.133438025765024 -17.928242376814005 17.212918388678318,-16.646566845927225 -11.38610060787372 11.263717897215054,-26.954020689067836 1.360589008740126 13.092036718807217,45.14519658564843 -1.0144791929338535 -8.669256093725197,5.041159087610999 -8.768325777912333 -4.771413480936905,-6.190044719326672 -10.797322603073653 -48.80145089583392,21.94409333487375 44.33771282115543 9.060103275432697,6.143678992455963 2.1797459173125917 -7.128068742164817,7.104036715351913 -5.048807705476872 38.82797675401391,21.188296746280272 -42.174541476207935 -8.301876768011871
-21.27410641105773 -18.222022378450227 17.0837585526844,-16.117540521356307 -12.646364244501632 11.920323366044858,-24.793976239431743 1.029673358486296 15.577457270279217,43.86157183681744 1.0289980949686623 -8.314264786489705,4.717897100084279 -8.495048439422007 -4.813105926312545,-4.582847484985272 -14.446743366602892 -50.05367105079934,22.933155281660092 47.25805599200441 10.160440428344014,5.872031551557033 2.3598793446407553 -7.603496030832424,7.280899606754602 -1.6614283791272528 41.32432392283674,21.651836546223507 -43.44698278084345 -8.758928504244025
-22.108196864754195 -17.97919819253457 16.981733697854633,-15.295695521601594 -12.939805391114696 12.072638326808251,-22.867410812426215 0.6167318272519988 17.46539037965459,41.65309354192632 2.9333127510354142 -7.912346376392886,5.042420650558622 -8.5536720766503 -5.2157602698370775,-3.7235775503862714 -16.925801022279956 -50.33433035235498,23.725602988538355 49.55967190373157 11.039558818374,6.25252263497216 2.384144474608131 -7.646884178121279,6.950274873531212 -0.911528684642359 42.992286747742384,22.076047842906977 -44.60782510206564 -9.17476518317703
-22.197269256546463 -17.01046178658864 16.92067994828897,-14.202032636879657 -11.910573293136977 11.574909582682142,-21.852641895626615 0.25514318695361016 17.866221801569793,38.75421774495558 4.010948598241597 -7.5020451921949585,6.14717431042717 -9.050563737064575 -5.9435344673967645,-4.026305283930205 -17.257925637996202 -49.267245756554935,24.04447034017481 50.43027293373776 11.395187111656503,7.395037303506653 2.1841932331135476 -7.029053339599154,5.798913837139117 -4.1156052419498685 42.896799907900984,22.345171151798745 -45.34236774720058 -9.441514309576577
-21.90256609249897 -15.998401955765429 16.92533419776652,-13.480719290012015 -10.374798537326823 10.784062227359044,-21.920483348632438 -0.00010204079701773075 17.331745028003503,36.847883321072196 4.176419151743277 -7.279867612602962,7.361955757574226 -9.63703887174235 -6.695056182050963,-5.001487951334517 -16.387221883960855 -47.71962297304456,23.971599706008416 50.14155869675547 11.312065120814497,8.637458957212383 1.9236530814530224 -6.27674121353577,4.736008894027775 -8.42123009358194 41.8801929965509,22.445943530734 -45.6190256668562 -9.543909202284178
-21.691330646539335 -15.740622372728799 17.021748045936747,-13.857725786541806 -9.303595323490745 10.123468524579128,-23.173402178017724 -0.10447906853967595 16.605085449034416,37.80669971307215 3.424848965248717 -7.462883438796162,7.910624456029167 -9.904284593798312 -7.133903363353984,-6.039718272386698 -15.512150872788975 -46.72310601168689,23.636616500038187 49.10954396219571 10.926485093868992,9.215783907691227 1.7968362145242218 -6.016506967472644,4.832009082146816 -10.424954436492161 41.020358664426475,22.378828319563013 -45.444119888492544 -9.479095620859328
-21.850544822635015 -16.604955446393504 17.179096110613607,-15.584224209885281 -9.25067306360574 9.826041248892738,-25.37886192601556 -0.02717292591725069 16.21652327569362,42.202712678112235 1.9540793967207029 -8.075849171618982,7.388301798270234 -9.625612359267395 -7.045048372408475,-6.69874464078452 -15.299694509582894 -46.87140053805471,23.180911200995347 47.768656866302216 10.393112861345033,8.725762155881887 1.9188334953917654 -6.54652345048682,6.554920338269772 -8.32535556324099 40.97910051819839,22.179687833311622 -44.91814899233429 -9.280681872803218
-22.208853209568886 -17.866485831600794 17.22193609498292,-17.70415215704573 -9.708436743519156 9.640425852650413,-27.452537487865943 0.22777241474823373 16.155152951167352,47.301120432836704 0.47738489899578873 -8.65454044058884,6.3340895512344275 -9.037407783568947 -6.522124203927929,-6.961329876859903 -15.065481644147635 -47.64469862918694,22.775788451602516 46.600143857636255 9.913331409401545,7.677862924788085 2.203305538666492 -7.329999794351031,8.840960875569552 -4.394364584115352 41.36026318322075,21.97439075523545 -44.381069888997736 -9.074986902022774
-22.523181107875445 -18.629446170413328 16.952266434224388,-19.072726240173086 -10.003295286300936 9.239552638381092,-28.17715810048517 0.6508284271104152 16.32530445716671,49.85031877636102 -0.2115178696835601 -8.65836067222591,5.434735450396274 -8.448504831158377 -5.707112936335691,-6.87681259940746 -13.913893299431797 -48.34899801356409,22.59716950210709 46.09239132351264 9.695759866962458,6.725635735707796 2.5323891927476536 -7.6996021655148565,10.386841673549643 -1.5409561525562552 41.60218276645465,21.902845958737565 -44.210189075472606 -9.002793110620923
-22.613536506810366 -18.319320033949797 16.278627944588088,-18.938610803172168 -9.69906936523165 8.439270651072485,-26.873397337662905 1.2002043621058744 16.605133743244185,47.85062564407019 0.34853899643480646 -7.789975149477951,5.166164152909886 -8.088961486776567 -4.762378752070806,-6.5236802193566685 -11.392823032961527 -48.49929523259752,22.73726843673503 46.4969512796722 9.850926674473998,6.331968947575674 2.810313672217811 -7.238788630134538,10.326024504571462 -1.6887389853010049 41.335640955747714,22.038406065707452 -44.60106696677444 -9.138093189538651
-22.485968434085216 -17.309011873099422 15.423772133334776,-17.71081110244965 -9.059745252842733 7.476919392141044,-24.448413513966667 1.7389629647303027 16.795605310361818,42.994479567650586 1.637983417146416 -6.469467662714442,5.382549004812011 -7.956512646713746 -3.9103959505293635,-6.0663846438948035 -8.358154504994896 -48.226958085518206,23.041433386333836 47.36691292546527 10.200074987985166,6.397460355015455 3.0064621479986076 -6.270643075706676,9.080019775208356 -3.855318490735648 40.75897254171119,22.258138561837534 -45.21326542568194 -9.357906183307259
-22.180653818370804 -16.14522373857074 14.668090216856898,-16.01118865488837 -8.477749604629654 6.667157779577439,-22.1003942488744 2.1127130324078047 16.683523439057907,37.651612256068056 2.9573335601549813 -5.248527308160162,5.824007510787361 -8.006275194487296 -3.3846656031314777,-5.685147353625043 -5.9057128266237235 -47.776423280522486,23.30972668418161 48.1272374406432 10.511380642394649,6.719559561002456 3.102169819378629 -5.253928468855296,7.306621222765012 -6.52521450689149 40.174625881731615,22.403103825229795 -45.60802120532666 -9.50311772658222
-21.73776958833793 -15.374657681072257 14.29197341154686,-14.461604977371131 -8.345509076087861 6.324644731372297,-21.027527161863937 2.167063362562511 16.05569240987077,34.191755418288274 3.6071075931642715 -4.678843182039831,6.230657175520661 -8.1933660136146 -3.4186887812972238,-5.560189829150542 -5.131323108939683 -47.39212752580665,23.342210663556486 48.20288600495738 10.553019472601152,7.095716168512 3.078771885646473 -4.6474077762043855,5.663622584546067 -8.182946871799924 39.88504933319552,22.31436223398628 -45.34657105884018 -9.41461345401901
-21.19749267265739 -15.544015751312507 14.57581293379709,-13.68392158678073 -9.055450322712831 6.764039165516274,-22.427999872413196 1.7476227526185317 14.698916503338687,34.98464076327702 2.8878236838780227 -5.3121043805782024,6.342615503696635 -8.472901987613044 -4.245966556446709,-5.871733551074476 -7.130810463034551 -47.31850752956706,22.93894765773657 47.018819798159186 10.093167313503367,7.32337978051941 2.9176035460907315 -4.909843964377956,4.808817597856169 -7.313035423492301 40.19269125348947,21.832974166209006 -43.990151739354104 -8.933279000273107
-20.6 -17.2 15.8,-14.3 -11.0 8.3,-27.5 0.7 12.4,42.4 0.1 -7.7,5.9 -8.8 -6.1,-6.8 -13.0 -47.8,21.9 44.0 8.9,7.2 2.6 -6.5,5.4 -2.4 41.4,20.8 -41.1 -7.9
