-21.3 -7.0 -6.7,-11.5 -3.4 -12.3,-21.9 6.4 4.3,33.4 -0.7 11.9,8.7 -1.3 3.4,-6.5 13.7 -47.9,20.9 41.3 7.9,8.0 10.4 4.3,-4.0 0.7 43.7,19.0 -36.5 -6.3
-21.1 -6.6 -4.3,-11.7 -2.1 -9.7,-17.8 5.7 5.9,28.1 0.9 10.5,8.8 -2.4 2.7,-7.3 13.9 -48.4,22.3 45.2 9.4,8.1 9.3 3.8,-5.3 -6.4 43.1,19.6 -38.0 -6.8
-14.6 -11.1 -1.3,-10.8 -4.3 -5.1,-18.2 4.3 6.8,30.5 1.8 7.2,4.8 -3.4 0.2,-7.1 -4.5 -52.3,23.0 47.2 10.1,4.9 8.0 -0.5,-1.9 -2.8 45.0,21.4 -42.6 -8.4
-16.0 -15.4 -2.0,-9.2 -7.6 -3.7,-18.5 5.6 5.6,26.3 0.0 7.1,3.9 -2.5 -0.5,-6.9 -22.7 -48.3,22.7 46.2 9.8,4.0 9.2 -0.5,1.9 0.9 46.0,19.8 -38.5 -7.0
-9.6 -16.5 -3.5,-9.4 -9.5 -3.6,-18.6 6.2 5.4,27.4 -0.5 7.9,-2.4 -2.1 1.3,-6.7 -16.9 -51.1,22.5 45.7 9.6,-2.3 8.9 -2.2,-1.3 -11.2 42.1,21.1 -41.9 -8.2
-10.2 -15.4 -2.1,-11.3 -6.5 -3.9,-22.2 6.5 -0.9,31.8 -5.0 5.5,0.1 -3.1 0.1,-10.6 -5.4 -49.7,21.6 43.3 8.7,0.0 8.7 -0.0,-4.3 -16.8 41.0,20.0 -38.9 -7.1
-16.2 -16.2 -3.7,-12.8 -7.4 -4.4,-22.1 5.8 4.0,32.3 -0.9 6.6,2.4 -1.7 -0.3,-4.5 -26.4 -48.2,22.9 47.0 10.1,2.5 10.0 -0.6,3.5 -6.6 43.6,20.0 -39.1 -7.2
-15.5 -18.2 -4.3,-12.7 -10.9 -4.3,-18.1 5.0 3.6,28.7 0.8 7.0,0.3 -1.0 -0.8,-4.0 -21.6 -50.2,23.2 47.8 10.4,0.6 10.2 -3.0,1.3 -4.4 46.2,19.5 -37.8 -6.7
-21.0 -16.4 -3.9,-13.3 -7.5 -4.8,-20.2 6.1 6.0,28.8 0.7 6.9,5.2 -1.2 -0.4,-4.3 -28.7 -48.2,21.8 43.8 8.8,5.3 10.6 0.2,9.1 4.0 47.5,18.7 -35.9 -6.1
-16.8 -15.4 -5.1,-10.5 -7.2 -5.8,-22.5 7.1 -0.2,30.9 -4.2 9.2,5.0 -1.4 -0.1,-4.7 -23.7 -48.1,22.1 44.7 9.2,4.8 10.7 2.0,2.3 -3.4 42.9,17.4 -32.8 -5.2
-13.0 -12.4 -0.9,-11.7 -2.9 -2.4,-25.7 7.4 -1.9,35.8 -6.7 4.4,5.5 -3.8 0.5,-11.4 -15.6 -48.8,23.5 48.8 10.8,5.1 8.5 3.3,1.0 -8.7 38.9,19.4 -37.6 -6.7
-15.9 -14.7 1.2,-15.5 -2.8 -3.2,-23.4 7.3 0.4,35.4 -5.1 1.2,6.1 -4.1 -1.1,-11.6 -13.5 -47.8,23.5 48.7 10.8,6.0 8.4 2.6,4.2 -10.9 36.3,19.1 -36.8 -6.4
-17.7 -17.9 -1.4,-14.0 -8.2 -4.2,-24.2 6.2 3.7,35.4 -2.0 4.0,3.5 -2.2 -1.0,-5.7 -22.2 -48.0,21.9 44.1 9.0,3.6 9.6 -0.6,5.4 -2.8 42.4,18.8 -36.0 -6.1
-25.2 -14.3 0.4,-19.5 -3.8 -6.7,-21.1 4.8 10.8,35.7 3.3 4.7,4.0 -2.6 0.2,-3.8 -15.4 -52.0,19.1 36.8 6.4,4.1 8.6 -1.5,10.5 -4.1 39.2,20.6 -40.7 -7.7
-22.3 -13.2 1.1,-18.2 -3.0 -5.7,-25.4 3.6 11.9,42.3 2.7 3.3,5.7 -3.6 -1.5,-8.0 -27.6 -51.5,21.4 42.6 8.4,6.0 7.9 -1.9,15.6 17.0 47.5,20.7 -40.9 -7.8
-21.3 -17.1 2.3,-16.6 -7.8 -3.6,-21.6 5.2 11.6,35.6 2.5 4.4,4.1 -3.1 -0.8,-4.5 -14.1 -49.2,23.5 48.7 10.8,4.3 8.3 -1.5,6.4 -6.2 43.2,21.7 -43.4 -8.7
-17.4 -14.8 1.9,-12.2 -6.4 -1.6,-19.8 5.0 7.5,30.2 0.5 3.4,2.7 -3.7 -0.1,-7.5 -18.6 -49.8,23.3 48.1 10.5,2.9 7.6 -1.7,4.5 -5.1 42.3,20.9 -41.4 -8.0
-19.4 -11.1 4.2,-13.2 -8.1 -0.2,-17.5 3.2 11.0,27.6 3.6 1.5,1.9 -5.0 -0.1,-8.7 6.9 -48.2,24.1 50.6 11.5,2.1 6.2 -2.2,1.2 -1.7 43.5,18.9 -36.3 -6.2
-21.7 -18.0 6.0,-16.4 -9.2 1.5,-24.8 2.3 9.8,39.6 1.7 0.0,5.2 -4.7 -4.5,-5.2 -19.9 -46.8,21.9 44.1 9.0,6.1 6.9 -4.4,7.5 -5.0 43.9,21.0 -41.7 -8.1
-24.5 -21.8 8.3,-19.6 -8.5 -1.8,-31.6 3.8 11.2,50.2 -1.0 -3.7,7.3 -4.6 -4.7,-9.6 -15.9 -47.8,21.0 41.7 8.1,8.2 7.1 -4.1,15.5 2.3 43.2,19.2 -37.0 -6.5
-24.0 -17.0 5.0,-20.2 -7.1 -2.5,-29.3 2.8 11.3,48.5 1.1 -1.1,6.4 -4.3 -3.9,-9.8 -21.6 -52.0,21.0 41.6 8.1,7.2 7.1 -4.0,15.8 13.2 43.5,20.8 -41.2 -7.9
-26.1 -20.0 4.5,-24.4 -7.0 -5.0,-29.8 2.7 11.6,55.1 1.7 -1.1,4.7 -3.0 -3.6,-10.3 -1.4 -51.9,24.0 50.4 11.4,5.6 8.1 -5.5,18.4 10.8 50.3,24.5 -51.9 -12.0
-29.5 -22.9 5.4,-30.1 -9.1 -4.8,-33.3 0.5 15.4,66.0 3.1 0.4,4.3 -2.4 -5.9,-7.2 -7.1 -48.0,23.9 50.1 11.3,5.7 8.6 -8.1,22.4 3.2 49.4,24.9 -53.4 -12.7
-30.4 -22.8 7.3,-29.8 -10.7 -3.0,-34.9 0.9 13.8,63.7 0.9 -4.1,5.5 -3.3 -6.3,-8.9 -5.0 -47.5,21.8 43.8 8.8,6.8 7.9 -7.4,19.6 3.2 43.3,22.7 -46.4 -9.8
-28.9 -21.8 6.6,-26.3 -9.7 -2.7,-35.0 1.6 14.5,59.3 1.0 -3.1,5.7 -3.2 -5.0,-4.4 -22.6 -46.1,21.1 41.8 8.1,6.9 7.7 -7.1,25.8 14.5 46.5,20.6 -40.7 -7.7
-28.4 -23.5 10.2,-27.8 -10.6 0.2,-29.8 -0.2 17.9,57.6 3.3 -6.8,4.5 -4.3 -7.4,-7.3 -17.1 -45.9,23.3 48.2 10.5,6.1 6.6 -9.6
28.4 1.9 42.5,22.5 -45.8 -9.6
-30.4 -19.1 9.5,-28.3 -7.9 1.4,-33.3 -2.3 14.2,61.3 2.3 -4.7,9.7 -5.9 -8.7,-13.1 4.8 -47.3,23.5 48.6 10.7,11.4 5.3 -9.2,22.8 -10.7 38.7,25.0 -53.7 -12.8
-30.2 -20.5 11.9,-28.1 -10.9 4.4,-32.6 -2.8 17.2,60.9 2.5 -5.7,8.9 -6.5 -9.6,-9.2 -0.7 -45.2,23.8 49.6 11.1,10.8 4.7 -10.1,22.5 -5.2 41.6,27.1 -62.5 -16.7
-25.6 -18.5 17.0,-21.0 -8.7 8.4,-29.5 -0.6 17.8,52.6 0.6 -9.4,6.9 -8.6 -7.0,-8.0 -14.6 -46.1,24.3 51.3 11.8,8.4 2.5 -8.4,14.3 0.2 42.6,24.4 -51.8 -12.0
-23.0 -19.7 15.4,-16.4 -11.5 7.9,-25.6 1.5 15.4,44.4 1.2 -6.4,7.0 -7.7 -5.2,-5.8 -7.9 -46.7,23.8 49.7 11.2,8.2 3.4 -6.9,8.2 -4.0 41.9,22.6 -46.1 -9.7
-24.4 -18.3 18.2,-18.4 -10.0 10.5,-25.0 -1.0 18.9,45.8 3.3 -9.9,6.0 -8.9 -6.7,-10.2 2.0 -49.7,21.3 42.4 8.3,7.5 1.8 -9.6,11.0 -8.9 41.5,22.9 -46.9 -10.0
-22.7 -19.4 17.0,-17.4 -10.3 6.9,-27.9 1.7 17.4,47.6 0.1 -8.6
7.7 -8.5 -5.1,-9.3 -2.6 -47.0,21.8 43.8 8.9,8.9 2.6 -6.9,8.8 -4.4 40.3,21.5 -43.0 -8.6
-20.6 -15.1 15.3,-13.8 -9.8 9.2,-22.9 1.6 12.2,35.9 1.0 -7.3,6.8 -9.0 -4.9,-4.6 -18.1 -50.5,22.1 44.7 9.2,7.8 2.5 -4.8,4.1 -4.1 39.0,20.6 -40.5 -7.7
-22.6 -18.5 17.2,-18.1 -9.9 9.6,-24.8 0.2 16.5,44.6 1.9 -9.4,5.5 -8.7 -6.1,-7.0 -13.0 -48.8,22.1 44.6 9.1,6.8 2.4 -8.0
10.9 -0.3 43.1,21.0 -41.6 -8.0
-19.5 -17.7 17.4,-17.3 -9.8 10.3,-28.6 1.4 11.5,46.1 -2.3 -9.1,5.6 -9.1 -5.1,-8.0 -7.4 -47.3,21.1 41.8 8.1,6.7 2.0 -6.8,7.5 -8.1 37.2,20.8 -41.1 -7.9
-22.0 -18.1 17.0,-15.5 -13.0 12.1,-23.2 0.7 17.2,42.2 2.6 -8.0,4.9 -8.5 -5.1,-3.8 -16.6 -50.4,23.6 49.2 10.9,6.1 2.4 -7.7,7.1 -0.7 42.8,22.0 -44.4 -9.1
-21.7 -15.7 17.0,-13.7 -9.4 10.2,-22.9 -0.1 16.7,37.4 3.6 -7.4,7.9 -9.9 -7.1,-5.9 -15.6 -46.8,23.7 49.3 11.0,9.2 1.8 -6.0,4.7 -10.4 41.1,22.4 -45.5 -9.5
-22.5 -18.6 17.0,-19.0 -10.0 9.3,-28.2 0.6 16.3,49.8 -0.2 -8.7,5.5 -8.5 -5.8,-6.9 -14.1 -48.3,22.6 46.1 9.7,6.8 2.5 -7.7,10.3 -1.7 41.6,21.9 -44.2 -9.0
-22.2 -16.2 14.7,-16.1 -8.5 6.7,-22.2 2.1 16.7,37.9 2.9 -5.3,5.8 -8.0 -3.4,-5.7 -6.0 -47.8,23.3 48.1 10.5,6.7 3.1 -5.3,7.4 -6.4 40.2,22.4 -45.6 -9.5
-20.6 -17.2 15.8,-14.3 -11.0 8.3,-27.5 0.7 12.4,42.4 0.1 -7.7,5.9 -8.8 -6.1,-6.8 -13.0 -47.8,21.9 44.0 8.9,7.2 2.6 -6.5,5.4 -2.4 41.4,20.8 -41.1 -7.9
