-22.737502174702502 -9.683401350744242 1.4488992986767553,-12.127549371839454 -4.884663854517905 -5.291272835497759,-22.24929923769917 4.747520009753149 7.509224867549343,32.684413468521285 0.09629121752177094 5.2912536988691645,9.251061567690503 -4.190119986780616 0.24589015617492824,-6.929616618722519 6.118440647038403 -46.24553982171488,21.54339505755653 43.039178165997996 8.591738544001991,9.085250332137456 7.627390513263875 1.6916839882007988,-1.2441449869375827 -3.7188992477775122 42.01874261271523,19.453612798519348 -37.62041404443302 -6.67682031231892
-22.542503306935224 -7.57320410207859 -3.222175221759338,-11.751430555017976 -3.450607095964428 -9.295682130328792,-21.307170185323486 5.725051198595718 5.4227124507822,31.431776151541634 -0.4586945202989957 9.247911612794333,9.596538012406976 -2.6435285716285883 2.06646924209572,-6.9803423988850195 11.323761452621975 -46.61528388551032,21.42333506473596 42.689456694452225 8.455450206946878,9.022416345333738 9.183716857172579 3.6779710431550505,-3.5999530661285215 -3.329455145864301 42.60019480798586,18.87915578802408 -36.16160874848896 -6.181393536444081
-21.59917881104596 -6.3365319509893165 -5.97785708381207,-11.623041343950263 -2.58313453099636 -11.39093784810898,-19.845347671337755 6.147239263149499 4.599090602229465,30.328299590440977 -0.28295942366931404 11.660875502658076,9.101593581285796 -1.7258168667776879 3.236278072813984,-6.92954714249318 14.82870981724399 -47.74356735195677,21.64638786427039 43.333920715088894 8.687993257236064,8.307417916029513 9.994657837675094 4.4537065672432865,-5.296608652640638 -3.692555302831089 43.15463195505207,18.894529613665032 -36.24096578550469 -6.217687097365913
-20.077268241372902 -6.197352082076467 -6.398382205922233,-11.601933388676976 -2.2924913531492352 -11.308861754249966,-18.304223801210806 5.972600085364167 4.8942645679417005,29.47418151356865 0.4506240688440557 12.099468532654669,8.08018019452892 -1.6196051784386047 3.438647118588977,-6.95819491663151 15.401513550437684 -49.26358699908134,22.094806963853895 44.631474605830036 9.164439764408252,7.297703854975564 9.956533958894358 4.015945626587835,-6.030237185029767 -4.619118001586585 43.62263153886923,19.441694643567846 -37.66137930712583 -6.706919222610522
-18.388570249118523 -7.10437098770741 -4.914309469267857,-11.545517397594228 -2.4646820368194478 -9.52923934468045,-17.22922134625968 5.399759160765722 5.782868123068562,28.990697192169286 1.3178458092472132 10.837742460343515,6.999732018224165 -2.180411507517762 2.7070642559615843,-7.14968183547834 12.331220216450145 -50.632939832179396,22.574593602908976 46.01607809453667 9.675944485757308,6.424503306711493 9.298654286936303 2.761384598386205,-5.624592446082069 -5.428410212104046 44.01325920127891,20.243499368263166 -39.68767041946621 -7.392993020203841
-16.981281674076868 -8.771349189740349 -2.5907603709832827,-11.34498518389374 -2.9805990512409952 -7.021639822049289,-16.964191051374748 4.764093422506605 6.651601103706152,28.877800188096888 1.8867231520978955 8.723202702397106,6.21098280003386 -3.007300379338468 1.4084657325137115,-7.417962964601645 5.770633795659112 -51.383859853803955,22.915131230552596 46.986768878462264 10.03732668514924,5.9417402718048935 8.467562674175714 1.2723183836188232,-4.146479553303731 -5.323064404847543 44.39663562195402,20.936535171507803 -41.40125766679438 -7.966674892143396
-16.11001200262988 -10.788970977350901 -0.6387913578515487,-10.951465254044596 -3.790018579195984 -4.800638449216528,-17.459908016024357 4.378338547598586 7.085648039873556,28.94954022341814 1.9351472092633617 6.793336596759207,5.756944707295297 -3.634157336840023 0.08112379650618307,-7.558465931806449 -3.1394074477543246 -51.33592763626653,23.043669475635873 47.327533228839556 10.168721671263373,5.7781029423064885 7.913144385366266 0.046947993483025474,-1.9705450848330734 -3.912012255828357 44.840565265400315,21.243635423827563 -42.13169286990535 -8.20949768100878
-15.706352368803557 -12.75661099048905 0.1088021081636441,-10.390052246394742 -4.89408521840266 -3.513328140342634,-18.306780449144703 4.399601131997528 7.001974613684609,28.903530877322368 1.5257256835773452 5.824139595084079,5.368366408463216 -3.746282633717113 -0.7929938628666608,-7.393224964000242 -12.47288793274462 -50.66744639755687,22.997740354761547 47.148091621892874 10.110650008626365,5.578369391441825 7.884045400297647 -0.6885098498301088,0.27219774919224626 -1.5733375244096965 45.3284523568834,21.09864876060812 -41.748723980665815 -8.085910729625875
-15.424593486131506 -14.382318495468716 -0.49013784955628464,-9.757673925819152 -6.2555768549749455 -3.2464614996351737,-18.97202441187602 4.785031080742893 6.582679638147326,28.493320623493045 0.9115374261681259 6.024988498343292,4.648127687770768 -3.3152992318007017 -0.97514380346305,-6.918953781132609 -20.045316549196002 -49.81267939330856,22.876363473885938 46.74512382579018 9.972271037484596,4.915666043192196 8.332815107750541 -1.0026165730463057,1.878692899173723 0.5888304350706584 45.71719188859966,20.661223811393835 -40.67326429427409 -7.740308044575283
-14.84326341239624 -15.522668190779623 -1.9204981578735012,-9.20066975183701 -7.70903010079063 -3.6179796828966033,-19.10519445252786 5.347454447052635 6.077839043621243,27.70203841726248 0.34580797585650425 7.0167935214963055,3.3396477860701785 -2.588630030106767 -0.5357769856055601,-6.358608380460734 -24.11631618934103 -49.239225280224126,22.765646532046446 46.384840389758764 9.850469833339659,3.5594885560478984 8.972518152289476 -1.1279132025590992,2.3336587742180672 1.2237330586999624 45.77699416379096,20.21715831043771 -39.612907274990974 -7.405275675869703
-13.716475701032461 -16.166130440836973 -3.347040134947056,-8.872695185294257 -8.948923121334033 -4.071856423320005,-18.737598374100063 5.869944328936203 5.613494118377293,26.805203860119114 -0.08085806173924348 8.086641101199348,1.5248438493981915 -1.944812807185583 0.21834865053286956,-6.07014641392143 -24.01092259108089 -49.218689020150165,22.68631793442944 46.14461593346288 9.77123510532784,1.6493468051852114 9.447935472550256 -1.269562137478787,1.530627875980029 -0.572499759204375 45.307037247837634,20.0196545865857 -39.16948509461323 -7.272489491979393
-12.138277373167954 -16.38687972961685 -4.066771913895479,-8.88266849773322 -9.62796249729974 -4.202529442695589,-18.26157672191472 6.212703302011296 5.122435294944511,26.268158060315155 -0.47681197217391325 8.576879991061997,-0.36594115084495193 -1.693159524905697 0.9081977632188768,-6.351116131253894 -20.39440907824077 -49.70481366078227,22.593948989488627 45.90543373107483 9.68761268789065,-0.328306766278498 9.527564065424706 -1.4705473787864896,-0.16153442963437925 -4.7153901637944085 44.26958009157907,20.15666912551342 -39.527982534004956 -7.394775578673993
-10.527082847324593 -16.30002243334611 -3.844208418938617,-9.251214681424129 -9.525783263763678 -3.9399321059220576,-18.199977709395554 6.3582285185517655 4.429595958667475,26.517384094323422 -1.04256913356667 8.208362751819937,-1.7459256516892596 -1.9210804847707679 1.2531019440967652,-7.245085791240671 -15.052712743288208 -50.37652216536959,22.428150831872554 45.48852927766474 9.531649579329393,-1.7564560844427308 9.216645473956307 -1.6070310866713666,-2.0382083117442527 -10.053422223911777 42.863511601829856,20.513629487965883 -40.386377993152124 -7.668661741153315
-9.433410485031004 -16.035626377395594 -2.9735704839767383,-9.895972309849553 -8.694781758016564 -3.518421145764472,-18.89413038867876 6.381211622433881 3.424976942259275,27.701478681816614 -1.8932441071021318 7.183067021765488,-2.1664268390460366 -2.4632519950878144 1.1706382249937697,-8.464968557624053 -10.234002492032683 -50.81857777921359,22.17595326056742 44.838905708371364 9.283656869463922,-2.1875111221605277 8.737798466851586 -1.5046143908561067,-3.3545146717620122 -14.827902518204581 41.483182115915405,20.848025234956474 -41.152922950000104 -7.902313825992882
-9.270361173144604 -15.729072289587835 -2.062779468515645,-10.657293163187692 -7.489250097504188 -3.2769628354553397,-20.284418612572473 6.373098174786434 2.204451515705138,29.571955515591164 -2.9257364228903966 6.03278026172736,-1.5549083167017708 -3.0008110403046278 0.7714569150822563,-9.49066559965392 -7.806234319402306 -50.743496522932794,21.90550094936802 44.129376424743725 9.011160438745286,-1.568933986581448 8.398041181029836 -1.0934216518807864,-3.641037475298236 -17.45704712670539 40.56903501908463,20.931575734480752 -41.293400997640795 -7.928197620735502
-10.109402606004167 -15.512689519084455 -1.6770575045347682,-11.35829079437174 -6.441049493933024 -3.424720756404233,-21.906532201836338 6.373140027370042 1.081625778094443,31.556137552335404 -3.8191888626396415 5.311946201597426,-0.2651336927720891 -3.231753833373857 0.26880240260170263,-9.803991837369328 -8.581442503099419 -50.13995104686232,21.744387827990515 43.70803771607797 8.848423548083025,-0.27349619930875857 8.419741949105225 -0.49880982500084325,-2.884993505812556 -17.24613415073086 40.419385369419885,20.679866354822998 -40.63336107863277 -7.697345909119939
-11.649581806264454 -15.49572636551017 -2.0412284757439982,-11.874931302890012 -6.029858359463378 -3.911506487314705,-23.108121105095343 6.347670182760644 0.4552686545261366,32.99455194591713 -4.1774412366541265 5.305871328243393,1.0916491712073078 -3.0206764707808973 -0.14029532488139962,-9.144637784097979 -12.094166082837425 -49.27360024193672,21.811362772891776 43.909527314859446 8.92422440041022,1.084006657370872 8.827680123665257 -0.0056182675360956225,-1.4858460148006412 -14.655263569241612 41.06025473375755,20.19776068962823 -39.44980027196559 -7.3041404249952935
-13.374629987547099 -15.733467671775685 -2.9526032526470827,-12.183219697426834 -6.460357422520696 -4.46977003396854,-23.371114032892912 6.225789417758521 0.605808119941619,33.427814889351566 -3.7373677578131232 5.9055281301998495,1.9475006369552048 -2.4525375449427966 -0.3608691362212375,-7.652298857139354 -16.919947558894812 -48.543944042071324,22.140114274888933 44.83758467872428 9.278650300456716,1.9486269919589019 9.449122681624356 0.0884984885115081,-0.011147853103587124 -10.989321836543994 42.243748696256745,19.71652354220556 -38.30563291988372 -6.929779030112273
-14.81092681520216 -16.200965729475193 -3.93256695386813,-12.358214154709897 -7.563662480157868 -4.790158104690418,-22.56979628029504 5.964068454391168 1.5376135048599338,32.79096064189376 -2.5267210740835004 6.702671876714154,2.0525460561897546 -1.7699886229884312 -0.4178731384184444,-5.81491825303247 -21.373016347183537 -48.274734089186545,22.641311401372754 46.25095129328079 9.819183397746764,2.088604129055124 10.019879411979112 -0.3528404301701764,1.1141334487774177 -7.685715352112176 43.57736268061593,19.458995015387114 -37.72276345384866 -6.737385525935084
-15.745937239586405 -16.79112683339923 -4.51524859199865,-12.522021273009386 -8.879513674918664 -4.71716139790991,-21.03231815515371 5.596292957775652 2.957003021770449,31.421411678869976 -0.882067768281404 7.239197445875039,1.5804177484374666 -1.2360349678843057 -0.41041906556467556,-4.243573841179559 -24.250205989940003 -48.54774700163364,23.12920142089157 47.63103310539409 10.346236922756905,1.6851992320716804 10.332462734285532 -1.2054157642163377,1.8143033351026894 -5.591944287271473 44.7144049050292,19.509057867072517 -37.87788582661659 -6.777766837647588
-16.29088363412244 -17.34654064072745 -4.505404382647044,-12.764823347677996 -9.880465151364737 -4.345930195745961,-19.380430429226188 5.235274019080283 4.397261276334548,29.883890527092277 0.6850919583218404 7.266694476796928,1.0129551811197377 -1.0000661114921536 -0.4376040892312725,-3.387168442928229 -25.277040040769556 -49.16473183806467,23.403056125546797 48.40829304173261 10.639800375690754,1.2078188934166514 10.3430982704112 -2.12107705233845,2.3522157501723022 -4.62476414573479 45.50116068294553,19.759185248235408 -38.49171207627313 -6.958364377727547
-16.759352680950002 -17.715183629643462 -4.0661613542393376,-13.080071346554728 -10.221974980570012 -3.9649674845424805,-18.23849188675485 5.024176058126142 5.4195396157879845,28.70865550126192 1.7031807884990127 6.874747239888875,0.8708863069353336 -1.03790073548666 -0.539211147519643,-3.334133616242529 -25.068059814782465 -49.754335265741304,23.342328944685764 48.2333678631724 10.563971233655987,1.1471709694049572 10.18111537060827 -2.6852279803864763,3.11045232965711 -3.9837314904801957 46.000872891347214,19.966561353765144 -38.97537090372416 -7.092941238297735
-17.436114176084587 -17.80424173410204 -3.5991091965704527,-13.351563616214358 -9.887020136934265 -3.8820008239650434,-17.965109853187116 5.065572772658138 5.780723549660677,28.17857158916718 1.9245456378886479 6.423961724370296,1.4371259282388906 -1.1919380303715332 -0.679419822594308,-3.8041668859407074 -24.65811870813063 -49.96585189294621,22.965668369058047 47.150788804637685 10.134896547594249,1.7517067377505828 10.060467902274103 -2.6122233802284542,4.2944709863950035 -2.776303966013282 46.385713722819816,19.888082498034965 -38.756160924950535 -7.0052734900651945
-18.37057867774661 -17.60480547380163 -3.4948985910014425,-13.405670095659993 -9.151015558702063 -4.237372995550677,-18.538304167648192 5.3692694229302225 5.486071656499985,28.266195340336232 1.389126847678347 6.327200510085659,2.618460429607387 -1.2818032916716073 -0.7748880861403165,-4.333071585380775 -24.87044342453222 -49.64845652661315,22.422979296860436 45.58409946588985 9.516505685398485,2.9056229241978286 10.146859779348473 -1.8751590004340037,5.737109752851177 -0.6776276965945445 46.76558725310562,19.420601493488885 -37.605944358721 -6.630583547107285
-19.3139538614995 -17.175557976492563 -3.8987764808303456,-13.107537224043343 -8.392021519035811 -4.913520179243507,-19.634796728975182 5.848087201201764 4.716375939526461,28.735397213542537 0.3486624420562303 6.801905673422618,4.012199008702526 -1.219516548975843 -0.7458405542913256,-4.550950887428035 -25.85559032052781 -48.92447950475668,21.925648775671437 44.14201616922808 8.946710848419253,4.206079200228999 10.456092016939404 -0.7039029669641592,6.930542170232992 1.7704787767377512 47.06158233310378,18.66916628641325 -35.79272385796723 -6.059445795578265
-19.83751590823308 -16.597500727924434 -4.6197108310187796,-12.453516618142844 -7.857506709689513 -5.590894284211297,-20.839097236919024 6.362426893787782 3.691299173267672,29.33235343027407 -0.8914646250246463 7.727478166533137,5.132044541621673 -1.0645697988976912 -0.5609974690647601,-4.403306894755827 -27.031531048950118 -48.12173725488944,21.652451032278588 43.348910349214805 8.632925560399888,5.188665853448418 10.839256243109105 0.5416930939301365,7.282666996022375 3.407640151367939 47.008111264995016,17.90462615709607 -33.97035649407913 -5.499610124040118
-19.56758432290444 -15.929702534762116 -5.227538325028763,-11.608616212444188 -7.523327282903002 -5.916037400608109,-21.856587859652677 6.7869505545093025 2.5594958796853673,29.947522118386022 -2.1169888128639323 8.682239047440671,5.664051038781755 -0.9904420024039194 -0.2554035134781305,-4.193536821093775 -27.437089241482347 -47.60270509387949,21.679455444900356 43.43727717607357 8.669816293721823,5.573087746517264 11.061089069187695 1.5495713873044992,6.4617025577373655 3.1171790678963234 46.29307186072775,17.431649412997544 -32.86142288799199 -5.174918351165541
-18.40762453817597 -15.196011813869907 -5.279454290440946,-10.86161256028965 -7.128065067740644 -5.685848454920139,-22.617276648652794 7.062110492703148 1.377450717178907,30.655685378207195 -3.2590342116591526 9.139153253527365,5.613481126709347 -1.1836118599344654 0.08302288206241526,-4.419167878011684 -26.29489337880487 -47.579791578004375,21.96612337168748 44.29782563845393 9.017115514854133,5.3960963659128485 10.927215674999879 2.18693223462009,4.632498648111431 0.5225796695446401 44.761752035841916,17.43639622791573 -32.898382271384705 -5.213786520847502
-16.625120977288514 -14.412992896324125 -4.551537818294547,-10.511262388977697 -6.364689625188296 -4.947355292262786,-23.23065308486885 7.2046698597834276 0.17406850734126156,31.618451889613237 -4.3422128707036896 8.719342917893274,5.269430163144143 -1.7317856927568145 0.3474747953832922,-5.483776852704258 -23.477960695988507 -48.010640224962394,22.396895748135552 45.591187502766275 9.5407192308571,4.965882980178248 10.39140847760283 2.51956883949486,2.4388471202020248 -3.692994381176433 42.566273995753114,17.89381173261537 -34.00965034696286 -5.585030721424343
-14.755370261310807 -13.640696362392 -3.155247739892059,-10.734434503996486 -5.118180146696796 -3.9643249495107176,-23.84098392221957 7.276688536020334 -0.9601335012092161,32.9172168266622 -5.376333375008878 7.37740651614909,5.017148191589628 -2.561697232325732 0.44991753875999535,-7.434427768778064 -19.635124870134995 -48.624457451147684,22.847462021556275 46.938239856214736 10.08653279768182,4.672111611423331 9.587134265451795 2.7197693510204455,0.723431247685248 -8.048932000613428 40.16536963541253,18.582345581215755 -35.65974902634176 -6.11370164366683
-13.373704111930772 -13.017722010407592 -1.4856353813513792,-11.500788869689986 -3.60571148432208 -3.0782230232346652,-24.484833428869777 7.335885752707792 -1.8347721218799498,34.426421228388705 -6.2719501984540225 5.43169854951894,5.110040545117466 -3.4585219067025386 0.34870126053122386,-9.865106488168214 -15.916771245528903 -49.063213136244954,23.23482243156875 48.07320198305424 10.542688080604355,4.762744082377864 8.769402278477267 2.926000436481938,0.12573464284333902 -10.986204250996893 38.158645700976734,19.196737868612217 -37.11889243598858 -6.567789859342164
-12.856465176574684 -12.744511635522796 -0.03736035953967054,-12.579809705959015 -2.325398835790001 -2.5467035689740873,-25.04123999192193 7.398210981794266 -2.2103485836279857,35.81364127140125 -6.839133455668829 3.431852792960064,5.530114037221228 -4.155633977662112 0.06003784511939525,-12.044798407370449 -13.451409844496064 -49.06482792708726,23.525137114236895 48.8810604820182 10.85860340004637,5.21174591877069 8.199440579188273 3.1408609474395828,0.7735399078053025 -11.65204075388161 37.03194809528949,19.498423984759484 -37.819232987398344 -6.770443102703192
-13.252213309808907 -13.005694334980515 0.8121857847136855,-13.642223459049415 -1.8251058671019313 -2.447565047943539,-25.301021651032254 7.43245779837076 -1.9122385803709765,36.67859706736468 -6.871992050488464 1.9327253915701934,6.01066400485437 -4.448683718562922 -0.34631065125920735,-13.21658317139675 -12.845283310666455 -48.597031400798734,23.70312523490312 49.3224974496044 11.019765328349097,5.7463351440526385 8.031350136609477 3.2263288737894733,2.239765556971397 -10.310490463427936 36.94389873024156,19.425305624199154 -37.614572137200824 -6.680536550933804
-14.319684613236722 -13.860616984350491 0.9467017861382158,-14.410418549959662 -2.4068921355435604 -2.690642428309718,-25.106185980533873 7.385107994253296 -0.9344788530304653,36.76054938272849 -6.2651427479077455 1.2813416109302538,6.201693342661451 -4.278947011158296 -0.7642521060364105,-12.928421299586526 -13.952163207908061 -47.87784362724098,23.73261365860654 49.32366420622812 11.005852450521466,6.011973572971529 8.25437889923529 2.9950852264709367,3.7939660441463587 -8.140645027821627 37.66679157895383,19.10676242790887 -36.816869661996606 -6.402575999656662
-15.696353090107129 -15.159324808671851 0.5233561379004001,-14.785823147814657 -3.9269571803054553 -3.114203977344933,-24.46881114758693 7.215477449812536 0.5394024576324812,36.09996748908349 -5.087400000734825 1.507331676495435,5.880150147352321 -3.7498787496259873 -1.0785923707430805,-11.239716954475265 -16.00961243874137 -47.27588680928068,23.543575151346833 48.728882781407385 10.769236150796043,5.778893804654912 8.71254623372433 2.339738538371239,4.814331885684563 -6.526494611746221 38.715356720665596,18.781669789984008 -36.00351799261925 -6.124614167701291
-17.093716217393123 -16.54075469306122 -0.1336078307524211,-14.889998192810545 -5.808736197037161 -3.596043644461713,-23.594009477868184 6.917636828999205 2.2210945425897632,35.0606214504862 -3.5646016174320065 2.3514292452677332,5.086238444094932 -3.075414645838272 -1.1985265046535685,-8.707178920406678 -18.047350996578064 -47.14134229398326,23.062917056632305 47.36908258900132 10.255462257092066,5.075556038683015 9.184051338904705 1.3208662889279288,5.133312749569412 -6.23358705071402 39.59730385951919,18.668111084580527 -35.708132898976814 -6.019764511126483
-18.409455341703406 -17.536485562552514 -0.6903778396235261,-14.997317866502861 -7.278456152484902 -4.108717878469088,-22.79177344065487 6.517572110686098 3.8619234945514953,34.191143358992115 -1.9801667977660937 3.4021694970072875,4.112651612186202 -2.489827616900759 -1.0901803720342507,-6.158001372774422 -19.34483060773806 -47.6483989811441,22.275428524506975 45.21584254137914 9.45689399048998,4.179334593641612 9.477069759991288 0.16069056529684378,5.122350576389506 -6.941520973323197 40.054594917550695,18.85612454237628 -36.16173613967523 -6.163713236896154
-19.702989983377186 -17.75090089754505 -0.9317302884996437,-15.390520806856857 -7.714949636804516 -4.690730009081351,-22.32952483749744 6.05257632391568 5.368752621506269,33.99012260719505 -0.552862926739925 4.269078602484264,3.357229623065777 -2.161948961776737 -0.7967047801073215,-4.356029602593201 -19.711003375614393 -48.71996503155379,21.27694815785891 42.522557375002556 8.464523613869888,3.475123461676765 9.497515691071111 -0.8547408557778104,5.463555499451735 -7.411342881080109 40.169898885716876,19.278134494001726 -37.21454701226709 -6.5093023153144145
-21.064745938854042 -17.043161052138164 -0.8090009419443209,-16.209187058771757 -6.94182428093122 -5.362542743016219,-22.31053664914848 5.551975545044189 6.815950385340513,34.68926394518452 0.6354833480936952 4.717064837805995,3.1231945879447234 -2.147742461229119 -0.4337518222961143,-3.7110967525230896 -19.471444999418114 -50.063112283293925,20.279918357712095 39.84509391097379 7.478034735658064,3.2626134010585384 9.264982915576724 -1.5092479955644484,6.730862066060306 -6.214598094850361 40.285727602196616,19.766377294365434 -38.46456835295208 -6.926878968734686
-22.471293784542112 -15.623203085045912 -0.40659125016830794,-17.36536708519714 -5.315040140732233 -6.052026764675153,-22.64447223124379 5.035746080087192 8.340938152720971,36.15824786328775 1.6221228478869338 4.716405353230467,3.4747846506685978 -2.392584308935748 -0.15470152556100203,-4.1548190023407034 -19.2072562688751 -51.291906415130455,19.5548826393101 37.89401276462641 6.754897932785248,3.6152078455132086 8.881313695406458 -1.7513494265261138,9.012720293057136 -2.6305460535972482 40.78431488273253,20.158574808467534 -39.5064764382207 -7.2836860045315825
-23.72327656936828 -14.003815998703445 0.13448928460688148,-18.567712575697833 -3.5603180002161836 -6.586691351361377,-23.11871822525398 4.532275744687001 9.986276145626082,37.970209591892385 2.4730282289228906 4.4060226542501475,4.219748030726612 -2.7717050932407705 -0.09304912712662272,-5.2246253640891505 -19.40832694892722 -52.07805134989393,19.327740216779254 37.26691644654774 6.514429111234804,4.358976059014096 8.476288794020956 -1.6997992371135386,11.790045072280032 2.7904731189282845 41.84960923706271,20.38881020389649 -40.15422091306532 -7.516108828369305
-24.509770924484304 -12.813039137549962 0.6869662351232968,-19.44210739171604 -2.4398243709707916 -6.765347324204977,-23.519482875779754 4.099291755654853 11.591568959683723,39.584962617394545 3.184517435781587 4.002686995905913,5.017654577327666 -3.1450386595228013 -0.3030497465299966,-6.303055285987893 -20.22302429164164 -52.264197793576024,19.68090344396583 38.186886625294335 6.841894379231717,5.1715844571385725 8.158231180157218 -1.561504268377288,14.145239610363856 8.331991450435304 43.33964700956733,20.51248251702632 -40.5137483406634 -7.654954226484697
-24.564294279647672 -12.53763761934897 1.1707873605775783,-19.690082815541526 -2.41131575486927 -6.468442269254632,-23.726317554746366 3.8254634393797162 12.815598214959754,40.552982421511544 3.6472481863428037 3.702167942477575,5.546776940206911 -3.404176540544268 -0.725830446752566,-6.895723519435985 -21.40909737279808 -51.898660238269535,20.509731616696364 40.38411891402514 7.643121697247224,5.738773721657328 7.986182855124164 -1.5123779441612029,15.196256837665267 11.86336418224116 44.83581522598253,20.654372900912385 -40.87267087912242 -7.791825035831759
-23.820914098376576 -13.306931598833803 1.5495163816662636,-19.209780460636342 -3.442850659340024 -5.738043149256191,-23.727078857979905 3.8003322941048183 13.293123796866487,40.644324042673944 3.7033327560576255 3.610065139839119,5.638411482696438 -3.499343464341984 -1.2011493476145279,-6.824976998866064 -22.471293890885264 -51.188800206170384,21.56035205408848 43.19230476091472 8.677118949178833,5.883248275472916 7.96470253686507 -1.6094855407113533,14.525061890875408 11.865804683007678 45.84021069980252,20.91383944431196 -41.47949366244676 -8.008319302745225
-22.47703499604168 -14.816261663936611 1.8113137104713335,-18.1256309295743 -5.064255511856405 -4.773458123477294,-23.556174558810675 4.061850913375797 12.8456475182881,39.85872004565217 3.2658991508953514 3.719661453549481,5.315633165225509 -3.4451472204167057 -1.5260090775130204,-6.264657888618226 -22.881271959857905 -50.40392865447114,22.534017425580018 45.82246792568932 9.654591782650005,5.60661307334231 8.052509657606496 -1.7808379784153021,12.372438860012137 8.203658830832165 46.01565352566348,21.285536975192063 -42.347211916864474 -8.310718832928158
-20.922877946847688 -16.43277447564608 1.9579012252763492,-16.720247329430336 -6.617128108763281 -3.8381457691487912,-23.211042891662082 4.550316495312919 11.6233100978524,38.34344417842635 2.4253007796966934 3.93350478020616,4.733211972911429 -3.3096082592522915 -1.5388090996093577,-5.617554987657287 -22.26024539928548 -49.77314721104718,23.208563755262777 47.68396135456647 10.355576398215563,5.040071123761182 8.176282305490343 -1.8920417187828646,9.49975904804911 2.237255084687582 45.34505547941803,21.64453514168465 -43.20107132643443 -8.60976066790594
-19.574401371054645 -17.44725649183119 2.0097270908030787,-15.310106713034076 -7.570501432434976 -3.127763781172672,-22.61665756760786 5.101171809616359 10.084749017293579,36.29273486081216 1.4665681558632815 4.112214769524578,4.070004392983581 -3.1913560688336915 -1.1932421370057258,-5.3046858808633965 -20.459916836782597 -49.41633739537125,23.518371048313526 48.596770654949445 10.708953962363132,4.3498719603299225 8.247233318346447 -1.8451546334598816,6.801106731616932 -3.786973791026393 44.134351508142636,21.80720850186243 -43.60752508008582 -8.759861624849222
-18.701205029148397 -17.36996361190581 2.017366495320805,-14.13053290818359 -7.746218312920986 -2.674756461455077,-21.675383165527133 5.4921878069144885 8.809729615852909,33.90050126266942 0.7707714107912117 4.129703797294697,3.4437697898435093 -3.188765717196559 -0.5881352855036476,-5.566226476863562 -17.556089196607143 -49.32543163667131,23.555762878253333 48.79596097428189 10.796452380602448,3.6606616935494944 8.182966313801842 -1.649594327890262,4.8834750151631106 -7.761718150108775 42.86702507036347,21.635242378693896 -43.21743599021527 -8.638595859206207
-18.34202610169921 -16.145985219613188 2.0619055469121967,-13.283915453734682 -7.354218818183712 -2.3456402269589467,-20.379571275945228 5.5308564818897255 8.236198781932977,31.390463253413543 0.6417427280872444 3.9161110839444655,2.8936918427769616 -3.366137798035429 0.061901443895044476,-6.358943508385015 -13.816307010934338 -49.39075261694141,23.497485461941856 48.73752131113715 10.78319108992018,3.0374366391500076 7.935101272346489 -1.4250567620667627,3.8434159572957736 -8.64497857471198 41.991527922381174,21.12431902643913 -41.98897184635453 -8.223561909383642
-18.347909577349245 -14.19735734742326 2.235100185311338,-12.765903091443333 -6.839684562692856 -1.9339123390939208,-18.914679494402716 5.142174948135308 8.461891812768428,29.085690117215535 1.1484748453073672 3.4754865278171643,2.4267103344730705 -3.726105596679087 0.5035379700691722,-7.386174383917517 -9.689827831524347 -49.45357888468921,23.497851934912447 48.816213844600476 10.81445366825037,2.522295050985421 7.515278174932785 -1.3382756070245576,3.3504994530579015 -6.83614060778811 41.74776033810955,20.425886721728645 -40.26173846553172 -7.622979848098465
-18.518568008089765 -12.271239373944367 2.60628638953791,-12.540019423189374 -6.636298525254249 -1.2956224629195525,-17.674081436003448 4.411319983275713 9.219881134816745,27.442238022847242 2.0722632702362667 2.8734805776516836,2.082160099124367 -4.200435641680762 0.5366641935540897,-8.237939775585183 -5.811577812139889 -49.364106290479825,23.605176058723202 49.14613732635524 10.934000703541878,2.185083424747349 7.005232033328891 -1.5133784095896967,2.9693230695356103 -3.844051571725519 42.10668985564087,19.786091557556254 -38.63064864194179 -7.039268273593134
-18.744929802270644 -11.15444018561898 3.1944955291741786,-12.606382833341426 -6.9564901683130955 -0.44927800360394665,-17.15038717620603 3.5552939010969977 10.042460886869769,26.984087827431743 2.9948183709075447 2.200584649540651,1.9604471069855651 -4.668324971250995 0.0829138487399308,-8.575323602826689 -2.9598396837069867 -49.02979403791514,23.742939882397348 49.51389601703252 11.065101221564348,2.140199060754937 6.538234763706259 -1.9677990175523077,2.515241835669464 -1.4514187385785284 42.831444461609586,19.430911109001098 -37.67485726806497 -6.679768113127771
-19.070988551847663 -11.369501650645365 3.9620899549804047,-13.018170816286652 -7.716604449449416 0.4179183564617366,-17.738687635948132 2.833216644630134 10.522027386456514,28.134165386409563 3.4879297824931284 1.5268554585766538,2.1891023768385462 -5.000572097317335 -0.7948428193555994,-8.280049555497467 -1.9066503244924904 -48.44620256514969,23.760993683159676 49.5174813801397 11.060247985810246,2.50791185248916 6.251576035033214 -2.6069815691375418,2.222979257071332 -0.8198799917803763 43.608264990517064,19.456342040477715 -37.67694914348665 -6.657587999761091
-19.640009052213994 -12.97367662194942 4.831930926357714,-13.834797283522008 -8.615959208946421 1.0413404388494856,-19.543919592246496 2.4373671764873457 10.522630538048926,31.006773375215452 3.3095229190859676 0.8700607348890785,2.8442552744659926 -5.113789616454396 -1.9241003327348536,-7.508888560812425 -3.161540942861489 -47.70645124734493,23.525225631719188 48.80572048555275 10.789085986112198,3.3394197907707572 6.2271993573044835 -3.2749094864802615,2.621113317655354 -1.9797288674151376 44.17327993842774,19.781150090973462 -38.47794717140895 -6.933082985785548
-20.562468520305142 -15.538356848502342 5.714296304887085,-15.042698476699757 -9.309205871753017 1.2153982302331379,-22.29317151777287 2.4179956512602057 10.224838801217228,35.268606236718824 2.5069660952798642 0.19578894610094497,3.8781073837147235 -5.009494519637127 -3.0856071750327985,-6.633024209881471 -6.698766024395763 -46.986495323917026,22.996293306450724 47.28629197265958 10.216075576864382,4.553502673647824 6.449263165974554 -3.8266880934390484,4.183370177250675 -3.9220121928939604 44.38259943371041,20.188020781027785 -39.54856363499948 -7.328325666969079
-21.792462842922173 -18.312764147069814 6.524546693335502,-16.498604457128643 -9.572710840237223 0.8975705120540856,-25.406708799512764 2.677551303207908 9.983943507885126,40.16101787434002 1.3786793837473792 -0.5462527856610597,5.102631415051789 -4.775905676964648 -4.078301722177123,-6.088296379865724 -11.814650422203922 -46.5050753442924,22.257544050728875 45.19687322720276 9.428392796765607,5.930421864095742 6.804073006607422 -4.181861719911448,6.966230493567975 -5.191164346900042 44.21851829719537,20.433800899149695 -40.249490294240964 -7.611674330270044
-23.096082632250116 -20.503393244885316 7.182360761461002,-17.94163905752336 -9.383424447635196 0.22243812792907944,-28.2030569056184 3.033394105947516 10.091042833414933,44.707880693679925 0.32096265686487846 -1.3657789638534719,6.24689381245045 -4.546714504681241 -4.763155391022692,-6.196670659891682 -17.236626130851203 -46.46275462384286,21.482086335600457 43.014347496520266 8.603773056017012,7.176704897156085 7.1285665794493696 -4.335093728393886,10.45966047793932 -4.6364185303416745 43.761712857923,20.37445384031382 -40.15796349202506 -7.614474509390188
-24.14105345757462 -21.558759545458972 7.60131445047903,-19.083228289250044 -8.886668620624645 -0.5788207606670726,-30.1461240947214 3.312423703201176 10.583601643252845,48.043580703316856 -0.3543386835027209 -2.1869353586298486,7.060931483365344 -4.433734029473413 -5.078673905202808,-7.030487081014829 -21.496838923720038 -46.97369574385057,20.86134375823245 41.26310081093234 7.9399341193449455,8.032461623070844 7.287451831183201 -4.33049066352728,13.761053432821935 -1.9378750180438602 43.165603668731585,20.043114998967784 -39.3022739807573 -7.324425614747062
-24.66357374952426 -21.352305338397937 7.689754099848675,-19.737783321564148 -8.291291561794363 -1.3035868210656603,-31.022615195693973 3.4261745731465423 11.22198558617254,49.73004505937246 -0.5364877108170063 -2.8466193918267093,7.410858934519734 -4.466777428276945 -5.035907541943297,-8.375099374573637 -23.442514544082194 -48.01221332701198,20.534438781175645 40.32748436868156 7.5841224854331815,8.366889217862989 7.240908167022443 -4.227040705576856,15.996461578366565 2.318340803308791 42.645236176788416,19.64317978735336 -38.187666450833035 -6.909100609020078
-24.61912836556504 -20.200695957593645 7.379246422898649,-19.92822692148774 -7.762439101796968 -1.8738530370468265,-30.975821352129415 3.38886591799615 11.647767072633846,49.9251412535299 -0.3154979950877457 -3.1489768297784484,7.315257448497053 -4.573823779663291 -4.706414403992493,-9.807604076537702 -22.661912804162434 -49.39738070229905,20.551513316286083 40.35516513938521 7.595324633821884,8.213626402210192 7.066198638526108 -4.0821137246197114,16.764154016666122 6.986206569542002 42.46132026830969,19.4599483028842 -37.59512757719171 -6.654622515247115
-24.228523382355487 -18.720295661762965 6.675839270819209,-19.90588152376421 -7.370214764923744 -2.3494932578750785,-30.395361599292677 3.275263080830806 11.627445259749944,49.32322055059927 0.11745474334147932 -2.958141234106168,6.908170928809965 -4.615557647340912 -4.211084892246392,-10.862766714663742 -19.61996339072069 -50.82922202076768,20.8805487019683 41.27440253361727 7.948645015337502,7.731825508794029 6.918828900384775 -3.9598073349021505,16.35081646404467 10.891978426656912 42.86812745567516,19.73279704583907 -38.24093774673871 -6.843821673048266
-23.88669054923397 -17.58487181695592 5.705155410998814,-20.063062478885488 -7.109379154544045 -2.856209626830102,-29.730889670815834 3.149939233240035 11.229085972369461,48.885631762900715 0.5973772326417287 -2.2849165146552073,6.356918139953464 -4.459600806337162 -3.7071136784313135,-11.219777266060987 -15.425968811513282 -51.97115176366256,21.441847290100185 42.88137692363133 8.566585188701103,7.120206332194555 6.951006044822391 -3.9467094276476358,15.588315567225502 13.265177185353139 44.015080162101725,20.546654875770606 -40.44896291151596 -7.626847178769726
-23.977950541884685 -17.280199827578773 4.7131429070633875,-20.769842666183166 -6.959954707176252 -3.476755811789386,-29.325113367474998 3.014523842550178 10.814922044481932,49.4694010102424 1.0613085852550697 -1.317831092182947,5.786726975555526 -4.056719641524019 -3.364028756343008,-10.831324782789075 -11.336569646056235 -52.5529617576676,22.142334391417037 44.92413700528638 9.350517488682366,6.534848950093761 7.229423529853108 -4.14774908536271,15.415897976427575 13.890540924347338 45.834558155730804,21.789986995417863 -43.98066643606577 -8.941780576282264
-24.69380892796671 -17.946027193877473 4.000911687246223,-22.20655186750014 -6.938146978443394 -4.174630544040831,-29.336422617451817 2.8063748135459883 10.841721925156506,51.504323984779745 1.5337472225550954 -0.37159105569038786,5.254580154138173 -3.47759143564502 -3.323665734676396,-9.937295132997711 -8.23483745802453 -52.456740234318936,22.889177217666212 47.13211995236471 10.19323535051276,6.053465760947452 7.696502546333248 -4.647704549735811,16.379354241194804 12.990000719221051 47.982462369100546,23.194028101526392 -48.095376065514415 -10.521203937195764
-25.94809970016217 -19.35737979717013 3.8090400629706354,-24.269462099452596 -7.100796449615576 -4.797767095785977,-29.76266542072567 2.449001504834249 11.57957893733664,54.84454810588465 2.044390735202535 0.2324617235042612,4.778644276524428 -2.8878639460957998 -3.651754721725355,-8.953287026196124 -6.342483352767404 -51.751659137130474,23.58240376522259 49.195380208715136 10.973373199416287,5.695543655714216 8.196818744523672 -5.451951972326801,18.34017075488645 10.989410976334323 49.89398414933155,24.4315318907977 -51.81115325949888 -11.982937250045307
-27.4304246291 -21.0418744930321 4.203399713907706,-26.594964841699987 -7.502523661195831 -5.159641131601559,-30.52148570080158 1.9214571333258021 12.917156848495248,58.84373686005401 2.5449668239505714 0.3002206499141966,4.391088834242558 -2.471883417670033 -4.301732294392473,-8.280099591880127 -5.30137693798404 -50.662582312098735,24.10485923278939 50.74596282392879 11.550275940451062,5.470968164886651 8.555202448090112 -6.443774779319194,20.55782165187636 8.348366657502893 50.967036262158715,25.23000940326496 -54.25214488284668 -12.966591650338813
-28.763486543227323 -22.478994576864423 5.026571308218194,-28.692999980953616 -8.138268904123263 -5.147442782799643,-31.521086415298896 1.3007584514798087 14.379909875466737,62.609827756083845 2.8910892400276818 -0.15430803668120774,4.166505021896502 -2.3439529937320946 -5.114226461252796,-8.119169510686312 -4.562863939098065 -49.48427860913191,24.331981050763755 51.400798274999765 11.780779303818218,5.413272842813741 8.664442331857657 -7.396502571534201,22.1054719388303 5.535098211881667 50.81233319784046,25.453489273255645 -54.93820691275227 -13.258669754762371
-29.676021078518204 -23.299727142889576 5.953750449818357,-30.130537713847946 -8.913908586369198 -4.790474625131292,-32.67734194530487 0.7462806753620435 15.367616404999758,65.32764679195225 2.9103787933791745 -0.9259284696819816,4.196275548817569 -2.494112856366311 -5.863457996428549,-8.38064279986995 -3.85427044952624 -48.47573804745358,24.170204464422714 50.88407994816872 11.564506829005113,5.568003436256338 8.534996313079311 -8.052130459806676,22.39482991689709 3.0895684667647503 49.454464360280014,25.125926290810483 -53.90673563906903 -12.855796968487246
-30.100421333316064 -23.409756278332157 6.6388132063015055,-30.68494272388309 -9.669015246235933 -4.2464422239588755,-33.88086782640296 0.4294026381782252 15.486754962206021,66.52198482486263 2.5181311450415746 -1.7282372512431352,4.519847628669145 -2.79784266179831 -6.339038201907594,-8.731269090145155 -3.4456176548766337 -47.7771814656961,23.609901095120783 49.182862931266065 10.900861116181655,5.942284588491303 8.280209649334308 -8.237461398507373,21.522400084626568 1.6360336611062931 47.37029615662702,24.39723102088737 -51.63552270607412 -11.944501180126636
-30.1525221761532 -22.993480267900367 6.88300889538938,-30.404467893246935 -10.241792917099605 -3.713521845484792,-34.95822792934381 0.4451319721525837 14.78907582198163,66.17149722889094 1.805059075072331 -2.3411058124206763,5.060209949349589 -3.084803170878528 -6.43050321916008,-8.764471759971686 -4.045854367649194 -47.38189895861353,22.761812034455215 46.64528477996173 9.924526267910462,6.454700047332899 8.046649688300796 -7.959014473628937,20.243597667075203 1.7386600022078764 45.31863305082294,23.475807524848552 -48.8211161580446 -10.813080438678083
-30.020667191281355 -22.405490061472456 6.7375574458685605,-29.558925289261268 -10.539000728675267 -3.3212135830789884,-35.6782427332075 0.7550227371015338 13.77134204472093,64.65294679664157 1.0325744302831295 -2.7168959905278123,5.617544618694433 -3.2295381137414765 -6.175445257375032,-8.214764191675494 -6.363646968939111 -47.170683181805764,21.847311049538142 43.939534928975846 8.889342696113149,6.931974784284199 7.929846272442088 -7.41989133154296,19.582738624033578 3.6192321343417717 44.01915544185303,22.560157293974882 -46.12152527406352 -9.739398861305277
-29.84088165233328 -22.001144795071344 6.478902087153396,-28.51404617120495 -10.570322185879025 -3.0654886598504065,-35.82323558518296 1.1946217450601333 13.122050802355163,62.563062057270436 0.5247025716902933 -2.9863867465666303,5.944464789389748 -3.215042325247447 -5.746115880186219,-7.1132981969031155 -10.563287851154124 -46.989369945737444,21.13402424745434 41.8554637649116 8.093810175832388,7.173371261596696 7.9233795372977935 -6.938667118192902,20.28581649039029 6.889271390252965 43.82495739725931,21.79523703310104 -43.97380256544455 -8.905330590374572
-29.63629257090797 -21.98059959110507 6.460946764679807,-27.593314417965857 -10.4286130891383 -2.8261185834120677,-35.29664374409593 1.543091711887758 13.346450566176095,60.50384530276428 0.5100114224288531 -3.3597841900051906,5.874771968364147 -3.1353001382646193 -5.378195673160395,-5.80551410022857 -15.924031496668897 -46.73209898729313,20.83845284485239 41.01701622561517 7.773398036481803,7.059191773388772 7.929400796061065 -6.803793347305708,22.4101572222977 10.495154921726394 44.55125297203367,21.262782326018325 -42.54963114636456 -8.371666135822839
-29.352767478483674 -22.312011020554433 6.9180050199601055,-26.98784704086976 -10.23033587043778 -2.4533948763240785,-34.20486095340982 1.618305830019389 14.477358447687358,58.915146406712225 1.0020342841661665 -3.9782482913000377,5.436635204939261 -3.1370045191182134 -5.274202265307814,-4.816140627724012 -20.92442894783831 -46.39215841337165,21.039004803664092 41.6332051704373 8.007097403586798,6.643922685084967 7.822737296166356 -7.136488975332535,25.272539557494518 12.990875729359924 45.55615189666394,20.997850618415292 -41.8406495773999 -8.115405682650142
-28.95834292232192 -22.763401502215906 7.825530130369412,-26.74268073672751 -10.053480628422792 -1.8688960436189272,-32.85574619094582 1.3476486446329128 16.03927037562238,58.00313766303231 1.7893660421207278 -4.802791666764227,4.878115246639554 -3.3345131193521755 -5.5268296468446785,-4.620712987475263 -23.76275088660406 -46.058589436508,21.642638630976613 43.410683437156614 8.684230213403806,6.171875800785825 7.529590564460414 -7.835814422753751,27.78468737244352 13.07726417152331 46.04683931474133,21.01395416825963 -41.80404053074187 -8.100199175339837
-28.531265068133994 -23.02428476347928 8.900637996182589,-26.805582671484522 -9.9094197395499 -1.1167599313488028,-31.658494509712575 0.7804087656244588 17.295728362383443,57.76505342757238 2.545216187321183 -5.610177573554054,4.574297528419541 -3.7464821725188893 -6.096668572562527,-5.429540436433619 -23.098061242598597 -45.86239635006762,22.42451177407023 45.679383916488035 9.55114967769904,5.989410698046336 7.073701648091377 -8.637994423779555,28.997246779063172 10.178676402600582 45.46801763955346,21.3193023931242 -42.47556105688197 -8.335405963746103
-28.266940386427876 -22.858711618330783 9.750779919954352,-27.095047157041176 -9.761812656168615 -0.3332320558555908,-30.96521933065112 0.04232363254245097 17.650396582109458,58.07142218219671 2.9964226503219917 -6.106493682440931,4.850423954238513 -4.289353983381311 -6.849700934856822,-7.085422890363397 -18.671779609240524 -45.89956865558385,23.12439781347767 47.67937981798228 10.318965595945855,6.38498492257539 6.562558479706983 -9.259521997172262,28.563212708586285 4.77120049174953 43.781648882103674,21.914916618628542 -43.98094489276798 -8.887214555107796
-28.385083771445903 -22.218502950996818 10.095398532394258,-27.54194405198536 -9.575281509643691 0.3461192039528345,-30.930169713224565 -0.7344670078258984 16.9813259271362,58.751875808279344 3.0558779566372367 -6.100031895284415,5.807608424092762 -4.829618443045732 -7.628712326386112,-9.121899788068372 -11.512302404983018 -46.16881430347358,23.555108585704247 48.87655354171785 10.783007318193068,7.43403731679504 6.122227074530748 -9.545439291019669,26.878048068827887 -1.7260138589733094 41.49649669827903,22.77679354772456 -46.43483140913815 -9.83249025212845
-28.984301723142288 -21.26513923480974 9.939184698792614,-28.083281583876744 -9.358530242125463 0.8821364310896089,-31.45590819687116 -1.461740157881974 15.719334767365796,59.64216603425828 2.8429405385918765 -5.635486786311299,7.245131293013809 -5.262745710486006 -8.316956878317447,-10.951660719772999 -3.6146174769383705 -46.555322696465765,23.67221535364347 49.160387832357586 10.898796325011498,8.93195576108915 5.8204201857815905 -9.539386436410073,24.82972613856542 -7.476749591540152 39.430122381460606,23.833598060728807 -49.78065812858061 -11.178915460276666
-29.931890416591354 -20.292249615928796 9.595461040540837,-28.62146394340344 -9.171973488928531 1.3681119307102179,-32.250046052075675 -2.098371135395186 14.620680096777491,60.579603774469575 2.582844220777054 -5.006249801810508,8.728222659468285 -5.57162416509809 -8.860981799939637,-12.094137994842725 2.772529141988861 -46.871005561169895,23.57431856699352 48.83729868217627 10.781226701024243,10.458279478072843 5.624924561619662 -9.43548598726122,23.301000426725864 -10.942441243856962 38.32143044919183,24.954945264722305 -53.66394409178733 -12.796801204653857
-30.86559768159664 -19.587710657489815 9.53687197633759,-28.987628382471122 -9.094700484053398 1.9796456891818612,-32.95786825777707 -2.61285420049568 14.35483157850764,61.36667260488958 2.4492453585838128 -4.6257298294703695,9.774996938814633 -5.829994185530674 -9.247197270078537,-12.33776643630256 5.946460835168179 -46.93564744502479,23.438217931360143 48.435379213508064 10.631858165520065,11.54849669241969 5.4237119957904785 -9.440570630335573,22.69534581740209 -11.460233682492081 38.48758017064338,25.962072649808718 -57.424967673324446 -14.406908600361014
-31.32541090134124 -19.30266591033389 10.146512986016027,-28.948521437237837 -9.173317033414182 2.865666092206353,-33.29945602832894 -2.9407283585745767 15.134250832603339,61.74293564975178 2.449390052332019 -4.818320494060889,10.071626012208462 -6.14933847995532 -9.456792880310712,-11.771505729955013 5.307529341425475 -46.66361895580806,23.42481809974837 48.426896998703754 10.633571158838121,11.892309069884014 5.095997422080732 -9.629417436625705,22.739347815457077 -9.427657640995184 39.694745047470015,26.66388359828986 -60.245605607028494 -15.643939505519608
-30.959429337580456 -19.390509313890124 11.502323121428226,-28.27212596414039 -9.387765471686734 4.0462814597969485,-33.14551143647893 -2.9775591538094623 16.593405245393484,61.404079184856954 2.4260952829577227 -5.641010039507882,9.607430456180992 -6.601608911893814 -9.43742369563742,-10.689631554126507 1.4704169119928991 -46.1161256162373,23.60317288169083 49.00691238602361 10.864749256189294,11.461264526686689 4.592142805979616 -9.882795749768444,22.660940550840397 -6.034167363575273 41.30041950835075,26.910070183287814 -61.41096937156101 -16.178100135707727
-29.70097288002337 -19.643849511880212 13.315420067829967,-26.83113055229498 -9.658413039531585 5.381631220489403,-32.5088112941264 -2.6247259843261754 17.98775494320388,60.083657386787976 2.178321531132946 -6.837052460641778,8.662361931207341 -7.164978888989674 -9.118605295787336,-9.435553575999156 -4.066311922835334 -45.492000553120896,23.92678840662264 50.02654549960681 11.271142395800359,10.50409856400174 3.97361539007731 -9.951777875630311,21.639993671534153 -2.6988353229391286 42.58497989734383,26.643472517936175 -60.583687826475355 -15.84530541305959
-27.822308323307954 -19.808715120850042 15.062700930269044,-24.695382316259835 -9.891500614889981 6.634362512426478,-31.480243101229025 -1.8670877728218163 18.605304595227636,57.677095162855004 1.6255630289440322 -7.955537071850659,7.656895601651204 -7.726556827764787 -8.467249509778133,-8.271894125575958 -9.507182764771647 -45.055920402636495,24.266881747654864 51.09344565651481 11.701727178307525,9.416359438383001 3.3868055004014233 -9.616797707629654,19.284900590155843 -0.49935738718571 43.09609452496762,25.930188236606625 -57.96859043894014 -14.726530969129813
-25.831015224104107 -19.716944473389056 16.2479550280643,-22.16079587076678 -10.034182119179212 7.591380435999603,-30.166731327640633 -0.8328572934355367 18.16323211241816,54.35488481415334 0.9080050353707948 -8.580238241608509,6.946235327439024 -8.142239422054208 -7.548827629879751,-7.335987703118957 -13.344073981608496 -45.03098650891421,24.478608318752684 51.76878079665173 11.983235263832965,8.554875522283336 2.9835858103502972 -8.849496153927547,15.88042141426273 0.15017525848070346 42.83029004732451,24.95092027391692 -54.28162281039771 -13.135055337046891
-24.255749700213908 -19.369145719757004 16.65267101737802,-19.686467231886425 -10.102976147803236 8.17299073807648,-28.67579625043134 0.21319691491885706 16.968245420932384,50.59978570820824 0.3474453561547626 -8.547714673512907,6.667351740952876 -8.319433845171286 -6.54840635886108,-6.681270059663425 -14.731030006174398 -45.50062571195432,24.463529366038692 51.753244385040645 11.993080089297534,8.092613421685646 2.8340729409249903 -7.876272586769968,12.2784944619093 -0.5293043461861142 42.169046753477446,23.950303265516077 -50.516875143616694 -11.509798069803585
-23.425156280750112 -18.926351053749965 16.439840239769488,-17.753181838699852 -10.165896397413443 8.463358208037386,-27.147665698308714 0.9587064824060934 15.749400444037944,47.121789489665204 0.276820491028702 -8.035248614187108,6.714422438563648 -8.273743168063358 -5.723620091544866,-6.351670808373195 -13.575303935264454 -46.36400234120621,24.199881983203095 50.97862940386886 11.698137760077339,7.982626430743698 2.883443617670045 -7.093170562354296,9.49377633885696 -1.9737926696156078 41.62019818554455,23.15826992866836 -47.595449398130484 -10.255766059510968
-23.34614834889914 -18.615639719152835 16.052427846840587,-16.695274318505522 -10.288752221626094 8.643139727521362,-25.791559743100233 1.1814759703218873 15.254103662816922,44.6522916557041 0.8307917210872446 -7.46635491054078,6.844933712366947 -8.124957108187907 -5.300522828238687,-6.420078727881757 -10.402751147446542 -47.36846116678859,23.73434280471337 49.58562130425541 11.15010073119711,8.037292053736605 2.9802676083849438 -6.866048521709783,8.217040931797369 -3.626034069820428 41.516478805135,22.71171711660702 -46.037942658273025 -9.598340518654872
-23.735066126117804 -18.59955220994166 15.960847466132147,-16.574848437676014 -10.480685931248564 8.865456329775498,-24.870234810130714 0.8669527416650658 15.830266798533534,43.678140492085504 1.824224148574915 -7.280370736645546,6.84680506243183 -8.032889581022058 -5.361357315104768,-6.952376654060368 -6.122120500104852 -48.20960336761715,23.15054461704268 47.83119396347084 10.451842580282278,8.066650919749069 2.962262933637536 -7.3205926896683335,8.494665056753847 -5.1481598553002135 41.8383080671546,22.608460995620984 -45.79900935432937 -9.513728919465395
-24.176703678368497 -18.87812185800434 16.39829906499907,-17.1537389136438 -10.676465560098622 9.153015530628057,-24.608350815294564 0.23689876957156508 17.225922823251135,44.22006841520057 2.8047921220301846 -7.689057224384912,6.666831465390287 -8.10923724015101 -5.787015300200233,-7.916132339275219 -1.79537505350174 -48.658351322009416,22.53805636854589 45.99423854586251 9.719830970759308,7.992144462492653 2.7508527275994856 -8.241701517452531,9.72832089828437 -6.420498930026076 42.251790746201905,22.715029076652915 -46.335483581798954 -9.764442747625422
-24.324389478132147 -19.275844589423546 17.231152115608726,-17.979644523860394 -10.770661670089966 9.383439272056366,-25.058339259470756 -0.3384512229190671 18.717224267832215,45.76309385260761 3.26934229374643 -8.553825821585331,6.428466295861364 -8.356538526320296 -6.295102637726557,-9.101101035080355 1.5464799726519591 -48.6592786831711,21.97759854389317 44.326244801737815 9.060987880877521,7.873357862260777 2.399100304999738 -9.149148491415119,10.980991651423334 -7.395039549399134 42.32989002910248,22.82796694978296 -46.87701195698538 -10.021341993912936
-24.04104749947672 -19.522236124855194 18.037582574542498,-18.55557979016444 -10.68498109295178 9.376415665158053,-26.0042950530668 -0.5111682304142504 19.493944275816872,47.39840981798359 2.9348746297944723 -9.454160650249438,6.335061120015164 -8.670230024332396 -6.5659328368202585,-10.124965249596091 3.062629912939999 -48.35399130043311,21.54133936538441 43.045918407993845 8.565609654226769,7.841103272668725 2.0633533752060447 -9.522472719046656,11.424153258148614 -7.953828085314381 41.823721856461205,22.76410435249758 -46.776959704614406 -10.014927704680087
-23.420506852156862 -19.386265662575994 18.351658181427478,-18.52682772928888 -10.426273991967097 9.031603539746769,-26.984742243635516 -0.1272309810219819 19.089983219656308,48.15023332773308 1.9126986874288372 -9.914039444965379,6.522735658382685 -8.903092069779026 -6.39889429407557,-10.554249145861226 2.2667668752061076 -48.01514852292708,21.293956191651223 42.338819035829616 8.304020426445323,7.986535515416942 1.9129457809061483 -9.063826304354876,10.702607487823364 -7.896486256526254 40.82690242436671,22.440333919436487 -45.785320398363524 -9.646803585175848
-22.695581336627463 -18.79688613266486 17.9367284279032,-17.811890273891173 -10.09531179369998 8.430160755910736,-27.45987801293393 0.6903999643290609 17.623662667547247,47.37196334132171 0.6774884594518653 -9.665288703419272,6.955384497727023 -8.954428775082446 -5.818979486908597,-10.099670790868943 -0.8160688714283437 -47.91769820213316,21.28029008549131 42.322662609927036 8.313619854122605,8.279910024469213 2.029123881925901 -7.860776875315895,9.050822288026662 -7.072339435486464 39.7399437701107,21.906406168500943 -44.123374177503244 -9.013234973543598
-22.09636870938175 -17.88855421326998 16.934233017609408,-16.62644026727737 -9.835506338950708 7.829455462860311,-27.064201558526406 1.5954357346623538 15.72047066440159,45.04666450481849 -0.1677631125208228 -8.8039805263821,7.427085580509118 -8.831107316990092 -5.073148260523954,-8.78868391399255 -5.568650870560566 -48.205257710017115,21.498834207374856 42.97594333653024 8.57534996275131,8.571089951300873 2.3521054473287584 -6.3590444683026,7.129205081054019 -5.557569512118982 39.05600435137514,21.315289591425874 -42.33517056578648 -8.336159881942823
-21.7390933483369 -16.948427542465616 15.802791054650422,-15.392097027662764 -9.74932982639291 7.542675461081601,-25.82016324239136 2.186982358744606 14.167915513446264,41.847722590562526 -0.2135331922833399 -7.752148026269754,7.671388211827001 -8.64360382318706 -4.51098579837344,-7.012139449576603 -10.86340383751284 -48.81537171054112,21.877271653190565 44.0746870456419 8.994849232918478,8.67133607910676 2.7085369416951 -5.153820727006037,5.685718429123323 -3.7338037652398066 39.08924287407613,20.845584214053282 -40.99792749172623 -7.841421982687189
-21.597480991280563 -16.29112462370292 15.079718623954397,-14.567072576263575 -9.834002662202556 7.766881379557792,-24.186341332459016 2.2099046776909317 13.498651966729623,38.906790354443814 0.5219917916730645 -7.042498505036272,7.5122289033733445 -8.538593632363122 -4.405958012569779,-5.396426935240008 -15.345782087663496 -49.502702415055424,22.27375109018894 45.20263377579687 9.410571162707855,8.464907648505877 2.905391639621073 -4.704749623284387,5.218803767175329 -2.1813665496199923 39.79759574892096,20.614536990561977 -40.43942495346151 -7.647513728692383
-21.55568749971059 -16.122175768971744 15.097039805823094,-14.465255396888384 -9.980447530863097 8.46070128280154,-22.885674084055267 1.68380872810586 13.73269395882577,37.363347017618615 1.582098473259216 -7.040785501211572,6.966169458755795 -8.607958421620978 -4.808801871047798,-4.54207709964201 -17.86044063615911 -49.95373845216422,22.517950738306617 45.87260712267341 9.641201933414685,7.980658777323143 2.837223501050296 -5.120976728109959,5.7940989122997495 -1.4218150050998792 40.797776763751926,20.62548308726052 -40.60217508742295 -7.719427107183797
-21.496835505977653 -16.45492788011455 15.809898007464874,-15.133114730438912 -10.04274503017218 9.35082514791293,-22.573383002519346 0.8924786553897239 14.41477357702361,37.876643475966205 2.302930604735273 -7.75529924920048,6.234999502734247 -8.829397110946847 -5.512263927661545,-4.746979676359216 -17.867590711775318 -49.94120968460473,22.48278981620539 45.73147614704679 9.56140778126824,7.3789567019246505 2.5447976163291353 -6.125623001261631,7.073566679056766 -1.651491422901528 41.56355297962501,20.776197580020643 -41.1154590907077 -7.906353059648151
-21.369127917027978 -17.116848883920458 16.831948398791248,-16.329931834647745 -9.940283164487509 10.074165758828881,-23.499814176448044 0.23776563535172857 14.91417315003584,40.313384256198816 2.172215950449835 -8.835786016741311,5.593632126125701 -9.076279180022976 -6.150651975214458,-5.852664468486793 -15.666620837825462 -49.44366725502069,22.15438240641978 44.756138415568714 9.17197028765003,6.862016518382075 2.190360020407577 -7.2133367260751955,8.508027558354012 -2.629287440135637 41.6988917777404,20.92278817614642 -41.52736889005463 -8.037799313047067
-21.195457773035123 -17.835914616089134 17.65540439716407,-17.616575769439084 -9.729332724908812 10.380684421648006,-25.344097330436696 0.03337225634029162 14.80788711027779,43.76068707256236 1.1244464934366132 -9.760693533972123,5.240890730070472 -9.193484148637767 -6.3866911358501675,-7.29971882416023 -12.306401377137387 -48.66866925978801,21.660078776871927 43.3272962558125 8.623530264242056,6.563356015205569 1.9629793460688736 -7.9124217427842884,9.578481786983302 -3.7993802680583024 41.13958364937032,20.96388182205113 -41.56624222080352 -8.023167035094927
-21.033652231268007 -18.35998367823432 17.929362607983865,-18.517275857173242 -9.592813742327635 10.27954061076189,-27.32112875872875 0.34619521014053367 14.125937062105088,46.876053286112764 -0.3920356426750944 -10.109154621037343,5.202384890725244 -9.095517406278965 -6.089789251211075,-8.376789289840785 -9.19474218264487 -47.96270179659267,21.230029882328683 42.11323307492673 8.170237789442668,6.4848668944938685 1.968620476946958 -8.010254392771385,9.973594449477153 -4.590912222674982 40.179129269595265,20.89831472138883 -41.287892484593804 -7.900084968215585
-20.925321529067105 -18.550703873888917 17.638381506895378,-18.692841763808463 -9.74262193497607 10.036796084496025,-28.529094686979107 0.968001208913904 13.321893190824674,48.43441922460653 -1.6226751982721528 -9.769460835740418,5.342027848511783 -8.827524538864875 -5.411064009263595,-8.54843698676284 -7.559275250345347 -47.64694146755429,21.100853190661685 41.79044760030767 8.064346436635564,6.5197116714405485 2.1694633912375965 -7.625648048630998,9.64644621499884 -4.726347263873533 39.31124511861725,20.82345769813048 -41.02907947313161 -7.8062532650688
-20.872929978562368 -18.412603594382304 17.082413684877366,-18.061509576539848 -10.283052930629484 10.01570890123013,-28.376712854535196 1.531099829838284 12.992093168888035,47.83781571386942 -1.8882201556053422 -8.973602705711148,5.471490331739224 -8.549365392054863 -4.712428196679534,-7.703205319925463 -7.986454012087856 -47.85755690131537,21.403360594561825 42.72246422341212 8.437124610815415,6.544366850385901 2.4089301554668556 -7.099586602234236,8.76342694873178 -4.358493565091123 38.977899160155786,20.874046649067004 -41.1949564198752 -7.892157787552171
-20.85857009970689 -18.055258660385807 16.67527340356086,-16.824847641159728 -11.11420538964169 10.444959029187775,-26.878426900165177 1.7053284359708418 13.511140238730666,45.36316033013291 -0.9423390548769937 -8.146149722957263,5.485924264461205 -8.44745292627107 -4.38328635801658,-6.199748835150408 -10.233739039461753 -48.47123040064117,22.09043481223282 44.75709944129907 9.22521476854082,6.517866689943057 2.5086005468906136 -6.776588573136741,7.602439350856608 -3.9538364733236673 39.35640628407946,21.135415981562076 -42.00105246821447 -8.224756338271654
-20.88375532107295 -17.620484781769083 16.68476167330894,-15.392156150206205 -11.940093276349577 11.25030087437824,-24.663688677794255 1.3711704475031676 14.797093227744718,42.03739334940291 0.884687353485079 -7.659417710316565,5.437294253524655 -8.62306778443774 -4.638670622279115,-4.688696119530501 -13.386049252491032 -49.15761782557129,22.94576160661158 47.257199017657335 10.184355922216133,6.519725823662815 2.3798998644740212 -6.80637376189537,6.459088577184897 -3.990392596171897 40.290670943321075,21.58119131665714 -43.317672680818234 -8.737363630840921
-20.99190051371656 -17.21920668241967 17.07139835659935,-14.233769652502072 -12.391907040250215 12.058027365767835,-22.68736817040059 0.6779780473704364 16.34250446810627,39.195665008364834 2.8360055380691795 -7.6368395017154835,5.495084249501461 -9.022992257588845 -5.404240652820846,-3.799992617997092 -16.272321930069598 -49.53808127855409,23.67506495435553 49.36747619986758 10.990625406924995,6.695810706419206 2.0830433899514373 -7.078050435913051,5.589112268655081 -4.65106642580612 41.38984345754169,22.07373040551928 -44.71000711856536 -9.255564567797776
-21.246945373772327 -16.90885919618175 17.523651490567644,-13.718061030415143 -12.210987267080036 12.38468550146251,-21.78045933638535 -0.04091668036680618 17.49278412455203,37.91996851637051 4.097304534802564 -7.914563433309263,5.8156772343307 -9.456998720879252 -6.349296609715848,-3.8515622283231914 -17.947517234796173 -49.37491715172834,24.038515850334708 50.397271684634966 11.38400206447627,7.1415377234332444 1.7954489647315515 -7.31797926178308,5.1803549320264555 -5.698603165567423 42.22986293878481,22.43117617503324 -45.65891361024873 -9.58670996903066
-21.675305443056523 -16.712074289082594 17.668887945033685,-13.99032943951671 -11.396113662058937 11.917255140548162,-22.263396941894616 -0.44729950771499505 17.810580970827083,38.605637473558545 4.19456612863478 -8.176163626292873,6.40292685394496 -9.697636396630708 -7.051524344523907,-4.7210040981035855 -18.03056222064257 -48.6962110152526,23.959437084867254 50.132454523042945 11.284666637310837,7.797034570742386 1.705381832643548 -7.285138519903677,5.332199403640795 -6.6101494341748745 42.547003464728576,22.52637056819247 -45.8439362293455 -9.624407766863868
-22.210721654114305 -16.650077216932107 17.330086706372782,-14.933792891199104 -10.230697660222793 10.725052652168765,-23.813213558579847 -0.372933795829292 17.315558034447662,40.83846592515947 3.215291217658663 -8.172050867043817,7.054660805355637 -9.60846744861226 -7.207507973303509,-5.935873440936912 -16.770342988414864 -47.79011245163047,23.55421577711881 48.9187522930323 10.82354076806573,8.429442271442909 1.89297216101442 -6.94053447425038,6.030427957380768 -6.891872284882938 42.32893847028484,22.361977896431576 -45.329471545802384 -9.409442726744933
-22.688732183283705 -16.756280115483236 16.664105609568058,-16.22123725287234 -9.164673204428189 9.26930804583527,-25.64550546637831 0.10374353382711199 16.460607828130584,43.61830049368468 1.7421383587801693 -7.884044690927205,7.442841939173718 -9.226479085900115 -6.778414814338911,-6.92599281084502 -14.843267682915345 -47.06635854264222,23.067645230881432 47.47226106628075 10.270876915254668,8.729661100456024 2.2719773684481925 -6.483080000472992,7.127566781686979 -6.38251871811938 41.77329417566203,22.07604191372645 -44.54215331930773 -9.11083722670072
-22.911126375863574 -17.051513183127078 16.08143917810714,-17.433001821925053 -8.602910279247489 8.181071745577412,-26.910974598754407 0.7176667260921532 15.856548985724006,45.80756247424381 0.5397510673121451 -7.527477306082094,7.294436127847756 -8.746467576120677 -5.994277366636148,-7.3022833704581664 -13.000580755728443 -46.8509211389843,22.746579214612396 46.5127683649324 9.898738270908314,8.48073535226077 2.6333679563331005 -6.224332883381702,8.351994614550039 -5.358599741306541 41.156361906680885,21.869115980581846 -44.03976378992463 -8.933885591258502
-22.75490742765534 -17.4920222817097 15.976361885597894,-18.19531357610722 -8.704835335528143 7.908758356370549,-27.099270358339844 1.1772177057966036 15.901287748642162,46.59045275244889 0.16334534027965564 -7.381222559103046,6.57312537996799 -8.40928616112025 -5.215301807079616,-7.021027548993363 -11.730782461894893 -47.2167242248552,22.71689475328755 46.40757462300053 9.84741659673879,7.704440571289821 2.7728877534871557 -6.372382471977511,9.360968005549466 -4.3731296304144465 40.6949314087059,21.888683597542716 -44.189575640659 -9.00286601887302
-22.26381403985602 -17.926044849545107 16.41697945619733,-18.289956184460355 -9.298428251847422 8.42087110127174,-26.246026405969275 1.3337273149611415 16.52468970006858,45.741763595395525 0.6935849258917373 -7.54419209275799,5.550547500199674 -8.352371649030419 -4.724916843217551,-6.360411361814033 -11.071099310469686 -47.93893094513428,22.92683746152234 47.007653599183655 10.063645521764638,6.6942189645479555 2.632501905690961 -6.854052358533499,9.827902218002611 -3.923581310723815 40.473600108678994,22.13391660085481 -44.93185828557973 -9.282297536918602
-21.659204095530832 -18.098200934159603 16.98522199320874,-17.701566128744577 -9.954941900588874 9.1366062202065,-24.84904623935063 1.266306332455532 17.19628698103922,43.610842162871414 1.7292125480901421 -7.771400111859988,4.710424581698963 -8.507383011497865 -4.566214963610637,-5.738528544771597 -10.620451149967238 -48.6026255679098,23.184589999473875 47.75638993960605 10.340650414217784,5.899808200324848 2.3711529796482056 -7.289295624325685,9.530733200718815 -4.152766293279647 40.46067111972729,22.437260979900245 -45.767538917940925 -9.582450882906837
-21.24685214759696 -17.719064765721573 16.88827812202181,-16.59492568727521 -10.188241062350603 9.147744862112074,-23.55584917738771 1.2358726441981138 17.19636374534772,40.8683349153282 2.628720642849955 -7.508732946380138,4.521613040046355 -8.609179979944132 -4.5111800240994,-5.4825919188400665 -9.72156553142883 -48.81332078068928,23.268152637303487 48.007735018679305 10.436654865502204,5.711984500075142 2.31419920284305 -7.149164747076207,8.403920808714672 -4.770231811362747 40.581073383632344,22.540400664366874 -45.99354115256359 -9.651092406710491
-21.256988192346174 -16.58104601818209 15.317743491253605,-15.240218013567953 -9.67890918894157 7.64356979974667,-22.802561044741356 1.5346058500776394 16.004705868673742,38.16849762492268 2.862010445422863 -6.137939226558375,5.194630402904275 -8.321783681921657 -4.182181892909612,-5.675719482543751 -7.72895512009022 -48.4059579601847,23.0480633038915 47.382167222098495 10.20796379088542,6.25767289050386 2.796627028600246 -6.024581883331761,6.536245851788688 -5.2478501999111025 40.787445936641774,22.230633544170132 -45.074863909244556 -9.306956880773248
-21.70121511455415 -14.671156833428705 11.888661177278852,-13.919391629966778 -8.41263809573496 4.336464041113503,-22.601069140239375 2.3139884629021163 13.596771719083204,35.898853139919254 2.2818870114631453 -3.320008163077034,6.554029092535679 -7.421384194419461 -3.264441972154631,-6.154790379403344 -4.272322321746451 -47.5450243179742,22.55812886210242 45.972988994594225 9.68666063486192,7.318644634983686 3.976945419215246 -3.865952181871167,4.127400052774447 -5.171213521143656 41.08359144433073,21.467575918028768 -42.96154535025671 -8.546112754054455
-22.33151622572428 -12.224336833859809 6.92887282085037,-12.847099007788568 -6.670110405962406 -0.3276196149379216,-22.581155925164527 3.4854524946179612 10.488661054823528,34.11991614419706 1.1776460566110336 0.744329416844757,8.102556705416058 -5.9402505871194125 -1.6990228733835318,-6.643395080816295 0.553910464484666 -46.66040099255689,21.978571876372037 44.29936689789256 9.064037479551276,8.425614791599989 5.721436249380167 -1.0621434080212584,1.4370827522109277 -4.5245079487607445 41.49486552989731,20.43032165963597 -40.17747691451995 -7.563848843305385
