-16.8 -18.2 -5.4,-9.5 -11.2 -4.0,-20.7 6.8 2.2,26.7 -2.7 10.3,2.9 -0.8 -0.7,-4.4 -28.6 -47.1,21.5 43.0 8.6,3.0 11.1 0.0,0.1 -9.6 40.4,19.6 -38.0 -6.8
-16.439470870560417 -17.43970975085149 -6.452286791192309,-8.539313917048707 -10.80181196805626 -4.043151629760728,-17.31011991518429 6.595987214392198 1.695334579349782,21.613482356332053 -1.9137079565605486 11.48601942229334,2.9651883538887622 -0.6021325409317455 -0.7768313740336192,-3.423840754612548 -28.61889644694627 -47.418327166399195,21.493587014412654 42.90610338102899 8.564454466459427,3.035569433507381 11.365012076776205 0.49552615452160925,-1.4950682012105043 -10.938965725984197 41.118770792963765,20.01812154832962 -39.15834179590114 -7.222956752395515
-15.915052917178578 -17.672632807500715 -7.236363035789137,-8.446074556884978 -10.71677859031111 -4.879872783010751,-16.227639869960512 7.0491395579171545 2.4751741222957704,20.174812831999485 -1.4464695531708553 12.450325581161845,2.3690259410266066 -0.34946940819131667 -0.28446362537252806,-3.2483142227184225 -28.536285581560016 -47.48550796655198,21.365825723710707 42.495200107775396 8.401066844966746,2.369754852454234 11.571754474353751 0.7618470941550504,-1.9369665823517987 -13.281793033342906 41.69044969379849,19.901619514963027 -38.86647428235308 -7.105604306253518
-15.238572331329307 -18.362216444758186 -7.7782588980295975,-8.870707376208204 -10.70322286720048 -6.222784670413913,-16.652342024428776 7.854797401706576 4.101822918091948,21.202583589015543 -1.1165655210001175 13.170100595992388,1.4496296317885333 -0.11061248358437199 0.5519799122826945,-3.66637629163545 -28.40688834246465 -47.49728198806179,21.20729016980539 42.02131727756684 8.20881302042777,1.3549532116614338 11.69627242272889 0.8949919895743771,-1.7197958205106023 -15.783042978587021 42.17627175219448,19.52159514369975 -37.85755511701885 -6.721815643583661
-14.42185530448744 -18.971907937434413 -8.1040045421528,-9.463637831717778 -10.5194677991603 -7.784508502634059,-17.78400853868918 8.708301116892173 6.137585255992294,23.51538678939349 -0.7422765912175312 13.622526586171851,0.5451162965495425 0.04583635108342912 1.5073759052314695,-4.470982848681456 -28.285425668283594 -47.64938881853211,21.108554394607918 41.738481987730964 8.086668877748322,0.34356146594985787 11.714611151897877 0.9909900114536444,-1.3376565927736361 -17.597276618227443 42.63747201784201,19.149149678339306 -36.864741957561485 -6.3454637463956045
-13.476728028127813 -18.965154560339915 -8.239630132397858,-9.875291380113092 -9.923836386626506 -9.277665490335032,-18.82242157284183 9.304991074605653 8.144765425250792,25.931814595146584 -0.14188349499229314 13.784785671087107,-0.00639719431536645 0.05127521400642815 2.3566010197732177,-5.455089781174268 -28.226618497640256 -48.13756804556638,21.160192440029512 41.90072133559543 8.133610301834219,-0.3120234298596184 11.602815891856968 1.1458703304669067,-1.2846495762276198 -17.879055008775072 43.135285540431354,19.055384362681213 -36.62119246164402 -6.250421596699004
-12.415016693725244 -17.8054035882852 -8.211165833003886,-9.756093478093534 -8.674651630035019 -10.414876844180673,-18.967363286986835 9.34020764597872 9.685667715121422,27.27045916828808 0.8663330365064001 13.634059970125037,0.13320602956880778 -0.16289777662103377 2.8745319222073604,-6.411652976431711 -28.285187769158053 -49.15755925676805,21.45277834798139 42.762062418487844 8.448613177591277,-0.25940452094611977 11.336931872602417 1.4556621172882176,-2.0548754479592732 -15.78293920674081 43.73094736965279,19.511400440524987 -37.860064286929465 -6.7105621765035135
-11.24763248661618 -15.178538042379488 -8.041093166610649,-8.869202639008284 -6.669297730695496 -10.946011307577152,-17.640805022918105 8.617547317425613 10.404884301491242,26.641535119914025 2.360734926574201 13.169112609964069,1.1492501028093518 -0.6360541190604408 2.90971202942266,-7.168784944031667 -28.430505974830464 -50.82977504509512,22.03686312651138 44.46162015711994 9.087101883763445,0.6983337637511947 10.905229979041557 1.9698843424606582,-3.9659485475990763 -10.850666730334614 44.45160974066854,20.67376736005557 -41.003405538627604 -7.883223295954444
-9.980498629578722 -11.9830023983774 -7.732548986256411,-7.592317806117065 -4.563221633078157 -10.823984675654616,-15.47593548224778 7.530741905699748 10.395582381015313,24.74497520198168 3.8562533759911197 12.506351016949381,2.394141856816524 -1.2482220541160474 2.7122634781852777,-7.7462470887382295 -28.166686589971512 -52.86399881408224,22.744820674240188 46.51209003039861 9.867088968746524,1.9105330958662128 10.362626669689599 2.4845154513865055,-6.373405250098265 -4.734585741128671 45.1386296293345,22.07470869428067 -44.77731635605702 -9.290475907848478
-8.61784702990473 -9.52839577529698 -7.282110765495133,-6.511515939532137 -3.2689137622466555 -10.070561821499187,-13.516642254947554 6.673625977228152 9.903031711364639,22.819752882769276 4.6767718189830845 11.802073379148922,2.937863001080421 -1.8253998021545703 2.6684754874994163,-8.228785012883584 -26.840083329105312 -54.830778056998284,23.335045520535857 48.21376157183168 10.526085513534932,2.439140274861007 9.786636545973892 2.709563513477838,-8.306561085399457 0.19729095169870542 45.57036466143865,23.034745174592835 -47.33283581401217 -10.238985042989972
-7.216024834662884 -8.91628859442588 -6.6897180595601755,-6.133637739372128 -3.516468699180198 -8.757552346834624,-12.695575656551787 6.537415048692941 9.165438749335815,21.98696867678711 4.277159560448847 11.176508451637746,2.0510853659138424 -2.216903786762574 3.075572350610606,-8.681424067233124 -24.05961406640134 -56.314251833458165,23.60835858768554 48.991849359228716 10.84732348174898,1.5494048244597085 9.25432183371 2.412805304122968,-8.912749981386593 1.997986529790092 45.545559254128484,22.9937827155185 -47.14919568470841 -10.159382132137752
-6.1642049968901 -9.91762302323257 -5.976815096566249,-6.45843256674194 -4.86984346684051 -7.276005218514022,-13.232887145029647 6.956949368953386 8.375118043403573,22.612185738467108 2.949769980073408 10.519333523475442,0.2875797060110765 -2.421243221788541 3.661291842269624,-9.042917470936274 -21.11179116292464 -56.9860754062051,23.636904730307716 49.0704566913781 10.906431595733155,-0.19361463223154188 8.839739264814172 1.7313820798423125,-8.094674498087484 1.4130248772556322 44.993476360161324,22.155233799130002 -44.80448972427701 -9.27508072724505
-5.982458901311736 -11.780012964183447 -5.173303765974218,-7.286213742002602 -6.434360046253733 -6.142524367817225,-15.068506568839657 7.508920655065013 7.706335124452048,24.763818822859744 1.3163340177782983 9.6295513483228,-1.2942479646150793 -2.4956039678863213 3.9293960394239567,-9.20235635655515 -19.942915023233382 -56.55232364587151,23.599538909583654 48.987885101683716 10.894036503057213,-1.713652199255542 8.61576352813143 0.9477039748533078,-6.052119235207234 0.24687456624654236 43.89471110459382,21.022793549300374 -41.702281760876375 -8.121290925106612
-7.075563819203454 -13.784102343594654 -4.3392985659795755,-8.396715172521626 -7.40943994704729 -5.793747929310698,-18.039049523789195 7.8175496829181945 7.273446847187076,28.347441302932975 -0.07196801878917942 8.382376911648922,-1.7652595536112068 -2.489656385652604 3.4632115514247923,-9.0562606184837 -22.11869168719726 -54.8091409413027,23.64538915463152 49.19041817799073 10.967871280215789,-2.0705024877633735 8.646564392220911 0.331790489558042,-3.0695650057397046 0.019020303438816943 42.28135743258378,20.04919511334473 -39.104601820346176 -7.179086646376609
-8.979675984729747 -15.468117269543601 -3.7617656988829764,-9.418632365746026 -7.709772085884111 -6.063229952861379,-21.20991387184437 7.868810524717062 6.741008098253191,32.050453440098046 -1.1999634553634457 7.227279544414015,-1.1766507575627674 -2.3955477651911554 2.447903795685406,-8.557859425036527 -26.333351324006273 -52.22879412477543,23.698310185360068 49.427309193920784 11.036453993816702,-1.35544845711953 8.930928074495851 0.057951560337615726,-0.06251973523074114 0.08866767033147693 40.57152498744488,19.29886737606154 -37.195217174624354 -6.517181035662918
-10.836002177758267 -16.487402752110754 -3.8308175641352387,-9.911985847654648 -7.5752671505052325 -6.51031085549656,-23.295835897469498 7.8131612576172955 5.569055298545737,34.00636975607877 -2.296194555791762 6.874833743915946,-0.02536090396917734 -2.1792704863168857 1.3422856131368226,-7.686166833256041 -29.97550545018319 -49.59097314942391,23.57972819791609 49.13088179501922 10.894988240805938,-0.1287759377164937 9.437911834927995 0.25697936557961587,1.7665897262934764 -1.1672255042386197 39.358839181535195,18.659682876006343 -35.667624577151635 -6.016792741683077
-11.872248398176348 -16.560322708551443 -4.861980872048812,-9.509854431916137 -7.239120519803818 -6.743856614652574,-23.19730167539847 7.792128293806258 3.3234399368810097,32.64307410640593 -3.5529161243736214 7.9211404453446095,1.2154862724144653 -1.8173485721788682 0.568305158303369,-6.452448032813947 -30.72901325443429 -47.62042021098753,23.143720851829055 47.83497624246285 10.376575019247213,1.0818688221409956 10.126162728427392 1.022831894206635,1.38828096882759 -5.106222747435916 39.15700799329739,18.03436124425651 -34.249898878849145 -5.571175106251037
-12.102971692147602 -15.96038916396789 -6.502924591356733,-8.49805038974607 -6.860263805631041 -6.825399707209043,-21.48223985827352 7.860456206745953 0.5201092964292281,29.03086925181357 -4.828798906127278 9.93267886012476,2.304484378880462 -1.3811273469830134 0.20785458553555605,-5.153603717764925 -28.961592027466125 -46.53950920388954,22.539296812598852 45.990333866416144 9.656382131512162,2.0600635894901944 10.863086341382607 2.1238706738002344,-0.6762072662740304 -10.681212643900421 39.761232370232975,17.46554617306652 -32.99952834697419 -5.188985954350396
-11.955060735699044 -15.25202704903368 -8.051341831440354,-7.504436310130319 -6.55871235957619 -7.053682328941318,-19.592364955801287 8.027413495139992 -1.8271129635879566,25.62475827099369 -5.807706407126822 11.93637804528794,3.1216532949058915 -0.9916411094820157 0.1646273348782373,-4.236215457122719 -26.44737465891847 -46.30735918994708,22.070016719653008 44.528177422325136 9.0888298110519,2.7524760911592203 11.46827521652593 3.157835714416077,-3.0930156243531814 -15.584967847772878 40.59019577722922,17.069205418343437 -32.14662295590326 -4.939358240106517
-11.84832915521224 -14.934551149812012 -8.861994116442622,-7.100896568755466 -6.42754609727799 -7.687148750615491,-18.842536046330395 8.294553857822885 -2.783456305355745,24.640139347121675 -6.196873620423553 13.03709157271924,3.578199572108862 -0.7596852239310652 0.3482028826187488,-4.099070571402699 -24.88996435071906 -46.869369354908244,22.00143121153925 44.267736935406695 8.986051523425287,3.1304827765099756 11.77758148148357 3.7611489718496363,-4.603440526948684 -17.66006782997162 41.108623312643,16.952309228016738 -31.90271440712763 -4.885154903219717
-12.089069495809648 -14.789548382934862 -8.927589819157092,-7.233671359703687 -6.277791216169272 -8.534693324756114,-19.120597979805645 8.585849496038305 -2.2990764919100792,25.621859495336526 -5.967734687289712 13.216518175796566,3.9047731500216374 -0.6828205100736511 0.7472202519914237,-4.620066774511664 -25.113650624506345 -48.04998992241935,22.18152148764638 44.79557181352213 9.194945404364258,3.4123080711202425 11.803773621449485 3.996428389125025,-4.821741798192014 -16.45559011101603 41.30471046362648,17.11955451178881 -32.26617753362483 -5.017093316087241
-12.915200314586894 -14.166316646935275 -8.625074052440182,-7.4721740594508885 -5.7505923609559275 -9.134445534610606,-19.454901909628084 8.778545110476326 -0.857122274266979,26.506287097882105 -5.250851456352036 12.984482288502104,4.524425398274287 -0.6904063813171287 1.3979361990464474,-5.363368865460384 -27.413110507207577 -49.60082329971343,22.206765788469923 44.95580133713696 9.282197363656106,3.964853460220856 11.666177219030075 4.182990656359452,-3.8879669711999094 -12.548439606277071 41.48194004281301,17.51403873082049 -33.10700233434913 -5.282437422894968
-14.531725172845213 -12.470898417832077 -8.312482651026171,-7.413362156411915 -4.534681359832721 -9.059737426404666,-18.940981896563414 8.750905571663369 1.0592613513544273,25.38103334812152 -4.179542447692795 12.830142969541955,5.820063152454595 -0.7184623299400252 2.3167666609465445,-5.902730971430321 -31.902702363918454 -51.266061077089816,21.70719060493041 43.685043237241075 8.848322015318184,5.121008455222562 11.4772060906436 4.61186558188757,-1.999114124819024 -6.6194446167839 41.91920742641952,18.082787961438004 -34.31124365043648 -5.636502552056602
-16.7350916913454 -9.91028130539229 -8.03877380584505,-7.072298780782907 -2.9566519652800682 -8.381236516655099,-17.683704560895272 8.402435754892943 3.0605678000958956,22.548610898091038 -2.8944068780374512 12.8858775455398,7.627873305372132 -0.8000808805680764 3.258255752349082,-5.98952179252338 -36.48581090944616 -52.70799688447834,20.78563811118196 41.232156048804555 7.97527425397432,6.7529774137679865 11.242250123267276 5.167580584546289,0.012474468869336619 -0.49680454108084093 42.525886403734404,18.833841545570543 -35.992763903733334 -6.145108473918359
-19.039543804504195 -7.244693361815486 -7.6394151137781225,-6.752847057286671 -1.7836911718538508 -7.513137092974326,-16.485117351232105 7.64731173968901 4.8219697690464365,19.841441267874476 -1.5410729925209976 13.037621889151758,9.406404419463103 -1.0354062510094442 3.7960636835851616,-5.497794543378835 -37.5386250633401 -53.532354604494046,19.87154058943898 38.75240831215524 7.077556389326753,8.414753560734539 10.892774082693357 5.453877855396427,0.8756023794257386 3.1987524124140276 42.956109452716795,19.817382793109836 -38.42278007313543 -6.950404190092777
-20.9675043272274 -5.224079304619438 -6.966462658713777,-6.760527510022772 -1.7407824524729631 -6.863018929757346,-16.110892896788226 6.419561568169555 6.03351267041195,19.02328968765007 -0.2603705923792726 13.171954281425153,10.625322027595047 -1.51101846587972 3.5320448750774807,-4.326482328047597 -31.732914888759023 -53.39096235644881,19.384272133498268 37.37682853077816 6.561850670845501,9.666717633334603 10.37094046180493 5.094793323135569,-0.5734307794077907 2.038767662339456 42.8932311426789,21.06902268950783 -41.82242157949645 -8.173324150480903
-22.25642196343704 -4.266484351445773 -6.196774727305384,-7.3371173346407526 -2.7583763140686663 -6.6288003913002,-16.54344161000137 4.958116324010281 6.597016787356755,20.313160783567564 0.8832288683039077 13.261907262293994,11.044718278314692 -2.0812601486244926 2.563652898572778,-2.724293754099161 -20.82168913620842 -52.67187075565588,19.485118545805918 37.57744280406957 6.609791329896167,10.267520957333641 9.80859846767406 4.117796026697721,-3.6865476948721105 -3.162281886629998 42.5552917975861,22.38414579426476 -45.58324198900608 -9.580433435135152
-22.813796814922046 -4.52747381966233 -5.764076669345202,-8.673982856930683 -4.138573616301043 -6.8425908966171,-17.145737632316248 3.7430370714114325 6.581782760895656,22.70839837950504 1.8856412856908462 13.34888498797759,10.654366742252154 -2.4168109466327725 1.3802817049501552,-1.2165544150160148 -10.576411011291453 -52.34536572480875,20.131258695833303 39.305110777815685 7.22503528431751,10.132615469314707 9.487609434062264 2.8694066534270437,-6.382842050447262 -9.025271346660436 42.58318342877151,23.368155638435603 -48.44073184973263 -10.658047118028803
-22.56829479481201 -6.117719248915043 -6.081439036311348,-10.925042271593393 -5.186397752394178 -7.525122046383283,-17.29471397960743 3.239450349659302 6.066537486900965,25.195550846313292 2.737549084487779 13.472525523349361,9.469508421887236 -2.2038583225359427 0.4704684633109144,-0.3211382942237319 -6.565975602370086 -53.32523080747116,21.261007399521358 42.45548990121157 8.390082458604523,9.201200006985006 9.675585693547733 1.7026216359663762,-6.6501524280110695 -12.227830385280548 43.58491876625434,23.638978971565855 -49.17050373985163 -10.90879772816597
-21.76784650618618 -8.41889147319717 -7.027259494805393,-13.547182072715492 -5.594923109480604 -8.564761439501861,-16.963913119631204 3.4966505575989473 5.223778604984271,27.197223891636185 3.2966389873921083 13.602260291435147,7.876305392587617 -1.5251748598391677 0.09936917261185395,-0.26595787999660414 -8.324410610723563 -55.12617655210975,22.555864006696147 46.13254864590437 9.772520950369149,7.788606460124614 10.285636687273508 0.9272102000485685,-4.560814328921364 -11.897644234755795 45.31002716404639,23.156788470823404 -47.669674199016775 -10.298516593278572
-20.949156211787084 -10.153283047928074 -7.996326184447192,-15.366826315460523 -5.408214676455249 -9.730153954504212,-16.666508429020013 4.18781355425267 4.310819024629976,28.530435373702158 3.300303626343399 13.644019083112887,6.596416385116712 -0.8222428281728943 0.3300924396829976,-1.016656625691613 -9.927229859302699 -55.99745747134208,23.46503928550619 48.72417590894865 10.75510234512862,6.5503775886368585 10.910225381706475 0.8138427323259975,-2.072582541241251 -9.378463774695797 46.73154313017819,22.191316912364716 -44.84975570065697 -9.211996537533844
-20.631915141984493 -10.07563033475559 -8.389420116608816,-15.23864724394431 -4.688857200706027 -10.790712778028992,-16.919190380903675 4.978480976567428 3.5834946749184895,29.04513983062054 2.499636741224371 13.506638467273138,6.332443575277285 -0.5336987359658657 1.2062991091092448,-2.520123889526992 -5.5058936540977905 -54.23047438616932,23.45284559414245 48.66074030673897 10.736207148372918,6.1277383108304555 11.145189308837578 1.611607351155231,-1.1500181141453132 -6.085862809882688 46.83068912771513,21.023626620767356 -41.65241039070145 -8.044654732050237
-20.66556144686003 -8.3145720305746 -8.179785501649421,-13.263183918891395 -3.643021195248498 -11.64008438703168,-17.849324828467086 5.678850478552245 3.186830195603304,29.0490700209447 1.0866255175724333 13.225946381174742,7.025626476955609 -0.7126616747853204 2.474189778677425,-4.495789159138584 4.632632949782457 -50.26154911736048,22.557369250712938 46.04179421715623 9.747164936861127,6.51224182706821 10.951284763445651 3.0764273043978587,-2.2634016223485274 -3.239308894598859 45.47278392898618,19.939084647050784 -38.86286869638705 -7.082613463050432
-20.206483532898847 -6.4193783656109344 -7.932600380513255,-10.829216668690187 -2.625346581115807 -12.300373974335526,-19.181711286949156 6.248695775084749 3.1512700209689664,29.32330688712058 -0.29085373532345593 12.969081363810405,7.82994645761022 -1.0136210920154833 3.5723875745648197,-6.427885681187345 13.795838737388893 -46.744877588232114,21.40998574647185 42.69284609636769 8.473782237110015,7.023672970231923 10.666598428518936 4.454287434409916,-4.337909663960198 -1.855493362287739 43.43731251975457,19.227509181131886 -37.10460876701482 -6.498982791701995
-18.414479150009324 -5.9661916115117375 -8.22292582027782,-9.35691899108426 -1.9908331651867546 -12.798891577139614,-20.620046343533787 6.654985290941193 3.5018890120886135,30.64217469366254 -0.9754685362530214 12.905905598116577,7.885258401596201 -1.0810212469395795 3.940663138546984,-7.797591504379024 15.177416724055162 -46.3648286933538,20.65793692893057 40.4859619811809 7.619879466355917,6.968823369559525 10.637789016524662 4.985813602413939,-6.240666297314912 -2.897180621255181 41.53732010203426,19.17048108970613 -36.97535906380078 -6.456503484627151
-15.572738568000535 -7.30330505954749 -9.072510965896551,-9.376061389253099 -1.888431025422781 -13.14001268938682,-21.787779978956326 6.87398934726274 4.261138325815921,32.87215697777002 -0.6774739181219367 13.100403231656,7.03612616000417 -0.8243232086311376 3.505747158000366,-8.333606624253106 7.711986484699397 -49.51492945697382,20.583109258113627 40.24304769549171 7.502469130491066,6.226003156320186 10.930931395551205 4.488455253569035,-7.259138665062079 -5.912237554172667 40.31217815487879,19.78156612773812 -38.49235071659408 -6.954278881661109
-13.292586904159062 -9.327383127385229 -9.848949952137573,-10.363732223287453 -2.223487206615182 -13.300998358760253,-22.213490334832628 6.892975465626774 5.448367235253677,34.80643931128599 0.4582934253941095 13.491383723829276,5.960258294674708 -0.4663051227994953 2.7700805858005744,-8.057264748325826 -2.8786013306704987 -53.88035086203161,21.035446473011746 41.544453374071644 7.981258690879245,5.349202266552427 11.280379174414453 3.461613589968537,-7.177746033249722 -8.775763354666717 39.97770641397174,20.757468220302616 -40.98651979719581 -7.79795138621893
-13.228567276498183 -10.869405055902902 -9.892796763537277,-11.740558941526904 -2.888207076914803 -13.257028439607879,-21.435660164016312 6.701737198670381 7.076992021121128,35.20413656775124 2.2564048034789 14.006421827633782,5.37044694264315 -0.24447509303767825 2.261826732945093,-7.014185284955925 -10.56076936648311 -57.024214117894026,21.838995145344366 43.89565125459767 8.887857700613578,4.920271361509076 11.405654167569162 2.437314456111404,-5.81932042037102 -9.301951802979614 40.72311473350331,21.77927730410533 -43.75349811283348 -8.782733947602509
-15.607166501839131 -11.534246455788287 -9.002545391216575,-13.11181951108677 -3.8142862692540414 -12.961297781281475,-19.648958886817365 6.370729334666331 8.914992038330801,34.01487355459867 4.306994081564936 14.402204525739341,5.42374344892468 -0.25287571884750526 2.188228258654627,-5.5650807558816835 -12.722752627801173 -57.97491504502343,22.777126627783836 46.666416931518135 9.981800100767185,5.0451020219486225 11.21073434711575 1.6593847154245482,-3.4210977329226817 -6.827504681206021 42.39953926417334,22.642571322900835 -46.27351324011854 -9.735508496130016
-18.72303154319609 -11.973691136423504 -7.596179936479105,-14.332582632752462 -4.986841886908349 -12.337260452743124,-17.93572929795745 6.079523220897177 10.398325534172537,32.7987679812048 5.883053849432355 14.204245978727833,5.525406522967787 -0.3914729528797226 2.3223941647481507,-4.4969139879439215 -11.381730710320317 -57.7430373426952,23.578187825330442 49.04295887857449 10.925117696347781,5.185719953234593 10.849125491812147 0.9817826547271101,-0.7809093845600459 -2.748735590150593 44.40077826784501,23.297804813625028 -48.27650942568599 -10.525997989889733
-20.751967813453632 -12.90514162189053 -6.134141363990299,-15.277440491567559 -6.391103027112444 -11.310271257761178,-17.42925556879318 6.013248996755807 10.946710060042074,33.210786891805135 6.244906265071033 12.931227265316462,5.0358131404719675 -0.5469179331764836 2.4086571112799158,-4.615134701381593 -8.872918043681944 -57.468191905886435,23.969295202590377 50.20653899253374 11.376381520627058,4.766152515841174 10.491387349354865 0.23374093502297175,1.2733265403676552 1.3975792910837892 46.091929609823644,23.707123835501726 -49.513584151960906 -11.028511652025498
-20.966948927889234 -14.524365538711864 -4.985888403686053,-15.9285413766788 -7.791497619314314 -10.046394383581745,-18.538724119140493 6.225839429769361 10.419491623887335,35.73780543995819 5.243344929398705 10.676404249352151,3.824303681090682 -0.63354086681636 2.3137344479542583,-6.019016039711023 -6.899051255054035 -57.589529088691194,23.83808664919691 49.82343266872051 11.20177564278382,3.6727362329939934 10.268584652427304 -0.578604090313897,2.4960550015998875 4.418748135937064 47.06385884191842,23.874549960470215 -49.9414915327439 -11.21007566362497
-20.341559215489294 -16.218596422192853 -4.379857321671539,-16.43474553859278 -8.610211782892481 -9.084793561841442,-20.55096985392739 6.567871361073075 9.357440341312095,39.0561563486732 3.6443941798712483 8.42362371163287,2.5491118006060036 -0.6085745178843661 2.094039793433139,-7.713257452528504 -6.182526377770882 -57.46048540683483,23.32100826357522 48.31168622522375 10.58928433765289,2.5083868301833725 10.250564860442582 -1.1749153447358796,3.544383677213518 5.65540986429037 47.25737143001933,23.86901180517875 -49.83575346046749 -11.181427490588687
-19.98928400670945 -17.308529792390214 -4.528871828840111,-16.958178829667002 -8.245226874197032 -8.991473616006639,-22.659082000077053 6.87279562603159 8.35843682136788,41.69361042910718 2.288898458138632 7.2260911867092625,1.931893474314653 -0.43401949077430046 1.8223034224589245,-8.614421765175422 -7.357450491000227 -56.34755283958081,22.57596257756743 46.15400429419269 9.75435826983907,1.933657613471004 10.500377501148105 -1.2539323221425303,5.147675290390493 4.5061869657863705 46.646465535269606,23.764720112020346 -49.49783014575207 -11.065025674890538
-20.44922747489549 -17.38580047851567 -5.332710681614939,-17.56429011139087 -6.565261179668683 -9.860074993537216,-24.307971903881075 7.0070595714933965 7.884893647815306,42.82385383300761 1.6661891096952792 7.485023691280576,2.2951328262871664 -0.16874091880102715 1.5711384927714311,-8.180378906765824 -10.701997480571263 -54.097189116111196,21.765669441371273 43.83217866005776 8.893085196920069,2.249117098733269 10.943329642136753 -0.7539020169959268,7.5503520354488325 1.4581741300163789 45.4830049665314,23.608796592081255 -49.09587784122961 -10.925677027200352
-21.238423041426845 -16.524160698238962 -6.134111222274396,-18.146498359643374 -4.276676146845142 -10.943699055589596,-25.39065060939927 6.895825508903452 8.158167609386544,42.769933497538176 1.6401047213220463 8.441470666099022,3.251015829102825 -0.04396753162608116 1.412949760665922,-6.832216613525504 -15.860983222458305 -51.587860106537946,21.061420783382395 41.82637675912653 8.167097949287232,3.114766261204233 11.259625359572862 -0.039258126040048864,10.133918643520841 -1.0646744549486926 44.51329585201238,23.400159936110025 -48.560847809614145 -10.725601169112018
-21.770590454349794 -14.849010877911425 -6.221458719892064,-18.581038742660404 -2.170842611194777 -11.412145292118453,-25.847822988931412 6.4712680643169795 9.371959206488901,41.97452298931553 2.0095954341228617 9.219257734873365,4.339234175702629 -0.30722077000643805 1.4195763133175983,-5.090287435698837 -22.407720127893366 -49.8011645157223,20.6344303215813 40.613981832706216 7.73358498316095,4.125165390896146 11.106047045355268 0.48290001363302965,12.192644879907427 -0.45194451638242883 44.53027095383304,23.13275579464823 -47.79953335548413 -10.416642566364045
-21.7613931628942 -12.773802185439397 -5.336488606623972,-18.825312055155 -0.8416185201547229 -10.929025152060891,-25.842111613303263 5.807329505775842 11.305279066042479,41.049754698882715 2.5129208387731956 9.292197080248068,5.206601730767509 -0.9881572038931965 1.5824788743728901,-3.471046751106481 -28.997521297899315 -49.23874298679913,20.513843803838032 40.285873066986376 7.617885060514506,4.962140703885282 10.411775371873878 0.5925963615542115,13.274406568025078 3.9575565444700675 45.68555272393227,22.7999187125369 -46.76212298240031 -9.980159832745793
-21.54484321397458 -11.301883082179463 -4.149349248902607,-19.00293766542071 -0.4783764258382582 -10.169224474777748,-25.99060290586364 5.268277159522727 12.88789704346035,40.95479467149846 2.764052731227055 8.850836147362113,5.7193071775842785 -1.6702693109928104 1.7285118247150604,-2.482968942788543 -32.405734846919906 -49.419333081127924,20.437866879754818 40.14141043598348 7.575322787625004,5.486229754804844 9.663833728863287 0.453063493984591,13.446437775179591 8.833222577284934 46.81742828244013,22.39373175511446 -45.48767394770669 -9.457953419341317
-21.529848674283638 -11.50589075728422 -3.4426723465397178,-19.257272761399786 -1.2197685245890468 -9.929975483396468,-26.96386433680477 5.253064006582086 12.948176950036434,42.68743314200565 2.3628333498923637 8.17353748376246,5.77095289592354 -1.8833709427767527 1.6648901462228887,-2.6320901098401777 -29.187996745330338 -49.74225389117868,20.109737914996344 39.38472826152241 7.328736490112371,5.5803623028504425 9.416488951798604 0.2744063970881501,12.839555178525995 10.362778615158916 46.606231265738145,21.90623053152071 -44.0263204478881 -8.899237579055365
-21.89672612752548 -13.635733171848273 -3.6646863607239357,-19.559710298928227 -2.870516534282483 -10.594975682364373,-28.826654428794157 5.9192218374391885 11.035856999659869,46.16327936864302 1.2137094802187889 7.554102626239671,5.409738477740558 -1.4234800281167672 1.3430985372428177,-4.015673518480498 -18.83153256144158 -49.86760548854976,19.416392244986586 37.69309748482833 6.761928780062452,5.270176552866469 9.927152381688762 0.2529708283428204,11.581866765314535 6.721192659036572 44.53148904727396,21.35904559455193 -42.48289198038703 -8.356881195743405
-22.28544928497654 -15.996556966434957 -4.473159827609164,-19.475155442099748 -4.4459997547489145 -11.57041223839079,-30.211724953555503 6.853612801456382 8.405854933024758,48.73989114710159 -0.05885009611198802 7.322827681225301,5.049299272303349 -0.7158657433670303 1.0556453947354685,-5.764728207960402 -7.753237873216434 -50.07192011236592,18.678986756181477 35.86218592103906 6.139188470403568,4.918643887790428 10.751530517005724 0.5525785812826145,9.795077741447189 0.7808630752459444 41.96185729988212,20.84376380795538 -41.09150639425638 -7.892391943122013
-22.2583321363353 -16.614008766017434 -5.411860478788365,-18.510321514621417 -4.848496392439684 -12.121779406686661,-29.546315840486443 7.560940385130312 6.558654849566796,47.40791145202982 -0.726784710875257 7.8149570256021175,5.155730587076745 -0.27636270569343 1.1440438317971584,-6.871267130587448 -3.3658144144279647 -50.72044238482523,18.2811085531537 34.848500877069156 5.779534334069056,4.937191418128615 11.34429068782209 1.3321112340929013,7.60005157131142 -3.9090238547598704 40.537906378243335,20.461998254067748 -40.10474861714609 -7.568464688184398
-21.645589532551618 -14.48268484946144 -6.1498797129709235,-16.529155435002227 -3.605773599971697 -11.86226685985137,-26.171250023033803 7.733805166737594 6.483153802505647,40.92495902206231 -0.34576090414227234 9.146540229005574,5.972226279037004 -0.3952268818470209 1.7751407670075203,-6.72298023823614 -9.546591288637895 -51.95197171565081,18.406353022882122 35.12185929534184 5.84404772264186,5.551825275581369 11.380630098579786 2.58652238709657,5.1739980695493655 -5.004378363189194 41.236883246951386,20.261630523611224 -39.63343956533634 -7.406656805113325
-21.01074707440918 -11.24943574344741 -6.699350723789107,-14.373440602180448 -1.9577160871168824 -11.356792406213106,-21.928052502586407 7.579128419983536 7.767908888281475,32.88530118432423 0.7519234178756333 10.83363659709289,7.131843944181917 -0.7452498209225654 2.637678653460841,-5.790623046247602 -20.495710515005122 -53.28547110276522,18.69088888225495 35.81988652152696 6.061496301454415,6.481008628500613 11.139390625780168 3.8620543232897173,2.8483609123990785 -3.459757143957395 43.22035510647053,20.14346585890998 -39.40035708204116 -7.315922201427827
-21.041556052043504 -9.010563751754082 -7.130572557210738,-13.05062198343839 -1.4342924228848537 -11.331537371895022,-19.081961293978978 7.391003725134244 9.76403268327203,27.70270216634443 2.102308321739352 12.290636856531805,8.164229041857963 -0.8945820496264133 3.3393724853566034,-4.728525673767734 -28.773347353000805 -54.134878981390116,18.678133988000614 35.854486436590776 6.087395345711179,7.357175739020659 11.00172215896532 4.628936514010327,0.9806884868122828 -0.7889907829825793 45.34211144541559,19.983391492400912 -39.062535975654285 -7.186139616023181
-22.11362785259461 -9.143336187313743 -7.5137027631151145,-13.185541212717759 -2.9586097610704973 -12.209157189099887,-19.064943005589992 7.366209218239276 11.811815712198397,28.142735696910165 3.304432814039122 13.11088271509446,8.714382112903666 -0.5641874306418794 3.59635369744022,-4.0015102324019285 -29.377371767432233 -54.11805688436194,18.104365730094663 34.58670914856932 5.7153214958567355,7.894111110080614 11.22406304725011 4.550117958537328,-0.20042813977139554 1.6093763872938398 46.6958510622986,19.712486713034394 -38.422919909751485 -6.955929454031849
-23.609991755611446 -10.738541576472844 -7.918448944148209,-14.186389251187798 -5.524000251539608 -13.44711710253843,-20.65922199599752 7.392067026056633 13.21713516544434,31.72985002468628 4.15766793219577 13.456766938349556,8.794124437223317 0.03903491919908981 3.469510091784354,-3.471777202478005 -25.057344952155383 -53.50132691003439,17.319140736900223 32.8058569831842 5.177876456327336,8.064287072405063 11.666278044223063 3.9013816878829757,-0.8764727630177606 2.7034019054314826 47.13816684947623,19.437337520856303 -37.748432057106186 -6.718907061434673
-24.716828065144853 -12.433509343500454 -8.414428469951922,-15.220069324739214 -7.7410807651695235 -14.311464814017672,-22.121521676476373 7.294527522250721 13.279049086296196,34.94906594850027 4.501117156415159 13.603537993927212,8.488026969692779 0.611814181759952 3.088102989636263,-2.882013826719439 -20.100163962935746 -52.679616153578095,16.793641825576643 31.584484975127907 4.794730021069977,7.891480392941846 12.10958240273886 3.080049335736007,-1.3102559212531173 1.5338588065091951 46.67695444824215,19.299336421627178 -37.398012138662594 -6.599426387933684
-24.890303394864027 -13.204805882243885 -9.007421761651205,-15.690908634505213 -8.609607355100621 -14.270913039778929,-22.184909299209593 6.9575609221794465 11.67130078815078,35.26564713511393 4.284238769503305 13.76404357665221,7.893006845791106 0.9205509467286844 2.577499650214871,-2.0581954345153664 -17.947483775082485 -52.01465320704865,16.870215501412265 31.7088525644019 4.80441543818033,7.421402608896379 12.379798163980652 2.399992023912985,-1.6951448534800568 -2.255552187689089 45.465959307158116,19.392042480961297 -37.6100873106663 -6.679214866983034
-24.58662974820457 -13.285551550137038 -9.466753376548253,-15.882666943206695 -8.570730809449817 -13.544857794184967,-21.346858106881147 6.480046394482761 9.455490166899889,33.775735284752244 3.865251823413626 13.919995197999652,7.151712190138533 0.9897128527926785 2.0486434947881706,-1.1348013946270985 -18.91013229718489 -51.74519742737878,17.413990888179864 32.90476323683003 5.144931351851752,6.781012954450586 12.467973572946194 1.8659752022081104,-1.9672846771906212 -6.78785025201334 44.199163257744914,19.631836849924056 -38.176699003708315 -6.882108774089794
-24.493513109184914 -13.199738180873256 -9.507012247234004,-16.282678117719637 -8.399260976418109 -12.526465869022756,-20.51327216970043 6.010610978814516 8.01448298101267,32.415960357051674 3.696996732814016 13.99960016284776,6.417377095572954 0.9035057955639445 1.609139064512591,-0.317724662470068 -22.57420271318056 -52.081542825808754,18.179629172515714 34.652542450361125 5.684707612228685,6.11607816290466 12.403404010222328 1.4112114657457382,-2.0032778397023048 -9.669087125460083 43.6956039260169,19.8940869204755 -38.78655773003873 -7.0953951910684
-25.105655521599072 -13.375205371500641 -8.970661399615757,-17.212455268810604 -8.679057794916204 -11.549230442407325,-20.398197684022666 5.6720123848238755 8.300718132060773,32.65065512610494 4.077365141384288 13.9211788034688,5.8358103822848815 0.7507740803057331 1.335350535539311,0.20198776503616842 -28.073220216487897 -53.04029500439943,18.94709661277753 36.47563816669071 6.295469064859624,5.570300201945996 12.233045196769535 0.9851906018968389,-1.636645121178451 -9.15758954716536 44.490150813631566,20.102386002397925 -39.25764071025172 -7.254537965550302
-26.083989182862105 -13.82441863145294 -8.25257518869721,-18.277172005643216 -9.169084694747845 -10.688856899902612,-20.88686196393587 5.475253778294951 9.407206501983312,33.903846083251764 4.634875762732942 13.560340098049624,5.520743968680713 0.6403997695305178 1.1686848686333386,0.2974228797396432 -32.58563310679712 -53.80133283839367,19.60567643638189 38.083785960515776 6.863174812939071,5.278461328577352 12.080144867396223 0.6077192633935526,-0.514796101342203 -6.329488006959275 45.890077689665546,20.38866157754999 -39.96635253918349 -7.503122782408029
-26.86435006355928 -14.44770324315649 -7.896764696334993,-18.888608856976155 -9.405604449736625 -9.95145461124391,-21.64073272855844 5.401167497577448 9.924961649238996,35.04872995809435 4.8173339858556625 12.781162067296204,5.5772498419024075 0.6866746003396513 1.0141140777949134,-0.14101781346483067 -32.762069645868856 -53.3186406952006,20.074164616223644 39.237014228915776 7.277626839926085,5.372935709333531 12.088547621296108 0.31758783228377335,1.7651048356510808 -3.0216469010164495 46.87123932468356,20.94108594913733 -41.439858714629565 -8.040922822964498
-26.97669933039735 -15.09219010976576 -8.2942079715663,-18.58639902575862 -8.999904574853637 -9.345730319829585,-22.335814311043404 5.426434398252197 8.802381455904658,35.14416972760856 4.214531197620562 11.54345377701833,6.065742765394944 0.9483957296743938 0.8054089179398584,-1.1434879841425576 -26.43956498206377 -50.919064418436676,20.281989224162444 39.729725243799706 7.4461178399601025,5.930061562859327 12.345506118427076 0.16737212064331736,5.31737746617991 -0.7982061531223671 46.641150893123665,21.851908596224 -43.93936783561387 -8.96815952857469
-26.425618219795112 -15.336799857351167 -9.064241211696867,-17.554855506908517 -7.941583285370534 -8.893492847856422,-22.721425849381053 5.506804918288226 6.789922807636568,34.185246544905176 3.132201263729688 10.289724620525341,6.821465505479665 1.2045425983548357 0.6215533327478531,-2.3395623622911166 -17.437350482021557 -47.80952670214399,20.212185658530924 39.52963882572509 7.364132659352471,6.743630298710285 12.652920952307774 0.2791559655566924,8.8015699519767 0.15189795945874232 45.57544228085766,22.729708150403216 -46.385056681158105 -9.88308561361465
-25.364942988372324 -14.676108321530874 -9.583540373731253,-16.18102544316817 -6.339207156345874 -8.620671262661535,-22.569941980844806 5.591447452241687 5.204740819151892,32.46145655249122 2.1012223620628556 9.614280031221693,7.60885039899109 1.1460996349008212 0.5871968388600102,-3.2328445664177243 -11.455894473025147 -45.78818294668459,19.864647354449954 38.65897842009711 7.05489016219843,7.51858008910642 12.72295730247272 0.7968815753380518,10.419744603272626 0.07219306299394501 44.41708347582647,23.030962001208053 -47.27538423081117 -10.226098368160825
-24.000529949419906 -12.827119370496824 -9.342575345197517,-14.84084619489844 -4.406913681210497 -8.54053623535647,-21.751504568548707 5.645718877864884 5.123600542833158,30.32722372411762 1.569632920570061 9.963908737614725,8.210493521285072 0.5544017795701216 0.7896558243555972,-3.4186403443181574 -12.999642848682422 -46.258735105228865,19.271620362937462 37.214847233086765 6.564286218406339,7.996183117226567 12.343171916593185 1.7853972204038562,8.827684446104646 -0.7509953134842496 43.80555341073126,22.35150999505365 -45.48777270761215 -9.577557136768473
-22.844709931421185 -10.818819771269208 -8.50345441378468,-13.844297210981459 -2.9812039768587555 -8.591694853913253,-20.712802143810535 5.730464151146833 6.204312245571326,28.51925956214273 1.496427406388239 10.91507172827031,8.51626662545501 -0.25617147076799035 1.0959708837244557,-3.033353100243884 -19.515277744828207 -48.297266538637686,18.656118660568204 35.7358453281386 6.071897909897183,8.132187878097382 11.745947320974555 2.843036233940502,5.358040470245086 -1.7798656922818339 43.7691869447412,21.109429523293755 -42.1355423518086 -8.343607407548356
-22.52177828348092 -10.159503799482847 -7.473655931500842,-13.477261496471893 -3.125947640430557 -8.685477314165482,-20.11115338212419 5.9414129456463645 7.586298581371531,27.913936903744904 1.6619375596709012 11.726272630357283,8.455232553043118 -0.7765031278956845 1.2927091221085585,-2.4110657736480534 -25.8710641806189 -50.129510294912585,18.31084958592946 34.9218650834903 5.806140156901871,7.96069762790926 11.326174513576156 3.397699764008383,2.3214054631329915 -2.384744734770429 44.11304930176525,20.023186518554894 -39.14885538314463 -7.232079621570239
-23.49068102727293 -12.027015620381716 -6.631786885241235,-13.955584738399413 -5.601853576077208 -8.752177575722783,-20.476029285953217 6.346602089464172 8.494821147814381,29.185158029038124 1.8616443735867032 11.777095160215074,7.977774133905961 -0.590451480771156 1.2103675963300888,-1.8615481565391032 -27.631166032707586 -50.25642043720195,18.46773272356901 35.32564382398953 5.946515710669639,7.5176250578296155 11.409152805982366 2.9930869192660974,1.6832881970699267 -2.0867887008715584 44.640013775206555,19.711635186433274 -38.196329261573716 -6.855625562302189
-25.064576668018713 -15.306735414007688 -6.15408276440773,-15.010520127033788 -9.068654168859641 -8.8536464333778,-21.44971323812498 6.822006097623033 8.754665243950841,31.6037801218481 1.997726330395801 11.288558230215969,7.181462992344116 0.07250679921772604 0.984374130190645,-1.52424046943988 -25.203507441910627 -49.09287876206586,18.93716761180025 36.47957857566367 6.333430033974803,6.850608163426566 11.836767157082969 1.9762586143078833,3.0103339593123843 -1.4522221153715122 45.140061275475674,20.100990446978475 -39.1276710395649 -7.164932744651402
-26.071899509065982 -17.91421888632221 -6.131166009563816,-16.168314507355543 -11.297265900585883 -9.107389662466627,-22.299164833534583 7.16234772591467 8.444244039206406,33.84710361596988 2.0175001727244 10.837649026054214,6.226138817100432 0.7097668640843772 0.8791571872513445,-1.4665251870797844 -21.045160226428333 -47.86345217757107,19.3512301774022 37.48441247594076 6.663833838904156,6.012245317943611 12.246394593084283 1.0341371294754924,4.854351366708151 -1.4893845316428262 45.39771860393883,20.82444690010911 -41.023099637723476 -7.830645397017154
-25.515910387579023 -18.03687822925379 -6.625007493566495,-16.99100330311678 -10.382395455481355 -9.60921783216205,-22.390490707903187 7.191108332189653 7.6733265228871534,34.75554501990847 1.8874256275558872 10.918085456663265,5.279015090977012 0.8803901008611563 1.1201948380688174,-1.7415515183767567 -17.471098774381293 -47.65858127858707,19.394854424303976 37.57089331712345 6.679101117113281,5.075859198491504 12.320041465387789 0.7702491745118527,5.927317159368168 -2.997879318515341 45.245976819344996,21.538258577763578 -43.01288003515532 -8.541108921691857
-23.841828005747633 -16.110687660168963 -7.466079862643287,-17.33889159231229 -7.089089487749835 -10.276132140755708,-21.910487439942298 6.969012593925096 6.800361024999186,34.51901631390719 1.7289855461001713 11.333134193101998,4.565709408464561 0.6550389108457007 1.611091641400531,-2.2883290249273314 -15.575971180638996 -48.44966157680623,19.189871709400084 37.044117297987455 6.487598365958479,4.2838830736931826 12.110171606538128 1.0971089555570854,6.278925193727418 -5.05965566485883 44.91379378115091,22.095559436758457 -44.65846546572882 -9.137408939694872
-22.19898860778727 -13.669609073359515 -8.37181365113256,-17.217931493602983 -3.4863392824602757 -10.937819990644261,-21.44669992385826 6.672632667313791 6.305227638829162,33.98639702336594 1.7393615942378498 11.54891001018293,4.340358477242786 0.3541938470302933 2.098279195913918,-2.9901321252500455 -15.858532157251757 -49.66165148440952,19.071453250442946 36.7337920345995 6.376896945381414,3.9613280300913987 11.850145682041774 1.5898047127456447,6.612085422694566 -5.917920887413537 44.823480550873185,22.4456212005828 -45.73186123383931 -9.53521512889421
-21.63641441071511 -12.140340868040093 -9.059915589739779,-16.67000279265954 -1.475837592140984 -11.428440066165138,-21.52560147598316 6.463362519118162 6.606679641059324,33.94030576147933 2.0871793124241353 11.085978277983322,4.804159253402729 0.2656016150417908 2.3437197489524464,-3.7279617149076145 -18.61575574233769 -50.74693355850636,19.342034117486993 37.3903108100595 6.607131822855987,4.375710017406853 11.749367046323425 1.8518200927618054,7.56546432669754 -4.066079745978508 45.33602052905135,22.550444824955314 -46.048596030069945 -9.665664642748572
-22.183742139917147 -11.836910843702977 -9.258196194697003,-16.07595149993194 -1.2506834517602143 -11.631261310120344,-22.054893301129127 6.347744761745969 7.52250738502409,34.47728819923481 2.659071252391856 10.015269824469994,5.642870334525842 0.343052234411942 2.2703602778794845,-4.364423976606619 -22.22629138936367 -51.459819394800554,19.972466213767074 38.96018782579387 7.160509329144097,5.231364627685234 11.772949645493055 1.7842624196218009,9.111604248243692 -0.47977418456936294 46.20476213116487,22.489202591723547 -45.83258751719111 -9.60504510356076
-23.29773642058702 -12.4480505321201 -8.700144086233307,-16.00711514716196 -2.0437840165805072 -11.457151544380272,-22.594540363032582 6.245298971359046 8.532773352842883,35.308332188213896 3.183196143149091 8.717008692319014,6.2525853608410475 0.35265945332351883 1.8916176177741866,-4.7517876712707405 -23.99073256347611 -51.724298030816,20.747259036505948 40.93817501900237 7.863046048220042,5.916132548015181 11.748722181221797 1.45549694135577,10.848700497228771 2.47039145577374 46.841576350364186,22.406914476500397 -45.53725892786105 -9.511215486780426
-24.457439759054232 -13.652777407004143 -7.18240476066138,-16.96906524613821 -3.126125018703931 -10.83514153234157,-22.740420687655746 6.079671293287018 9.136956583313646,36.151643256340165 3.406196472264843 7.566054679861347,6.084257980756723 0.0862032605034475 1.2309279890533589,-4.749033107832772 -21.54130943865601 -51.48913888656727,21.457785226970138 42.83105034747855 8.544159564620962,5.8710094799099 11.52490358831362 0.9384626058258202,12.360998931801719 2.6063054662344207 46.709891457248816,22.434591302457477 -45.57455230933716 -9.527696741145128
-25.47494149595445 -15.098027388501794 -5.235088278362358,-18.67821473368031 -4.335498572984245 -9.90183798164918,-22.55086036612959 5.833730422311705 9.103918324207434,36.859181076596094 3.3100774547189293 6.834919815744996,5.264040135291748 -0.34190169882275234 0.4165061452686202,-4.294498863066621 -16.50491047216932 -50.96924578174873,21.999293631048374 44.34380246928709 9.092997821057924,5.195837701162804 11.204498830799308 0.33764289341644554,13.11898225179499 0.167937267475222 45.91663858871379,22.53187406658874 -45.844518220656845 -9.620783918499153
-26.377199897282186 -16.41003862026553 -3.8615076442776775,-20.341841982111767 -5.875378331534362 -8.92776756397923,-22.382539080016578 5.5285531496357105 8.376314796826357,37.369198318776476 3.028691226401379 6.730085309467671,4.353695567149219 -0.6090893881401448 -0.3558341063930384,-3.3777223962243443 -13.085623013723954 -50.55122214875148,22.3340500008373 45.30929791363544 9.43724447519293,4.415521796844877 11.054890956081785 -0.22212740418309146,12.519737571030436 -3.0446913782419776 44.98391202119972,22.547842587709034 -45.91695464781251 -9.642432782368555
-27.189662231323975 -17.23737175849248 -3.9910153309630267,-21.205928594311718 -7.922693768820016 -8.169801971840144,-22.565445014325586 5.187260730242807 6.927332030499407,37.61659868817594 2.6956869768344034 7.426754370298877,3.8902853748373394 -0.4164054315342649 -0.9017083607934391,-2.0081878372610418 -15.211332393167664 -50.593613588894414,22.433615557042295 45.58896755830041 9.5161259319482,4.03269034617031 11.322639391056477 -0.6213824484451627,10.038900701935516 -5.304253004889333 44.412660964486015,22.34225531641657 -45.390247350996994 -9.454162997887675
-27.866038163935404 -17.54792437477409 -5.399908731383393,-21.181246919695266 -10.194561529540914 -7.660998881309722,-22.98348659084133 4.852805409863344 5.119449907869666,37.46884460615779 2.4062014290822837 8.67499307729198,3.960581650347029 0.1535924876630584 -1.2136205133332398,-0.4643644270549542 -22.3136984922265 -51.019375292110055,22.38476961802531 45.416628208445104 9.422433441536885,4.136346139385426 11.922347000164171 -0.8210720765495297,6.275926081431691 -6.273826886807134 44.308465693613236,21.951269662990576 -44.34306622867991 -9.079076086462823
-28.307007429437096 -17.545654547132276 -7.012122881041166,-20.669996489228822 -12.068195026965816 -7.268967980720232,-23.190820769056636 4.582798916088277 3.602922445209762,36.74354449076883 2.2269020879708603 9.910597278207932,4.318493462967069 0.7363250169253245 -1.4148339795120022,0.776439190848069 -30.500677589495396 -51.4294649336334,22.35946312237633 45.30137211146516 9.362476589828768,4.509731158920522 12.523227435172968 -0.8415910699255081,2.6610183066789905 -6.644309952521769 44.48464152313002,21.54144082684367 -43.20911722886517 -8.659718246838732
-28.42171277690964 -17.431283094921636 -7.786960477811424,-20.07388711821062 -12.947213161164461 -6.866504766977963,-22.76183693728746 4.433460104827956 3.0044467068547185,35.28324114033773 2.2224734776554254 10.59143268641888,4.715917130525391 0.9804657451435158 -1.6205680427450893,1.258567163973515 -35.96769901592806 -51.443081175843375,22.518724469698007 45.721315357808066 9.530012375805716,4.932598873146194 12.805727253726594 -0.7071090288032069,0.5802988267607554 -7.090376527533105 44.746874756562,21.27927184162977 -42.425365078557206 -8.34124054599195
-28.287377271007845 -17.253640047221133 -7.642205891005942,-19.58664689679323 -12.830480913868044 -6.483372028503804,-21.755151874842852 4.430936576619676 3.425963611103073,33.382499257714976 2.434818755456942 10.685126069679638,5.005024801751793 0.8786769052247904 -1.7536600021469961,0.9820416219695347 -37.77424498662775 -51.126016909782884,22.79986237307912 46.506415212872774 9.855343214441918,5.248420629026415 12.744429725195412 -0.48303076476221607,0.319257091116609 -7.588521492779343 44.887390710048194,21.277425673724714 -42.341074413557685 -8.265411800433249
-28.123393402644222 -16.933079790774585 -7.306367748997334,-19.2260841922574 -12.220347530404101 -6.282102115101269,-20.638962329516183 4.575940394777765 4.525553175871862,31.718222754254874 2.8865716369349386 10.590481614602727,5.12280615619834 0.7145808463269683 -1.5742223532946045,0.3323163677608192 -37.402334549283204 -50.9218132776343,22.950953990648845 46.938388846446 10.045930512082132,5.354563045026955 12.562711366419787 -0.26963957184533455,1.2324215417916624 -7.524690082030955 44.687028828353775,21.60302508779515 -43.231329430356084 -8.571139976451086
-28.14307545261976 -16.391556205776453 -7.506141099756131,-19.00043405719369 -11.61612112140656 -6.4213319026231925,-19.882300269651157 4.865190790029351 5.944060487999662,30.950207055481528 3.5901030259507616 10.703476979605735,5.019037149471296 0.76969584980563 -0.8548173501854813,-0.30360247706122995 -36.353355948780624 -51.2543085601454,22.724471640488094 46.31145991840583 9.814569606723824,5.162669711222736 12.484758635835513 -0.16260523810075955,2.660238647487583 -6.301791839733243 43.94389753116998,22.31103811437355 -45.333510810951495 -9.382172502469453
-28.330949608370503 -15.673398113971036 -8.375436215583687,-18.830555197339876 -11.107473268302165 -6.884632523179557,-19.692679273971542 5.226237629359395 7.251831885969796,31.106443687875974 4.34851954038005 11.064468096000253,4.862697911309963 1.0813020352059977 0.2510849516754881,-0.7681999579422082 -34.89461183608733 -51.8624450974311,22.097329281346195 44.56518008590326 9.141788010723806,4.857005882876723 12.582460589721343 -0.13380043428044597,4.273530690622689 -4.093560531511806 42.83813805519516,23.22410105214835 -48.118517402153984 -10.49564504307557
-28.450279549513983 -14.941283968253519 -9.474877215065474,-18.55280406421093 -10.387913302929512 -7.486267847632884,-20.024696723173026 5.519736621666635 7.951033893355982,31.603902366881393 4.7625468960460635 11.369886724845266,5.034762406358304 1.4504751488809553 1.221635993472513,-1.1259035754352964 -32.099912362814024 -51.82279774714557,21.263499896079882 42.2632020637188 8.267038827588213,4.885491065951628 12.78041843978382 -0.03537280423132516,6.062628630795118 -1.8191992249874662 41.91935815051441,23.940160615321513 -50.31597829955143 -11.392824823696786
-28.257557635752796 -14.36180062155358 -10.346435971574861,-18.006648337560254 -9.151999974384335 -8.036246598581691,-20.81513536863219 5.609711921543574 7.566434838568147,31.853011872936097 4.441396239303911 11.310634089195785,5.901901377855086 1.6722685498773562 1.5380899962148833,-1.4524426895070042 -27.046517661495486 -50.233110439394395,20.42624653599602 39.994827725368225 7.43932461664294,5.681976745928685 12.995937819269496 0.27734261546390976,8.018524557687169 -0.40180090453294204 41.73660279268589,24.063285156532597 -50.67296189931498 -11.561192619369791
-27.572548576106367 -14.075644239163482 -10.665271995866558,-17.213845340245754 -7.57319644090505 -8.41869847273339,-21.793484999222013 5.529625153877626 6.327514935428173,31.776376294490223 3.459559511402493 10.814583701630236,7.193120211214223 1.6427583675371376 1.1860519530713887,-1.8852457863282106 -20.262458693933546 -47.53067811965739,19.800239212357138 38.35267593773552 6.878721375537958,6.990524910231836 13.111059831828674 0.7246174606781792,9.787809505418705 -0.02606181502642485 42.403827831779,23.622545553447516 -49.26214995320671 -11.019301547337134
-26.284970229097308 -14.19488655307093 -10.253795450999334,-16.397689635241512 -6.35443682383228 -8.599700425576613,-22.46005479406164 5.500265975768793 5.242875394673689,31.862854589301925 2.4059375123989932 10.071602791984892,7.932429130604728 1.3697102927561398 0.7087310136533026,-2.629955164994315 -13.879721226997923 -45.633787247993155,19.61275933435504 37.933032795735535 6.773324242742614,7.792574561610518 12.968837540717269 0.9786367993170638,10.636308837339191 -0.06031563431210271 43.553959806146636,23.11689037111735 -47.621806418302285 -10.372851928200795
-24.300772651639125 -14.823527942497945 -8.95301145522808,-15.791560374811377 -6.2064601322874715 -8.553981527608968,-22.322676259657662 5.745595241746732 5.335522873610441,32.628937258941804 1.883553459235687 9.282414179933129,7.136823976716833 0.8690202106183855 0.6657944385345771,-3.888937642672314 -10.058799807279424 -46.48771573033537,20.083339502103932 39.30950095342991 7.301801106490406,7.060179236636715 12.416744620774569 0.7080839441901471,9.835983269396804 0.16459303071064765 44.79820508246508,23.056846764825412 -47.32774854804346 -10.243001948778758
-21.987747537233446 -15.824249012932949 -7.005806959334266,-15.616203437526249 -7.1224465841975775 -8.417808959313394,-21.598945144668647 6.250706675588473 6.679515260452859,34.52987954713742 2.0377559129483367 8.548773556172929,4.902430997779437 0.2426472940020674 1.1629088395151528,-5.615348047800346 -8.964601078382278 -50.21961002325659,21.123860457704033 42.21809097269585 8.358209151377386,4.866903098725335 11.538016304255931 -0.07645586242504075,7.605027029764434 1.1435936356765548 45.86396792987355,23.486503167060864 -48.55362661232801 -10.70429622710131
-20.297674183940277 -16.754587339373767 -5.163238793338772,-16.07639023223158 -8.188240621756806 -8.531710943100773,-21.4039369543155 6.698652278444067 8.148987624407273,37.94350619176939 2.435174876531112 7.847295065033079,2.6899108013748303 -0.29862433363062396 1.7316679637132715,-7.447218662914986 -8.23865893701019 -54.65763323975678,22.25718459288171 45.335698427153325 9.476722195318445,2.679143917887804 10.714002623501587 -0.9320706390273696,5.358123788838363 3.1513111426188614 46.62558206115206,23.86014750118142 -49.70008456668207 -11.1400997140436
-20.201047011004047 -17.160181880937884 -4.196999899791318,-17.366862608294394 -8.44476918986761 -9.241941028118,-22.888581834085084 6.758921962939282 8.560001880604688,43.221049930583504 2.610401576937653 7.147672923085161,2.024407585907889 -0.5406432444954395 1.874087458434414,-9.004250630305158 -5.408792331047178 -57.50845541106126,22.986277691967114 47.28561578893383 10.173461156307715,2.0294957269617195 10.339107652765136 -1.3943488712256282,4.566622843531069 6.429743651333363 46.96812215956079,23.603084636414746 -49.07944817814988 -10.899265709366508
-21.726138725570763 -16.97247325888309 -4.277535941264052,-19.229823445438367 -7.6008333031604085 -10.523950139126471,-26.112253268194472 6.39321018483759 7.6786423656690035,49.626983803116005 2.3536752123450753 6.475289813578884,3.272499853796293 -0.45088100061142383 1.456515795146453,-10.00085090583347 -0.4233019138174094 -57.78490973867256,23.068375970812294 47.41184222552232 10.217543432748974,3.2868220526493968 10.502659086493587 -1.3122186793387236,5.692184220956119 10.291466286782992 46.84275918628851,22.585562027536227 -46.28169165273618 -9.824591301088438
-23.537135396617035 -16.68144037219071 -4.70484630391452,-20.752319460230336 -6.33213813777849 -11.816365543750726,-29.554040782930173 5.986245923293832 6.646373408512421,54.852441618662496 1.8253453033135514 5.936150519977142,5.12347087530064 -0.25975098585744794 0.8727585511184133,-10.2885352947915 3.2652974090945426 -56.39080657412742,22.628831656253748 46.101768667242034 9.744358091379869,5.135213916980243 10.852315097012248 -0.9882407028991419,7.734706216406747 12.703496705982127 46.29635394749098,21.321985747091293 -42.74648459349057 -8.473972914164491
-24.205273378917497 -16.815087878774793 -4.717956742399811,-20.98208066111317 -5.38536238644138 -12.520014898878296,-31.580717103847608 5.951047849375465 6.699817129806884,56.48860472936366 1.2154926291074049 5.642046525099554,6.146105560778646 -0.21597848791747468 0.5537925246813988,-9.732083811898462 1.9710406610692257 -54.37403645025961,21.82316875995548 43.82781189679948 8.919222583929377,6.137884902748215 11.00451327441832 -0.7583512404343921,9.585859339097867 11.552756396216713 45.385987773024105,20.37378395247543 -40.04893209502801 -7.4575792784658415
-23.306652180560818 -17.48754016744064 -4.076257905308653,-19.83701476925103 -5.1651447611886 -12.342398234948341,-31.38589319736991 6.3499906677637465 8.167089536844136,53.813642029108095 0.7698512673267139 5.666703159287904,5.693165293297502 -0.4033250057263973 0.6315390284407879,-8.380626717846654 -5.022847364012039 -52.49755124795084,20.905977257235918 41.30728253657099 7.999312626459799,5.657023824979383 10.819192522937088 -0.803672096377429,10.586713720534922 6.560803470033533 44.367495764670615,20.055524128925015 -39.08526192849339 -7.116750043526926
-22.08574191333441 -18.12575773591577 -3.403100363900973,-18.6797823670411 -5.5082362500704205 -11.500182598140064,-29.53597652517253 6.663276193275538 9.867917272806714,48.90662163291323 0.8265562624455438 6.020644659699774,4.4190447148873 -0.63166326548818 0.741398650150877,-6.589370309803445 -13.503406998848114 -51.05122025051052,20.296325979109472 39.664087551713145 7.394315874012494,4.381355143024313 10.560576084530247 -1.0482871390780728,10.824476034965503 0.4952364923134277 43.82670318194097,20.2719118941363 -39.62456433763831 -7.346488923910372
-21.93757435537732 -18.09599131755765 -3.399583880180174,-19.000585499698627 -6.198483126217847 -10.258154477968802,-26.72723007560186 6.320149284953942 10.486572138422298,44.10306126421689 1.7289489382175243 6.707522665922363,3.098742635226589 -0.6859471441164461 0.47455721663177486,-4.741583634025914 -18.81572908802272 -50.27823999761597,20.425516962753772 40.05160633648313 7.52508540925772,3.1222343645969635 10.529683833881228 -1.3917908042778755,10.456788540592958 -3.6036303396325273 44.37522940693629,20.88871088190205 -41.32857932878282 -7.999406219476447
-23.491397421505017 -17.228003455134424 -4.345400887293963,-21.30373369984093 -7.092208549667096 -8.893987757816797,-23.704044030979844 5.196761336786415 9.475750221906708,40.87145436618877 3.4219618864343526 7.627138920607605,2.2665074569576307 -0.4539080863612148 -0.2824314432827308,-3.130165458674135 -18.901006289172468 -50.18668294401053,21.352715918413566 42.6159590145712 8.447214232477203,2.4137848903731864 10.877438447073489 -1.7047973631040763,9.651206114947053 -4.340633236402933 46.02025121674523,21.737729395892547 -43.736332175869286 -8.89273308643099
-25.91511628579461 -16.23607470017592 -5.7160736466075255,-24.21216117287437 -8.184043077127052 -7.7099492909321015,-21.30264953413522 4.0220939627587935 7.754529064663025,39.02575489808376 5.090245671302958 8.481118761443597,1.9971644001482356 -0.01940761996564358 -1.0793637475298707,-1.8755612577078846 -16.654563516334754 -50.335935053186944,22.426942069871757 45.581116270926465 9.519270771557833,2.261089034472874 11.468332626820045 -1.8026183371577928,8.594199853289714 -3.4600433342520542 47.61548962197627,22.58597889884108 -46.152672046590375 -9.776186781524501
-28.214016712718475 -15.931237330385008 -6.897820972327326,-26.140697575838065 -9.483254821333267 -7.010228614030164,-20.366617394404468 3.618510676624564 6.405157671128945,38.19385854286204 5.835864550162898 8.94997710509005,2.3135919343442275 0.5115410201085878 -1.404051175956747,-1.0784856352841237 -15.519889258056596 -50.23631155303987,22.919342716385643 46.96025707938057 10.023362986840988,2.609685158036154 12.13462978334151 -1.4952556881522396,7.474638257461333 -3.05447436101063 47.88920212077478,23.19398081122146 -47.85865868414525 -10.39286484702121
-29.73474803561153 -16.584320884754245 -7.501539141488094,-26.19340613421075 -10.817042816998692 -6.931455705352551,-21.145486889233172 4.306666754473404 6.165623305724188,38.00456722363155 5.339716700593592 8.947933281058646,3.182638032826366 1.013899561955061 -1.0227630358901456,-0.772571528097006 -17.15977680773463 -49.67378228453782,22.496294920651838 45.83310279663626 9.62407084007046,3.3951474644714827 12.704909299601452 -0.7735139122365453,6.535093047486288 -4.2811652799774205 46.41435278198718,23.480633770892684 -48.64126018193673 -10.679202791220487
-30.574728006378564 -17.278075116258304 -7.6322625256433225,-24.9901966470431 -11.612177563849777 -7.24174311419886,-22.58233065914873 5.30379949071264 7.016770802618561,38.08867597742511 4.555742494925834 8.903197883465758,4.447921563869447 1.3207875507191396 -0.3141870701444237,-0.8439176835189859 -19.320697280414205 -49.040570352928285,21.69341327255152 43.62504494213142 8.827153393023647,4.531135765538863 12.99964819624366 -0.025840503329365883,6.136246614432096 -6.240164724863458 44.621687447581536,23.71315891957656 -49.400100015104016 -10.996848571111956
-30.931110022098533 -16.938599411862295 -7.460749247458415,-23.352185270197204 -11.243158694597337 -7.660362226010386,-23.447586920001655 5.681353113298391 8.838060261711554,38.07774449133625 4.605888778618904 9.311654578631735,5.936491365879047 1.2600612070567565 0.2619114250373865,-1.1590617936587417 -19.231006969057866 -48.80912926325837,21.161468755949127 42.072359526788574 8.249886957555551,5.928145923036888 12.838587309838065 0.30687357685449645,6.6536930447513605 -7.758794884763105 44.18719945216465,24.204664219933953 -51.18122361811443 -11.763353296397351
-30.92317228096437 -15.108238330827255 -7.139972744733173,-21.873925088673825 -9.512122191966421 -7.9926326172755005,-23.03283069668619 4.955440819333566 11.252212365858982,37.81201111706592 6.016001748200449 10.36181645518342,7.40473310887728 0.7872694388590216 0.4258881668555521,-1.6157607687723372 -15.42290008286608 -49.26067075511777,21.32849754819528 42.36485165848546 8.326609675523725,7.393334022232182 12.184457391358539 -0.015672908944367625,8.125381063593622 -8.11198236564419 45.94686249915951,25.070828964146504 -54.33505671499526 -13.108085304254578
-30.47218544586209 -12.896217666190767 -6.777686646306034,-20.573903945977253 -7.308523504766646 -8.262662265290318,-21.954693214177908 3.772802858792141 13.229155382460371,37.66230608461699 7.7962663630102735 11.46066806139623,8.42936242661384 0.18263594955965504 0.35607931351194844,-2.1911503268492987 -9.743743516657695 -50.190150209619325,22.056204431077344 44.30285510920926 9.026516271203072,8.471101706117663 11.363559120715012 -0.7237564723284615,9.73075339219704 -7.712744573182975 48.600794215093245,25.925345097978514 -57.44332400113502 -14.427671811175836
-29.468504290820164 -11.656724300804784 -6.474518420778677,-19.380442908512215 -5.691797679824849 -8.528794089061389,-21.037112281104452 2.9569944869078917 13.637029909526069,38.08242257631013 8.719898684460539 11.893039261053712,8.559147017089254 -0.22287484609850775 0.3024654647323587,-2.874795186593867 -4.559509040907984 -51.31642342821456,23.117620553538355 47.46906234789758 10.245921003560317,8.66490318112428 10.759013152595138 -1.4678689858365908,10.515118030253966 -7.152138151365938 50.51511217806944,26.303451985115558 -58.81134961286074 -15.004237624720014
-27.913635186710206 -12.255960183029707 -6.275037650037218,-18.269243352798654 -5.372380181355185 -8.81872579148133,-20.8791158455158 3.0493758245378895 11.878850163271672,39.37570867029952 8.01310916495376 11.220507473175244,7.57352224913174 -0.22156104298805432 0.4284609421483269,-3.655285888636648 -1.6019562559646854 -52.41090623481888,24.29469401372959 51.36389516896698 11.826060679907965,7.721911606297277 10.616738333408046 -1.9966159061010607,9.891827836193514 -6.807747739167155 50.61302577467053,25.929514859405582 -57.43445376407749 -14.412430525146284
-26.13688851723099 -14.120980867753222 -6.058490153305966,-17.355738842980326 -6.031450332367663 -9.069777383161128,-21.416436348103673 3.7590679597564995 8.935059055341299,41.40182553194062 6.2380618857404135 9.820823358757458,5.932199711384162 0.03075821321331787 0.6421821306928248,-4.5183399651152225 -0.7324506314907934 -53.40002244933941,25.395670433325748 55.24514585891913 13.44573980625722,6.108066698590573 10.778023215458205 -2.347955497020592,8.359659405222741 -6.42759455176134 49.46069811881258,25.085661694319224 -54.34286655292965 -13.089595788914524
-24.52770797310147 -16.414840773393635 -5.673794285260774,-16.780995815924275 -7.1613777613003196 -9.202689731976829,-22.463129401857024 4.642523668737856 6.075467535392001,43.93904312848229 4.201992088229468 8.221458736015723,4.219682810721892 0.3115784340592045 0.8049128305580429,-5.4491479152602 -1.4692471805718594 -54.23863100244693,26.233619527038815 58.326098052376224 14.753965842024538,4.421160771055861 11.00992981094404 -2.6129257302327114,6.616502571729852 -5.644210886645111 47.92568046195607,24.156338057846 -50.94010777518263 -11.631334392154395
-23.475537245040528 -18.300594318369328 -4.969868400577486,-16.686080708497517 -8.25453209659122 -9.138203705804504,-23.833250619764872 5.256195727656123 4.569886553080697,46.76563142717346 2.7121350138298057 6.949885423165347,3.020474954020224 0.3983951311032131 0.7779368419361818,-6.432900238302228 -3.3306009162933883 -54.88159082481231,26.62161100958086 59.82003538396055 15.399746246626442,3.2589861367447615 11.079520132063992 -2.8825645773749606,5.360247170102989 -4.090129041315082 46.87552405556147,23.525989517975386 -48.629697226601756 -10.63324731099551
-23.36982002376707 -18.94129592109867 -3.795630853931936,-17.212059957567092 -8.803282966678434 -8.797060172520204,-25.340855614816213 5.156536912685452 5.688127058064384,49.65986039526308 2.575725903950344 6.533575238421658,2.9190795481544844 0.06870381589894092 0.422537965019432,-7.45478743347196 -5.834766851740952 -55.28376084710639,26.372714595663908 58.94024148829438 15.032088479479428,3.219335108708925 10.753856191016498 -3.2479100100848814,5.288783034730315 -1.3978813132678158 47.1777801510893,23.579061642696892 -48.81515470295243 -10.690935521567503
-24.6 -17.5 -2.0,-18.5 -8.3 -8.1,-26.8 3.9 10.7,52.4 4.6 7.5,4.5 -0.9 -0.4,-8.5 -8.5 -55.4,25.3 54.9 13.3,4.9 9.8 -3.8,7.1 2.8 49.7,24.7 -52.9 -12.4
