-29.204752076097236 -17.874414287782095 6.432908975606216,-27.937293141718396 -9.191242470023806 -0.6724889557452349,-26.16600492249991 1.1898226108201646 11.914339833691333,49.38045706931753 3.4314125687837125 -0.7767497598580109,6.783838680910369 -4.198054769410733 -4.785611034052016,-7.990782152107387 10.716495900174941 -41.915253250506694,26.589475402843846 60.023628852713536 15.564775524676849,7.847038236092784 7.02465340216286 -5.60155228938537,9.6303496274998 -19.82440785635263 25.887496983040393,27.76191993439861 -65.65860968997761 -18.116256236271095
-26.691196596078214 -16.24080752884148 7.025849791784662,-26.03163677348008 -6.549093312431607 -0.5731316877365316,-25.824828912543424 0.937855750212468 12.016877475308364,48.3357622434666 2.958275226983188 -0.4340385888212417,6.699625731699138 -4.96767482916139 -4.384081259584701,-7.674222112930792 8.294406025489643 -40.52784668442509,26.70660758641641 60.401627272841154 15.71502772238439,7.752257889993317 6.0620356386645655 -6.089170329442984,7.37576138605973 -24.952933163423907 20.767377786002292,28.125508077640198 -67.1285547571692 -18.75231577420093
-25.251037738238033 -15.094437151283138 7.215028059021116,-24.914475953644203 -4.607246210780948 -0.49407938607772417,-26.25064551248693 0.7169443256159913 11.759233603397451,48.27846987159758 2.516067707161896 -0.7520423156251042,7.066388534387083 -5.436664069956846 -4.102344581456252,-8.336937207424885 7.310540164076173 -39.59971945079884,26.74311899616687 60.464310236817916 15.729628556004972,8.108787252957258 5.43000126053849 -6.557386054710017,5.919586972872211 -28.55971095181041 15.904442055220262,28.009088545414464 -66.56570198618914 -18.49115703621556
-25.081640077448693 -14.768630339277362 6.87800456292117,-24.87162179284673 -3.7613601881926737 -0.6557766484487324,-27.176660250980106 0.6630268531716643 11.233724284814832,49.02632086983043 2.2173490926094983 -1.549535984557862,7.529136314459175 -5.438460923546757 -3.993637004209915,-9.72262525784917 7.376063244625481 -39.264873294904035,26.66657954997518 60.13805700992377 15.582498828615556,8.560279836137926 5.357822283770786 -6.787536531186257,5.513031992478843 -29.346526985829133 12.247659271660378,27.47140703958168 -64.2132587379804 -17.43867626756168
-25.859897797974316 -15.322078536092597 6.1419362081115505,-25.745192379883953 -4.062137989645732 -1.1341223970276744,-28.348220661627018 0.8097436614940556 10.692156158540492,50.37739609545794 2.083282249691596 -2.499559551409744,7.766227366112873 -5.002334607638827 -4.052897358103789,-11.406568783748469 7.87116157927198 -39.41744454937164,26.45524416591588 59.350505566536825 15.242802955150212,8.792160919388458 5.817619255202521 -6.758097937612526,6.063333359762902 -27.327040525377065 10.105379543932237,26.71599693191972 -60.89682902254178 -15.955133201171524
-26.937053529046775 -16.52052057425649 5.309873399687197,-27.040672808329596 -5.222169282418503 -1.8017662116389408,-29.55542724281148 1.07178237284614 10.410381870928763,52.08444504606284 2.0736433602927136 -3.2853943061474515,7.637639345634687 -4.331360189728054 -4.233232866450602,-12.95968626735855 8.273185767547323 -39.74213662673366,26.129993856490355 58.147986431986844 14.726061880135916,8.676415296352102 6.55373982789873 -6.634165622695335,7.224208115286157 -23.78938263681862 9.121696233075568,26.014790188878713 -57.74798862367595 -14.538884220880824
-27.656046542974966 -17.91818682690068 4.69172594810367,-28.161182469030095 -6.728071459936138 -2.3857994210881626,-30.600411534005968 1.3008036650014292 10.527589805011178,53.785584501388776 2.1340718998452397 -3.718701270022195,7.234762358523771 -3.6993130477770766 -4.456095799032939,-14.079072967238417 8.400823509997782 -39.84028315171413,25.76771887897621 56.772036577527736 14.130651766413271,8.310838574074065 7.220110318901488 -6.6398783912483985,8.581536502950959 -20.642228734072 8.576014768906507,25.608883032894465 -55.82897373275736 -13.665238853829974
-27.627542562801843 -19.0010810361341 4.431743014005177,-28.646941687697637 -8.005158875779752 -2.6147779449795387,-31.261827716830716 1.3826218920282143 10.942224742670849,54.98704818295092 2.2219431274301567 -3.7685622267140086,6.816816386192118 -3.3210710883256005 -4.610197670123218,-14.637137304538136 8.458555272966853 -39.400845794720226,25.480805423366018 55.62076156720914 13.625498751156943,7.943926377044819 7.550770346392625 -6.889500492975826,9.83356970187022 -19.48422721932354 7.825704358385025,25.625239998491065 -55.78390724041748 -13.6318185885906
-26.842039570987694 -19.339066304377614 4.426848706777124,-28.31507904374351 -8.576999375375413 -2.3760030506890972,-31.31562915953634 1.3183270440060695 11.324142380267883,55.162660610152585 2.297272450278442 -3.505152131846061,6.673361602631991 -3.2619137447586426 -4.5530854558052924,-14.650584670991801 8.872567034994946 -38.34045022762456,25.368139996102165 55.08987717712995 13.38399499433773,7.833166986814506 7.476717330491302 -7.27808820571213,10.872500073743595 -20.865917846182818 6.650109676521836,26.04068119669037 -57.634918368844836 -14.46189215669528
-25.594209024490173 -18.700204865362572 4.381502023170617,-27.26042814325285 -8.178813416657455 -1.794872208741507,-30.622690183882895 1.2388249681379884 11.248638595628336,53.952024316363065 2.2973263071214234 -3.0082290894419885,6.983972657781301 -3.427921950284649 -4.13600894406566,-14.210419965569182 10.01614749845121 -36.84695043264333,25.46266608856359 55.3687235761912 13.494911571230874,8.113179446671188 7.135294729799577 -7.500741720942222,11.732772202556719 -24.099579218670748 5.32403134738939,26.70451531517054 -60.79568996304675 -15.901142214539679
-24.29275658959166 -17.10070082294994 3.971100232034665,-25.750898604432948 -6.807091264905575 -1.1881197413015006,-29.23418838574837 1.3390073214665454 10.396959838225836,51.358163464783125 2.12946215510631 -2.303294725704891,7.74133564282821 -3.635963359388106 -3.2598988442554475,-13.423932196531709 11.973948887582413 -35.30371830172421,25.706554184183965 56.30851874123004 13.9013128335315,8.73840088782773 6.7768688162579505 -7.1977115504499904,12.44887504877737 -27.68210567659022 4.405716568730101,27.407252844937958 -64.3021700952377 -17.513692751175782
-23.272478197879416 -14.786077920815602 3.026922186612894,-24.09223401428828 -4.705622338128889 -0.9107941305633818,-27.436300058992174 1.7642364564576258 8.729754201797022,47.81992433957787 1.7044432564084269 -1.3626934688706722,8.767808975839898 -3.7211389939655923 -1.9446819936612165,-12.39774363609705 14.466249913367207 -34.12702395872087,25.97263814637227 57.45441136298798 14.409401129598795,9.521636313095737 6.625483112580223 -6.150785499660557,12.918209668180886 -30.085193188638605 4.379131940132144,27.96507800333882 -67.18231581708628 -18.847790242586548
-22.698436137745055 -12.156281154154518 1.6429053142926864,-22.530441376176512 -2.296940850087072 -1.1757721457228043,-25.679336610904627 2.511664019910111 6.545360112923825,44.08678362562093 1.00004889936967 -0.16289309328835566,9.807917700540045 -3.6230470173871403 -0.373011475635313,-11.254739791216203 16.965377407163864 -33.58967846889404,26.125949325628905 58.249273900280016 14.773857485159162,10.239100101410443 6.76895791042703 -4.424490125272935,12.862615021294088 -30.49676072069207 5.359256705637803,28.285392737890614 -68.8309897281587 -19.612483080472657
-22.580574373080623 -9.657398969814643 0.14503991645746672,-21.218952084895733 -0.07287340325004932 -1.9417829460146345,-24.402063096138694 3.40445660329984 4.3842220367989295,40.92873823361968 0.11476738913514449 1.2484325985475748,10.644524391917148 -3.407162905208416 1.1303037820889936,-10.151646834722383 18.93653122394941 -33.710321167781565,26.0956993302331 58.32021086348736 14.82330143635429,10.741140360186614 7.132041206560819 -2.3718961354906005,11.925284896649213 -29.14862559689296 7.019957482099539,28.388999378798175 -69.24607741381406 -19.796725053040763
-22.849018065082127 -7.667531335697095 -1.063604593574198,-20.23250922029341 1.5351283353364917 -2.931149010590835,-23.830864376950462 4.159570882304396 2.8125404713518973,38.812605256236495 -0.7338971223064203 2.7284055155143427,11.180582669346666 -3.2145656960486817 2.195235829332284,-9.26476360989531 20.077028579087127 -34.256149603019466,25.919628620334827 57.70326693496257 14.563117387914067,11.010523100981828 7.538151357189682 -0.49542634161662447,9.859236743391868 -27.099797022274966 8.770749147403993,28.384226716072394 -69.02701997138197 -19.678974946138908
-23.416474406167943 -6.405519503587858 -1.7034122990037739,-19.589004736459415 2.2750524483673584 -3.7699738023551195,-23.862107364810285 4.519168772188749 2.178483199202332,37.70919086252675 -1.2852437665256082 4.082889756755993,11.451861436560797 -3.1716356684394 2.550426840155525,-8.73747558124299 20.43857142616759 -34.85313747591508,25.73492871304191 56.881772815257236 14.19903103618109,11.143128054912705 7.818246764772267 0.7701721570981113,6.704591633544098 -25.6305725287978 10.069770400730123,28.4085284467768 -69.12551722276801 -19.715674368581123
-24.18364283734139 -5.887631803014775 -1.7607259397259414,-19.252628358604724 2.145569100354658 -4.178148090333389,-24.102748498965383 4.379713034101586 2.452709921122289,37.13906332192442 -1.3590648085155759 5.158216124730572,11.574508340778912 -3.311002434651039 2.1513035205098823,-8.616544828478133 20.38528481479971 -35.148414465987855,25.717075721142663 56.602333386801476 14.061931009714204,11.269702766591873 7.9041453055831425 1.2441806393695982,2.8491227833720245 -25.588605906876186 10.692608185178816,28.565091892715024 -70.43824393800853 -20.34673826718852
-25.00060287087847 -5.946194689700986 -1.4978152863227492,-19.12256180256942 1.3892762013843312 -4.109670775602163,-24.063341359754684 3.851351296420193 3.2305431733529284,36.44427854266674 -0.9648886210678248 5.926375514714824,11.663982503058705 -3.5466444316799794 1.2259651593057797,-8.821481950570021 20.425101542382926 -34.94843699780646,25.995459003359436 57.54471005475441 14.463882300211042,11.46793405386263 7.85738873545059 1.063287290334129,-1.0763622851124617 -27.024230553733315 10.813159504557284,28.88125478977816 -73.40191162770985 -21.79454112040764
-25.639711300988154 -6.305206824068674 -1.323381672569279,-19.035383528683447 0.40238397755486677 -3.7699757007914916,-23.412780454440867 3.214791250300259 3.9003817119573965,35.15301094567394 -0.3315786569822057 6.507756783085712,11.772445878621614 -3.71552796298565 0.2048801038170256,-9.178892281569416 21.007516854430563 -34.27310450609372,26.587631911915114 59.998781354505994 15.551248215865307,11.715901452978379 7.823375149386422 0.5942485336195111,-4.4289391568878225 -29.27385087545726 10.866488838617975,29.303460153860044 -77.75900589980856 -23.941391057411487
-25.833137893372587 -6.686253792226984 -1.587641694177076,-18.807123583087378 -0.4098746275559888 -3.5021097395527385,-22.163881172255273 2.795309946736891 3.905809534417532,33.249908648347514 0.17180141691516093 7.108879269978477,11.876446700962635 -3.6626409384600978 -0.44454903949048596,-9.516582885829969 22.381148933162763 -33.31023936807132,27.38512068641211 63.702373256456696 17.224278366589463,11.911580469064155 7.9413790960468535 0.24579319960534107,-6.801854500849712 -31.403290821066992 11.286068519034881,29.72641404977309 -82.59959233950781 -26.342426796524393
-25.381612295930488 -6.903404446666412 -2.4040419592352142,-18.31273136880305 -0.7748051598683938 -3.6026655065381843,-20.6885224134289 2.8159591872123997 2.98438781035141,31.20888991430692 0.195429530909637 7.90243380551731,11.915634097560929 -3.324436120511905 -0.40783394725391564,-9.771914434709457 24.55702919236175 -32.30348476938421,28.19763349557484 67.91726267579527 19.161432712694012,11.944194767690394 8.262267337914848 0.2789469615422666,-8.167564025422628 -32.742534958992806 12.269699928449851,30.04003435023112 -86.6733191593992 -28.375893478033852
-24.281661410537072 -6.907814174242553 -3.5858710131480067,-17.566072161418536 -0.6298792074715829 -4.164459048963748,-19.547246212691793 3.3020486211998685 1.2762440835074846,29.765902572037835 -0.4270176003927184 8.914275187079248,11.853990590540379 -2.768020314357742 0.35000514509700387,-10.050903076076294 27.360988092718365 -31.435188279302512,28.833165665735745 71.70676163794343 20.937115775081704,11.773664548076372 8.717575277726295 0.7103622270266774,-8.844529837872049 -33.219376051365415 13.699132805019033,30.172534424426953 -88.85216430032345 -29.473857589334358
-22.78822420089247 -6.764177525637816 -4.728360728900713,-16.748242440215815 -0.10286138558268387 -5.027296672236179,-19.215458462848588 4.081756856109012 -0.7441380664429262,29.543702336405037 -1.5934368605118476 9.983977003461856,11.723397758162674 -2.1672652013494504 1.5817028818844983,-10.593022153835522 30.518389144810172 -30.761239461127104,29.174455642720066 74.28542797217548 22.17867806246405,11.470112548701737 9.153012054848299 1.3492024359728334,-9.307027345989365 -33.33237712710687 15.240973063776366,30.11278324925965 -88.55836565203148 -29.340006550269763
-21.352700331957244 -6.573984593610682 -5.395185417474564,-16.150685648326295 0.591684694522403 -5.860011647662282,-19.844022309916472 4.878251871953342 -2.4779893105609174,30.717900363931246 -2.9747331941248305 10.828976610756266,11.62089096402098 -1.728919706448277 2.880370827386465,-11.644866186001375 33.71668605907181 -30.221859911776054,29.21613982500128 75.28543320567219 22.693530155440246,11.18815014530278 9.404674196136396 1.9355411575522559,-9.937874914964095 -33.81001712319495 16.551403848630358,29.906415994321453 -85.98396093869131 -28.06460422023891
-20.443992220021492 -6.388530661348991 -5.318591014433385,-16.045203777875376 1.2823803921059973 -6.32802471611744,-21.175503888999618 5.44339626584416 -3.4556524851371924,32.89292616579471 -4.16524941775042 11.186078618941988,11.65868016917002 -1.6052428269727637 3.8676279833816403,-13.298896855155874 36.62785571258371 -29.710195598142363,29.048917088459934 74.83439323675444 22.515923023596674,11.08757607992341 9.376073947574909 2.2969037149824287,-10.851628556367102 -35.16687911971297 17.455583793145504,29.631996538844398 -82.01477871381596 -26.089500210098368
-20.333004359793026 -6.161633070793401 -4.518508820953438,-16.539626375164698 1.926130482200776 -6.2577503917248185,-22.657266241592502 5.665327676347985 -3.519139726199083,35.2498577838196 -4.867768851745208 10.958983520559627,11.894354168958277 -1.833724106070643 4.355771301015397,-15.381479039278096 38.9149061277503 -29.152099376787206,28.804579686727912 73.43571366116495 21.86378750193689,11.242885647557925 9.077705891634954 2.4362136360407645,-11.875493710657034 -37.40521946182041 18.000542639867977,29.37046118215403 -77.89517754639205 -24.039628988953055
-20.95385233867272 -5.771659847954434 -3.28805467396504,-17.49620065246254 2.6021198612532945 -5.714136855061723,-23.692089874504845 5.599888237826564 -2.8580339091134084,36.892116203854954 -5.0204250362745455 10.292285560996353,12.28199210757349 -2.3288260987162337 4.407463173366292,-17.459206187551967 40.26408621733341 -28.549946060103494,28.593938535678742 71.73272149445712 21.03694359381514,11.591887370200084 8.61383992233252 2.508456789095356,-12.688961893669376 -40.01189141409183 18.365954255437888,29.18085501995968 -74.7759074133511 -22.493188295556156
-21.92377160270256 -5.103506471901102 -2.058240246402603,-18.56504217425523 3.4212598356929904 -4.956192375771803,-23.89960409620589 5.417937039942167 -1.8947396633266855,37.220455332803205 -4.803818752474807 9.527133492712288,12.675693731123387 -2.9248221184522896 4.2701758197919855,-18.978607593482394 40.46472290092646 -27.969068115369012,28.469343225593672 70.27721869999297 20.308713149284824,11.954394432103738 8.129287255665634 2.708318510659184,-13.037871291326484 -42.23075558500473 18.705527016580135,29.089545014439256 -73.32981876016456 -21.78574489671812
-22.722007717017192 -4.144231805356587 -1.2106213985098424,-19.327452548748298 4.4089487015400355 -4.300135393796489,-23.262136501092453 5.303659430744073 -1.0841969412344579,36.16206907678005 -4.5300147605884336 9.05411565911471,12.889841728695707 -3.4461479661694407 4.226782649518099,-19.487507735378504 39.51490583909118 -27.481534451104466,28.426169068147267 69.39732059006325 19.855557476254674,12.115488096711717 7.746752427491859 3.139972096908398,-12.900412530353902 -43.446549960703834 19.029366694943356,29.092615010171713 -73.58193068989877 -21.924327772586118
-22.940572342352652 -3.0329619715321954 -0.9265349871538899,-19.484102103427652 5.438374364075946 -3.965836781722654,-22.09379481947459 5.360552592351777 -0.7263455601505653,34.15879801243332 -4.476178029527169 9.133206161459032,12.789358778499878 -3.7725222101314797 4.444372982263484,-18.84058678867156 37.69371062563971 -27.10758367893368,28.434133360208993 69.19018723186981 19.741421650246146,11.933304079121225 7.525132245522077 3.7466159775452157,-12.511830004977377 -43.47229312447962 19.204166090765234,29.165979758364394 -75.00158526213067 -22.636255390754194
-22.47707334065057 -2.026509586914649 -1.1381907241476517,-18.994837950117294 6.2651649755534855 -3.986011267637673,-20.86412173968121 5.572108600189248 -0.8732081336698974,31.94034981514809 -4.751322961079709 9.769778503766531,12.364723431732614 -3.872876897921373 4.899626864571047,-17.291526049472587 35.53734639756232 -26.79577742242386,28.47327673441824 69.59547899671772 19.942698594276308,11.416717506300763 7.453578861476034 4.33953293079272,-12.234599715162116 -42.60231210168003 19.067236033082942,29.27679609538562 -76.79165286201174 -23.518558791873303
-21.568193065571506 -1.388149065629932 -1.5943489652677902,-18.097719843407543 6.654423879515946 -4.219324335928241,-19.97705250017539 5.830875532415533 -1.3583555822127336,30.20616637291741 -5.262016496102202 10.70912677863953,11.750792625317922 -3.799396543912476 5.414114452692789,-15.421430173248769 33.69537213380131 -26.458910603914244,28.54959032814149 70.47389888528873 20.383326426077062,10.73147001521107 7.475924763199733 4.707444443178249,-12.347487911585347 -41.42799574721599 18.574304244906692,29.39220311706326 -78.23366409521157 -24.214327037677638
-20.647748618669883 -1.2536863508415195 -1.9989139627015824,-17.195257004258693 6.531436115330436 -4.45092166509361,-19.61702310630703 6.012171030865165 -1.9148244641247116,29.36707927566387 -5.785993061744373 11.553148821167582,11.17430029921698 -3.651135299829104 5.772029410505289,-13.926145210601229 32.70563993595932 -26.04793339196919,28.68057902923819 71.63525811569308 20.954663403519298,10.127851299171397 7.526645679513811 4.740849341714733,-12.872631522808316 -40.53463139556844 17.877607904331533,29.484778415737928 -78.9394194700167 -24.53861739839879
-20.10839014101844 -1.5490805683277422 -2.1506710798265827,-16.66380669243165 6.063663489287008 -4.518829784010718,-19.725672209671643 6.047527595057586 -2.31000580058375,29.448770617097914 -6.104184445560362 11.942268702839025,10.850013126188696 -3.527443992967409 5.8495122856185935,-13.3490509765754 32.778313810027456 -25.620587931698026,28.861784447100003 72.81408654410708 21.515356471192337,9.821911815430107 7.558739472776294 4.498510806648869,-13.539828102239216 -40.24259568031528 17.274603335519124,29.535963221640387 -78.91734130826201 -24.50761030157981
-20.097291057642177 -2.013009396678111 -2.019000904620432,-16.68105993141631 5.611579725283281 -4.395704210055752,-20.096086099639017 5.957873662903323 -2.42938606124011,30.167416212412583 -6.1140220508161836 11.71442942144271,10.872642770987543 -3.491468621394825 5.68191181556255,-13.87091252683756 33.68921649109029 -25.35995361860538,29.03887127086894 73.64109453072768 21.88762850552758,9.886126430908977 7.553507856069038 4.1773912711062575,-13.912786680898751 -40.51070682644344 17.051152100823373,29.538310766076485 -78.45400436054426 -24.27333653040641
-20.454670121250558 -2.3239582118318847 -1.72742264401059,-17.155618769091213 5.5566179797808415 -4.185188885782185,-20.51156539397688 5.832445472738074 -2.279218554447751,31.106303347835343 -5.863825574415462 10.96651371524734,11.156925194267306 -3.5555523584636175 5.4333359136970625,-15.24356435837478 34.84171800600792 -25.522159173068168,29.10821262203838 73.67280805662692 21.874008590532885,10.202622533079847 7.514573367055459 4.002703091666863,-13.613934924708397 -41.020282967366455 17.313931880619553,29.495855246986583 -77.89331478430456 -24.00868298945033
-20.822209013980775 -2.272430379850066 -1.4638412011855872,-17.78838103413048 6.08807944056807 -4.042159667056902,-20.844251887141365 5.770420434252758 -1.927081702868828,31.89134986645962 -5.497645091335716 9.99384309254659,11.458303797101427 -3.6890526038224913 5.2894598199732314,-16.8922797551862 35.482888592922734 -26.329660642556593,28.952913479512564 72.50968909639465 21.307290454914234,10.50375286612401 7.455842927863188 4.099628173473498,-12.530336393581367 -41.36617651755741 17.919893238367685,29.421132533951603 -77.43176188002278 -23.80464591132628
-20.853347344427185 -1.887847921656183 -1.3699124441018027,-18.227779489541778 7.064578395108465 -4.067816015861217,-21.06732935038945 5.820921266155591 -1.4308964853344541,32.2910319637537 -5.152053653207964 9.143779055255033,11.470141982176658 -3.8403342464054293 5.337836919283703,-18.141626685993316 34.98999214911236 -27.857029143484972,28.500082856916393 69.9736707627473 20.123067396508418,10.484402792427232 7.3924398636714965 4.417817432939402,-10.892218462584378 -41.2438193637128 18.555686236509214,29.32862252440066 -77.02653457422815 -23.628560568905677
-20.403249935563778 -1.4465294060660963 -1.4670286986357817,-18.2362692740166 8.036498957880314 -4.241559222429961,-21.195409380560697 5.954408847595768 -0.8052318550475963,32.22650427499633 -4.870994451140459 8.659002198995132,10.957297065739029 -3.9613777895684272 5.5060819989654055,-18.47208284769871 33.11197506884366 -29.963884819787754,27.770970267254878 66.26495745215742 18.42292183886036,9.937032620350651 7.337483411598457 4.749720996067822,-9.182128440229459 -40.54918232258052 18.9287079509386,29.227082130847457 -76.44986122341014 -23.357604425811118
-19.593029931371483 -1.3461201393740687 -1.653066503882719,-17.786328922824694 8.435408220414853 -4.427554153324843,-21.21235034133929 6.078201682663293 -0.04266418265078453,31.730104208515904 -4.589110513377913 8.58582697114872,9.867361314203716 -4.025283403562205 5.594622644424847,-17.70789654465908 30.07163180884434 -32.31017424715037,26.896399368552466 62.00701007315604 16.49083940699606,8.849586221609112 7.3016592454584455 4.832059787267231,-7.920635243888803 -39.373350093459266 18.95867160668524,29.115348156430617 -75.45064924254899 -22.864358940908872
-18.71930668110113 -1.9032107007588301 -1.7659080186188336,-17.047330159147762 7.845895495059472 -4.450018082462922,-21.047745112469514 6.083957487919909 0.8316478444490603,30.905134391629034 -4.189375697466509 8.78522592178401,8.369068769886718 -4.031749776079133 5.3868015697982115,-16.069630135128826 26.49508483885767 -34.45213277413474,26.085471436453183 58.12769539778926 14.740645005998566,7.422829852118728 7.291198429361293 4.475641964307987,-7.436907602446691 -37.930828957008394 18.849853005438913,28.985573683740412 -73.93659338783385 -22.108114761620634
-18.070725864666706 -3.175959233988509 -1.6764792055850113,-16.2838290272818 6.22466639589007 -4.192907929069542,-20.6239498962971 5.89962236509815 1.717418919850096,29.914539527288614 -3.5951908640169368 9.030431953593542,6.798965237024832 -4.0008926758579335 4.775401486670116,-14.080166026294938 23.205053483436654 -35.98132796075953,25.557554005036767 55.5960510352523 13.601751906434629,5.999506165221387 7.303375881859203 3.656126550466036,-7.7372560773020504 -36.47911999101622 18.987902478767456,28.83396326134252 -72.08499065688287 -21.185790686986678
-17.76463471512348 -4.90601297986638 -1.361384539580968,-15.727969982927249 3.95128018209864 -3.6676890609156736,-19.94190180966665 5.51982794027556 2.4470927387692525,28.984790931618697 -2.8377460668229655 9.133408494379616,5.538078265671677 -3.959885413995337 3.8353389844082715,-12.366823992761274 20.961074080948304 -36.65140858684658,25.464751455532827 55.102831287288154 13.379926857599793,4.93627597955925 7.323268221607499 2.522582862614845,-8.531138582685987 -35.2649646911194 19.706745587086164,28.6736889237594 -70.3263002499363 -20.31716594298686
-17.70038484538395 -6.615320492141849 -0.9178827176488524,-15.492564842042388 1.677565284403249 -3.0124949937238554,-19.141522970576375 5.0038920709077335 2.849906988712391,28.38657720732581 -2.056912235189194 9.033420026513383,4.871259226392565 -3.929079069432851 2.8019662814276796,-11.435176049132632 20.236786249022813 -36.445083501781994,25.83609442922141 56.80511345659967 14.144577975454936,4.473316303350159 7.326788342908549 1.326459680309883,-9.392346802126706 -34.49498754051466 21.052317828725336,28.54118381406643 -69.20189577180346 -19.76928677837758
-17.652086017695886 -7.8132630523021 -0.5143007834381503,-15.558958670114132 0.04617073187896459 -2.4247751181713117,-18.48288492594304 4.4489481784135965 2.839978993374996,28.364964448345773 -1.4361749191828599 8.806631350187374,4.8887900338551855 -3.9141480368805843 1.9660643229357677,-11.493840716538264 21.09665875341058 -35.5619404059631,26.56451822622799 60.23552688849825 15.687004467449784,4.655354495513139 7.291220909971757 0.3144430416907018,-9.966912569430384 -34.30656179130369 22.682209231109645,28.488385523794296 -69.15107083931619 -19.75074576469863
-17.437920760854162 -8.21067821394551 -0.30152553612661137,-15.827385675611813 -0.5824244481850691 -2.065211523122125,-18.242019126542367 3.956369254790689 2.476474577236848,29.031727553099536 -1.112480707660649 8.600291965614836,5.469669167061598 -3.908249899743009 1.541388691386099,-12.387246561092779 23.19225582720267 -34.341165166218005,27.439380029690145 64.4150203404273 17.56836099133731,5.333192638719716 7.208133435913805 -0.35747428869616105,-10.122280008163983 -34.723969648121496 23.973485623600315,28.56019177926069 -70.3117016292935 -20.318238976767827
-17.056842565483343 -7.832404411499257 -0.33031800549208645,-16.185466634465307 -0.2589040167141361 -1.9840230477118541,-18.571060224593587 3.607765820724612 1.955382206825142,30.273396257697392 -1.1156132772218177 8.534163328128116,6.348373903895188 -3.9035572496946265 1.574177375121418,-13.65559768441097 25.86267195476269 -33.156065153477776,28.210054188411945 68.13279389249104 19.243265021724525,6.238434259356279 7.089669104745929 -0.6501548373366601,-9.970443712865773 -35.61502224024891 24.299700595237937,28.76551986241342 -72.41531452028583 -21.332643506700038
-16.704112386881 -6.972973437255483 -0.516304400881435,-16.54996616971597 0.629746029380799 -2.10593880810189,-19.40123020821317 3.4559407593218836 1.5294528963161156,31.739334455143023 -1.3711593120733556 8.625612370500352,7.229687188955948 -3.9062537439832794 1.9397503859563834,-14.700430112156925 28.30547680165262 -32.320541713841564,28.657338669071596 70.29961094719339 20.218635109085866,7.093061322756469 6.961672161318104 -0.6073320990342759,-9.767604490113522 -36.68703669167765 23.343104562000995,29.05687402911474 -74.82442865806644 -22.483639915052194
-16.65195895349888 -6.023355543760474 -0.6715840771147177,-16.86444590560473 1.5913138596845329 -2.277036547793081,-20.449664767087384 3.5249681493183114 1.3943260698886677,32.942064015525446 -1.760012597906035 8.778001744644927,7.896898530578479 -3.9456914272568318 2.423513526602099,-15.000916895038971 29.779895532085433 -32.033089523712704,28.65092139238616 70.26122519696699 20.196930588006577,7.703618563023219 6.845353573391543 -0.2952814295201919,-9.755672870536277 -37.554816522133365 21.2821271904969,29.33269318488319 -76.71049222540226 -23.37804369317108
-17.06549917726476 -5.265295567186456 -0.5900568166030006,-17.07044250474102 2.2867714152399685 -2.344448550936547,-21.335725127647013 3.809757562256303 1.60030579533411,33.441927822796494 -2.1920513609624575 8.83564281009702,8.266089516231993 -4.069410611778605 2.8389990401718976,-14.308467184757422 29.802604103046445 -32.36191759012435,28.17961018988059 67.97888239632246 19.160366080624858,8.001624797099398 6.73821931342841 0.23947553300424484,-10.03417852650585 -37.87502120072174 18.752816031560556,29.46778968542833 -77.32067049575761 -23.665256505614025
-17.866336837138334 -4.746015055876556 -0.14767215454561544,-17.0884290063642 2.6763581343529506 -2.2258307053284065,-21.75086424211397 4.270794706015465 2.037323997378594,33.034797862544416 -2.6445047723600412 8.67291836254473,8.36900946642187 -4.321968206392176 3.118072079763509,-12.750466505708586 28.292253565230492 -33.25786985758472,27.35078989758629 64.03044263420597 17.372982317509333,8.020801952171514 6.608229475565114 0.967691954293019,-10.525664179650233 -37.49369835364938 16.595579016403768,29.363321066023428 -76.24661982947444 -23.15965162495128
-18.73118829954481 -4.300371206700012 0.629252188993359,-16.835277589929937 2.979140208335384 -1.9354149888527683,-21.5944446314407 4.829161432099362 2.5011576122444907,31.848674160040463 -3.14097491504766 8.268605226546418,8.283977476710549 -4.714881020949008 3.3264747754212265,-10.799853067330988 25.616321067064852 -34.577583096064444,26.362508901412703 59.43951968738075 15.302495885091952,7.8332455186637615 6.409135140970172 1.8368744572791802,-11.041054772691233 -36.52989277555783 15.505846129046855,28.99574513510192 -73.59986304873645 -21.91796712724002
-19.234887447681164 -3.7044995134972094 1.5609600211388868,-16.274666318248677 3.4773117246583847 -1.559771223340049,-21.005217412390017 5.372426697240514 2.804008433214682,30.294392946521256 -3.688614136052261 7.726117694978626,8.059596921933244 -5.202706546175026 3.6002545568124003,-9.111307257313353 22.505580054421642 -36.106924591720436,25.455114499607433 55.38540587345537 13.486046476071095,7.4853046089098925 6.112093300693721 2.727383615006202,-11.396858021215092 -35.33929496623547 15.753336235274586,28.44090719328259 -70.02177692970193 -20.241109278871335
-19.062256183085676 -2.8701404146304963 2.380594791184365,-15.467310690313429 4.283537486036327 -1.203234177608778,-20.27501800491832 5.778370527275877 2.8678980746994456,28.88842844483592 -4.2214582954795485 7.229604428481988,7.677021499323817 -5.681206855636268 4.041498005458486,-8.275110059055002 19.836553006358013 -37.58644232508013,24.85155647752225 52.87502383970659 12.37842406951603,6.970763914040346 5.736527403774602 3.444818174974526,-11.512872679772148 -34.361309547727366 17.09723605666103,27.857862616996936 -66.50792106558438 -18.59242861133417
-18.17185920996001 -1.9639976264758534 2.842375291242851,-14.580317596958192 5.209940555270721 -0.9357647029222801,-19.695056670263188 5.9522069655985295 2.7495861497571474,28.032375284813348 -4.596736182325264 6.9585109139402075,7.072728950207517 -6.015311474687543 4.632241401795664,-8.577922842074534 18.33533463053422 -38.746998097178725,24.698420277901416 52.46700362702193 12.225832664462862,6.255869568969255 5.360008176995775 3.76724133335561,-11.437421498444612 -33.91823463959612 18.92583673329801,27.434434833061005 -64.0925372116668 -17.45310901642776
-16.82114545395257 -1.3762210960572494 2.8241504983292334,-13.836322123492073 5.819662418200725 -0.7695363410741614,-19.419454798386536 5.8614223725853885 2.5855779895206314,27.85650454073933 -4.657345726241091 7.0029169108036635,6.207776843470225 -6.089842393405464 5.213764676141695,-9.867508281995704 18.304550305280344 -39.359898248173096,25.02297124061763 54.126499062837915 13.00205953921857,5.339804998062398 5.096201077148011 3.5312790014106112,-11.29343079066361 -34.06700951281571 20.5418575248808,27.31500449472776 -63.49704465135061 -17.160819481343424
-15.44117724364322 -1.5454300820563658 2.378219081515438,-13.421028172577035 5.638454806831971 -0.6707872490244016,-19.41637746188716 5.549080324351662 2.4926431711448465,28.20023051040667 -4.327963168772019 7.320035399960811,5.14056837772699 -5.861853989659425 5.5426701132929175,-11.586449185746613 19.489116927141183 -39.29392777892035,25.721769984633095 57.25736251633855 14.427548394490868,4.3116635708938125 5.047586331287797 2.7139654766421915,-11.184885066380096 -34.58049090932809 21.452984944485433,27.54139415096836 -64.87180690220933 -17.78977444377158
-14.433507662945352 -2.7290757775857513 1.7068595921921599,-13.398072562844487 4.412268573955414 -0.5931861343971305,-19.52376575651474 5.115247685004423 2.4859185640252828,28.729311960737704 -3.683846214232989 7.751325549784834,4.054340354867204 -5.388274429976391 5.395406284861668,-12.975375666541028 21.156906374622046 -38.559753352360644,26.590149167819405 60.908720619344976 16.06777256753484,3.3632443750184935 5.255754040000949 1.4640223989046928,-11.12328984153682 -35.06720809248049 21.538136461038466,28.034048281416336 -67.73721325323261 -19.121140373499667
-14.002266434648671 -4.84227321514569 1.0730241419976656,-13.681949784578237 2.2684386979540414 -0.5096167739755555,-19.566438089574632 4.673057371323512 2.466992299718773,29.11895257936611 -2.940484946310984 8.091093953272328,3.2122768202276872 -4.810974192695065 4.669983608612098,-13.37321780028978 22.384621001172988 -37.319029119605354,27.388433212865422 64.09602033511092 17.48110092946569,2.738263957169948 5.676466118004706 0.05974257140442729,-11.018199031728773 -35.16420990949672 21.03151725099686,28.62374772090293 -71.16008292545006 -20.72204432105334
-14.108234411947475 -7.4557626172438844 0.6866359912916844,-14.089404573059376 -0.31120286961519694 -0.42465910227657666,-19.45969693554613 4.300996234940833 2.292963545719289,29.20287427068037 -2.356426315213218 8.174947881522986,2.8521717293699522 -4.3010169289723565 3.4377837510979643,-12.493089110259303 22.442686409076885 -35.845406985759375,27.924597916966057 66.13072532087129 18.36670840572302,2.6330205115793848 6.195386454879955 -1.1918455902019034,-10.735747185132608 -34.70016134878442 20.35712304104249,29.121300881615333 -74.10790153778078 -22.108807003296008
-14.555848256281724 -9.961181361414681 0.6186689034974118,-14.444002538143597 -2.6952439112833853 -0.3648548803327971,-19.239229354934686 4.01656726108952 1.8876348854143308,29.015850910683398 -2.0959261431420466 7.9494359350033195,3.0688227311687912 -3.9854209968988497 1.9248675511333535,-10.553507087036063 21.114428441386735 -34.44423956551865,28.122127929726044 66.83936041097603 18.65904656983401,3.0937244156047488 6.678684805597535 -2.068996500098889,-10.188776541834025 -33.74718543138504 19.909468473107367,29.394811263556345 -75.84460276935178 -22.932541850962174
-15.145408274143444 -11.823716596955782 0.7824766298531423,-14.675167699075137 -4.379362961098384 -0.35788650506358444,-19.007560999520415 3.785236099310842 1.3268091245957487,28.72330208693148 -2.1292530993684284 7.494143341945844,3.7459104953865583 -3.891546041522446 0.43540665493468034,-8.200848024731297 18.800378727599742 -33.35773783490531,28.043563079789156 66.58485354571336 18.53181912600288,3.9650368509569307 7.032713318099218 -2.5095898799308936,-9.40456610215356 -32.546855091268384 19.88524230519433,29.42006760298512 -76.20476912060896 -23.110739283361017
-15.789041690532532 -12.796184909863548 0.9899543505155575,-14.853427482718798 -5.1909293992951895 -0.4165958339964564,-18.841617767683967 3.558304115879777 0.8394102870163653,28.496574277150746 -2.234896568198488 6.988506793643245,4.580777756716412 -3.938440549654934 -0.7471989599959042,-6.2489351301322404 16.34951192967716 -32.69218638328242,27.856590327958582 66.07601661506699 18.30794894504292,4.92575600573963 7.240696001457112 -2.612920191703526,-8.530198162031953 -31.367494344369543 20.229625030375225,29.281708278780968 -75.62624730627464 -22.846587228805987
-16.519903424612714 -12.989526095601406 1.053900888626043,-15.1395912472598 -5.31910845785085 -0.5375647814379723,-18.730114906353364 3.315912342210764 0.7113518172019049,28.418374361219715 -2.1138488579897423 6.638100746002511,5.20226598203529 -3.982298151063166 -1.442523988696018,-5.345421738940345 14.686602039935853 -32.39746061941358,27.754645297748795 66.03832292027147 18.310496681302148,5.607887950466876 7.35651031212473 -2.572242771118166,-7.771788956390296 -30.38319850750957 20.69874889513963,29.125586317233505 -74.9213522337375 -22.52389370712124
-17.39919549208708 -12.770997423242036 0.8850994732415155,-15.67677874936881 -5.164601156215351 -0.7121395843067457,-18.588380094337655 3.0876975294169724 1.135616604106736,28.475556318422218 -1.560760273421059 6.59034371978521,5.3341758475140635 -3.8950641320796717 -1.6134769020853594,-5.711641554417184 14.406333056747819 -32.30830720648255,27.866109283872305 66.88252415053599 18.716136269315903,5.752887506803576 7.46004215487385 -2.5743977044067634,-7.300793666427577 -29.64068215324781 20.990157320260092,29.085399960795286 -74.8826065167476 -22.520762166897477
-18.39664105805044 -12.551385200098776 0.5350161303306469,-16.489858058973844 -5.1006011097456945 -0.9387671482704268,-18.344881786866246 2.9367929882263812 2.088037798241947,28.63440693508677 -0.59828715285727 6.8726343101774106,4.9292838134010815 -3.6361023198894507 -1.3602435068532512,-7.072317570379203 15.5262266414786 -32.23062572236944,28.19357575024168 68.51456709348848 19.47404720551325,5.335048295680245 7.60132683571957 -2.7158707727746085,-7.177729131425632 -29.115561221541512 20.87648380298564,29.218300877242363 -75.8974781353628 -23.024299676625365
-19.34083296706921 -12.577628502478934 0.16233328158880062,-17.45434719406653 -5.280787715832947 -1.2252172774461116,-18.04172404517513 2.9157302146735926 3.3019182737082904,28.936024557130267 0.5058042660981013 7.376842208063613,4.206815765186113 -3.2779909686349624 -0.8792295796550423,-8.805301631066342 17.516043376663497 -32.03624100680366,28.61213383036551 70.37205564165296 20.326076756741273,4.590614081138737 7.767964097603578 -2.9723875552072956,-7.332473439203645 -28.79798539237771 20.292646065972207,29.479302616797323 -77.74850011013582 -23.931754681179502
-19.991201810681922 -12.838362430112461 -0.05925193462441125,-18.356097135666936 -5.597541483099893 -1.5773826308595469,-17.874380867557896 3.021718186201432 4.3667710120489645,29.532800842476945 1.3583503799458359 7.896742306258368,3.56827685937934 -2.969984573631444 -0.40417374029861297,-10.238947008534266 19.58485794053401 -31.72552231222805,28.928120550651705 71.6720595798393 20.91945658207752,3.9306963040945666 7.896866093968445 -3.2298029515553024,-7.608436664935075 -28.729976887741163 19.356566279002323,29.745390734674082 -79.69520202427296 -24.886680634686417
-20.19957216277874 -13.123386476347791 -0.0432549005889222,-19.007631789497644 -5.803841119469345 -1.9819422938419875,-18.127008220554135 3.1816778349242685 4.911159184083684,30.622847358751457 1.640657114591212 8.20544067817658,3.423623934774147 -2.855710150316221 -0.14417940537670826,-10.955190264926589 21.076843332313477 -31.430761460305572,28.97056307140437 71.758342704323 20.961459269601527,3.7694166573384575 7.924286290861845 -3.3540102151135565,-7.843819917368028 -28.95600100759104 18.328874203510985,29.876564120516274 -80.80633886656905 -25.43733906288913
-20.059282810627327 -13.191720443730265 0.15272203314321187,-19.350567093783354 -5.717151422248742 -2.3958517591299096,-19.022457204754033 3.2813199043734187 4.78169242358276,32.30661777952923 1.2832547948012438 8.14455115552506,4.0043909938749 -2.987820055233861 -0.2291779534261873,-10.954652532412524 21.77103653418617 -31.358601691904564,28.671467285991977 70.39016146461451 20.34634926295735,4.340652907904731 7.843095815339125 -3.2619568057088575,-7.945316361532528 -29.418733042872205 17.529485746527186,29.784037377094926 -80.39376348740362 -25.246861947675768
-19.930944088817753 -12.944680334029686 0.348325043595306,-19.479591868975355 -5.37718124152847 -2.7524623239366446,-20.56382036241692 3.226022800125408 4.126550754509714,34.4479378572282 0.5185329090543496 7.691136670693911,5.249934473737726 -3.2867160665228634 -0.6721884358730874,-10.608051036200445 21.930371834730025 -31.695997481582484,28.096796848188845 67.84349432409748 19.198592950818774,5.5861789081689235 7.728972759346365 -2.9606106379592863,-7.9163265099016495 -29.88529839207068 17.232242770278372,29.473435908616363 -78.3489828857969 -24.25854706571405
-20.29774731253889 -12.501809841903176 0.3318071774872928,-19.570388126443333 -5.057717563268518 -2.984108065672154,-22.46123136087825 2.999864039436261 3.336429792874621,36.63336456003282 -0.2227083441134372 6.974907971284582,6.821398807122428 -3.569259805318124 -1.3592041522088905,-10.423256113325456 22.077408621874266 -32.51999667424112,27.414797261152792 64.78580664466979 17.81630091164144,7.168534654762908 7.713365199739739 -2.54064046617492,-7.827690737497458 -29.985123299926464 17.562004222091154,29.04366166069664 -75.22551036031064 -22.738589464933323
-21.5063313777155 -12.136434824231653 -0.025223646151750212,-19.754466890568377 -5.1192354738752 -3.050722142895033,-24.20053056874683 2.6864376420693126 2.8667784009463366,38.27893049548474 -0.520374591415116 6.2356735520298585,8.239439479635905 -3.636680103113626 -2.0764477915176536,-10.74782899333199 22.620496787548753 -33.75051398685986,26.819484152264387 61.99260859433426 16.545627584882414,8.606108252702674 7.912664063788746 -2.134439174003701,-7.749102321661856 -29.3744138782029 18.425344880711926,28.64346798089948 -72.02606890393112 -21.174463387355658
-23.530695948450838 -12.110001046172561 -0.6912955403667119,-20.021011723951137 -5.784055385804452 -2.9600476307357964,-25.237384123228143 2.4342327209355528 3.026173824976878,38.854898043505024 -0.17050290399300372 5.734042347167333,9.084014155122976 -3.3779358538188307 -2.5759889034929766,-11.55804391913109 23.53734839203027 -35.167849457075604,26.448419446692647 60.04450198392209 15.647146713815099,9.47158945676379 8.351876901454464 -1.8622227521589396,-7.678073273935924 -27.951716691035504 19.509561246163244,28.407118353266817 -69.78904366990278 -20.073751488486103
-25.903849660533268 -12.503549885717408 -1.4806627532532943,-20.21460408155898 -6.9650568005671225 -2.7696673710126616,-25.23127791924962 2.380582892224511 3.834609411834375,38.13070971180429 0.7221110058206399 5.648245875737128,9.165632380842407 -2.833861285132927 -2.6645613775693593,-12.441891192185933 24.297562910697263 -36.49026805906978,26.334427508399763 59.14261462363745 15.214377580292268,9.565214678350973 8.929370326452275 -1.7902402470314898,-7.502503404388911 -25.992844856037834 20.37272638258277,28.398782485670377 -69.15917311933663 -19.753676443772697
-27.88291108368498 -13.147541403135884 -2.1422766763854457,-20.14168271225288 -8.253858193128929 -2.5711153209926207,-24.20747436967104 2.5738365035807638 5.021783446730405,36.32297111302621 1.8126116901594183 5.997937938282847,8.59150922684986 -2.1856171024425084 -2.2842374548611706,-12.787256536202966 24.082744161918455 -37.48220809369003,26.410986831636006 59.11127358499721 15.174277447750379,8.98584849117501 9.45009452688905 -1.9147284588726496,-7.015274808214525 -24.095320861334233 20.614020908298308,28.589349336925878 -70.13097960605204 -20.214382152201466
-28.787095592408374 -13.696400109704042 -2.487931263825695,-19.729270959793688 -9.088318052996796 -2.465148774615699,-22.56725134017914 2.9378933493955612 6.165892629278,34.07105457718242 2.7066575040117358 6.6271479398432005,7.700249555377379 -1.6697598098583448 -1.5483402514496791,-12.085334068512552 22.20543896731295 -38.05044746774475,26.562025647914645 59.558266313029506 15.356639772568453,8.070787165154693 9.717162963993976 -2.171982660428622,-5.975387153835816 -22.92067745926843 20.06827068795176,28.87297446158132 -72.07008562903343 -21.148546485326484
-28.344238899182077 -13.812478026478702 -2.491681137815649,-19.13888229220912 -9.019841315220836 -2.5394291532596074,-20.940757783428143 3.3025113362040965 6.903393707570634,32.24574209653217 3.167006613128544 7.255389237323346,6.900421378885503 -1.4614358447151368 -0.708965546673404,-10.203076042529808 18.51837562456755 -38.28903054361642,26.684774843751867 60.08840087809273 15.587037597091456,7.236298033155923 9.636422775937811 -2.465876059316148,-4.191630795254381 -22.846302587993712 18.936203452034075,29.112498561807794 -73.98942841565412 -22.07664425602959
-26.861821905815134 -13.361184942748249 -2.3048735476975475,-18.754149275852324 -7.943429211233857 -2.854753611396481,-19.952709346629813 3.487212717305569 7.105433209444612,31.67290287979307 3.222857688217402 7.577511377915067,6.491598054211878 -1.5855934719828375 -0.06137188292610896,-7.493714909336253 13.601462961283188 -38.45269749398178,26.730923101851392 60.45381829799679 15.752763989383483,6.795775031384619 9.276615648180965 -2.7017618469242253,-1.5984212818688164 -23.71319422077601 17.768690944748588,29.191600834726145 -74.94675110371519 -22.542066697508723
-25.11986636989157 -12.50977399538078 -2.174539809060671,-19.02805144427991 -6.169616556778612 -3.4380867941948354,-20.008519099084413 3.395799208001674 6.934625634746399,32.886721806828014 3.1247569399724875 7.371952557418134,6.55063995912138 -1.9030574414188697 0.17755928232624152,-4.691904437442437 8.619004123910983 -38.865842171380876,26.70751347677019 60.57728794354069 15.81413523135163,6.839502384063442 8.847724363634924 -2.817587941512922,1.701115386711665 -24.829179716617702 17.278626240701602,29.051748710058746 -74.38768648493253 -22.279074291344223
-24.025812189517193 -11.671856689347148 -2.3053076980775233,-20.25851215689907 -4.298626877228672 -4.276308100337948,-21.18919664307723 3.070258136111823 6.756883069605012,36.00150737009106 3.17590294680739 6.573753580350602,6.9303204368036235 -2.1799717451454197 -0.038054772158865546,-2.640511468981777 4.900308087140722 -39.79931082715574,26.644604354390783 60.468498317431454 15.769725378008022,7.226700507348583 8.602938719642214 -2.805320984991885,5.437582659985063 -25.26190128106552 18.03916263831444,28.70217369069005 -72.30027358767947 -21.287066140358593
-24.199185888089303 -11.321084002205318 -2.738104993321536,-22.411394080763852 -2.959068057665299 -5.3073854032002465,-23.281272394407985 2.672926175094606 6.955508030713913,40.72629128320047 3.5407168939167852 5.285169751909322,7.36084049960874 -2.205524358896413 -0.5655601852027572,-1.9707879164846318 3.431618067308232 -41.36086598061624,26.556351364287963 60.11743078465429 15.611679732714078,7.684199383345113 8.712377873888716 -2.7166261312824953,9.223011625999078 -24.29503039713543 20.199364556005047,28.204995786023307 -69.14513740697474 -19.793749559068313
-25.695468451868962 -11.766537000448062 -3.313485131299984,-25.095147092308167 -2.541476532992513 -6.41358172154251,-25.899959357778528 2.4039998327654897 7.741914363750573,46.481196707225635 4.143559006132275 3.725308331014335,7.596110215540685 -1.8973502165896885 -1.1437363128059306,-2.872820674204335 4.488618215796542 -43.441322787151,26.424338848862924 59.45546058738877 15.309955981968596,7.955296002234463 9.174991652773896 -2.647897461459918,12.632783740575015 -21.81540395089007 23.363289443333006,27.647886831472224 -65.62821789549743 -18.14114659807725
-28.008680337491175 -13.002467128951022 -3.7443528345876853,-27.71511579666874 -3.0556758182029298 -7.427746835065091,-28.627601825688995 2.3970273880790125 9.056007401955295,52.54424963665748 4.717322765263585 2.146867725240168,7.529699157240382 -1.3404924874432955 -1.5194572918084464,-5.045720218585659 7.568225209153007 -45.73814980538035,26.215737393720843 58.42111808018101 14.841086384215782,7.922156601041838 9.817252353009895 -2.7044046366567622,15.302671478833096 -18.415021652578826 26.716385999623263,27.118752820977747 -62.43974622057968 -16.656701251256465
-30.346684244389003 -14.706342199222068 -3.7638908313436055,-29.737477723165327 -4.173123863203957 -8.162173418734284,-31.102030609976993 2.6479521634263485 10.60152307644211,58.173062856357916 4.973524792014016 0.759458436379552,7.226908843158574 -0.7410381407919633 -1.569971985120292,-7.833894173132529 11.634529244821692 -47.8490921046926,25.92434193938001 57.08756763908449 14.242648117115296,7.644343563896403 10.3816079673249 -2.9525027262269123,17.01637741571036 -15.131728095271383 29.365469148242553,26.691166513090845 -60.072017792871435 -15.565799880601535
-32.03046188657042 -16.383422256788034 -3.2711985078192427,-30.92776769539288 -5.419505143551015 -8.458360865551526,-33.03763881001602 3.0158931366163575 11.993042688828332,62.68940571338666 4.79305107423657 -0.3101724357546871,6.866405137561465 -0.32064495507858193 -1.3597012633757255,-10.478284892296195 15.550516984285048 -49.40141530254509,25.605051898411762 55.75381299951618 13.651099781134311,7.303066561757418 10.65863284555369 -3.378872168051692,17.757539631332296 -12.94599670399768 30.7424635259516,26.420234289414175 -58.76455698155176 -14.969386514139439
-32.8064816807031 -17.583879571195038 -2.394196553611728,-31.435973071285602 -6.410480378909977 -8.240880162167525,-34.21196450498657 3.295303641885728 12.937215532509292,65.5517438403051 4.322129975600719 -1.0145663514221304,6.6316870846174165 -0.20879698615642361 -1.1024893609508815,-12.373871932076943 18.49438295806931 -50.16857460290754,25.373239306647257 54.90883745795014 13.284084078917001,7.0900161531429875 10.591770493543047 -3.8795088584376907,17.706016829966977 -12.292428058450401 30.872082372109798,26.34206378835436 -58.54979386764294 -14.871952644437451
-32.91353810886686 -18.086829861201664 -1.4304867570376856,-31.67916918748966 -7.011271681175679 -7.54932264097317,-34.469352316575026 3.320598662943681 13.357606823885781,66.4440448606559 3.9108111479037193 -1.3567598714870965,6.615048089523341 -0.38926976688418136 -1.0486639173517278,-13.238350558550144 20.187030339447137 -50.13143918029843,25.3601871245885 55.04791397076975 13.358842393588086,7.1053354515122376 10.297396851093655 -4.292777679964821,17.17341878921213 -12.850004518144315 30.355354903049676,26.46972011318586 -59.32824776949652 -15.222805079853622
-32.88267744834373 -17.96854514306366 -0.6918187113409562,-32.082525110646536 -7.350959017989775 -6.5271879705418385,-33.769534428658844 3.0471658112808826 13.405389311531223,65.37649655721268 3.9220121359049114 -1.3653510208697228,6.784278290317444 -0.726417175141497 -1.3555887563445481,-13.147464902669114 20.863429055185115 -49.46383756590237,25.64332574017163 56.41476929255445 13.979322258757302,7.319001665949491 9.989087048672765 -4.4707561322018785,16.49480623468233 -13.733672958311251 30.05745178905118,26.784108688112095 -60.910000553829214 -15.937684701633284
-33.1945820605112 -17.53430981597894 -0.3322398588306414,-32.81976553585944 -7.703726601240472 -5.365891800209058,-32.26015389038327 2.5664120062701956 13.358239309008384,62.75042218901094 4.5163749569651275 -1.0935796844787227,7.023787024605658 -1.0527192059062942 -2.0091091405288406,-12.450894275195756 21.04518210562123 -48.452872784687955,26.188960861784867 58.805768156345394 15.0514352863471,7.610860995031485 9.848413809574705 -4.3600393726828095,15.914042504841866 -13.993231147506252 30.64362768276917,27.225522833343675 -63.0071892818851 -16.892604005529574
-33.992360576290814 -17.160206445927336 -0.2535717768176005,-33.698544244948565 -8.316014581069819 -4.226758462034821,-30.313515471301216 2.0493732001131395 13.46569945272539,59.32161957286534 5.536909317840429 -0.6396872340924533,7.219393777099476 -1.2660178717450379 -2.8359791253991835,-11.62169501697705 21.251748735428905 -47.39015330003367,26.84336154995341 61.56109858878971 16.28071281131929,7.859313402684423 9.915415700477336 -4.050538511754055,15.508480966989143 -13.151946943519476 32.198486074190726,27.695443467085465 -65.21518142239115 -17.90929767253673
-35.009367249427925 -17.128229862278108 -0.14506964791195381,-34.25941132864851 -9.27627227752471 -3.1796376247995743,-28.46949249263561 1.6526668689781048 13.822925507987271,56.02598604602795 6.565452011967469 -0.16399083985101548,7.33324147589542 -1.3811668694872372 -3.5983195237538537,-11.100113983549173 21.789613631674133 -46.47966485227545,27.38484775240734 63.78176058013966 17.2688218407779,8.022425945271952 10.062043493514903 -3.7589790356807176,15.186942120404742 -11.486361215841374 34.1362270838973,28.075407922603105 -67.04153214801087 -18.763282476706642
-35.74485126375599 -17.529720997762603 0.3555388850560651,-34.03938690163663 -10.488042006397231 -2.1924662331472433,-27.273651802590482 1.4401822933956328 14.335733090057433,53.70018082906091 7.128229199525709 0.1273046015611774,7.423986470647478 -1.508165438375472 -4.11700213659433,-11.175321728284061 22.6927885252318 -45.797405733142355,27.616768705462768 64.69244213284138 17.673567950536338,8.162148326179564 10.065909937837864 -3.742806052838405,14.76487440816312 -9.88363959906738 35.46886940949476,28.261204544755174 -68.01620363760817 -19.233109194100013
-35.777859071922435 -18.267797817415044 1.458839338044867,-32.85716260797561 -11.742757144069829 -1.1810907406713067,-27.06699388084577 1.363105439153774 14.789828748490129,52.80066599672402 6.94303810427333 0.04450017458140998,7.60162277820185 -1.7715972521347885 -4.355974372805967,-11.923147561662226 23.798754906493205 -45.312260164932326,27.45706805648688 63.98354212571955 17.359191035552502,8.397618824086024 9.74462522044151 -4.177430011016227,14.084391775755392 -9.344176968420392 35.313640203655865,28.200811683281174 -67.85870082843618 -19.180298521060337
-35.03277884455286 -19.136772858801045 3.084715210421505,-30.95993031027521 -12.834815214298837 -0.09484650431835728,-27.82940559279855 1.3062298962148835 14.982793512292863,53.251046383827244 6.07385431595181 -0.4954903562066723,7.945858738318709 -2.220099345683073 -4.422372275632075,-13.199605052375349 24.881815902211066 -44.94905134032716,26.978636040123966 61.96154837744466 16.46212274753096,8.81662871970754 9.074957182901016 -5.055295394694118,13.12244714167685 -10.39829700647415 33.38686179296022,27.919148443695008 -66.62430864995105 -18.62209052933542
-33.84113772792503 -19.924225235021375 4.865524076766093,-28.943503706978905 -13.647524705117483 1.010440335640116,-29.16988155032462 1.1701193947682365 14.846455566722668,54.50476603023697 4.906176091837931 -1.3970250507608015,8.439047008248922 -2.7804101049012546 -4.4852775957434385,-14.683784884389402 25.759128900433414 -44.65679365225237,26.377874011063653 59.423533833176094 15.33534487195399,9.400220962594211 8.227062315211136 -6.162620912026392,12.032086112025151 -12.762656571403292 30.224452643135294,27.515638517560948 -64.73896737195858 -17.751954236347697
-32.76452092257676 -20.48345623090125 6.298392264650059,-27.480200658452393 -14.168046120949612 1.95892972358743,-30.490100265795025 0.9386484818253295 14.494406116191364,55.811447842721705 3.9528742054130013 -2.3814677608808674,8.956593203175776 -3.2849322346016976 -4.662318493218062,-15.96343976009342 26.326488490777766 -44.44613290408246,25.88517075809779 57.307006809378066 14.393886515001814,10.00898398916336 7.489905005375703 -7.156051097648842,11.091618843220862 -15.437770146121961 26.998910054802128,27.131382652259866 -62.87456269909299 -16.883031998410367
-32.28280038973625 -20.753562195610293 6.975972772229114,-26.995872143342634 -14.44015005137647 2.518687083767831,-31.256347936731608 0.6911315085577505 14.169539601058348,56.56949090370316 3.592802971014553 -3.074343458669742,9.324117483543017 -3.5591755088507213 -4.941760757633113,-16.652353121377672 26.537389326431935 -44.37874412462379,25.661068760787238 56.28054549383965 13.934148945194707,10.4441423547428 7.124907249884098 -7.711388474922337,10.58168362763596 -17.207231058834623 25.00642334799722,26.896682204414688 -61.69539721870693 -16.328407384896558
-32.52982537812801 -20.73968541227509 6.781716336203753,-27.468803571402127 -14.502298690190115 2.5181441505496136,-31.248954124424206 0.5517946400392382 14.118356837018965,56.59402787831833 3.881750885839722 -3.160887832642869,9.410699996742348 -3.52013040079982 -5.18748927575786,-16.516021979085277 26.372494545753362 -44.51809382072746,25.729466752927447 56.47241650302602 14.013840943837828,10.552087747802439 7.226842468110504 -7.675715044360564,10.648074749166366 -17.273760861041083 25.070353718290907,26.879981464930772 -61.5806564942951 -16.268579731572434
-33.23063344986442 -20.485074798095777 5.950462296208713,-28.460069777763685 -14.361819341220988 1.9565180596607892,-30.659006119302006 0.607068726003487 14.456141196877597,56.163300894522216 4.536555404218054 -2.543969768137289,9.20445906071931 -3.228862939493788 -5.2263268093690005,-15.567341572827246 25.839347839852636 -44.87166454598203,25.97993238308442 57.46523836209769 14.44911591897917,10.313205721386668 7.669769989090318 -7.146011595912521,11.21844321344887 -15.68428253734166 27.156543278184515,27.060540184459267 -62.45417706251675 -16.669693204094656
-33.87665007511936 -20.060147060495947 4.96159182709357,-29.360479729127867 -14.023987413850845 1.045283450163554,-29.974810815585617 0.8409847695973944 15.091951240268324,55.81678052525519 5.099453809969847 -1.4243810955770178,8.824412119978085 -2.8652471732957334 -4.968380293462038,-14.089931822220723 25.00480886509826 -45.358924773926674,26.23525945339648 58.54980194881285 14.926250671049551,9.861515860377304 8.170852504444968 -6.429516154230475,12.01663417290609 -13.305986000014979 30.39286864282917,27.337997138164106 -63.81239919048014 -17.29643038710799
-34.03642837286529 -19.569867210508995 4.316345305821729,-29.721200310110554 -13.550407768769034 0.14819275827882805,-29.71017226161494 1.1291462039231077 15.753166355592459,56.00987411673739 5.192377632108155 -0.25085948408570236,8.457660590301792 -2.6362444367898057 -4.489388534126112,-12.564069824072924 24.02556934256268 -45.82516815378584,26.3469946284693 59.10087619706785 15.167730873180819,9.418859322528306 8.440238658790609 -5.899567427537062,12.670814802719336 -11.360687486277769 33.481741951129266,27.576120279100607 -64.95006771534625 -17.819123477316737
-33.619734612404706 -19.158443169776902 4.3094908810254395,-29.488646327538042 -13.094558838889807 -0.3613237572196315,-30.11449064478962 1.2978674597492659 16.101047296501232,56.81194841249745 4.723123977278708 0.4533693303727153,8.254226611440767 -2.667086905052563 -4.022430530705481,-11.507636239859904 23.133796924806095 -46.09665771355066,26.268522898471556 58.880369974978024 15.066921641864418,9.17608539039146 8.33651912716543 -5.815885975121236,12.865000820976917 -10.770742449021197 35.29591706021722,27.66254267688298 -65.28550044232699 -17.967542804376244
-32.93867302429817 -18.98650396827626 4.907725493167728,-29.015710610336196 -12.872438945306232 -0.2609151645648129,-31.020990650356566 1.2167176043813916 15.884945285238144,57.8188035740591 3.932822639844251 0.31739524753444837,8.238778655638823 -2.935516381417587 -3.8555105799942333,-11.286491364048944 22.563010455728822 -46.05056601988636,26.069071585723844 58.11779079423339 14.724685314985308,9.186473883905759 7.942175995435247 -6.20008208767108,12.46263384524713 -11.677987280952324 35.35922486057905,27.5583713801879 -64.63331758921638 -17.658477272713586
-32.52666978876984 -19.174352902069746 5.791785035032609,-28.84354823024774 -13.068003042274665 0.42073406285052384,-31.92133346899292 0.872248140891461 15.063980933439936,58.3410393993602 3.2611165039642134 -0.7013761878345983,8.29275408521954 -3.2863083240722757 -4.184643006027735,-11.972411759327054 22.44511810595518 -45.66560237059191,25.88469303392459 57.33925350749432 14.374548653151273,9.333914710496323 7.5158189794771415 -6.831851229658818,11.546693479074964 -13.403976862189332 33.98104618078101,27.31517899806616 -63.29200723444704 -17.034586893642363
-32.817355583262284 -19.733586409157063 6.53524548806734,-29.374391339900313 -13.720661745930105 1.41715275858332,-32.23586463636741 0.3802413058426857 13.839421908601786,57.781262786299045 3.103956329429261 -2.280183917918748,8.223502938193331 -3.5190523007887538 -4.999577526897766,-13.315061292804915 22.740583351542377 -45.02965721754376,25.835892107707554 57.04865746833556 14.241589279698108,9.399768047324782 7.345332350363094 -7.3700036385716245,10.36477607041796 -14.873849381949752 31.999467367643113,27.050814011972072 -61.899468641143834 -16.393906416728527
-33.869226709637694 -20.5282715380049 6.824351942616058,-30.616921927159865 -14.664492065021598 2.3473786417800104,-31.641625382006026 -0.07182029194239448 12.581290656439432,56.00483626227094 3.595365830242571 -3.8591359680536175,7.888106125635152 -3.5011314031768026 -6.065415243393109,-14.847651303631594 23.25509868147886 -44.30314501873562,25.958015005569926 57.4378257281802 14.413087512566529,9.197632981384068 7.581484508611711 -7.536600995992403,9.21555687617705 -15.263534113147898 30.292659713891158,26.893738257951775 -61.120810117325085 -16.0423926642679
-35.29937545905948 -21.300767350289668 6.60550718093452,-32.147602533446054 -15.568982966732142 2.890060067566255,-30.283530071160826 -0.320820595075646 11.68013435988129,53.501085903491635 4.52932140676745 -4.881872512198063,7.305218922213435 -3.2431287837495857 -7.014860875780657,-16.0840061309925 23.748256054950424 -43.65853439649594,26.181561224293908 58.27944104479396 14.789546227866795,8.70420369484049 8.144109736138759 -7.267441444882893,8.338890071478481 -14.499113360911476 29.331502196200773,26.92014812597858 -61.314886250447515 -16.139777551198865
-36.47224581834306 -21.76608357812517 6.088694887666881,-33.31430328944301 -16.07731119793992 2.9224913630153138,-28.74969500843428 -0.3094134420493031 11.388047444983695,51.232397410212926 5.4609104888295565 -5.038833289511295,6.688648579288253 -2.894108002282579 -7.50852508166794,-16.718598941087368 24.07969237554153 -43.226032927357984,26.37102359503425 59.0530224124652 15.139309968219909,8.110621703279296 8.754877671734956 -6.748009786552898,7.861987888722334 -13.315043919770881 29.009679048456896,27.11235711573921 -62.33893142920235 -16.612990516643908
-36.84337552237207 -21.73860208517491 5.613055632411825,-33.5760848740389 -15.97993157960093 2.5565566270474114,-27.812252851985498 -0.10791529562345126 11.717577748965219,50.22713475659388 5.930226173536188 -4.398438468717639,6.3733876100141895 -2.658522328304426 -7.385180143226185,-16.73626138255539 24.304444494308648 -43.06802463217473,26.39895538472358 59.22817851375809 15.224119117936283,7.756492397859958 9.082008192479643 -6.313835391340498,7.815613383993924 -12.825235060004452 28.82364083876342,27.358625541978252 -63.58769323934216 -17.179710656059903
-36.266502571920896 -21.22960698182652 5.4531256765266605,-32.79719009154603 -15.332958395690905 2.0572119336327614,-28.05723632204164 0.1342109459666032 12.441619914086308,51.10636732641788 5.689838842540783 -3.3632476822342348,6.660666923468851 -2.6804567580135297 -6.728953389156543,-16.380121754198168 24.647411645809285 -43.18584802214774,26.21414925479665 58.54915424832173 14.926700783667698,7.969789676509111 8.920330162460251 -6.266803739960773,8.190522304973467 -13.841402539492098 28.27622472815654,27.497074719118316 -64.2548893437377 -17.472848040325893
-35.08811150414406 -20.460422883328846 5.672629649123943,-31.335474555783364 -14.451322190735809 1.690317938571508,-29.586711875895165 0.27813451605723705 13.19340831106683,53.77331218890434 4.819315310930121 -2.4720961536491997,7.654435626076128 -2.959952427606237 -5.822944958025612,-15.995734766524057 25.352221171820936 -43.54365352750126,25.868088903826834 57.17117355324579 14.313435472992655,8.888529205999497 8.308943276556475 -6.705278014732184,8.98190786112275 -16.328247729865243 27.25460742197483,27.386885138174197 -63.7020704396854 -17.20988572609774
-33.968994291080755 -19.773932170317885 6.103049686856469,-29.873819005416983 -13.767893986326136 1.5825230274192081,-31.94182474770909 0.2744617947900605 13.622557524031365,57.41727998251193 3.6739269535471837 -2.143792900721626,9.172661897590912 -3.3493512332738162 -5.015660811634331,-15.831508451191832 26.47759025601306 -44.086804398379655,25.48813337601854 55.58468419477155 13.602469372562638,10.355779621724555 7.520605761652725 -7.460166772626477,10.182029735435828 -19.323091264519753 26.152920617521662,26.977022478480578 -61.7705190027616 -16.330819748192205
-33.523875340143576 -19.478543254615744 6.453731804176492,-29.07921595313957 -13.620174368728003 1.667079423833061,-34.28522524976388 0.18597173130968736 13.539377299971328,60.8308419376641 2.7026388984889627 -2.48569665687072,10.785395981971575 -3.6337851023668555 -4.567972655070276,-15.897966812194621 27.758298534234573 -44.74077262623746,25.21489328023873 54.3782769283105 13.05862070320136,11.948240896372681 6.925184598397005 -8.173409896247179,11.721049022403614 -21.396782069002676 25.659818719966754,26.342076554278183 -58.896828459551045 -15.043230925177461
-33.973222816655806 -19.696322731210582 6.487970213815082,-29.26535959254609 -14.067894096121258 1.7408367209392324,-35.753527344590715 0.14234223455405415 12.985518118021972,62.88927793659185 2.2348248515861466 -3.2573168990978476,11.971852326691733 -3.6530501356013594 -4.553433842957887,-15.958580859231574 28.627740497796584 -45.395030824349114,25.138802273725595 53.97143883036293 12.872973016642915,13.134599794787038 6.797454518893558 -8.479161235481415,13.398579078761074 -21.428161015111655 26.32670354081289,25.66717426864298 -55.97864140856332 -13.75452395319865
-34.99840086128348 -20.29002687992774 6.1646260807436075,-30.232670535663463 -14.834613679121498 1.5959785241787927,-35.811067227413545 0.2548071239617564 12.201797177240365,62.9710883224505 2.3434262223450464 -4.001891067871421,12.33007772913295 -3.398035587231301 -4.853129895315557,-15.657526506879663 28.41961985437277 -45.892682888940556,25.268094282554635 54.45314670673179 13.088378296394396,13.49502276407463 7.170477102248808 -8.192354381362453,14.865978573984226 -19.275133936129574 28.163386782719975,25.184574296483703 -54.043542912942854 -12.919730661020363
-35.88351196032063 -20.908962997632976 5.665755531425733,-31.366938754876024 -15.40823589442691 1.1494096881682485,-34.44403571774496 0.5420724287412368 11.509611916069488,61.139838876334224 2.8441141834553463 -4.2768203584286875,11.744603809822356 -3.0271915829333724 -5.236651646263402,-14.719383406908493 26.667718975372402 -46.048883430813646,25.540278611735076 55.59412709004096 13.602610896325391,12.90055067383568 7.8128246996834125 -7.404796490518359,15.698216767933665 -15.960936894844323 30.500986389023147,25.085068151987652 -53.85463165395641 -12.867161286466622
-35.873702766427286 -21.137624882983406 5.295169975090548,-31.944411443098158 -15.258653689130456 0.495544629270176,-32.12077906681357 0.9120703547511524 11.16076639745272,58.03383137856583 3.4153619444160954 -3.8680821492716473,10.434585769535245 -2.7909341960998595 -5.4802497580507525,-13.118842426144992 23.359175991303122 -45.70594866179216,25.864343463601426 57.00208408775899 14.237029237894813,11.567985682944272 8.343137233288557 -6.438311792487505,15.543559867212004 -13.242132665756477 32.21989788519514,25.439080596014236 -55.60874533333691 -13.67051886600953
-34.56412268529223 -20.681708488421123 5.304949245674296,-31.48760258513149 -14.074380514391883 -0.14713053616753713,-29.560675374646152 1.2111309985959573 11.2246481453152,54.55128324158636 3.765051187808587 -2.8862504653876226,8.859619846595907 -2.9016157620653873 -5.461832878985349,-11.133801225597393 19.006667014024167 -44.80794654820861,26.16578434200914 58.317198122992856 14.825556332935031,9.964325794298372 8.423441890399726 -5.681125450284332,14.287588970189837 -12.755417875899377 32.24166914053321,26.160136034320935 -58.84261831218351 -15.11483894904681
-32.118164200869224 -19.507823128446585 5.746990658816305,-29.995036577713424 -11.911612851493482 -0.564089061121457,-27.438804935054918 1.3121533917221297 11.56463952537916,51.501575339794215 3.7553219681446617 -1.7043270325710234,7.526313034128008 -3.416836086975775 -5.192954739136189,-9.254234826468519 14.487943805041791 -43.45737738375345,26.409074839660132 59.3379529831421 15.27412688803927,8.60602076306833 7.931601426934885 -5.395891538255928,12.14659725838345 -15.175296699352291 30.036918856754873,27.027552356885398 -62.57943909213146 -16.76605699123978
