-7.9 0.0 -0.7,-11.0 6.8 -0.6,-21.3 3.4 -4.4,30.0 -6.2 10.9,6.0 -5.1 3.7,-16.5 26.6 -31.3,27.8 65.7 18.2,5.4 6.2 2.6,-14.2 -39.9 21.2,29.7 -80.4 -25.2
-8.276330216103865 -4.225989806139603 -1.0997525529471437,-10.6986106291677 2.737792901126238 -1.8843425659968416,-23.661281422156623 3.973918181145408 -1.5519579920832207,33.53659114850185 -4.74329268399616 8.62559602937971,4.388477485137228 -4.633299253840295 2.7265628507061885,-17.919118122837553 27.830546186166575 -40.270837142803686,26.251225270979397 58.516843193823014 14.859676518652437,3.983614307421967 6.599307573467924 1.0085615152883658,-19.252848025167097 -36.69307679238113 20.242813241611596,28.808791728998102 -72.72077486177017 -21.453336086402743
-8.73195924513482 -5.54052666756487 -1.4931863710809745,-10.87478680019034 1.7049607492114829 -2.690484344837431,-24.093259859051717 4.353127859325162 -0.924765536831122,34.562664650718204 -4.418848391552927 8.161929632987887,4.0416601634656715 -4.339779300540453 2.6905113700454306,-18.31839634048728 28.22758357316489 -42.6699960730834,25.95625127055503 57.19449429220368 14.222075487821318,3.6520782721651495 6.823180305826925 0.6582118265048001,-20.821902700793057 -36.263236745457775 20.262357172335708,28.46104470044315 -69.58941605211086 -19.933540607637465
-9.270117906681381 -4.870748251860972 -1.7891316081194166,-11.369021045471964 2.711642776714978 -3.089228380559855,-23.264192075212186 4.5906604388445444 -1.7342175374142996,33.86749957872458 -4.863189357691637 8.846183445563147,4.557685331618293 -4.20308411377831 3.260537017230534,-18.027450643166347 28.113669718808517 -40.68012576648927,26.46093385937552 59.614102906114724 15.315203887726282,4.065028145292587 6.899545319643201 1.1586012239480492,-19.987650669144696 -37.60223599323731 20.861017439149617,28.49130791200713 -69.6370908013761 -19.968668986767007
-9.894037020332066 -3.143792226613081 -1.896418417780393,-12.02180589741662 4.767978216095966 -3.1513777172022,-21.842334835164962 4.7395473240088375 -3.1961088970033464,32.240375004596494 -5.712837817433627 10.015540101844088,5.534690286228051 -4.206857667231704 4.105331251474308,-17.375897021091923 27.81136218091104 -36.48387519867144,27.311128898089464 63.656818646528926 17.167068698586974,4.882100177867319 6.85632973748295 2.1193799979168566,-17.830578572488832 -39.701830669727045 21.641179689030615,28.734130361362034 -71.49496633991976 -20.886776646854212
-10.606947405675395 -1.286796259406367 -1.7238769537818288,-12.673633888428357 6.884106299813687 -2.9477353988025543,-20.495944903436957 4.852819919123325 -4.526234518768856,30.47057000040945 -6.604316005800232 11.00718223656933,6.570812323927907 -4.334743934578471 4.893585531989557,-16.69335146448119 27.643218517286044 -32.26389334528004,28.052692247345487 67.20379112441901 18.805676900623045,5.762930620952388 6.721460681912373 3.150198438709967,-15.431173053092273 -41.55377690893432 22.205229568955996,29.024061046179852 -73.79420989809583 -22.01591901096191
-11.412079882299885 -0.22689801782600272 -1.1803373698416473,-13.164997550911213 8.070166260327383 -2.5491044693990026,-19.89327904455509 4.983509628493287 -4.940389305881423,29.34736363823895 -7.174146157812791 11.158292484477471,7.26418874135082 -4.570386889496448 5.293991317989093,-16.309429963551306 27.9317962857471 -30.202829181965228,28.231479767792173 68.13616995075773 19.259035474054127,6.367155725610829 6.522865275497665 3.8607068366261252,-13.869920753221836 -42.149830844866464 22.155552725903036,29.195648964132573 -75.16598870625826 -22.684151502152936
-12.315418616114492 -0.6943464246135573 -0.25070327742022136,-13.390616848451398 7.550534540680634 -2.0463520241806896,-20.496912207169373 5.15903880015218 -3.854806460020849,29.46865063999709 -7.107848793753223 10.017980850508456,7.302420605041158 -4.876176914352113 5.04678372347297,-16.386745935697945 28.7817782675516 -31.90563968394212,27.53840932257388 65.00153027620517 17.858244846633177,6.432500384112484 6.301360794575917 3.9238879179982904,-13.929758011457945 -40.74743694060883 21.22418051966286,29.124156561384073 -74.57696701051835 -22.38462426695224
-13.33795705851856 -2.3460930264213697 0.6654233368058347,-13.540821123658283 5.717456454042127 -1.6397200922429884,-21.648188395696295 5.2672274248605335 -1.7783662004941576,30.389034395640348 -6.358048229221121 8.290634603110933,6.8608018132348025 -5.0986449308552535 4.282202974312866,-16.177533571957994 29.110148951809553 -35.828115992964086,26.455173619646914 59.980325218485724 15.5866553103995,6.122373210649495 6.168032464171034 3.3579677976063267,-14.771588579120476 -38.05238342660381 19.849880510182793,28.906787042939524 -72.82270012429647 -21.510466440723537
-14.505778000835434 -4.475156310599152 1.0278247987069178,-13.906174778001128 3.3591776208929582 -1.5665374926001625,-22.30826526842851 5.148559206064631 0.4095571287233225,31.309359668074475 -4.9679381816863275 7.072371763289261,6.279992870097645 -5.04503630118175 3.262732006247385,-14.625336196926915 27.431168771261188 -39.35823190439441,25.731600848245495 56.48484207481682 13.987861094662666,5.744523411933656 6.257791925085282 2.298237520565904,-15.006318327238937 -35.26156210805209 18.711059963210968,28.715999159143585 -71.31888269619175 -20.75997151869285
-15.842134811950189 -6.4372579408284 0.42540216606766396,-14.727732222864805 1.2049459749051126 -2.0139542549842018,-21.688280588693065 4.688821083256762 1.951104016908046,31.61974187416302 -3.042559020999731 7.233183682631221,5.89086852541505 -4.5746290414312405 2.23288056462424,-11.015840262911402 22.74826761546906 -40.31222136461855,25.96192957022603 57.2379949571821 14.295597311527292,5.594516506696341 6.668750619199636 0.9129907693822953,-13.480689373619485 -33.39802163212317 18.371537262475403,28.692306879453334 -71.21417008447656 -20.700409118490025
-17.352185424751102 -7.99042997327678 -0.7276433944982187,-15.929851433951596 -0.3948024132087578 -2.848478574028467,-20.597749725577113 4.063358549867363 2.8663407633451103,31.920836515069997 -1.081447625434435 8.196956803333311,5.960957148265921 -3.8791934478761245 1.3216964356988732,-6.821310375471259 17.190874463641148 -39.24676991035836,26.74539279810931 60.55388677334192 15.761894970886972,5.889366443303873 7.2638845701356995 -0.4193218591575023,-10.550372032713387 -32.37208494412459 18.662110169598474,28.771831076648112 -71.9486595936569 -21.060733539097228
-19.03397094359266 -9.050930774945044 -1.6925250382810724,-17.312335541729997 -1.238615950132834 -3.810512096750475,-20.474820558292066 3.5613987753051304 3.4812873123618404,33.28939738629078 0.2607059705417012 8.818833013227898,6.732873348823077 -3.281267074743811 0.6128168964037336,-4.373979465616297 14.117855348713011 -37.796366568511516,27.289893714836275 63.01266091861913 16.859392516318664,6.81519329956606 7.813692424663189 -1.237596290096635,-7.164489202664205 -31.656446516266893 19.125283747414425,28.81030602089622 -72.29048269603392 -21.240194595939087
-20.855873327207387 -9.546398155423228 -1.8330957650357118,-18.667093609323437 -1.185405715009396 -4.644202382945236,-22.46635886578182 3.431815045685809 4.08786209705654,36.52342253110648 0.44574044983407146 8.147832206576838,8.358026625992512 -3.060737050073281 0.18763636006726295,-5.596972366924724 16.310276843466525 -37.38445152526695,26.930086130127968 61.725930205100255 16.297376898258168,8.475625213171016 8.113192854032787 -1.1629427994062769,-4.221896455141805 -30.811838996984374 19.35474043050991,28.691612534394444 -71.25181585066849 -20.75628644326469
-22.56355719120962 -9.487124904407514 -1.2902337673543125,-19.728961816066242 -0.5449416090788053 -5.124109515780802,-25.51936640465547 3.6182323210246548 4.716259175474339,40.317905862850324 -0.1861721074343472 6.69991151296479,10.303000787845193 -3.174683389985191 0.11151388229810671,-9.324099532271356 22.185777921179373 -37.829360841789764,25.960006563101505 57.82970370536351 14.577217882504154,10.355038953459292 8.143299597960397 -0.43567897527898336,-2.2330930814256944 -30.06834249604065 19.333869713804088,28.51255718688737 -69.69056054010065 -20.020865526716953
-23.801420788359394 -8.920985838615229 -0.558119383154302,-20.206826124403456 0.16800746438569153 -5.038621714052602,-27.580598497199112 3.9254835511648465 5.277670308125407,42.411635656238694 -0.8954940968200038 5.658023259911418,11.722999280558856 -3.4334103738309243 0.44251747288595233,-12.984504734032399 28.178009975206702 -38.21961288984622,25.109909010173414 54.289825413141735 13.015119437278337,11.656246626296522 7.969450201952969 0.42233296230275313,-1.531998374775723 -29.96037975743509 19.22325527038829,28.466760813727827 -69.30384278744762 -19.852441923198327
-24.279056900886026 -7.943180676628581 -0.08727280567512807,-19.87955005376164 0.4674373403121142 -4.238987690097883,-26.88573033389282 4.167344495604608 5.709745604014634,40.9125898251459 -1.00802950464517 6.046998696505701,11.881480211951272 -3.6563205572433546 1.1985988689580496,-14.260438371498243 31.055785700683977 -37.76182822267425,25.03141199742422 53.7641206645693 12.790767509644036,11.690999492903668 7.663708481220082 0.9211567349703436,-2.318715675293524 -30.88226795603958 19.174916725185,28.71777516222466 -71.52472811143454 -20.941642481553565
-24.29032229650927 -7.068058423720666 0.07583284299137782,-19.149424297750112 0.13230114191909886 -3.134816292368178,-24.284365244073733 4.243322526740336 6.190736138017862,37.25449272621849 -0.4484894586059675 7.455760059741662,11.018471707917488 -3.7502877265548147 2.0413072518449287,-13.147706102247522 30.65704939537967 -36.74548394352824,25.65736425221423 56.08954161658329 13.83342784114435,10.752371801704648 7.353280326690524 0.8673482016364159,-3.6113067075227914 -31.968839041970373 19.25679226063966,29.157435562651855 -75.40061583698554 -22.823717527996
-24.435244170691014 -7.029613861014081 0.09645623951791092,-18.74543256773348 -0.9196030876345662 -2.4283124662056697,-21.995876928410876 4.097850744454482 7.0249745208667616,34.61385149278007 0.5445710686855052 8.720773697923097,9.885751493130043 -3.668023003246579 2.445427042997089,-10.854480289023119 28.42805488650604 -36.02750382589272,26.54395932173279 59.62482515129741 15.417111530405816,9.647678086690366 7.194267596405229 0.22283327096494676,-3.8084108183972303 -31.694920002562007 19.492759066482662,29.535190455633998 -78.72875046664097 -24.42846825457684
-25.227978137909354 -8.455736263762613 0.1334476722363673,-19.312452846970643 -2.7124982396555946 -2.73334717995638,-22.02765746903375 3.691332931041856 8.44539650582757,35.83521314335904 1.7193446816014795 8.769823728917247,9.181238400173148 -3.37796069300217 1.9506522730325773,-8.532455574125272 25.71777612674536 -36.35917283272391,27.271140075017083 62.80302936113983 16.848282124052588,9.120568132545463 7.319509859036896 -1.0181825004619196,-1.4966682946928824 -28.764376616123702 19.868689085326523,29.623087423577186 -79.50272700134249 -24.78171235449349
-26.243325802153752 -10.828428542755182 0.2579281740912926,-20.57282301749674 -4.668620985116853 -3.6995872824622937,-24.010922158763048 3.1493701773204985 9.91591406359115,40.07960734209053 2.7127542015946484 7.569461903296617,8.983848046892236 -3.011022291361823 0.8025582595681373,-6.621162082915519 22.693310832752235 -37.31838090721174,27.70589345256249 64.98344079852085 17.838755630952132,9.191452103892802 7.612422910114142 -2.533625536363411,2.685476639446887 -24.371926145601428 19.97147082547367,29.446155830552225 -77.91536558619944 -23.98415193001525
-26.49031385447455 -12.939523820975111 0.4881792614288243,-21.693233101621274 -5.847630417638033 -4.3959574362578,-26.14570997021633 2.6970622634246335 10.437254509461196,44.28947343761446 3.0947044238559007 5.711891920095753,8.999669101955487 -2.795995672960802 -0.3281258834068781,-5.131191741662881 18.80991015739687 -37.776279683305226,27.888093647940096 66.0832153818799 18.344492707756096,9.445131408160785 7.806194077559298 -3.8039466567680496,6.863773896412636 -21.212530986371824 19.147684226475683,29.181796504314978 -75.48408433533187 -22.78389424288484
-25.08229671054249 -13.651498930241464 0.8314931898675746,-21.89340573666231 -5.393176926123679 -3.9667945527800623,-26.736750305774716 2.546040136778094 9.118392149504338,45.58624619349399 2.486532416651559 3.798074957705063,8.950978261499216 -2.9405185636444373 -0.8049061721055866,-4.077607132112328 13.660591376009268 -36.70717762536959,27.861073618916855 66.04954244804351 18.335266401897094,9.4894163604814 7.656285540800289 -4.3392433768162295,9.250509862269423 -21.768679273687297 16.842932241422485,29.000630150182822 -73.67522116968124 -21.903370272164477
-22.56499340711721 -12.850650386810164 1.1640283655298143,-21.168241234760313 -3.585752312637208 -2.6219690507872455,-25.67773095075257 2.718369175051566 6.532728974787728,43.76799487027729 1.1785044821524346 2.431007595581871,8.83235636586023 -3.364803908871717 -0.5033727835185494,-3.6079123929502197 8.72363534010791 -34.52753939444226,27.682001715155412 65.1153962265277 17.914463296336777,9.302597396692935 7.229149304119361 -4.063090993934029,9.380666384085902 -25.544595400632875 13.810253028382569,28.9598908512572 -73.06985973186637 -21.62325904677465
-20.473506651956626 -11.130462292356812 1.271364519599448,-20.048081877439632 -1.491103972778642 -1.3073521113598137,-23.959888076415627 3.105175275467898 4.265197712034251,40.48163253933941 -0.07706057258866181 2.2150923349368634,8.826474124288966 -3.7905304400002375 0.3471699048098318,-3.9610936164591792 6.779539508872745 -32.649976701696346,27.417602868924412 63.711152433929236 17.277761453685514,9.118868356319862 6.80604877528313 -3.1846681778250674,7.702856706657974 -29.98731422137117 11.70577535772303,29.03849263799483 -73.63760798662467 -21.919106279951414
-20.263142144052242 -9.103415954816196 0.960640818825227,-19.0600204372112 -0.1485532251391538 -0.9250295368050109,-22.556819491005438 3.591129609906063 3.819515791961764,37.36076587032308 -0.5604330038376182 3.6828927971022196,9.100270609591194 -3.951980567329566 1.497323192719048,-5.3431346323858415 10.381919988640654 -32.41580403512728,27.134906467124303 62.26659769975456 16.620630168714854,9.159677334473887 6.656733808436144 -1.9302892098819255,4.699063320623812 -32.626035631039755 12.091522888807608,29.21152555213456 -75.30151562370736 -22.744057408743476
-21.838440945250696 -7.458769399067413 0.4031617150581983,-18.514414594592015 0.058077899585439574 -1.4662675910331875,-21.826741287228486 4.000901018417487 5.119658153336281,35.258112510165134 -0.20320138187634199 6.246707312795835,9.5171180437152 -3.841484334490823 2.4941705937382843,-7.41720226656445 18.14383433975234 -33.74596862355643,26.902723527966312 61.14110661722266 16.10665779864989,9.3684156909755 6.804850767832974 -0.704791956565082,1.0880437114630428 -32.90884552066978 14.782485081999356,29.418764088556493 -77.44854426823481 -23.79672607706837
-23.87753507653604 -6.946498864432222 0.05822868259894132,-18.5502189235755 -0.736636585376222 -2.202018642648942,-21.641200155203396 4.1117060065964255 6.840273803729301,34.408830655181916 0.5479561667674671 8.432881923351825,9.70031538315021 -3.6554465640407505 2.723845308803301,-9.417181128052787 25.561982868132606 -35.43813231369624,26.79127405765037 60.63836901874487 15.87421993205853,9.468575978395013 7.079417163188008 -0.05419814518030719,-2.2241931418760585 -31.801364471844273 18.21202424094765,29.572053741882943 -79.0416948530251 -24.574431622276457
-25.06971637031925 -8.251353825535867 0.3658826791852648,-19.278954105950245 -2.358691691248483 -2.414214287492871,-21.85877659745836 3.717230443081597 7.670168745531572,34.99967076320054 1.2399998967907768 8.817197833401492,9.290184493843679 -3.5890025516788358 1.6184007753731215,-10.606857498859254 28.265242638044494 -36.30823567293282,26.864880703219754 61.0330222656449 16.04839261640865,9.193336548054392 7.308101515036679 -0.488624529089776,-4.370928096916634 -30.294940008242605 20.827183632847177,29.58639136692176 -79.08198965518926 -24.593039559265385
-24.967094699477308 -10.765626148772476 1.2420072121948946,-20.372467441284343 -4.145688525936953 -1.977050653688242,-22.344310595275047 2.954448198076944 7.230976572600357,36.607853927963134 1.5687708658184565 7.398215071062586,8.38267689797817 -3.7050664675440226 -0.4178318863203833,-11.054356238259983 26.081110226366555 -36.118182514127426,27.07316429674215 62.067689528351515 16.510561341629142,8.579079939478286 7.395209704533969 -1.7498719200091155,-5.343475401361651 -29.077261440650137 22.068450190190447,29.452407488746534 -77.52888279053987 -23.83301663582678
-23.902195469867582 -12.712584863881752 2.128387431294529,-21.104923379657066 -4.993477827643593 -1.300424815501134,-22.96830380391327 2.2708357925684806 5.988069776023133,38.25928432442949 1.3647722337012012 5.46139152908793,7.4858593544788 -3.946958992376424 -2.1011002059814823,-11.555323293449028 22.634717088995153 -35.48549669489447,27.261998328586607 63.00378922858875 16.921694444292516,7.936435691025865 7.3143658048858935 -2.88480237434752,-5.909237138479571 -28.56136041746545 22.274876743698766,29.229142990494157 -75.20872621330471 -22.695059592389423
-22.23110178220966 -12.34867894005512 2.46848025896899,-20.76378116833034 -3.838652907732606 -0.8041096188762332,-23.603627200487495 2.111229310812645 4.427452058735011,38.99214535276213 0.47263615440026957 4.30095410846555,7.103253638957401 -4.253640995327725 -2.1673079502747505,-12.895906733477961 21.56536861969355 -35.0442399481135,27.279235243419876 63.11293593275374 16.94768963181956,7.573907077290038 7.045761711447904 -2.94924010529348,-6.843978503679196 -29.13119418749052 21.81546229591214,28.9759257310371 -72.95453219516337 -21.583453422253427
-20.19840536591911 -9.771147487602844 2.1641942870078186,-19.311783308373798 -1.0028966443528973 -0.6774597747986862,-24.176085738098344 2.582427307391602 2.796319690385599,38.630396928769024 -1.0362156616365583 4.292005269388515,7.264285383891709 -4.562830133419891 -0.60746741017809,-14.989271592525151 23.513931660151925 -35.07913548740886,27.11248536138026 62.33984304317454 16.5690908966456,7.506463165982726 6.669092055814499 -1.8301977031520056,-8.444336401823254 -30.701880469803243 20.99982180185809,28.69884353805121 -70.99857301404256 -20.62006568440672
-17.93341453200154 -6.980628754917243 1.5914826453120596,-17.40992330435151 1.75990881909958 -0.8715748723450172,-24.666218737451253 3.441693466915692 1.0949391833807283,37.810501332974006 -2.855858375821056 4.85926174946235,7.508159109611958 -4.810958567385388 1.2896118187853933,-16.845907950671275 26.020851538427735 -35.5136862973325,26.89387032617877 61.3252162513253 16.091790272962324,7.445555125684082 6.36693849519142 -0.27414653370036857,-10.51152332470051 -32.703751272801156 20.076166397450677,28.34893340684014 -68.9519485715191 -19.634740915200666
-15.562325717966543 -6.014188031234878 1.1409001443162057,-15.738858044076297 2.6758091622802187 -1.3227294265157514,-25.05742076943465 4.430619967753597 -0.6845628546249939,37.19227463445506 -4.671642915986813 5.393650219676101,7.363320783982019 -4.936425534984851 2.2055590304759285,-17.46299339884623 26.54795090495246 -36.252499967498515,26.758861367308576 60.725405984927015 15.828662295101687,7.096923831925043 6.321027414124432 0.9464269705671301,-12.822963078248103 -34.554119482433116 19.288510642082727,27.87827253167576 -66.41728570662973 -18.45282389253409
-13.28141275824386 -7.277220463856757 0.9721654970124514,-14.580680752577281 1.4315060022580606 -1.8455638033544044,-25.343553230018784 5.305294568477339 -2.446765761644504,36.98676916302463 -6.235462425772351 5.605527888894665,6.7347482611053575 -4.941958424135794 1.7845629714505653,-16.73731459037188 24.602584219666657 -37.12945321504121,26.73758621125842 60.67393490284378 15.837680252695463,6.42962157003271 6.535228021004104 1.4920980039608807,-15.126589276990904 -35.96710605840574 18.837590892721426,27.352596511121533 -63.63811061683458 -17.184562011179423
-11.369798741839329 -9.246073305689194 0.9720906098780807,-13.74628133093042 -0.5594333079345265 -2.1109159587839947,-25.53085195677594 5.838942479494731 -3.9741291084091785,36.87448470355257 -7.377879822802914 5.582899868373211,5.972575571971376 -4.906336809666051 0.8088017635281266,-15.629224228462446 22.110443282048173 -37.894800928687864,26.735629849171282 60.68621065360569 15.87545952195297,5.724001486692643 6.803137237962118 1.5354304267968844,-17.13547065058097 -37.00773437323978 18.872977695845222,26.97201400104222 -61.615655071394485 -16.277029809498117
-10.104565245854149 -10.303759886543133 1.0122665881964668,-13.021619912870873 -1.8005587811133452 -1.790077073198597,-25.623895371817426 5.811528173561329 -5.0455937543273475,36.508083003194194 -7.938614116805801 5.439848923540694,5.446617656125125 -4.911595080328014 0.11798404198279507,-15.143055471721908 21.104484595289655 -38.295306530798634,26.654285827739976 60.257030192108346 15.688531769993803,5.272725590733774 6.909187082704476 1.2796295475702706,-18.56524858064893 -37.76226103144184 19.536014113473463,26.940633835726196 -61.37715850046031 -16.188791827933084
-9.47163049489787 -9.60382003154243 0.9872709609150396,-12.289956544523083 -1.513726549804097 -0.9278961655272423,-25.52608151232552 5.248271815998537 -5.590821159846202,35.659664080966635 -7.954161177783004 5.472575038271243,5.269655545286475 -4.99126740390616 0.20265755449997983,-15.539314541722737 22.236114360246976 -38.13478513802208,26.518575030688815 59.52460889625681 15.335625831048574,5.1266826226794 6.764830188180665 0.9737726461713407,-19.327185342722064 -38.358297718700115 20.7431271684093,27.30219846788467 -63.19280479869284 -17.038831753025303
-9.063034007367996 -7.342143080194274 0.8227767322041897,-11.56617622851258 0.10750019392744847 -0.07456221894367054,-25.003934050048564 4.506169511827225 -5.743363951071833,34.26290114698586 -7.7272118294426955 6.223641942996566,5.206761048155195 -5.113278028109627 1.0810336867662371,-16.072276659135497 24.28781110884207 -37.294230012337174,26.520893675952074 59.49756294762565 15.29780327872742,5.009696322248481 6.4533495882687415 0.9289914904261494,-19.597174402814584 -38.97940026934533 22.10648293243056,27.883510607108633 -66.30865153339124 -18.486756546035316
-8.448821978044652 -3.7980627706937917 0.4485126856687479,-10.875355374172253 2.7937392943727324 0.19061387913474429,-23.822375802440128 3.9624564386089887 -5.650672706923724,32.27174503489467 -7.5759202500913 8.238788054054556,5.001670464052399 -5.240732103375389 2.731861451444532,-15.936013220076111 25.921366117229645 -35.66883861264326,26.861666362252233 61.22637514184024 16.076764885757616,4.626905135294737 6.070452706006362 1.454399230713421,-19.568276033658815 -39.807824254568025 23.218212740173886,28.49647009933587 -69.8973069788748 -20.15907170077628
-7.55696147508961 0.18176568610532587 -0.09488053805241314,-10.293467151003227 5.864948646254602 -0.30676180556393834,-22.233223082644315 3.7956860806578137 -5.42570742120161,30.168667509901905 -7.612523749211286 11.204975449537539,4.598875060035949 -5.327020074368407 4.777817109702602,-14.997880683317442 26.517054986909766 -33.67736027897631,27.51017286238447 64.56650824681748 17.613858012995987,3.95529214176434 5.725488614779214 2.473703343179367,-19.336500797700754 -40.70954462332964 23.764204043775514,28.98274631453148 -73.08615214767084 -21.65266950140295
-6.8701969204062125 2.8713387967285353 -0.5948489199176551,-9.975374706767393 8.004563222464533 -1.113461929936278,-21.24297712212558 3.876455297753923 -5.127967680769622,29.25534778114374 -7.630088489608015 13.478062883257229,4.25403630315565 -5.310474591807012 6.2896641578905585,-14.168827354750562 26.568804023667756 -32.550049767134084,28.077418468956637 67.52114398752629 18.98188223290015,3.3931996044467736 5.548950946012438 3.3132325089098114,-18.847432206442537 -41.060301360136656 23.57566627749599,29.230151384902875 -74.93246579652921 -22.518541757099545
-6.915050957456209 2.4880684895489353 -0.8256619024336749,-10.081035949706795 7.855802040408776 -1.7251395729062675,-21.91135842591315 4.049572062487228 -4.811722011233755,30.886855033253635 -7.396220364151325 13.315424982614017,4.247405452662325 -5.129210727083209 6.300400693237933,-14.440788534941394 26.663045262138567 -33.57382609298645,28.146883845482503 67.95085370188303 19.18666322077132,3.3716055847188513 5.671426901106817 3.2548555052719172,-18.03495608632206 -40.20107945829067 22.50060521920909,29.13193176954113 -74.49813891776829 -22.30877828189202
-7.863373540627952 -1.0370200088131516 -0.7065047091595593,-10.618320983831046 5.3691222802539915 -1.8954434741853852,-24.246102263193944 4.2229646926207 -4.47438460424728,34.882567922533546 -6.857932499103848 10.414808998392626,4.663441958839845 -4.81824557533394 4.716180166775709,-16.015860671636116 27.090196404226848 -36.85389477237309,27.598288759075903 65.22008167840073 17.92995392948175,3.9968836168716457 6.068372948277803 2.203324524480224,-16.944656730602475 -38.13964701053319 20.77325625049689,28.71306357676793 -71.80197931427563 -21.029215615063467
-9.255899592878118 -4.723647486575668 -0.4144299736113673,-11.324470393861763 2.8211192196185246 -1.83710745272405,-26.38301038349529 4.416879707614643 -4.012201374725426,38.32921213843482 -6.281480537082063 7.037003660143716,5.23820755915955 -4.585026547437013 2.996874388844837,-17.690677689583666 27.613938527730728 -40.39268550644307,26.83848956486466 61.36930803729046 16.151860811311604,4.797796376999594 6.439201359030727 1.171768856987997,-15.820877975001329 -36.07026559987291 19.31512308792676,28.23292653344099 -68.56556075199533 -19.49310058598971
-10.568913004778672 -5.291166950225353 -0.15227415260833077,-11.909310098466289 2.717237227691604 -1.8090405607655884,-26.274449560350792 4.66287552912333 -3.31226274997593,38.04685226211474 -5.9652184744096015 5.69716191398124,5.672482367389736 -4.653766087091293 2.755799549408813,-18.12222020149825 27.943736448780303 -41.98424564709742,26.327327094447444 58.70814907409386 14.917057109976772,5.245168800027877 6.456194132937545 1.2824866143382347,-14.927392197743742 -35.30391787746779 19.114292776571325,27.97406832089431 -66.67957209075578 -18.59389134131444
-11.36821779038084 -1.5205634958896408 -0.005024734375794752,-12.153945683867358 5.9476681074359306 -1.9005071859266507,-23.280283677460073 4.9531957293948485 -2.4497188708851465,33.07530924247049 -6.087851113656607 7.456839718150636,5.760423575385551 -5.099559585058005 4.614105259423855,-16.73932635129708 27.801052979098433 -40.66003875255886,26.324615212400076 58.55407753336644 14.83437759596133,5.0467439962693135 5.987361326302798 2.906583561176054,-14.371383721229318 -36.326511246951796 20.529306190675253,28.072067090903015 -67.08780211528965 -18.77915734804095
-11.402945658935307 3.585174451292866 0.18367295096178354,-11.985455917061298 10.094738138150035 -1.8533574791122294,-19.642781056518334 5.199571249007221 -1.8848461774358332,27.000229067349235 -6.583054429563524 10.400780944657892,5.487414703170501 -5.692126561651606 7.161089462154864,-14.551516443713608 26.931921549767605 -37.985625210797004,26.68053382149399 60.19276165091122 15.579148310841433,4.395448310337377 5.30154324601656 4.876803401686364,-13.939361177805708 -37.93428672616923 22.629460579319673,28.361523024352643 -68.79488892996157 -19.583335463688137
-10.446098467290938 6.511682923295754 0.5991673921103209,-11.349501298024032 12.340286254763939 -1.3678161209488113,-17.952380659246717 5.304113364278011 -2.1234548370592927,23.956470934931406 -7.35408766773789 12.252883161682696,4.862581778685913 -6.164094389905878 8.739870642712338,-12.759983747379268 25.086568136936087 -35.834240119643745,27.195156610939282 62.66129773270144 16.712481642775092,3.543562815407843 4.716319863261494 5.839837805482962,-13.379286843953931 -38.71890841889314 24.327367865878784,28.640457239929674 -70.56958076010032 -20.42977221530685
-8.668739712571893 5.306700565086034 1.2709492307981147,-10.389880142688707 11.136592171976586 -0.3996328486936198,-19.467094392330097 5.23569490556372 -3.2173669203797095,26.00973440248104 -8.188263241490388 11.757233952530571,3.986816714565761 -6.331825402392338 8.423383472950357,-12.042161222286905 22.346482134531158 -35.34884192713328,27.682825923367314 65.05562078020995 17.8203545789488,2.7285295325528267 4.454261852150775 5.088986023459137,-12.640130509681644 -37.9190465737286 24.86432293216083,28.78351629576122 -71.61356943992692 -20.942488624682532
-7.18286808028987 1.7104527315306053 1.8600934721547455,-9.71874748444424 7.938994210235092 0.4914343439555324,-22.29535285344807 5.120999175446251 -4.145270761498838,30.33465463034399 -8.598819291577529 10.069438582566365,3.1779269492432785 -6.209614015449144 7.009696779038535,-11.837421048852972 19.57619097601146 -35.94616648779111,27.991612239809548 66.61074827217669 18.547518863531035,2.1527140402186737 4.513357606588876 3.4459935689593966,-12.146002052538416 -36.302759823336835 24.25855902861458,28.84647340223224 -72.15193573385997 -21.21985861376205
-7.235510256717439 -2.004346842571674 1.9748119790316798,-10.015333740463664 4.635913315067893 0.6589016934059491,-24.09193933205328 5.1094114578544865 -3.7317732988544012,33.401235067145485 -8.059930495860781 8.692604011243834,2.7848758731350083 -5.840424939778813 5.545628313324348,-11.406774367909863 17.752723343212057 -36.7939317979468,27.97457159475777 66.58238924866289 18.547497484517244,2.0132914103633204 4.85907268983544 1.952940380629008,-12.389138177440394 -34.85856458296692 22.640858341090798,28.911178709304583 -72.55718660288501 -21.428591964753938
-9.467574453507506 -4.181034177850287 1.4646954472607452,-11.565238753697825 2.625390113198517 -0.18724985869591299,-23.40933801343864 5.286288401720824 -1.4369549415968423,32.97101009082499 -6.403410778921425 8.551413151185152,3.0356617005297313 -5.320092403418005 4.769666749590062,-10.33836925490162 17.43821332749894 -37.29251018036574,27.56155781034009 64.63301986407802 17.664144781969625,2.4237396160848395 5.402116108457645 1.342238962442589,-13.51661995660627 -34.25668102535257 20.356354104426707,29.00007564587933 -72.92587693107733 -21.608894172650363
-12.860873084578948 -4.849225458342506 0.8400479880022707,-13.576598374663654 1.9631733193094705 -1.3613075306967806,-21.25726190246923 5.561724485782344 1.5396562370466549,30.34075286050781 -4.440020915145842 8.987259598499321,3.827171115892553 -4.889167546542313 4.576328007136711,-9.115808281752305 18.059126169388946 -37.47910624634648,26.892639199874072 61.53853821644575 16.262298962329226,3.268437022375722 5.903314664617244 1.4986656530532896,-14.730752343803822 -34.29607398206142 18.336911256096574,28.972996789355413 -72.59921268914185 -21.45469728904164
-16.11601499278364 -4.324499614119574 0.7231048158769297,-15.074977097177092 2.4773595638692196 -2.0122373540449727,-19.061945557454916 5.816106869973439 3.7037851761890477,27.40652042846087 -3.1463776736191935 9.073205826197341,5.000127231228409 -4.812690270541245 4.717029861465701,-8.374434601086513 18.849440995595728 -37.49890067868376,26.143522061095286 58.26357391913172 14.79510563088299,4.392901983223277 6.098126541619653 2.1632625446557356,-15.073794485918134 -34.62799450127783 17.61367969560575,28.66224553430442 -70.79054076559359 -20.6013211750254
-18.238958803175873 -3.0275781989132446 1.464958595431664,-15.421897710892427 3.847822967537396 -1.6264541174850724,-17.909088226127054 5.957224151320386 4.088403619010636,25.657516571638087 -3.1333536386720127 8.239063971625598,6.33893219739283 -5.220542976248195 4.957520193552583,-8.497517385803237 19.254189878090507 -37.484131680289046,25.47395579926764 55.60984568227004 13.632889885096162,5.6041368219008785 5.8461125033245835 3.050473021896279,-13.998205618647486 -34.94645100672688 18.66757339888746,28.01791402051725 -67.3086126862639 -18.962659640688894
-19.206653159908512 -1.7135286350515022 2.5544884734059923,-15.047205863726484 5.283100888942965 -0.7634350266676004,-17.80151172516924 5.979999496696747 3.4030896604576553,25.289181348817362 -3.848781583770978 7.049084064595458,7.448891619805374 -5.8128170782391395 5.109115573787609,-9.066748952834596 19.389537849439023 -37.52588131275164,24.992948066331714 53.86102743502524 12.882613652853413,6.586665695400724 5.401470461171872 3.79015852092931,-12.260851318503672 -35.081417255376884 20.229796268121607,27.364653999863478 -63.85552326345749 -17.338451320041283
-19.18861881568781 -1.2037220837017322 3.309578397856668,-14.592619450157484 5.8982588675301555 -0.19546815341173684,-18.527276360803636 5.896637084599937 2.6899283266448424,26.24036800307701 -4.5098385631404065 6.292498752450353,7.899795185987709 -6.204367674918575 4.992171394876631,-9.504852832564227 19.504751249089846 -37.70706845292479,24.799442373793415 53.19804998992153 12.599006679163168,7.000725073670338 5.09666310411567 3.9954085991260637,-10.877288059835495 -34.889834161106975 20.68455175901063,27.101399050444012 -62.50885028279728 -16.704113289154034
-18.42803710181712 -1.9876552002276004 3.2228666283386453,-14.560194896431915 5.1753440817644725 -0.46876972552068485,-19.838894652466347 5.726080633066542 2.676022250629261,28.323449481461175 -4.5504596298658795 6.500502885709007,7.471774495151046 -6.118764847086117 4.519320736769222,-9.453209205548449 19.804520022886184 -38.05173241840266,24.940190457000124 53.6593990935587 12.782061923851824,6.680288217443747 5.176128057545919 3.457258539751182,-10.566602771030928 -34.35161308269701 19.0338752914884,27.469478233253554 -64.5084687812339 -17.641449775935055
-17.44093252500992 -3.3255416812414325 2.434291814573424,-14.934674222630244 3.955725583694215 -1.292172380186139,-21.357207997668667 5.512237516456391 2.921760499583169,30.88230817264446 -4.207464389818678 7.248503928986028,6.724080129825109 -5.682265452868925 3.9449987353667035,-9.36311552280093 20.328420496723325 -38.36581912837077,25.268622600278963 54.755935474534425 13.229024030546723,6.102859820231902 5.558252862588216 2.625865205455605,-10.949741504137325 -33.90215523941013 16.568288721535616,28.12644408016852 -67.99135286348685 -19.274299548061332
-16.80648827797219 -4.1930365340240074 1.233631949062206,-15.581049713149262 3.3954329744078584 -2.180668292307691,-22.672578105245695 5.304793783008832 2.717457231749174,33.15237864350033 -3.903526954050344 7.890660362781929,6.3963158411474765 -5.114341684383547 3.6027620537664213,-9.87335169843109 21.077807922212024 -38.40478948458131,25.593418366953088 55.876383389519916 13.690204758374495,5.894911466977042 6.0859498542944 2.1039612116126727,-11.393448846642311 -34.08230022560461 15.108060694640269,28.5947145042977 -70.37620634823975 -20.3890064640838
-16.878753526114878 -3.8543264420974235 -0.08055822078831808,-16.314095183515253 4.286534458613257 -2.7314790154757898,-23.466576598938335 5.14255866912649 1.5933055240497689,34.51854108289543 -3.9603867897709946 7.952165998550106,6.978263995624498 -4.612579331690899 3.723729603395592,-11.372328948635078 21.97223233863631 -38.03144595656558,25.75779847426719 56.510880440919415 13.956680292322831,6.464027519548799 6.606843524364188 2.3139848940565795,-11.45603350424851 -35.233403310142705 15.970637329091332,28.52751740088863 -69.8036938478401 -20.11099258741434
-17.039206806838955 -2.820044203479829 -1.171808692676913,-16.731642530727527 5.848798539803603 -2.897053962148297,-23.814798543930266 5.017353988449285 0.11576646402264919,35.01127521070252 -4.263749455286523 7.697080918806191,7.880487865872841 -4.280015741651783 4.096493016838874,-13.166875022688558 22.577848309336446 -37.57230259597675,25.75420014025552 56.58766611441603 13.995627621582571,7.272207673807685 6.988914706030202 2.8995100038905273,-11.523354051485462 -36.835054892058174 18.301290119327824,28.14317492484909 -67.53332376261547 -19.03048522040756
-16.406757820783916 -1.93733072875574 -1.693413329170916,-16.3729549622199 6.877513594580821 -2.7257448504890913,-23.89921511187681 4.908316169533615 -0.8689333833225633,34.83535587044709 -4.581602666154666 7.588939929780305,8.22218956889497 -4.194162634469458 4.390173042516275,-14.271818194877026 22.365402787795876 -37.47906355090318,25.61534516682682 56.15325603786968 13.821766383642489,7.52616829845725 7.105639916605051 3.293837061546543,-12.204686057147295 -38.134191213538806 20.658859767205428,27.812570020140488 -65.66661139898963 -18.133171076379625
-14.402549989938311 -1.862155717683632 -1.395010026309185,-14.966852093202895 6.465496726595286 -2.2728731660278685,-23.86944929310779 4.79620585721152 -0.7270071762461101,34.197558944485735 -4.725991843571372 7.9607184934136175,7.3620543288955185 -4.402792767948351 4.3501333756130185,-14.003716848879753 21.099753593268577 -38.075088526275245,25.38866276739845 55.32595825613224 13.48120566042701,6.654496808938957 6.870337702611625 3.062110440253245,-13.892646338299295 -38.53187913988258 21.86517853609592,27.825771496124098 -65.83637757987972 -18.1863349826498
-11.97168400633352 -2.2865302038094346 -0.5120277433702299,-13.197948073050501 5.205811330802068 -1.6288961153836972,-23.712008229050138 4.669974392792944 0.10413667312740751,33.31473631124259 -4.731121446005747 8.487064105732584,5.866322914998831 -4.803729765582094 4.106182769776513,-13.200549622208861 20.02874521348167 -39.036583188968656,25.195737358954318 54.58606647728209 13.178324068858965,5.204528992703009 6.397219464899451 2.434280137044138,-15.887387521124927 -38.20636828801938 22.068192877758715,28.065351445847387 -67.31210419689204 -18.85599470973902
-10.538503408313005 -2.599326606490808 0.5673365684844434,-12.051428269271437 4.163307194693228 -0.8953201276919809,-23.362103591603177 4.521148867427087 0.8502281670440618,32.40690847409582 -4.7010588680141705 8.6355981378232,4.680979260920083 -5.2476423526649025 3.909027426167813,-13.178740176536024 20.86658084976456 -39.83624097536786,25.181473140157724 54.52770899188827 13.167271662323449,4.075416376819031 5.863671907985557 1.8493593199874263,-17.14551214767862 -37.58031097652857 21.83287585662189,28.285735399440327 -68.62006773915475 -19.461849683668348
-11.192789674137027 -2.316636051896492 1.5003067817418603,-12.287652684205668 4.192884577446493 -0.17057540411652045,-22.78227825780968 4.352903893076019 0.8774236840652113,31.661950370659437 -4.729034346674317 8.004721712883248,4.553245909676966 -5.603109342857367 3.9704777591612626,-14.925926337321627 24.812656630254306 -40.050385702685645,25.453802072977165 55.5937684993198 13.637218529606683,3.9744095110148554 5.423760480536311 1.6645324693969274,-16.826861867359632 -37.017153730910834 21.6624275324871,28.289318792377223 -68.57886121237013 -19.457378845509428
-13.050164819684136 -1.705492792909466 2.212311438831442,-13.340394396026106 4.910220676335955 0.4650741342567802,-22.09637523253657 4.237101468897165 0.38078944850805097,31.078147015080674 -4.844214047503079 6.96457398338911,5.057304111262733 -5.844438372488932 4.272690456674883,-17.489654296990818 30.029216031713766 -39.86695432721103,25.902556835183763 57.33489002423574 14.39399893151261,4.476238039380457 5.093874186353257 1.753937602999163,-15.290649698451178 -36.530642327572394 21.69483515627506,28.161682310682753 -67.73265606773464 -19.085790515557534
-14.505029986409099 -1.307273590610106 2.72676245701445,-14.15878367685156 5.478266575399627 0.938001264467187,-21.487165394234893 4.27069719889544 -0.1417821783307483,30.584520419712852 -5.052359569876348 6.167233624387935,5.338787228222047 -5.984563052836904 4.713922671373511,-19.208695394314336 33.568937709662706 -39.69732480449339,26.337891760697797 58.97575686013298 15.103402818178495,4.741887056271224 4.840104610085611 1.8152410812036566,-13.3342557292774 -36.006766156034594 21.934662561806206,28.091862879818052 -67.25603037711606 -18.878805327472307
-14.238331917948061 -1.6145269190082991 3.0590612087169573,-13.884320474993693 5.1602103609128935 1.1789329895858565,-21.105965282354454 4.5184815486806915 -0.25088941867090064,30.128287880565324 -5.327533009352816 6.151910069086881,4.689726661113387 -6.028688013157722 5.165557605551161,-18.68947464888716 32.961125485078746 -39.864737131073625,26.601169679062497 59.88160132253426 15.493499249399488,4.081830713577777 4.645279459111427 1.5766603209020023,-11.678871090109789 -35.33719737560997 22.328347901170655,28.239574094099638 -68.15435554810317 -19.293196397424822
-12.922020939379172 -2.7789803799794637 3.1681542352750767,-12.995150816644626 3.9177645434937123 1.1486709618212605,-20.885744216009297 4.822322927008251 0.08486959013189227,29.78333269058113 -5.424593362149697 6.673585815965211,3.419984495875 -5.9281187204855685 5.313798779595495,-16.39851270675491 29.045895349853755 -40.08000632852696,26.750610803915777 60.39394789856621 15.724920218605309,2.8456204047442926 4.608597488981138 0.9797080081486931,-10.513785690057558 -34.45425300296408 22.421313178129946,28.560479391394413 -70.25521519090725 -20.263958797618493
-12.07033934360568 -4.808177664459945 2.989104921201261,-12.534887443233742 2.00815165565929 0.8207398820190499,-20.66709995275523 4.929782801305066 0.7242927764068181,29.67712405927734 -5.005665984214183 7.155476984862606,2.270015017722057 -5.611358658053339 4.766509644530146,-13.58924170932635 24.063998897207295 -39.79486167789189,26.93617663680127 61.26734045013568 16.141293012642144,1.8223880557002827 4.878488104590374 0.05613116793441342,-9.803269186916838 -33.307444818850726 21.58933093732171,28.923919005827692 -72.88793102872924 -21.5053499483921
-12.993663650322588 -7.615712209209136 2.476562986723467,-13.400557652447187 -0.2694614477543192 0.18912625510520006,-20.31298228253732 4.630142223592047 1.515913714136702,29.910314800382974 -3.810724716125333 7.1028217876697015,1.9190441874160833 -5.031392011859268 3.2349736123475727,-11.425466084883528 20.13777773279767 -38.53304251160652,27.287992971384615 63.14685186259 17.03455385763393,1.725233943125913 5.564187861446671 -1.1271763564506558,-9.50255893874327 -31.9206009161891 19.364127605950657,29.211818341839862 -75.42416686934492 -22.74627865330566
-15.312811300797112 -10.352094591471198 1.7458369280626054,-15.275518908336043 -2.2819748518829686 -0.5854432580363151,-19.871586458107267 4.0561590031404595 2.229475469386657,30.362983999037816 -2.2182389561585016 6.700417440158586,2.533676841520993 -4.341802479115256 1.2773917378707988,-10.316030028958405 18.3816332002232 -36.41395721260728,27.77150935909863 65.77144912489466 18.26913627903978,2.63347608784885 6.4534082243355995 -2.2189106833744656,-9.499694068097808 -30.923988777733218 16.5560572002176,29.41140574676512 -77.59593906658323 -23.84175510599615
-17.823576887665272 -11.795216992047568 0.9906859820616404,-17.250485685293334 -3.233226924782443 -1.2608216779270747,-19.481564314275502 3.50831291664104 2.596247183209416,30.807503132984415 -0.918459697310938 6.464894304603089,4.030201538493632 -3.794127822261633 -0.13447944965455794,-10.30112567289695 19.417782760984217 -33.847883292444436,28.271762855475107 68.4376417367571 19.5007214121815,4.316952452371758 7.176857834264169 -2.728888632452934,-9.64990035565911 -31.244004242630226 14.599836026628003,29.56132968992381 -79.3112265007407 -24.708365641110376
-19.411998915338753 -10.895764788469561 0.38727122677399467,-18.478209483246857 -2.4509701839434106 -1.6232354798550417,-19.269927135197147 3.261599034382601 2.3972532770981605,31.02986501106654 -0.5270290634517908 6.859802581129139,6.266008589761602 -3.6114983939577847 -0.1421947420174799,-11.350184371024824 23.61390071280241 -31.27235102097113,28.669636460148627 70.44083992787974 20.38819727187905,6.5050371832725995 7.406701968461014 -2.2373538811824285,-9.819978111419395 -33.623549556047564 14.764974047093872,29.69142781864537 -80.4509861315877 -25.254274770345557
-19.893752673740817 -8.305152486277848 -0.06411743103325153,-18.752182991230075 -0.47575030647120126 -1.7395078300659983,-19.24482089924003 3.3327711540949405 1.898717988383071,30.955276196241787 -0.9153358273740609 7.811970826046637,8.543560404777205 -3.7350325508816056 0.9863032731498886,-12.770404004319678 28.900679633435608 -29.370164187798636,28.810996293947994 71.09484986376461 20.635272130044573,8.554893586553538 7.227585868325229 -1.016878083725902,-9.991166568167928 -37.006017681553026 16.67731755237667,29.742687349009024 -80.62248000030934 -25.301903199121433
-19.60694876515123 -5.630566745335338 -0.4620257930519014,-18.22598127505751 1.4703240985945099 -1.834151029069162,-19.347591911904903 3.5934571899419514 1.639537119561234,30.587178302240623 -1.5365148394768098 8.946601902700564,9.853462185616426 -3.9473641453270356 2.3500669796631257,-13.496821888586137 31.83928227359615 -28.961964875842412,28.522029766293628 69.72381581896371 19.970842251770726,9.614510708129984 6.955959392156518 0.27089409532627196,-10.20901710222032 -39.323517166829504 19.039010203533696,29.606163519867344 -79.27915965725177 -24.625485510155464
-18.89014893438083 -4.363608237033215 -0.8931757339661501,-17.08319343238981 2.2653718509227883 -2.1124938074595483,-19.538105002086798 3.9173129291003925 2.0901335102535272,29.97138498122986 -1.8847142145909945 9.892798044674901,9.308870536371604 -4.04598421015764 3.103491271841577,-12.597291962630543 29.368223231418767 -30.74356195538937,27.662778395041606 65.79637049408515 18.186124514351597,8.943497492492629 6.886871802273689 1.0125643548307397,-10.521790729786003 -38.72245684976945 20.62280854822048,29.188080654229104 -75.97403351212022 -23.044094025385192
-18.019613949592856 -4.528619014788957 -1.2940575371880287,-15.809766736033088 2.0407747008353323 -2.5364683135804773,-20.000139343285273 4.220331465516217 2.8896781798203977,29.63616984539059 -1.9849371937336526 10.363988762111578,7.487922036606563 -4.021588917527833 3.126168763413884,-10.731777938159192 22.989798441673337 -33.941757127337084,26.489381963448295 60.4594879315445 15.793556363658697,7.126088283910718 7.036620481668693 1.2059015043163548,-11.000933132633133 -35.971235107984555 21.14176918333886,28.577459369134225 -71.43734457799383 -20.904269754877006
-17.231410400468274 -5.203322668811184 -1.5042378788572088,-15.086718249209927 1.7364711281071692 -2.9109766427096613,-21.06193497648671 4.445820284599385 3.1410506506800777,30.42107099723571 -2.2046741961063914 10.128008259706057,5.913901637157111 -3.98952291655386 2.7655615645017946,-9.587411122297752 17.150678895023464 -36.83560553168674,25.51352752277025 55.94294303943971 13.770878838194168,5.6011144587687465 7.241662891187135 1.2429757150359864,-11.732847841277449 -33.529856473744125 20.91559389885287,27.981253374546007 -67.15884206367699 -18.892856088135286
-16.755183735136495 -5.505016016733625 -1.3843462612082198,-15.536419664554373 2.23574832116222 -3.0564277261749333,-23.003718188669787 4.542848004300212 2.016812277685787,33.06812283969601 -2.883295508051724 8.994328927601147,6.020523210901816 -4.055376619379883 2.3620714152568967,-10.716811195907532 16.03096943310179 -37.81159987490178,25.21104382229596 54.324626354316635 13.029363497282743,5.721121813765767 7.348847887413388 1.4971286406728643,-12.76833520538857 -33.702265787679465 20.272337835685793,27.596672146684494 -64.55174926090686 -17.661163319161027
-16.739556581698125 -5.330763465388023 -1.11450046305731,-16.90925107699269 3.433948625960668 -3.0485594757251064,-25.39538360351051 4.535232078349823 -0.20288528454775948,36.872653985534996 -3.883602694720391 7.346243235239797,7.757713966646248 -4.158056579390025 2.046779431053231,-13.536435682282637 19.364086249891297 -36.99233071361751,25.49258974250454 55.288458329241465 13.434614712357229,7.422416511196059 7.393643259427561 1.9852753868664017,-13.653109781354493 -36.19666998219738 19.515298043960364,27.45595898733402 -63.77287004156045 -17.28001300058658
-17.273257810262077 -5.1540498826631165 -1.110990658996918,-18.310998210318736 4.496104961037695 -3.1518543093622577,-27.281733867875104 4.502045858494502 -2.4191365371901603,40.06055796181382 -4.716107785509044 5.991223419544178,9.97855507232014 -4.113253166007713 1.7960325568344835,-15.883646496211954 23.59636057205634 -35.78374833511073,25.851038812358123 56.748686814325374 14.079257866102266,9.59439084524819 7.550947844149377 2.460853123006243,-13.559516175503996 -38.8024524035888 18.929469876842532,27.469410762386566 -64.05023684445001 -17.391117303513987
-18.420979638344445 -5.44110002121175 -1.762034976542634,-18.879013140640456 4.610302911180407 -3.6167063449683687,-27.75553526529937 4.520900886199917 -3.5661578247174766,40.93877075636715 -4.9128660896610645 5.697676208497313,11.552582326102979 -3.748779517645534 1.5816894453672474,-15.687717959900597 25.267456713093676 -35.55444822831276,25.796606197618836 56.68496426731561 14.083568645556687,11.142922938602515 7.984842572288705 2.68246940359852,-11.731333868634588 -39.37849101330078 18.78300172928341,27.545742542559314 -64.60828916674569 -17.63460368858488
-19.85549169561996 -6.298411278048527 -2.8738569340126747,-18.55895700180074 3.66030472139668 -4.3729224498163966,-26.953297596163466 4.621662995940406 -3.484112998865678,39.651773723111255 -4.522009649201288 6.38531833179537,12.079551929340491 -3.152397268782023 1.3607024159704633,-13.110605659809568 23.867702933556377 -36.505164285995974,25.309413798991518 54.92796213305283 13.360437932308988,11.684380937332325 8.615473250539587 2.605228557468081,-8.800938373969244 -37.76605832642389 19.059736861750594,27.615783595340005 -64.98629552247446 -17.79736023148612
-20.918058942341304 -7.528208467253282 -3.760404440937039,-17.980192850645448 2.1183053232140714 -5.07914326133924,-25.89437298799903 4.79381268767906 -2.7794545566928837,37.89832165676199 -4.028189992412042 7.256008691971207,11.776871325911596 -2.6317434653379683 1.0774153818768528,-10.202761246147787 21.383223619789902 -37.84880376277469,24.767050470245596 52.87402185460462 12.493183998967481,11.436095441933263 9.156655060222544 2.350440180076336,-6.575238347169946 -35.48321985635387 19.503041250304356,27.629068309374027 -64.98982009831786 -17.79041133146466
-20.96717316997768 -8.919348733002566 -3.7505546021857152,-17.76749266245188 0.47036916454905225 -5.396434950097372,-25.579355917032764 5.022228644527749 -2.0650448132112538,37.35465343478991 -3.9077707920992664 7.520610360284142,10.881141803877531 -2.488750976888156 0.6817384506500568,-9.000849338692982 19.818046706857025 -38.78885556835763,24.54876448010405 51.93342674376108 12.07234741243292,10.633290416026194 9.326552851997691 2.0399062536811727,-6.808929933368288 -34.049547771992835 19.862508290869528,27.540083161182523 -64.4540009424482 -17.538461004799007
-19.960990234469346 -10.178706479969868 -2.832811429116347,-17.979366539744213 -0.8985760193344012 -5.223555510310385,-25.99960293312669 5.219628253696851 -1.5695180045727466,38.147934490463044 -4.159487040079435 7.07520854278216,9.623271304810093 -2.751621025365281 0.25282211979155866,-9.953463560491034 19.860336447759163 -38.99907840754079,24.79841749449338 52.74973306537967 12.38729328070966,9.488705373080775 9.078460736162524 1.6926318767812008,-9.323288234161563 -33.87252309328182 20.186867823149537,27.397868175863913 -63.673112281080925 -17.177935384382902
-18.43760515205999 -10.933870052643115 -1.633608562235587,-18.126688909585628 -1.7014124899465588 -4.689136301621983,-26.17042978223274 5.2289412265445545 -1.1499188010016903,38.907210883710725 -4.320155810119017 6.478571392541615,8.228661696500684 -3.18382711048634 -0.00519386061629068,-11.973363365236217 20.92567645566639 -38.60803207499302,25.43222720855642 55.22499018716499 13.436117894667843,8.193334963212083 8.59306791549379 1.228206588428827,-12.069763822826646 -34.28411599113636 20.814146558712523,27.34290675292325 -63.38546203418642 -17.050018489737536
-16.95007360041465 -10.824325264651018 -0.7887729122172192,-17.71498692533967 -1.6693024597897348 -3.932211781103423,-25.105288823910122 4.899039341019256 -0.6493320316774419,38.24603721977889 -3.9244932880812495 6.301403532146941,6.9191940704870145 -3.5437809311630426 0.11040778933191711,-13.926182113376179 22.37964135729554 -37.769421826039036,26.352450777259886 59.20181713654765 15.190693386642458,6.93479558827152 8.057209209910443 0.5683851682640085,-12.986226822558091 -34.58690096289943 22.070908774539873,27.514307275489823 -64.32077824853693 -17.491906133975075
-15.808251664981848 -9.90978428932173 -0.4705721080779389,-16.723127960900786 -0.9297139637659794 -3.119566458814457,-22.874051441056157 4.322946862035576 0.054727782069539654,36.04888099653089 -2.973339452653271 6.693332465539844,5.825282934472248 -3.7499613331230734 0.6209591162893141,-15.11327743803863 23.64463457301001 -36.818502713350306,27.332328679283687 63.71522712567996 17.225738759628285,5.831629399521299 7.5701183823304685 -0.19211184948962212,-11.756510616828994 -34.48865525941187 23.637133268078944,27.909195880386335 -66.46652925647467 -18.497633443297705
-15.053116882884694 -8.714556516344928 -0.33876820438527755,-15.65329865316235 -0.04826599438618073 -2.4486649701205567,-20.7145532011694 3.863620111824576 1.0466810647674198,33.60531574223328 -1.9828751497176411 7.338447891430363,4.976218439586555 -3.897815477206054 1.3472548314635129,-15.317738495174051 24.20588875491442 -36.291249065130195,28.00246210549625 66.90735407669499 18.67688528663391,4.926010886354598 7.13417851914101 -0.7673350696608608,-9.994764600642812 -34.145143429293206 24.477941696101222,28.367724838126794 -68.98954996461332 -19.681841209822657
-14.711730480868015 -7.775077187987317 -0.032417543212530486,-15.024296848248136 0.40129926381006326 -2.112322993758758,-19.895214709379452 3.8893167870411456 2.4014416288360505,32.247321624537804 -1.486546711455636 7.900090289704861,4.397186154549757 -4.090720634991699 2.1021360590412574,-14.359470294118152 23.568472166806263 -36.71741839943998,27.995454232704876 66.92099707568009 18.67883479061677,4.257122687059932 6.746426893409347 -0.8667955404326078,-9.381207085783675 -33.73466905515845 23.55383451542935,28.723365900857956 -71.0208861753561 -20.642532507120997
-14.81108759093319 -7.1913896359267735 0.5964286853643564,-14.971497051930953 0.37808800503625545 -2.07497668420679,-20.591115737010902 4.450894796401209 3.9179361916392597,32.19704026561816 -1.6734553606035887 8.16399634224555,4.154700404758012 -4.387085111306424 2.7872172956288863,-12.493636434076935 21.844747789995655 -38.018745772525136,27.287524970689457 63.61534887149269 17.164339581059075,3.8993084253179355 6.391678262193771 -0.3961558370589764,-10.357413859413084 -33.41193937225368 21.010767110964885,28.862428332573323 -71.93615395439609 -21.087420457257288
-15.37809976987355 -6.511730151670352 1.4263924458441561,-15.145444208670257 0.5149803400362447 -2.012281798645124,-21.59483295493944 5.1978676760883555 5.046112448810674,32.27324922890226 -2.2972862385508424 8.070669774760793,4.3675347311020385 -4.7884550376833594 3.416364825027255,-10.525774497727413 19.914988121186543 -39.34813651012746,26.289389296104442 59.019940580498506 15.07526754953983,3.9713719423521616 6.039292306006249 0.49089259264476953,-11.798727126544891 -33.30182460399112 18.493674017421267,28.73803315595094 -71.42022256352175 -20.862943891153744
-16.435170701217494 -5.258765358746312 2.3177529822684124,-15.170633783289956 1.475671446343681 -1.5883287239991917,-21.629527392800536 5.758109022926761 5.2237261283645555,31.226591083598755 -3.0848049761862693 7.574586463052757,5.152596256592431 -5.291189115666595 4.009667248174483,-9.28582465086529 18.697682308285856 -39.822094418034865,25.435566471027396 55.28183280605297 13.407915844920483,4.590147749303517 5.659039700998414 1.623793249114584,-12.496113424649886 -33.52425528184263 17.715411344633626,28.310524387404353 -69.19446884689916 -19.832325851099682
-17.778428238778105 -3.4491559532786917 3.077269392304162,-14.925508733091638 3.3002547716244743 -0.8170042756262059,-20.38699397449957 5.965889637067502 4.40091803815682,28.907956922470294 -3.813693284152664 6.8334348071613595,6.364512229652864 -5.814271306830554 4.5380221565963,-9.055700725275821 18.556197445204063 -39.20643237010907,24.95607191191781 53.45747829475298 12.64059038008776,5.630162321947071 5.291172613038249 2.7840663786777466,-12.049691753181584 -34.047109062990934 18.969600961793137,27.68784181832409 -65.81795202427993 -18.25504014669283
-18.87641296907025 -1.8147347666866531 3.4342178249610797,-14.656160496448258 5.1260141845151 -0.21860753679910588,-18.96135208270328 5.954288617811042 3.2696264123123817,26.76110530288428 -4.335345825329483 6.299100937302018,7.478198342720887 -6.164667512064769 4.901111632988695,-9.323920062311402 19.0502314186082 -38.20699021308757,24.78485381487736 53.02441945204723 12.501683417447722,6.615144495630432 5.0779816742335555 3.683852091598113,-11.231018839529446 -34.61813145159186 20.495190727466372,27.191604697824175 -63.06247277625681 -16.964226392626987
-19.17762708633361 -1.1366996066858852 3.1166390865287767,-14.634885346276532 6.027056471389961 -0.34606562480371456,-18.546461535364337 5.878414722724285 2.573339669134424,26.340399562536362 -4.508854098625597 6.44002758603721,7.944036936502199 -6.143229718722241 4.993666655465894,-9.521927388242284 19.679774111535494 -37.59712096087681,24.832930512678832 53.33983120081803 12.662693712805025,7.046135403100693 5.167582068093166 4.032266434407822,-10.894991009947919 -34.96937502037909 20.389961660247995,27.156455870017485 -62.7746541401521 -16.828486400248146
-18.538060235289883 -1.715451033457992 2.203945130282596,-14.947050462571559 5.621825278417994 -1.2425116564579544,-19.607687528532626 5.794679800153962 2.5821272567740357,28.177126103839758 -4.3335830016929595 7.253967208618983,7.58966456228578 -5.743864593471245 4.755716849272899,-9.446597429397894 20.176982335960357 -37.7094074442145,25.028902952637456 53.99409112851123 12.925950299405317,6.77106685444097 5.550811988192732 3.713494073793586,-11.28948158245461 -34.94462830682985 18.180870209369676,27.64781406768604 -65.33911094352027 -18.02985196603351
-17.490251978446334 -3.0531237025390627 1.3589281346415751,-15.367665338734058 4.432524741339077 -2.1046696415111663,-21.400878312466023 5.595629582472926 2.7800428455819537,31.103960450185657 -4.04179284104796 7.957186921204527,6.869071551955473 -5.281006778171369 4.202501017154216,-9.501526999386488 20.65947880347972 -38.14462337718365,25.330564432431732 54.964762350252236 13.31099923973487,6.2138119775704315 5.957383219225865 2.902385463651793,-11.654525803414195 -34.573194660402656 15.767727543772422,28.284106220130916 -68.71309115157362 -19.610445211784203
-16.629473359818327 -4.578866507176649 1.295121291761423,-15.64456530084723 3.0639217981631743 -2.0548936527897945,-23.0712369030385 5.159172182761567 2.580662153210534,33.79894601391182 -3.8859562898387776 7.697168093377627,6.2939270342525315 -5.0973508970917925 3.3563921113707558,-10.145206557797936 21.28172633537956 -38.43608443719051,25.698375438671402 56.264800966783966 13.857223502147079,5.851219288577543 6.094209445861955 1.8010183281664462,-11.140390222129186 -33.90190884920572 15.262035953893522,28.643709457899472 -70.63598344826534 -20.510054672306023
-16.43098085878487 -5.980668354605382 2.2416727929110514,-15.762821228044345 1.8199661582797528 -0.8329329683626618,-24.149492492454776 4.455527249218311 1.8101480959291136,35.56733945999007 -3.9201345299432426 6.177752156390874,6.219515927982291 -5.312780888510397 2.244668770956224,-11.573570756714254 22.25467546989904 -38.29206735640437,26.083117205481038 57.78076039035827 14.530921191220935,6.009396289361016 5.875251351631713 0.5912730738154884,-9.49443060625858 -32.98220085706236 17.40810938415971,28.542999155582756 -70.09746955737407 -20.252747889454948
-17.14100756938869 -7.440461670027186 3.503380580326551,-16.160219798130793 0.4305590372569589 0.6432899642749028,-24.902072563427243 3.6310722184098037 1.0820023372662184,36.91130636924974 -3.8197607695592657 4.16448055411899,6.702695696239391 -5.621991816759405 0.9039711403208537,-13.481519894117772 23.89707206333503 -37.75472645247958,26.417100082402133 59.15798021287482 15.158922814671966,6.7267919173498285 5.609576703498623 -0.5835123655785897,-7.603426047206263 -31.874269702309373 20.3412609102756,28.252521927071914 -68.47316115635346 -19.477570046183803
-18.978043593709312 -9.194112929543719 4.282831879621713,-17.32358504018135 -1.436691050810918 1.3259687859089546,-25.677286740305888 2.8518874670596253 1.0960111916599922,38.466126350982535 -3.219113602892334 2.5404085105782155,7.766070920482241 -5.672814036361198 -0.6273084817212107,-15.507511203484516 26.537274008782816 -36.90450090512708,26.63053855510103 60.014938934351896 15.552551546031442,8.008774434081559 5.649660804963936 -1.5843490783215937,-6.479106880961769 -30.640129975289838 21.908399459029425,28.09289365781764 -67.40222333809632 -18.94677900519688
-21.76541652263789 -11.156888538327692 4.128088995803731,-19.367379450010194 -3.664442161196197 0.6858506452143193,-26.654180095173924 2.262773245957172 2.1034575947491243,40.57178850655998 -2.035604982727878 1.81474305501429,9.294505261487215 -5.301980964836281 -2.1717520973673445,-17.270369996505924 30.004665439203816 -35.968595761586016,26.649929397000488 60.022760003783596 15.558240765913515,9.715254504827987 6.1443072959979235 -2.275168448868451,-6.500348695395667 -29.506672116689323 20.94905091545911,28.18495828959161 -67.57790180290156 -18.99064396564776
-24.4573643292387 -12.538952101488638 3.347025188152605,-21.587122598755446 -5.1462437057987405 -0.6658511534790399,-27.63953044075639 1.9617279560405532 3.369221118900817,42.918843016883876 -0.8093482959077671 1.6744786445808442,10.869925738205396 -4.761684688427818 -3.2461794257516536,-18.34574466672514 33.03122650256025 -35.49700147537456,26.393592935070274 58.96835006642015 15.099642506984514,11.38623469839582 6.794380239286434 -2.5263245333404982,-6.654175686583156 -29.063401657709292 18.485825512102583,28.210196926677575 -67.61306088864411 -18.989351940548644
-25.893884630420292 -12.458199011752662 2.3484855674775758,-23.170215768510147 -4.646132732624989 -1.9667491901110277,-28.390812204556976 2.0402826702170915 4.027960181757361,45.111642348383846 -0.16256375107965526 1.6974495588076093,12.03426639505514 -4.359090530447847 -3.327622938357203,-18.304189917402848 34.20403544153418 -36.08174420747559,25.779093216967222 56.655139249476704 14.111142158513523,12.519571882626378 7.241513090683106 -2.2094757335205375,-5.743861079675345 -29.946523422133424 15.83115998228222,27.79216599447222 -65.8460277076144 -18.197684990082102
-25.512272996162487 -10.691103864239063 1.4771080443489168,-23.670647042959146 -1.8186595598027535 -2.710998755914694,-28.76694867836227 2.4903761365907733 3.6582030260623966,46.854012437256934 -0.39555446833979324 1.5745431467568374,12.465590539722417 -4.267060997787829 -2.2723639994121307,-16.989071971182366 32.592757628514626 -37.928414460046625,24.862707186805135 53.351883005568794 12.717716302314283,12.79356992999835 7.289059365425467 -1.3841291194397352,-3.197266184434871 -32.139425385844376 13.993822145211674,26.78485069743989 -61.5958514736713 -16.30681847948065
-24.26853053072774 -8.688662109688416 0.9142756079992427,-23.574497779353244 1.417382959083576 -3.045047408348775,-28.88480971285947 3.050721030627734 2.9670730226965154,48.10270308838809 -0.9901086851379208 1.2840984748184752,12.188087336242358 -4.3169767129314724 -0.9009722137467697,-14.93741481760863 28.4940972042155 -40.260041233595324,24.05340685895917 50.51048523657962 11.528943714824813,12.34534202780286 7.1515662684798 -0.5874207411205519,-0.030346453369667375 -33.965626183666345 13.210463227246084,25.62813053321717 -56.67519129099118 -14.117512904974046
-23.356155945768958 -8.16352596835227 0.8157419225430417,-23.513636650990136 2.789356773108887 -3.2174204841819583,-28.90160439124096 3.420457173299247 2.8381705751796247,48.85407511251982 -1.3000139390123215 0.8494907511934299,11.280187517477973 -4.28681468458331 -0.18472777601571252,-12.794737724501967 22.3970661067695 -42.14602111981271,23.815232733617613 49.7675464616937 11.230046356085875,11.38384674885354 7.107885362965327 -0.43107732304192864,2.492594895541508 -33.48944327283276 13.596702561630064,24.85348861235964 -53.286611209841254 -12.60402847991145
-23.580055343029187 -10.14295500364464 1.2561211468284816,-23.91248690687858 0.9020135894173114 -3.3979922077788167,-28.909947336389678 3.3970072035981014 3.848386250588196,49.11204738421056 -0.8884551610510273 0.32453829464784006,9.872741142697173 -4.039290910957692 -0.7412482330740204,-11.053794565867786 14.998663155141726 -42.93456909538994,24.414824894254416 52.053205879683944 12.209279224963991,10.119583824931803 7.333178078692231 -1.2786651431900444,3.514770496423066 -29.660370007051114 15.110253853343837,24.818377161490393 -52.93300516977777 -12.43320527565968
-24.599112450293195 -13.632875126070484 2.0707339326329564,-24.583681732223607 -3.052330768116884 -3.524681968920895,-28.81195367413033 3.067645665972691 5.670073767089455,48.902828729026645 0.0638359812126846 -0.14715892567868155,8.251191331755845 -3.6870303577797108 -2.1451428581360648,-9.756809393955301 7.60927407490623 -42.79618059046071,25.536657710394927 56.21413414442304 13.979093784301062,8.767598114550353 7.696806893816796 -2.7618852387834556,3.381223055158327 -24.038426436569182 17.243141603944768,25.36700322021612 -55.05382693981242 -13.365251708910096
-25.861981368591604 -17.2684130112743 3.0510042454043917,-25.227625790616717 -7.406690302659633 -3.49285869816112,-28.4747927569123 2.5728183686116006 7.809656012482298,48.25671690499083 1.2628432781142116 -0.4055311375464222,6.7293401983347545 -3.388502007572164 -3.779688499280738,-8.86335978008842 1.6518060426687975 -42.052192516741066,26.758411405539412 60.714804472367504 15.891281587785107,7.54376824728784 8.01203765092443 -4.378183191041632,2.6574624283154717 -18.662515106005127 19.401962953671806,26.24942266098337 -58.71000691389851 -14.994061088815995
-26.817316198955094 -19.68469533490076 3.9883560505907436,-25.544723745649463 -10.494079017377041 -3.197891326052427,-27.765633937184976 2.0529711197034044 9.773555874565702,47.20400967012593 2.414550519988989 -0.29050856871569153,5.6209898561146 -3.302174842857836 -5.028162004586997,-8.333023295590994 -1.450833764965115 -41.02394178594704,27.657766203188213 64.01969007997405 17.29763418910423,6.663972852722864 8.092136192600561 -5.625004581184107,1.9089984724626792 -15.571538559976883 20.99331504276401,27.21569135623872 -62.962475485989515 -16.91352672453072
-26.913771042414343 -19.516848772594457 4.674213313639972,-25.235380260913377 -10.647510915435154 -2.5351487831477373,-26.55164656739774 1.6485497274366745 11.068196241138633,45.77500478245471 3.224941497172452 0.357978553053222,5.239942418776105 -3.5865178461595213 -5.273840222133775,-8.125377511786894 -0.27573817138989654 -40.03276530979466,27.812402326841642 64.59326418369935 17.549943141946507,6.344090560434042 7.750368361430608 -5.999794990430397,1.7013410441681271 -16.804399343102514 21.423795011460406,28.01586517842875 -66.87216305003892 -18.71754192520763
-25.6 -15.4 4.9,-24.0 -6.2 -1.4,-24.7 1.5 11.2,44.0 3.4 1.7,5.9 -4.4 -3.9,-8.2 6.6 -39.4,26.8 60.9 16.0,6.8 6.8 -5.0,2.6 -24.4 20.1,28.4 -69.5 -20.0
