-3.6 -36.2 10.5,7.4 -26.2 17.0,-38.1 -0.1 -11.8,67.7 -10.4 -25.7,6.6 -8.2 -10.0,20.7 -13.8 -19.8,29.7 81.2 25.6,8.0 5.4 -1.5,5.4 -11.9 25.5,29.9 -84.4 -27.2
-3.9810205749011582 -35.82789313096738 9.683406074665957,7.730745305380269 -25.515835667275987 17.20792353934877,-39.1098638446031 -0.4195260338352253 -10.7900870508277,69.93883416700434 -10.90662721146894 -26.825517515282122,6.775169678641715 -8.334123061862444 -10.92006510353176,18.683473066034995 -17.88354871901741 -21.691873906023325,29.802895112085388 83.04215322292407 26.567471316877782,8.228423463706804 5.575920399360848 -1.1058516804396932,5.863273082983604 -10.189353538445749 27.28981280423744,29.956706180628494 -84.9236646628071 -27.5176896539025
-4.2081096135407465 -35.27323518905565 9.315897154520757,7.688064473272499 -24.998358829322243 16.60214740089748,-38.95346126585247 -0.2268824665247936 -10.991674255462913,70.33519040183175 -11.73043313539107 -26.61023661473857,7.025186117848701 -8.240097896218467 -10.494205252909053,20.809177723392736 -18.658357204865126 -21.615075563838612,29.86629827333389 84.0828275313194 27.101130132053612,8.394212133262362 5.592368536829061 -1.0011090570641021,4.615906934223925 -10.712214846955831 27.789106969709167,29.987482877531626 -85.92166971697762 -28.048724635458132
-4.298711377371877 -34.724506175658234 9.29373902448364,7.417349878672943 -24.707684676693614 15.558405682128427,-38.057971800877695 0.2701370122632614 -11.9398222615959,69.46787314087864 -12.653959663109745 -25.56642118182901,7.287380902538841 -8.013438392393518 -9.273836386055995,25.33529063595277 -17.213823935082452 -20.28847099682705,29.898989562055863 84.49282669384372 27.29726531515839,8.496483727647554 5.506142644632062 -1.0918119677349611,2.4237685689987924 -12.58395771821494 27.433273749945023,29.99973459016419 -87.13659360241533 -28.66815460199074
-4.270270127847666 -34.37018609216859 9.513197469473852,7.06399389657786 -24.70392839994494 14.452432480523902,-36.85057498680838 0.8637387128609053 -13.169591716916917,67.91568682054135 -13.45974868596833 -24.20633510001311,7.499085617630019 -7.749658439713054 -7.810374440896711,30.519988467594654 -14.639347387208684 -18.43092622836984,29.90974905656168 84.44295447915485 27.252165735823013,8.534355965843256 5.374040954997275 -1.284000250314004,0.05272500258603874 -14.91995594490778 26.657704398474852,30.00086581798101 -88.31101475902402 -29.25102921082421
-4.140230126421226 -34.39875493998017 9.870538274410634,6.773388901983498 -25.04720518963106 13.65996189356619,-35.758450360774134 1.3461289456001042 -14.216043269116225,66.25743587721632 -13.930342095310186 -23.042242252750533,7.597631848040123 -7.544271927502527 -6.6552353553553125,34.621447882197934 -12.024326038783133 -16.76130728184818,29.9073568351617 84.10401465591059 27.06212026367838,8.50694656683034 5.25286170015212 -1.4837137426629652,-1.731356749736507 -16.835583319719046 25.8977901688285,29.99828106043688 -89.18751162670752 -29.672398119282406
-3.926035634545672 -34.99869272048641 10.262027224213226,6.690927269886114 -25.797630236306812 13.55672801873758,-35.20877745990452 1.5095140208128244 -14.614237565884077,65.0719247472999 -13.848281782478665 -22.586406523500955,7.520351178687035 -7.492792745087391 -6.359835067355915,35.897845543642156 -10.458158367345098 -15.998480180643252,29.900592976166287 83.64681099276869 26.823417768355384,8.413373249589682 5.199403112324017 -1.596992282643578,-2.1626096726910142 -17.446213635333436 25.588922314535814,29.999384816986613 -89.50866264536955 -29.807310984689174
-3.6579651319077127 -36.24005843895972 10.585124003531222,6.917976149046149 -26.931159929519602 14.384279841784352,-35.513340563059366 1.2097856289020699 -14.036834274801713,64.82237373114091 -13.092223037993982 -23.199641384000877,7.23714975653529 -7.659862642124063 -7.298384778767601,33.161562445160015 -10.779680864743654 -16.664846285090395,29.896979972334513 83.24081749531884 26.62890180748872,8.263568515535699 5.254853104861956 -1.5519920231181086,-0.731045821381596 -16.132609241744277 26.055338590492386,30.00877398169711 -89.1140577425473 -29.58042161852334
-3.4362601261224257 -37.54736407099576 10.743796589039354,7.3159084730231205 -27.964976743792633 15.65268457456621,-36.35487108976687 0.6500028485326131 -12.90658503604513,65.34192064247421 -12.064763032474502 -24.417160398591342,6.89550706825301 -7.941830424315482 -8.879101528666974,28.246107339138415 -12.461844319190247 -18.21182137171782,29.897184854608827 83.04825924685714 26.552634548602335,8.126419366595869 5.37530323730634 -1.3974315334429168,1.6784520821267181 -13.722242113863869 27.015346948333377,30.015740381307445 -88.37212446526739 -29.1867903937964
-3.384885148227181 -38.12622987525521 10.644219785343084,7.664720074398966 -28.26070235741263 16.62397900818041,-37.202801576449986 0.15094207745983634 -11.90058224606743,66.25005528650047 -11.346156849032237 -25.494233188068883,6.703114066788418 -8.17798022235793 -10.182653608909705,24.009391247481837 -14.51445577713689 -19.72767203895352,29.899550107866972 83.22890337026197 26.66230977622285,8.090803062951688 5.487990646306971 -1.222909618078903,3.7080293692536928 -11.533133697281288 27.981797009192235,30.00438620909672 -87.83060831755787 -28.913166985465857
-3.5954571000294537 -37.37227397730098 10.23121853229968,7.776787304577013 -27.348968378551817 16.696399062284268,-37.61685502872539 -0.017970223973665767 -11.580266756411616,67.21027462549895 -11.405684715961042 -25.8183443046723,6.820341039006141 -8.234283714660949 -10.44852127986465,22.823293898234994 -16.055545673584472 -20.438718968588695,29.902367558994197 83.86380355268027 26.988118465440536,8.220016830038597 5.531947632638205 -1.1078849684171033,4.223971222329083 -10.69767153332888 28.509492815309965,29.96609003223711 -87.89554698801417 -28.97176613474274
-3.9528928911401 -35.8956031576861 9.696432947365837,7.671693880930619 -25.840535802925686 16.139251385098394,-37.73446529260531 0.08415558182355821 -11.767196627847825,68.16821489453513 -12.003005706598751 -25.622769831179994,7.10504965473606 -8.147438246584494 -9.932075195829535,23.950530655662813 -16.896666565868998 -20.45479333181842,29.903617512237233 84.53134831850811 27.320784900189047,8.41389619997465 5.521681297609962 -1.0668489024975103,3.526398539923053 -11.160222540816902 28.422226312902335,29.93872538493258 -88.06708235947957 -29.098336529745055
-4.2608155401213486 -34.7839754409203 9.328574105494125,7.45051695900229 -24.770974160668196 15.56442961844186,-37.920276489330476 0.26899753262447956 -11.99193837178693,69.18047604501841 -12.61868906828109 -25.473430684087287,7.296126724190735 -8.021286564031486 -9.288229727208464,25.431000828957757 -17.122129182498977 -20.23320577819981,29.901157751821582 84.61223094048569 27.356852523397734,8.507988182435561 5.50138253761339 -1.0887414525821728,2.4793513734753745 -12.397912116074286 27.649580808536594,29.978451998420912 -87.48907282319377 -28.841235562650812
-4.3379726389651525 -34.97043368618707 9.377761300408089,7.22415441048821 -25.022772483647792 15.508450029216977,-38.4310646347956 0.3646545040086916 -11.864319617248617,70.17763255252383 -12.78327813508403 -25.820558656938807,7.178220675311717 -7.9527434144271725 -9.102622000697647,25.562199554772324 -16.820055688499043 -20.169734107427626,29.8938813346167 83.66373939507672 26.880479761829484,8.372617907247559 5.508184986434589 -1.1578255675433389,1.8906570875676854 -13.813602537713626 26.27286780773329,30.119282456497942 -85.61909614902675 -27.908267144720217
-4.118212626743037 -36.21697315202706 9.802407394580673,7.175827211909057 -26.320604477684082 15.935317795577587,-38.7090486271342 0.32492733634959275 -11.594932050159155,70.14136572163133 -12.40781689510351 -26.239169111135226,6.881951092000788 -7.985462422612498 -9.433187558109546,24.599066323133243 -16.102301355189102 -20.191578514920323,29.888462087380855 82.5735684312116 26.3358175155439,8.140573383708132 5.525663496800405 -1.223682144136913,2.135647059231268 -14.260578027518985 25.51151320226065,30.228496975760272 -84.27828068113062 -27.208613044831367
-3.587718637175842 -37.75313064724351 10.428290544537036,7.521640612170272 -27.862701923219998 16.548725563031432,-37.82607999435111 0.1607717399561136 -11.667526106117196,67.62190882140357 -11.576357494474756 -25.906329122808348,6.695245651575685 -8.138880149368045 -10.097923643567496,23.686562332213676 -15.091512554932727 -20.012883719429404,29.89511164069043 82.83432956396999 26.467105740738905,8.063980705954522 5.513040516362961 -1.220122650366764,3.3930029794194834 -12.342237593395877 27.102427076154264,30.09756497082587 -86.36242711170513 -28.197704211882886
-2.7626291948850343 -38.86289513191497 11.081566569838188,8.422876969469469 -28.90884300311799 17.06907003469765,-35.05169440894402 -0.10749531193531707 -12.482433847736278,61.5393261024108 -10.403522127214897 -24.152628582957906,6.869231807153001 -8.420014067285875 -10.905398101035134,23.83928253736869 -13.933444335882573 -19.402058551347736,29.922148663123647 85.66563509347438 27.88235934428291,8.357884955480845 5.436054469362956 -1.0942153444770135,5.7390492715130605 -7.014922447763792 32.40233875224833,29.56069778292855 -94.14860781104764 -32.02284443451301
-1.9231160425374538 -39.33828368484239 11.597683007978151,9.551842165947392 -29.28964957299872 17.3769316182056,-31.429876345365255 -0.378869853733414 -13.685980615078295,54.121656338738354 -9.268033648560438 -21.69164115256237,7.320758660287041 -8.726529875437594 -11.591062676778144,24.87274206996315 -12.978859891521493 -18.61957938577052,29.9609006424448 89.83242654071155 29.96480530756495,8.90225457170586 5.319475653695467 -0.9116182056792512,8.348708815127548 -0.38464488851860257 39.36412014666339,28.835575146084143 -104.36385893753452 -37.06692054030564
-1.4877116044689085 -39.2375341177095 11.816956512680397,10.324604936585171 -29.134881302557716 17.436831396196535,-28.934470345079276 -0.510065712529637 -14.529371448996065,49.33040810575415 -8.687010937498433 -19.961662096070945,7.791504245301503 -8.898789930391146 -11.852054267160534,25.97410519304703 -12.685952332467647 -18.18377955009696,29.99379121948111 92.81333030015365 31.455847990094256,9.40146860059205 5.219008695668805 -0.8001334947018399,9.924545242901555 3.7920683487314455 44.15692810139646,28.340824798565702 -110.82684474371308 -40.26418869597458
-1.822753898467528 -38.636720096010656 11.60436065135056,10.218673797744477 -28.584808271883833 17.22958204374754,-29.33587500335409 -0.37791353419911167 -14.337565420406044,50.69767692664619 -9.107856485539095 -20.255580918074447,8.03894934402068 -8.796505185574022 -11.431254732558664,26.37326306264369 -13.439685479698428 -18.553752756446134,30.00397767682554 92.33351378826897 31.219707429668578,9.58217022931098 5.185590097277762 -0.8749731563627621,9.32699559456346 2.1769908946652246 43.34449847854223,28.450551927855255 -108.02799769963659 -38.8816018389401
-2.728078354073522 -37.7762427901885 11.085933450884609,9.387120004571361 -27.863260150590534 16.900956139809825,-32.159898808492024 -0.07655517448190084 -13.254654369176244,57.0392940393893 -10.225623335850516 -22.25643380370948,8.0045314435172 -8.48995165409185 -10.56030694235831,25.811922446841816 -14.838304693006611 -19.536214453336555,29.983229481931012 88.85308048451166 29.483123015252453,9.423529935433391 5.216697205013435 -1.1120127173470402,7.135034206107321 -3.9774457482684165 37.84206002975807,29.04788824243092 -97.85415649301405 -33.84999167154494
-3.6623146903420314 -36.99547817546387 10.544952615861726,8.389907682687694 -27.24439472629655 16.69608196332709,-35.58042886647013 0.16898050825117425 -11.91809553934016,64.33047469951677 -11.282222863089517 -24.67763886921739,7.740485544617139 -8.176229131114585 -9.765235558360821,24.340057742466296 -16.006213134340104 -20.544951277389735,29.928503239458607 84.47939166002321 27.29348243099719,9.056815919161828 5.27760880261722 -1.4032050841579604,4.962714072180769 -10.653847104414075 31.185754903842376,29.720251082984852 -86.64703096463576 -28.30695184753441
-4.115934119347299 -36.60407010062642 10.249225563580012,7.755380456595229 -26.971225245693503 16.83112477681656,-37.858348142148955 0.1540231356891595 -10.949969111057765,68.75289174231628 -11.572124169185804 -26.286358406135435,7.307595190936741 -8.039816787189624 -9.53148281650696,22.081340694128087 -16.13092516159892 -21.022107427216266,29.83918150573831 81.2447804541491 25.661452734818077,8.61492224791074 5.334713507225211 -1.6409954245421978,4.3049369365915595 -14.070822384438172 26.73676730264832,30.078560763268072 -80.40999128081009 -25.22271666598917
-4.0461672042273324 -36.51438921901637 10.241282146091464,7.536411981804762 -26.879987107157266 17.134736849043026,-38.603493927966305 -0.04298998507466536 -10.689247133190003,69.62496656249625 -11.140906803118236 -26.706714875533464,6.856415111711438 -8.08166783540564 -9.774268819477179,20.04695999426181 -15.289544419859508 -20.841153785746716,29.74473291477838 79.93368057532507 24.98441259507322,8.224809579655135 5.3742343953223894 -1.7388549532495807,4.952429546707681 -13.94796212030117 25.16058896339718,30.085965865084432 -80.04111931893313 -25.041639375520976
-3.732651298562351 -36.364395879002686 10.408045227384324,7.457452399001573 -26.525940212376632 17.16790185191156,-38.35747281935543 -0.1480692993215995 -11.279349098977438,68.43178102586705 -10.552968218528589 -26.15476269906469,6.599508091856125 -8.175967777026665 -10.014941565612544,19.861142917086752 -14.17364457228512 -20.17349346074389,29.695407592632414 80.46855853326348 25.236121226451523,8.00934016172351 5.396094888902095 -1.6247783012497152,5.518786173168341 -12.423105452425451 25.260703816588194,29.948911189471758 -82.91209816490543 -26.4633600215362
-3.4521506571258405 -35.8117649975084 10.632610511820266,7.253024642828757 -25.497450707551938 16.522754206511898,-37.67157577817716 0.09569522482500159 -12.8204289760672,66.66660729874677 -10.355687511917937 -24.874659918207758,6.733227886011106 -8.200854196279437 -9.798110406370768,22.999329576034146 -13.460420183686415 -19.204421993847482,29.737643098695425 82.70892893853656 26.358141907793843,8.080189553797299 5.400937586722505 -1.2387082803686857,4.687074468815675 -11.58150145524481 25.84462604088588,29.869085742100346 -86.40290154300774 -28.191840184152376
-3.3366404619211325 -34.90659912434048 10.786681321820767,6.916536291149553 -23.986099069889395 15.360032786583512,-36.95904134323789 0.6183211714369419 -14.79887067280761,65.27834127169606 -10.6702353680035 -23.365042257302722,7.182027370407083 -8.135390376426532 -9.153154084330545,28.427505811711082 -13.412329307088749 -18.24337952104606,29.852000520312412 85.80037003058857 27.92156235355984,8.375925720077671 5.396366136879698 -0.7023319123525719,2.5884366231872606 -11.938537823285188 26.3602447054202,29.898580099740126 -89.11654432831233 -29.53957489505969
-3.403590686611009 -34.009348869434035 10.732951411318458,6.64613164291352 -22.66051270647977 14.290152467433872,-36.52393046720914 1.0913060089122084 -16.21566325960388,64.78536348160519 -11.280719169320319 -22.325796954609626,7.655328921150674 -8.038455832535263 -8.49282709733593,33.127076868736225 -13.963839148005139 -17.697984876266514,29.96694309647208 88.323849534038 29.204482824992375,8.698215953281661 5.395489274210444 -0.2810670836005714,0.4992122730076888 -12.768090713406375 26.761883922006998,29.971176192376277 -90.62327310130314 -30.300312697151668
-3.661882060238715 -33.48018091924775 10.347093275926978,6.635722212916779 -22.176489021768756 13.909222199701848,-36.64764935849373 1.1946307478718434 -16.11351563797825,65.64962250520415 -11.963183265263776 -22.422860907361994,7.868255405208948 -7.9692530100547465 -8.223779211067095,34.17086570042756 -15.026892081211221 -17.95186812080561,30.012739163050103 88.91474974529103 29.512414149778472,8.85269628124355 5.410935065129198 -0.23031553319775055,-0.3278365320915801 -13.333998615102358 27.020964979286152,30.019863699208635 -90.55670687276158 -30.29849101970662
-4.014843900792036 -33.51000635689142 9.760329926631584,6.88938824309476 -22.690168021196484 14.299616892767666,-37.231445151623454 0.9086289229456056 -14.597455186741703,67.4697783152557 -12.515731735624986 -23.55992823443293,7.759554339563162 -7.951105896071153 -8.432389158149048,31.445469496057882 -16.251248509975728 -18.87330107983591,29.982029836942544 87.55788145216859 28.835146459671027,8.793934866314979 5.44313831670095 -0.5360847396914661,0.30013286545048046 -13.361275650537427 27.172045100322293,30.024754052773705 -89.26464559972514 -29.697612364130293
-4.270334689011098 -34.136645236193516 9.335028813109908,7.239508333741403 -23.90575155283462 15.07904103094434,-37.832712590083496 0.4853017485206859 -12.733372180201018,69.06364972870126 -12.75642159980314 -24.95124745175793,7.470240859908364 -7.974886552823682 -8.915351778152221,27.38253320358276 -17.04952627281426 -19.864416075578166,29.923872170805467 85.45860821950296 27.781397832692523,8.611208402294723 5.481505080740228 -0.9407161297395816,1.6172701908680598 -12.992067492548586 27.30678771320066,30.008580126654095 -87.74086310356529 -28.967862259499608
-4.240759793330748 -35.37770196792997 9.425098003611774,7.516548576311121 -25.50692776988447 15.855369880529977,-38.01292501512932 0.179483732011231 -11.588969398651583,69.26876293831688 -12.516060479418124 -25.810036824257935,7.146553127636874 -8.030113307833597 -9.461595557664554,24.438289923843914 -16.85575779413464 -20.33175093388876,29.887874163301014 83.83580550106906 26.966790112748868,8.397541431905035 5.515033568744177 -1.1860437733157694,2.839696492473335 -12.385493102174873 27.514974045174565,29.995017399089132 -86.96997774769494 -28.575504508658472
-3.93376858838333 -36.89142850039848 9.974055651274563,7.655455510751319 -27.07396910015742 16.405471597008187,-37.73612504092526 0.07598899039280994 -11.429935484233427,68.09217390144877 -11.919584422640014 -25.931588963094214,6.8842558294346 -8.101794396491549 -9.925343737028891,23.42839348017292 -15.836353132580616 -20.20011416996018,29.887421456168795 83.16360578222518 26.630567075116723,8.218928343534204 5.5324659437031265 -1.2161185872173177,3.587213055457813 -11.7481953999212 27.790073959207433,29.993243646446516 -87.14382206661188 -28.620807119651797
-3.5588950986647108 -37.96450201513223 10.501071802814431,7.69920971693919 -28.08021486802497 16.680955015113575,-37.38261674998939 0.08382851274045573 -11.692666817467531,66.75024641348449 -11.396061807053059 -25.71306835182962,6.726923472288966 -8.170274564699447 -10.228335117021714,23.472118997963506 -14.915009626109562 -19.930212423024162,29.898445338582352 83.14606836480239 26.62279304684599,8.113414021000583 5.522279611372843 -1.1840861391482165,3.897031383469438 -11.33595765176964 28.025970209617313,29.997445847050138 -87.63447851590304 -28.825594048266254
-3.3327876466744413 -37.88960304178487 10.519997018402488,7.694573777034464 -28.01145349846572 16.64366106533587,-37.34111350428936 0.10625297567071179 -11.790565443646207,66.48311384132829 -11.375965043148879 -25.570017692338403,6.714624069368173 -8.215447694325732 -10.296563707237606,23.63424527231721 -15.020416745684388 -19.99237245850896,29.895932600127324 83.45502005676528 26.777286161652874,8.116541425222056 5.474179155974442 -1.246931202750206,3.825776801874922 -11.397929108333296 28.11363330570552,30.001233230839357 -87.7923714099698 -28.901283528384724
-3.402223418004083 -36.69426304034094 9.99738862353268,7.650124938415143 -26.905305180093055 16.324294373655825,-37.65755299882892 0.1211631117158734 -11.621801483923056,67.51411394026519 -11.88885218659064 -25.619792048233638,6.852558307151496 -8.209725879273131 -10.092210682186009,23.734370161856376 -16.130484130982047 -20.37734305275544,29.87974895568543 83.86704620341742 26.98218700690705,8.225369311664165 5.417213955618175 -1.3772380402955864,3.434957327805881 -11.900681523284193 27.997456821479744,30.001832464501742 -87.48113368431805 -28.783298035973296
-3.8313741953103557 -35.27479362641573 9.435018145380903,7.529295699061519 -25.45179518900774 15.834973917750165,-37.97262516338519 0.1947149505296855 -11.657663860841705,68.86447419634595 -12.490298854963065 -25.627213075218005,7.104704849723007 -8.116675842710086 -9.620239622261641,24.48447907812288 -17.09905854620188 -20.50889017947157,29.8791733190588 84.28258330764642 27.189859086207125,8.391458345469372 5.426948912512342 -1.3295827462044627,2.7918535582959776 -12.476708388109058 27.684993941358734,30.00074694233234 -87.17114101275789 -28.671889867940674
-4.667740103496636 -34.55815293809751 9.355468058494376,7.2945143866615405 -24.365384428165626 15.291569577767802,-37.91076505598125 0.39632330575774993 -12.391941036222947,69.49680061856134 -12.716062196097342 -25.338822445682244,7.431488666147194 -7.902495235460517 -8.893251456130235,26.62619080474949 -16.744178255285938 -19.79549880615633,29.92415930432373 84.61834693878424 27.36085054771497,8.56401198908948 5.577834057390683 -0.8554398368440981,1.9651448224709727 -12.747492800194328 27.191168397081377,29.999705720450695 -87.36097167927639 -28.77979470088678
-5.451154981016005 -34.63851144711023 9.850652050450362,6.976579440576838 -23.795805788222193 14.769403671547932,-37.40127721624012 0.7170124828271629 -13.866411752075873,68.83427145036937 -12.424072506573152 -24.589798118143865,7.743289549209837 -7.667395152162421 -8.144240945869484,29.96696796966248 -15.125311785290629 -18.390462705220084,30.000987699170953 85.18037288016093 27.64663493866952,8.70375924306036 5.782182866618301 -0.11099730881301278,1.0689553052408176 -12.687785613950773 26.689722403678566,29.99952892321155 -88.25763938718697 -29.199890184770407
-5.034694053387126 -34.483464711920725 10.429885541681573,6.698778725432021 -23.128841831115157 14.288946760189257,-36.785886208312085 1.0417620130127052 -15.511386988031045,66.9231158593112 -11.908088087831887 -23.335223064592224,7.882787393628743 -7.692876816904429 -7.904346274487416,33.05056945901918 -13.98130434891451 -17.45463489697754,30.036859753271752 86.80135983775601 28.45696504553362,8.787020575697358 5.732974426713875 0.20007028223021128,0.2788858878341919 -12.750229718938527 26.56924396012433,29.99980709417067 -89.67373636185842 -29.86291294438853
-2.2444890044836323 -32.99387698135106 10.566570196445488,6.589546008157198 -21.703842811135225 13.86684684959762,-36.43367374836664 1.2474553634878236 -16.719283565993425,63.86124832521865 -11.486998211144277 -21.54191398274561,7.691011506604632 -8.268754849796357 -8.719336747865935,34.345371780905595 -15.147845481030302 -18.203059396500258,29.955925178416113 90.33384165915145 30.211288022309137,8.792495848782671 5.113181066738757 -0.6530963381156385,-0.22507340795049713 -13.408890769023685 27.228599826180172,30.00004802424442 -91.39060667499201 -30.68625422131549
2.7850519483129736 -29.86479039791412 10.06055483956517,6.6921588731916675 -19.32786728629356 13.524010996101989,-36.59866333787432 1.1768543932440367 -17.213095887208166,60.194142604962884 -11.131368955404257 -19.370038437796804,7.19828824275268 -9.411537168234496 -10.743063117385685,33.17889373724083 -19.118857624816698 -20.81106839510332,29.75085979809214 95.57741549414435 32.810707775330954,8.775244831819268 3.9395097564998194 -2.700706989533358,-0.26141195240444304 -14.387869163190638 28.76835918928915,30.000031102138944 -92.9945371209071 -31.477137135938914
7.891691960684021 -26.022222839343563 9.217681394740282,6.917902822113988 -16.532921685368038 13.287947784187189,-37.35653824552231 0.6198324685908544 -17.228213600897643,57.16098933482626 -10.271865451321723 -17.2794578395241,6.728354380180457 -10.71410630040918 -13.521902374950393,30.210324685385157 -24.308524231326746 -23.84244075727934,29.520554908920047 100.69962661096555 35.352896177050084,8.908685151277325 2.7459561589594834 -4.886964836892231,0.35373782644230883 -14.24881915535716 30.826729999800726,29.99995669313456 -93.76947571398112 -31.872024220807003
10.754914586907914 -22.49495301604976 8.386171415215477,7.166988938113579 -13.912184083859705 13.186304663391171,-38.76417712845455 -0.6339721834060513 -17.043303126625535,56.049456049118696 -8.301113903760934 -15.753108877941497,6.6274266669795034 -11.735120870188569 -16.549076092052655,26.216014578161072 -28.958824289726728 -25.732316580409346,29.37233338967094 103.74159691555145 36.873261101728254,9.374093961780577 2.10693225461929 -6.0705439604332545,1.7996995621596201 -11.472130162412542 33.00182688446837,30.000058809555416 -92.98243581686465 -31.497219784766795
10.506973788773095 -20.03036790092535 7.811145397667934,7.364780879609405 -11.95188299485663 13.208155077471062,-40.567038831082584 -2.406994098046502 -16.865077803073895,57.140378859518584 -5.367395684088055 -15.030724723427165,6.993590943364283 -12.232578660119472 -19.23691770896585,22.20683603427543 -31.913966652439115 -25.814033209415467,29.350107575422822 104.00038970623015 37.02298299092532,10.143985920421335 2.229852505092641 -5.819618430692061,3.8290016905155575 -6.222335059456991 34.86296364908225,30.00034074396961 -90.71622236520744 -30.38641739022512
8.865225989140317 -18.87513771945252 7.55426278140892,7.481399538367229 -10.947937729404236 13.273932747925107,-41.95643260875752 -3.831378655825262 -16.772215537099346,58.92300838348248 -2.963627228196839 -14.919275038855307,7.483401602250239 -12.319187424141578 -20.853825942344823,19.610978213039655 -33.08978573197968 -25.01920663197288,29.38495521176073 103.00792739440837 36.548966132828554,10.81939754613723 2.669085175305043 -4.964867502478409,5.434720699119217 -1.6607812052238886 35.92820507015155,30.000395239414438 -88.50528385249923 -29.298231038873507
7.807060990878475 -19.221460740022703 7.657550541821185,7.4917404019166725 -11.173943968050033 13.29734977291322,-42.07100509024592 -3.9728354404910933 -16.829645133905,59.708094262623845 -2.7131971040676457 -15.181216969956447,7.709220674259385 -12.14420484195363 -20.658495611122145,19.89030757907296 -32.51523518619382 -24.440704416859848,29.39666687741192 102.51959535765738 36.30770968609816,10.96501133826212 2.913456252401824 -4.463909630392667,5.537278824368595 -1.2404448324810902 35.7139822509449,29.999776837987397 -88.0262437089079 -29.062308269913018
8.357733862455234 -20.83959489178765 8.056573418271658,7.394463647912205 -12.503807770905317 13.244398297491584,-40.70826049176065 -2.594405329361407 -17.020932895742447,58.719297372706016 -5.037683488602163 -15.593476964603758,7.478665683883986 -11.854735788976758 -18.667828687302567,23.127011460401373 -30.611136988168628 -24.65391804290297,29.355863873632032 103.26976335169408 36.6601043114266,10.43190595913216 2.7140484875487325 -4.801211675206204,3.8889936796419398 -5.860329849335739 34.27572971584846,29.99864857080567 -89.85318195180974 -29.962782671454438
9.592628966256166 -22.6357091493929 8.468872809720727,7.236897012746942 -13.992913350011516 13.188134444399845,-39.01497331955314 -0.8871895494465768 -17.163023369194963,57.049823737261285 -7.897484652999952 -15.96261306309745,6.999216647702157 -11.593476426355405 -16.45145478058901,26.577840999354553 -28.60081775757564 -25.17450297422591,29.33726341714544 103.90186969199331 36.952087158246876,9.657668963570945 2.3590186017597863 -5.492276338512422,1.9458161641244236 -11.189176378662996 32.77270368941571,29.99841958980485 -92.3022869104494 -31.166633258249828
10.350263126162924 -23.412587298103997 8.585969498718706,7.072298406164791 -14.598544165006821 13.214534458240587,-38.30061231120753 -0.21456351586709427 -17.052969457733603,56.019479247838795 -8.956118948852108 -16.099242771158057,6.526982712802847 -11.502283455205689 -15.765660234108502,27.160014902991357 -27.80317691022312 -25.389342953486356,29.428106950696865 102.80714341893356 36.407163483240815,9.150829374560859 2.201664016816116 -5.934925108141334,1.3690466964773402 -12.265338111388198 32.496602154568215,30.00064453485064 -93.41664687179747 -31.705721943385857
9.995806646684317 -22.64932232477304 8.28824296746244,6.945846763915934 -13.871763563498648 13.356635502942575,-39.1707808693519 -1.2171769249961493 -16.63056369365152,56.300471100994876 -7.12960228125964 -15.934639510561457,6.225291443214963 -11.63918090981316 -17.397181273174947,23.588390331709984 -28.784770575733226 -24.9613443793801,29.653611175638005 99.44352373600113 34.76448601388573,9.175665160618257 2.4216027962386586 -5.796298712306252,2.910671203829558 -6.932756627342812 33.97964612486171,30.004893839079852 -92.18086234713606 -31.079630970100517
9.139329470651745 -21.423661951139206 7.90249550846435,6.8836240022248845 -12.76720744120684 13.522337731462017,-40.567290675592965 -2.827305715183825 -16.173005497891527,57.03421744350193 -4.294595094324149 -15.685282273319112,6.038153976810146 -11.864029780913954 -19.840938659234297,18.827069049271053 -30.333771336823247 -24.205873982321275,29.892379164117422 95.79043151365344 32.982091190590815,9.419095437522813 2.787911009171439 -5.380152726135069,5.173244681452829 0.3327984004857276 35.958810518920494,30.006047682303347 -89.8050735444107 -29.89353647070679
8.570281505394943 -21.043248794994195 7.819705859216259,6.908908543696696 -12.441348314749234 13.601516592218116,-41.19256962448967 -3.7313071953490957 -16.00600790945789,57.14187441172371 -2.7539116757774362 -15.608641582126694,5.877993683123841 -12.00818577146506 -21.26199359154287,16.45156794981817 -30.98256177914596 -23.532416826967474,30.001921067499588 94.19002601775057 32.1933649364746,9.48493924027603 3.010530172770006 -5.081981395306058,6.449890933164316 4.101117712406178 36.91272557724068,29.998318346259516 -87.82003708470356 -28.91188418839775
8.771989828274831 -22.112117863208887 8.219815160271953,7.014603676571013 -13.429904746927418 13.51924022401048,-40.39877005906211 -3.201072866886945 -16.301868556536427,56.13259949402986 -3.7767465170518397 -15.821405836333257,5.7206176561079305 -11.984525087717554 -20.641327669643122,18.40538806263814 -30.012930930751082 -23.26052819601592,29.898099793851323 95.96695072641607 33.041057818051506,9.181762327391352 2.914735718218559 -5.145898324437531,5.754964293662651 1.35401549060337 35.98894176789543,29.982443453914684 -87.16463513555533 -28.6018321862686
9.389847808872831 -23.308356547767588 8.705102585251295,7.110468452619726 -14.569438585596144 13.296907841436575,-39.31650042829762 -2.1112457704456102 -16.81294923949281,55.125054942338295 -5.803021727524074 -16.05490803197826,5.715329880549098 -11.929065664986696 -19.193297920628282,22.164800367779893 -28.757978135143894 -23.463603372775616,29.656504142273786 99.66065738010079 34.82493038841917,8.878572751756439 2.641500452896961 -5.401650957145281,4.0770049921347145 -4.324390863118109 34.166009248067716,29.977022097012917 -87.15764346654132 -28.61678880451104
9.927196951902218 -22.98384459755561 8.779993624255022,7.092198653044641 -14.408708125603878 12.972276970515246,-39.377631931081744 -1.6080585794808793 -17.22044148708628,55.51050768237162 -6.793232647191233 -15.975212492237583,6.040804019514267 -12.015619253868774 -18.51069893496889,24.449082584373876 -28.898281037544933 -24.173217404744246,29.3798066236317 103.33845906227361 36.61708129296357,9.039313672051744 2.3853148863995632 -5.608741871677529,2.739165882285422 -8.231103689080099 32.73282078918714,30.003674180569927 -86.84334499592961 -28.47229015208293
9.962818535860732 -20.4619539742648 8.207123432503709,6.9503008453496795 -12.329864644600057 12.650202254172909,-41.21695571300381 -2.367312058834793 -17.29794521089145,57.85350904814781 -5.536693089218526 -15.44537348018052,6.743312467726205 -12.303122085390056 -19.496219728214943,23.256665878782503 -31.181984142587606 -25.19753978440435,29.17263071120758 105.38638728947299 37.638802808506234,9.872942911310776 2.30860312069487 -5.567070800025286,2.711623369301509 -7.310464479871109 32.64867322095403,30.062747092391305 -85.84456960687744 -27.97581508510414
9.315386813327885 -18.15533096447125 7.570215052878159,6.976772976984127 -10.365188273936477 12.648902269502269,-42.934606531197005 -3.568867842053242 -17.11291223469833,60.08971513626777 -3.458299113746948 -14.954858888909609,7.4481012508994855 -12.485214623418544 -20.85806396033888,20.653596010700927 -33.39216262865145 -25.634326646265155,29.14580379636654 105.20397493127857 37.58581206978765,10.7775835372781 2.471820422114892 -5.204997474384294,3.842114516786173 -3.7452329885538336 33.824772336467475,30.086943168292937 -85.62388430118399 -27.863199085980188
7.851153376130408 -19.089279673350884 7.615828658702825,7.5234032658930925 -11.072527544623295 13.328907702341203,-42.12805187144532 -4.09591265497211 -16.791071795961138,59.633427720134435 -2.5056364252110335 -15.117365916626108,7.696920772063047 -12.183092985658044 -20.869225716208593,19.51260800421088 -32.72386413690818 -24.440452629925694,29.411381736410355 102.39176931373001 36.24792224460777,10.990556257144418 2.9151984583707993 -4.476358984265409,5.75576762796927 -0.7570572042298724 35.964461440335164,29.995549207258172 -88.00870949897475 -29.054387608206632
5.482625326636706 -24.97833612160455 8.797079139079024,8.762193876591825 -15.94330500322941 14.848950358490645,-37.46934546047127 -3.2308131571533343 -16.42143566024878,55.15310441903114 -3.9560547779730473 -16.30555187090167,7.297444434556141 -11.190539924776624 -18.461289768178403,21.57197003838027 -27.516940317950898 -21.261870759140876,29.958417471741832 97.34812732207433 33.80115213815653,10.127367314729904 3.634408910814588 -3.374169553529751,7.967927885126227 -0.4397520773700523 38.73765741245472,29.715765508315016 -94.10734876914908 -32.10155208985843
2.293642936418742 -32.68187318560501 10.48014255257677,10.199208711277887 -22.518837760329294 16.620286959084375,-31.61087253764345 -1.7345222852715056 -15.957011887850882,49.96267088909859 -6.604310002010921 -17.999247931514024,7.042340291517402 -9.940609380471251 -15.005300065976828,24.36781745153191 -20.351665136475265 -18.29692148144576,30.320353804062627 93.42654002123058 31.852049265466874,9.20434473225249 4.460070614268618 -2.0365578477544144,9.587297244289614 -0.7095717321082429 41.69046366242246,29.20410444652875 -102.36445398364229 -36.194607085996
-1.5922927258010802 -37.93537371217145 11.77958658168178,11.186357969983044 -27.426058799079172 17.88114609622646,-28.126399306965332 -0.7102612634475556 -15.319325928936264,48.45140186415648 -8.670478462142787 -19.471610784856495,7.952286379100448 -9.014336007386028 -12.436995043421271,24.46356127547572 -14.789900243984983 -18.334780751210136,29.925167317559566 94.66456320098834 32.3383048964136,9.562083623090993 5.184595397312679 -0.6352441275547113,9.628446474964603 1.4842659986860207 44.34032282765071,28.42386365814423 -110.6080856671104 -40.208127196461305
-5.807155547489541 -37.6183087793161 12.035524078412333,11.253894564178944 -28.172443586414204 18.07251618923157,-29.56631116854472 -0.9639785464757797 -14.47426832003171,53.50526660894277 -8.827767843493 -20.12934476823062,10.641148579612176 -8.87352313823765 -12.241160268031472,19.515227144704298 -13.483675793967985 -23.197825812698373,28.43564950881949 103.54679522261608 36.46245739976781,12.071450409382823 5.607685270928916 0.6042160460375592,7.49680812267447 8.184116792308565 46.30654744176096,27.39861406564531 -117.00056533661262 -43.20513052578148
-8.92658031766354 -33.55213609326185 11.562414641977439,10.702505288433672 -26.06937838288708 17.511300572874735,-34.06002649632902 -2.017415277497236 -13.57938512135049,61.51601065079709 -7.706896288650384 -19.956075105902745,13.965379394972274 -9.464899227730575 -13.954481690190065,11.898895156695561 -15.154583693681808 -30.53189942561134,26.528983566182262 115.8491160911381 42.251211942628466,15.57410103040833 5.560535563047407 1.223700615649526,4.28632307410416 17.07597138067554 47.648524202737235,26.412304947262214 -121.14820956942393 -45.06270411287787
-9.241017674885871 -28.892521532768427 10.937766214445999,10.040874097275003 -23.455206672988425 16.750876883982475,-38.54341726672009 -3.045609943547318 -12.843964412105809,67.12210759696556 -6.467058977204787 -19.091180693729868,16.306975309503482 -10.596135876835687 -16.587708906008064,5.264937654759344 -17.463099496924556 -36.85528839666987,25.15621211693571 125.53622590933968 46.87388112285992,18.363857241807946 4.882843980097677 0.7023006037039756,1.546785660647375 24.669714983903503 48.54444841546329,25.81918098190581 -123.04717614543307 -45.877712488394955
-5.637726977262251 -26.246535667427917 10.639986014982092,9.695349788871303 -22.253351859015265 16.261739244743218,-40.534271716442085 -3.3954325064694113 -12.439002497604147,66.21192489709938 -6.040011498137656 -17.716728165892036,16.4402870750026 -12.055580914105832 -19.249985856380775,2.509378547771906 -18.42465169152399 -39.39003314348458,25.005183933245505 128.03080925723256 48.16807677426407,19.117832840066967 3.507828001955755 -1.2720025702974351,0.5061771806577624 28.13081902013484 49.146663644102155,25.84578366896352 -122.94209718354394 -45.83659942676888
-0.01324605567147484 -25.45499178670241 10.647770375901496,9.677110712321038 -22.295027565782167 16.09644412756902,-40.48463669130248 -3.280196703146408 -12.342415086693457,60.976239581478914 -6.210661578936295 -16.23001393566721,15.118049314375646 -13.53415792237146 -21.546626350192174,2.7245314419447815 -17.844512158984045 -38.90676131019823,25.43663821239026 126.10720889807295 47.341207013038016,18.44583730398006 1.840254083293831 -3.95794590228538,0.7697827398215185 27.930474044748387 49.47715327192015,26.074738203513867 -122.33044267262245 -45.57747191345481
4.789551551972422 -25.488790985912363 10.782670234137875,9.866775474905694 -22.753504712915852 16.176118054179035,-39.76930305052405 -3.185689120640044 -12.471399325809612,55.58776397832136 -6.403264687189704 -15.09601829039831,13.715144223906261 -14.69215322596661 -23.23897603820493,3.806547171849273 -16.090809534931534 -37.29203408860629,25.39397451717245 124.85166285760877 46.660388645125494,17.565460000959746 0.4331779236987578 -6.2830381612061155,1.4325939091170734 25.579428794693925 49.51690597362668,25.886175728781083 -123.10366581784314 -45.88047265044557
6.466576371152488 -25.447466883075343 10.88697303557484,10.145354109606954 -22.918569550328414 16.413635414802737,-39.564065297684806 -3.4999133272895753 -12.735429801001573,53.517542004368984 -6.15260557400275 -14.680193699342082,13.368942414745584 -15.261052998625603 -24.152165984437833,3.971432645413062 -13.610181941237146 -36.19523593855773,24.079665111786124 128.2887626586714 47.93650629705172,17.488057764561187 -0.2637345689230637 -7.3711991767219125,1.719827440007781 22.538686467258135 49.277372562573284,24.82572940571092 -126.63411222179676 -47.312881377849706
5.893332445676839 -25.191054343229094 10.925601017453115,10.396446158869756 -22.76859043937021 16.67348535894295,-39.869122135220785 -4.033596979880983 -12.998566878484459,54.094161108711994 -5.646107633737367 -14.760867307568015,13.814716595825097 -15.392320723500827 -24.48717506624179,3.3241666747189416 -11.31107699386021 -35.8645654253799,22.224999117015248 134.17691050925058 50.28746867390122,18.007393160737887 -0.41089285327159014 -7.505424237237251,1.6258202075046302 19.973631205090882 48.949746939503434,23.4155402312185 -131.23176762712953 -49.186282143381675
5.106926648960878 -24.85742261350056 10.908278659761669,10.50459719220272 -22.533495862034037 16.802480426744957,-40.255191138118676 -4.386571176108719 -13.108279719981569,55.13284260523592 -5.309623132354753 -14.901871409159384,14.275510198585863 -15.39085044906043 -24.582290870698095,2.6598273239299903 -10.270655451487716 -36.036325021235555,21.119789243634553 137.98527787226598 51.847357953128025,18.4724043027552 -0.39158559195738263 -7.3921543718915865,1.4258922080999783 18.94164846221326 48.79088865635582,22.534497402533997 -134.08784399044043 -50.35351492542632
5.75330257783025 -24.596526512154377 10.848946167176814,10.381551256470535 -22.421485095566638 16.680479229964913,-40.346157211037976 -4.229919306185771 -12.949030557358835,54.82603480811327 -5.490347128017378 -14.752892715598561,14.109736459916205 -15.497305885603383 -24.700486573443012,2.6581656903256956 -11.322287420602054 -36.45046164336739,21.806734871245972 136.0149269947856 51.08853815564029,18.341481493505906 -0.5104288317629403 -7.597278331926006,1.3599643247730706 20.237782262956582 48.99955473907021,22.906772400263677 -132.8873080129676 -49.868572780063474
6.758676418998607 -24.63914517247094 10.790269622303455,10.127326282976105 -22.487764822593306 16.416284976448463,-40.138348731763 -3.730129228233941 -12.66153852851272,53.99303290185477 -5.988527783484997 -14.560143506967666,13.618150591219802 -15.506143496297526 -24.581962490435355,3.193521468496821 -13.609959516518186 -36.87738184158441,23.61216720777805 130.34913998058923 48.835208362427,17.83525156249346 -0.5251439511607368 -7.709374042165568,1.4200331996474889 22.842101466824673 49.371612021117194,24.181846071645438 -128.74461349557032 -48.182633973919366
5.898686543266192 -25.250250369058513 10.787067560144589,9.921589271508012 -22.72281836974556 16.21555564424885,-39.78565589705511 -3.263269138669578 -12.494931985497336,54.56441687237263 -6.373027953565799 -14.822195576770643,13.50016458356513 -15.023052238442231 -23.745760430031186,3.799505907539241 -15.5629664481929 -37.10037808116685,25.13630971413848 125.51736095290384 46.90650899924386,17.496804698871394 0.03791088471177684 -6.903569111809762,1.4932113859138174 24.966851601718332 49.53248506444373,25.554552523539396 -124.2250551440139 -46.33795450516039
1.3999366576369592 -26.609530134915246 10.882263135973194,9.921644820775228 -23.10312441764376 16.256233244828774,-39.43258324230108 -3.1609017939260897 -12.660519369721273,58.09111787397279 -6.271297374762028 -15.933453026370842,14.336302416167802 -13.750879715387194 -21.841547675756516,4.059794139908494 -15.813831522714286 -36.940942467629796,25.162463791815878 125.46067166710185 46.886270330491556,17.790296318568643 1.5359843294519502 -4.549224553597836,1.480268901256857 25.051965704784994 49.173727904024986,26.30519622158667 -121.62920216785518 -45.27012260055881
-4.794349162530569 -28.19916206938563 11.021275197091342,10.099838767334223 -23.49267503963801 16.48707620707079,-39.142383226154145 -3.3849961714476184 -13.057569343639333,62.99103558635094 -5.796019204951985 -17.430215799707803,15.72449250251783 -12.191478496926521 -19.592265595341342,3.9768792228683107 -14.675708548833638 -36.53216741608138,23.990324163062336 129.24359260989831 48.407501242745084,18.525808530515043 3.368988211646479 -1.614074597373843,1.3965779428183496 23.41931419906531 48.53194935408026,26.42538962505302 -121.0532592146094 -45.02631667325052
-8.926096587316657 -29.160724823680052 11.101910593716756,10.338200363504397 -23.700534356367086 16.744931103933688,-38.93863238195685 -3.7170461671784523 -13.432979486264689,66.1521897429867 -5.296819284081827 -18.42976591739468,16.78285535649531 -11.236860551186803 -18.244942375152483,3.757765770451775 -13.28241430097315 -36.15930182928222,22.660050416446335 133.5493872165322 50.150611668891585,19.194035131125116 4.469360470064084 0.15365033627301306,1.313471708312388 21.30972995341158 48.10991207474865,26.254081580932286 -121.51702516793475 -45.21989876110739
-7.686180598934169 -28.741891622839407 11.034252727111513,10.525380497251364 -23.56112374749242 16.87897868001255,-38.84746436668548 -3.954488254998715 -13.559123688167114,64.84509582053309 -5.092756049644792 -18.152057563021195,16.72833945594047 -11.66822246214414 -18.890906123866436,3.5845376592404565 -12.636226713302257 -36.07538794926876,22.108651969615973 135.3853742081457 50.92324501849305,19.33732719808809 3.904477142538909 -0.772905659358904,1.2914408202658207 19.832903507773157 48.34094433538879,26.096620281458375 -122.1334071190007 -45.50008547979772
-2.2399022116814162 -27.241922601910215 10.850606142451,10.62019798210618 -23.158461379095666 16.865402907509658,-38.9224251862753 -4.061270184525021 -13.465527453569802,60.15131696288563 -5.190793441556606 -16.84058166369076,15.768130270825974 -13.166122564049582 -21.076626918223646,3.3840922410716416 -12.409473726636165 -36.21103979596585,22.22385226002388 135.05890975643456 50.82989396811542,19.02013681678865 2.0814433780583426 -3.7217962488491563,1.2821173198299682 18.765965791362355 48.96731510618328,25.90958354889354 -122.98924572097549 -45.89240884808768
3.732909092551736 -25.551046481047837 10.651960964582228,10.62090445383919 -22.716833290807493 16.75176076356784,-39.232465980488016 -4.094915359549933 -13.326229806057245,55.29414081266019 -5.422505194797244 -15.314034158442482,14.665904559286105 -14.792584838008576 -23.48039878918013,2.9399176849256894 -11.527080800492758 -36.31567385972913,22.303699211676733 134.73189809222666 50.703851799513394,18.60032529144631 0.16026245482208124 -6.785396868380443,1.1759571330863068 17.13717870484288 49.34293331557716,25.453547971451897 -124.71871074804228 -46.63388181818545
6.800072716070635 -24.50603777768366 10.533568100810315,10.528197478056958 -22.447058006261205 16.58568789187617,-39.82744794772469 -4.108292415317369 -13.300659212959236,53.265272626229304 -5.628679247279434 -14.342854382003582,14.131715859255323 -15.670884703401088 -24.863655632144074,2.0743409449039585 -9.064749244717365 -36.16406447511616,21.71920441338708 136.34606089897667 51.29431134400159,18.409526886697368 -0.7781972878703012 -8.189228362911086,0.8801524564227621 14.132282489710047 48.88840180024588,24.528668072191934 -127.83709111389838 -47.914618289477254
6.7334289892916965 -24.245859747244243 10.515079716030474,10.366110296670104 -22.385258983318522 16.406506639811965,-40.53331999282646 -4.088059933762796 -13.35971231453834,54.087369486524956 -5.779894794252579 -14.062130556397454,14.180299178134408 -15.716315674964456 -25.066578493544224,1.079731183402179 -5.947581077186112 -35.84919789107685,20.765821031816927 139.04372377135286 52.27857127966908,18.436551740027397 -0.670353154116618 -7.866387430768888,0.504364070545304 10.864524157066139 47.84985103612996,23.42053280890049 -131.40692170728747 -49.35218836432872
5.371928518832078 -24.459274830959554 10.567374592937997,10.173731426624144 -22.454853185795045 16.24817593777727,-41.03157147640227 -3.978160333396875 -13.352652314239593,55.8675735258725 -5.930467326022006 -14.19704695996762,14.377796922979842 -15.355150683795664 -24.6253143236936,0.5517106004253559 -4.293840062891789 -35.66935836584657,20.335416154821534 140.1611503112583 52.64238566962079,18.44903313269573 -0.10893576633558955 -6.8516326111652095,0.2888776492683178 9.690703472598603 47.006009976115195,22.727914645640798 -133.55347675569305 -50.194779050253494
4.494676707331875 -24.836562996247704 10.659918728134052,9.99101467541163 -22.578922606390034 16.143492775999235,-41.02564847713688 -3.730574296459569 -13.141356979599987,56.78276207461479 -6.129445176648572 -14.47466020014893,14.311610513157364 -15.003972218061078 -24.06822058787687,1.0360951423438904 -6.048992314229975 -35.900439846910515,21.24780849523398 137.2525679534635 51.45596231205456,18.2304291021941 0.32994180528488853 -6.147763530334066,0.45467865760284937 12.748442910689404 47.08733944028487,23.00513601552898 -132.54571929332786 -49.749314598350864
4.552332544689433 -25.19508928398092 10.753726843480079,9.86656901797718 -22.70229348070089 16.110144179137063,-40.56223975409955 -3.420554362728366 -12.79397598660332,56.44199372405707 -6.332012429681404 -14.744648750584258,13.97396473305529 -14.82286783032452 -23.650505812730177,2.305832441457001 -10.443997310360542 -36.45470043450663,23.167770237382108 131.36691483398522 49.14165740300026,17.839067043638728 0.4583739195771877 -6.048677951989005,0.9201828431151727 18.79563531844045 48.019250921623026,24.10677726105409 -128.89695164235997 -48.23693360028478
5.013539732748237 -25.446162671210182 10.803566302330328,9.855401509516907 -22.785865842069782 16.154647570240613,-39.94176621273541 -3.214478199443657 -12.531139506982493,55.51302531636437 -6.423966757505275 -14.94733572523549,13.65633823955606 -14.782318668514689 -23.42546113394631,3.5625497570391724 -14.703194626324109 -36.97559102832903,24.90623908756939 126.13649210825524 47.12136342813695,17.536463512669002 0.37542596151209323 -6.324238601584925,1.3801401092823524 24.091806930912043 49.13204666424449,25.37015478082281 -124.77953852387287 -46.55458095076794
5.3451137749999305 -25.50870746246227 10.767950451933853,10.007032720721165 -22.79336955098983 16.281309482758388,-39.46090785623292 -3.2706199535560043 -12.563249460916229,54.66706022627938 -6.297556498553788 -15.028935137608874,13.640942851352518 -14.848016103505655 -23.436949467120083,4.035384448418998 -16.147949246473836 -37.118973701244634,25.317029309244386 125.05911147229743 46.76294195842549,17.573189101985335 0.1853346241127609 -6.736779695153377,1.5405014588792834 25.05262554550704 49.77149350689252,26.144567497562594 -122.3238698766254 -45.5807957041709
5.380873905231844 -25.39538306424214 10.672797191346444,10.273377628801436 -22.731012569699974 16.460685425560623,-39.24855837740588 -3.569933486856456 -12.861685962723714,54.20519195157212 -5.984903052236106 -15.000873969202376,13.92803254512384 -14.979681276888948 -23.647538442203306,3.661795174121864 -14.594407312849189 -36.864757870337336,24.34306429132991 128.25491043622975 48.09283836307829,17.92777829326946 -0.034612753529267286 -7.131004984357771,1.3919849274068805 21.811872272087417 49.79274771511751,26.19680319429329 -122.25994931116895 -45.60103455609688
5.26506660501641 -25.19813398924294 10.601038034958806,10.523792279680844 -22.640932632067084 16.634782866163007,-39.29169072481936 -3.9433876785469826 -13.195654393258085,54.115459432245274 -5.6364383575380055 -14.929739082742602,14.279369452201507 -15.131985458301635 -23.951032704750588,2.978368648619769 -11.968906185389969 -36.466945875769234,22.84848189674389 132.98704709854258 50.002871561305355,18.34866594176709 -0.2299237335182532 -7.421289851247813,1.166176527805523 17.648265416684175 49.481828635036436,25.646779355951164 -124.13327456572787 -46.39910010671611
5.147817105176513 -25.00937855962543 10.633170826988671,10.630696727656067 -22.565255157562763 16.746915439165196,-39.568362094892834 -4.22252272677717 -13.337262878840118,54.37004640193348 -5.401094016072634 -14.881742372374841,14.458244429820096 -15.260569157245712 -24.241137828625234,2.5229697231761588 -10.201057732228946 -36.18010580643965,21.70023549120965 136.5138348400438 51.384427631466814,18.58637324702343 -0.3490738815802379 -7.529060430861544,1.093267814603927 15.813420986680962 49.131892954522236,24.63357370527852 -127.4291167416747 -47.73525656633134
5.094728899257278 -24.877675856270997 10.758026893200912,10.589278218503992 -22.52130948468577 16.78819422511545,-39.960293229820905 -4.353655180732776 -13.259553307786414,54.81123847213378 -5.314515335333126 -14.87731170806851,14.423897465315605 -15.345526152710766 -24.456356650528793,2.4521397240522824 -9.850815953606158 -36.08394406100658,21.19738539538387 137.93904587005304 51.89411966195191,18.5937260989798 -0.38930040761139856 -7.480984708156832,1.2087889259991673 16.824540114700593 48.89663095862872,23.470430729762846 -131.1361529842376 -49.20211379790627
5.089663938749802 -24.809168392075577 10.875786251254464,10.513452976705032 -22.502444494825294 16.795955536838637,-40.25603723731767 -4.394102572627157 -13.129891964542384,55.15569590451685 -5.302787683876133 -14.89259692128944,14.3250722710362 -15.390599145496973 -24.578515742123013,2.5536394252033476 -10.153529490076831 -36.08905711839788,21.089778736718756 138.15120807492977 51.92861694249872,18.51920061780645 -0.3949982363861398 -7.405510770798085,1.360011631845983 18.554352869739912 48.79485403381705,22.63903276948866 -133.762801075109 -50.23014201459451
5.11325096085261 -24.808085352363022 10.886282651885713,10.517907072348306 -22.501290479061712 16.80786986756078,-40.24787646810374 -4.403502196030617 -13.117961923186781,55.125435580278044 -5.290373460817865 -14.902573388382873,14.313276525586042 -15.400165530506955 -24.59156460537295,2.6065523771115635 -10.314066839944807 -36.10201966916891,21.113188946559774 138.0818216167442 51.901395304530595,18.51415761321301 -0.410615406704383 -7.430251422931305,1.391232566537945 18.83638173271738 48.83835693219779,22.611732396748916 -133.84803189878295 -50.2623460014598
5.149186350627311 -24.873709383542028 10.780388571570287,10.603895784375116 -22.51775945484494 16.81840148167331,-39.93737382611654 -4.379851781302629 -13.237123943460427,54.73377265756214 -5.2810777573381245 -14.899890477006764,14.401579907892758 -15.369368872901743 -24.489186785817314,2.5678197355139676 -10.195206796227414 -36.10978014593552,21.23632207138153 137.82876456681055 51.85217568219784,18.587892161739596 -0.4285341520511496 -7.544081623190478,1.2779115397948217 17.418326693429623 48.997323513628864,23.410703969099217 -131.32406329824062 -49.27370631806177
5.184558047770453 -24.999854298004607 10.649627808585212,10.64726667133848 -22.559814028845423 16.774246355875256,-39.55747028146863 -4.253001098008435 -13.32791071180442,54.316078171014254 -5.366425992055813 -14.896737707349594,14.449996707083113 -15.283143926578418 -24.275827670663787,2.5910198884460005 -10.387105872269052 -36.1881472252464,21.685411659422737 136.56827242471098 51.407460084025,18.592633171544758 -0.38357337686606086 -7.582489434454184,1.1405207927061796 16.16417940620093 49.195933135240715,24.56041021652569 -127.66347022085783 -47.82734955120898
5.206857406544785 -25.179157108028676 10.589030896966497,10.521097323931354 -22.6351960393837 16.621900346460194,-39.34875693652843 -3.952800875376292 -13.226181268296326,54.21693204663993 -5.638586760237908 -14.906094594321464,14.314656690581266 -15.12722634266918 -23.958334987599024,2.835288187355995 -11.498396165075738 -36.414495952596816,22.68888483351404 133.4662638942047 50.18823075465838,18.377220649439835 -0.210232833019404 -7.3782622586155036,1.104679053400715 17.00093736614464 49.357171464334975,25.564550246580023 -124.4039742545753 -46.511676635587555
5.2119212680807525 -25.371525327549957 10.631303546131631,10.234683987517595 -22.728306895820598 16.391053622805284,-39.393495127248954 -3.5382796475048046 -12.924165855084526,54.50782700149162 -6.0470481243183425 -14.932840145728926,13.999487806161593 -14.936025783756092 -23.611133472026488,3.2906157252586783 -13.43586016975813 -36.75516694401429,24.06747177551583 129.05741147358643 48.39640594965369,17.964042412518452 0.0595903103285842 -6.955965565831304,1.2096603226876683 20.152359003738187 49.44749263398122,26.109662392991204 -122.54986688606857 -45.72605085824654
5.206139140264339 -25.49548080966064 10.730343228756265,9.96956810913908 -22.794034598335745 16.216593555582666,-39.57374202067758 -3.231808165503674 -12.61182232587244,54.91494356689037 -6.360882056051503 -14.971610473623102,13.695305234067202 -14.8054990253252 -23.39409735487653,3.733114762075348 -15.218808496477306 -37.03610045888591,25.126379723749096 125.60714380433039 46.968483491534705,17.59493329601626 0.27084220019522326 -6.5826635656955705,1.3855577773041268 23.688498053851692 49.48831560325562,26.113480778814136 -122.43093011140465 -45.630801962550336
5.1964032940321685 -25.46822954224638 10.835241037858172,9.915343533121417 -22.786144203757807 16.237568733249848,-39.76039926404838 -3.2622243513266453 -12.489187899768542,55.146608629347156 -6.341797527859547 -15.016026418426101,13.602143764140243 -14.83377420625968 -23.46958927822204,3.927211860237749 -15.820841250317665 -37.07675889683148,25.14881201179928 125.45587980203906 46.8732413157477,17.522027874378715 0.2633934621287085 -6.536297048166013,1.5554846127996556 25.562275669739392 49.50324972908976,25.512104456274727 -124.3214096988118 -46.36564471293798
5.180851104774894 -25.27427424649489 10.907616651574958,10.11096762241611 -22.697117089962763 16.46299900288471,-39.90919500356871 -3.656766312020314 -12.62537500316818,55.127182155588876 -5.963128714945543 -15.041708665837524,13.780855027697154 -15.029676264440713 -23.849541487059334,3.7396024697762833 -14.779539030415087 -36.82370341262442,23.97418628083445 129.13280269941373 48.333446576447585,17.80758818980084 0.019095548267556675 -6.85960562090345,1.6437675790963013 24.783541057241 49.44877885231286,24.419202136365758 -127.87915113532067 -47.804915604570226
5.144945185797488 -24.995545428913584 10.92722780975273,10.377316147473898 -22.575485578613637 16.713657149948506,-40.098663612819394 -4.150809198979551 -12.899951756650092,55.093782600436384 -5.504586845499852 -14.998218461165553,14.09079043125032 -15.272742835548344 -24.328102989178667,3.1850402114072143 -12.448976310166287 -36.407500381260654,22.247170672186172 134.5449078068262 50.49184107322239,18.23899131751876 -0.27464958458475836 -7.254820085697186,1.5764903303382662 21.892294357507787 49.184206905437854,23.205516205795796 -131.86961611277968 -49.43875392452526
5.07349884399126 -24.7214738555754 10.87564949775188,10.519666020542564 -22.473932694412923 16.797245291286394,-40.41534346512767 -4.458837016831021 -13.178105779603447,55.305041135607745 -5.26756328940404 -14.834073069237958,14.376190232106717 -15.433232084552259 -24.68360233188716,2.292226302222238 -9.252377818320227 -35.9729478809206,20.6729871059076 139.40263728848203 52.41037000355303,18.583363146873488 -0.41593780147030623 -7.400230779288791,1.2815257433981053 17.55523720207973 48.56440346893525,22.26033588943732 -134.99367768423934 -50.72937891406573
4.976260354171598 -24.532404858594013 10.763394325427658,10.45019757252638 -22.427962558388288 16.64242805238686,-40.82881347316623 -4.437321786019532 -13.358064156967536,55.803830812790686 -5.386216029506709 -14.570231111018343,14.529256471968937 -15.442460601815156 -24.783447333805675,1.2615834305101816 -5.994836846443239 -35.65252196802957,19.777228539847776 142.04735373640312 53.422455291822715,18.69969591432389 -0.3182050581899019 -7.171266259863997,0.8069351209640322 12.944449045683276 47.675004586844004,21.85850057636436 -136.33445863598376 -51.29537468434092
4.904377426839732 -24.49359925744128 10.649019934328319,10.258582487787189 -22.44455722087517 16.37870366767771,-41.114465186545466 -4.178477708288155 -13.39290927701716,56.27480226922702 -5.717046070228481 -14.347925325065805,14.521821967061154 -15.333120057179817 -24.64294380062791,0.5786428126458828 -4.115461658767535 -35.558240491537916,19.78725062548635 141.86793461224363 53.31225067525729,18.59950721512529 -0.08638603971479686 -6.770662950802096,0.40032816778714825 10.071086287189102 46.984787015316414,22.08482901352212 -135.60972958280482 -51.01493736581799
4.912527362977698 -24.668103252759916 10.595314504939385,10.050995460060168 -22.527800578569618 16.154033534514888,-41.03112221467668 -3.796835690945901 -13.24150593922627,56.37086499398735 -6.090660191315587 -14.318800517920751,14.333779090823667 -15.14758951845537 -24.291913273724482,0.7521046385417965 -5.1012318795343745 -35.79895065067243,20.898570985748886 138.363005424026 51.91059771843434,18.309167312597495 0.15679534130440156 -6.431249099948035,0.3265514641907329 11.009686107466477 46.99535749151846,23.00383002017937 -132.60495522496666 -49.7939805692078
5.012917616913668 -25.028907779390746 10.631049404627557,9.90730187765447 -22.65802467493529 16.062721712761267,-40.53543965130018 -3.4171673579274757 -12.932097266532688,55.976012558687955 -6.369969475852601 -14.529058358198283,14.007719155440437 -14.94295434186123 -23.825115905013057,1.868797695896067 -9.086046134590251 -36.34237277385221,22.884027027704985 132.27958970640512 49.52467001157235,17.908693779564313 0.3188392381580236 -6.298581238994258,0.6711992023582618 16.04704979087663 47.833978263476034,24.40792341210941 -127.99857099762477 -47.906680574085925
5.136710579113345 -25.377151614865124 10.720081832029846,9.857161170854337 -22.770235972730028 16.096678147715135,-39.96159373856358 -3.183786657859532 -12.625320800474961,55.41521550338454 -6.479531199066613 -14.823683733189478,13.705881644561687 -14.804363843750844 -23.461233975959313,3.210495011013103 -13.621723184513284 -36.886915262129726,24.709856940710168 126.7470247004821 47.370623928661615,17.580479167036657 0.3649222863316401 -6.351675580648535,1.1777988521068825 22.058448293391578 48.9135512643265,25.570302485520163 -124.17306535092214 -46.32996805797866
5.206162685878676 -25.495304927845787 10.819008421470755,9.924443314329892 -22.79456832580076 16.236225439633227,-39.68513174326395 -3.242624781127807 -12.496229352312795,55.06202790021902 -6.351207390018527 -15.025453721262348,13.603456373929198 -14.819791958972175 -23.432081796365807,3.970508460240337 -15.976953197680258 -37.101653444156234,25.25501829300031 125.15216228259757 46.76279847271209,17.517817073598696 0.2669056385789932 -6.550769485705991,1.5520548208684226 25.54415239530951 49.5683488299314,25.7084962885594 -123.69365975520292 -46.11617562411761
5.1848857605329535 -25.296473936495325 10.892261928565281,10.104494224018842 -22.70578611896008 16.447271506434298,-39.866227412998064 -3.624239578557652 -12.625798965399111,55.08984127573308 -5.990859998370568 -15.040676142691888,13.77528567979231 -15.01134884336276 -23.809703940891286,3.7540550256309633 -14.859924857522667 -36.845031821805335,24.07954074641334 128.81638774756286 48.21288020078635,17.792421824978558 0.03609874959637308 -6.8460819325385165,1.6277611549808484 24.723230077998615 49.47145897720221,24.5818807041391 -127.35685597004537 -47.59666362226051
5.127445440295897 -24.981075601062813 10.9215092631429,10.32992622499247 -22.576810647157913 16.664021737559573,-40.191378769067214 -4.105445773154852 -12.888100574551519,55.23182525956848 -5.567100629670158 -14.959369818937066,14.075515475706446 -15.256288992346702 -24.31475988534259,3.0722636640921897 -12.144747649396127 -36.39197869215966,22.241350824919465 134.51846022715128 50.4672644600124,18.20861577324674 -0.22942940625782504 -7.165798250310596,1.520422265942537 21.59493787894375 49.04113451581393,23.141527297866226 -132.0691715233504 -49.51714223927084
5.1004345819498305 -24.787507414209166 10.890747661968843,10.525050856870925 -22.493536998634884 16.8165198586405,-40.28450632749859 -4.4295416584030605 -13.129795938170526,55.16299874680753 -5.270024831423085 -14.895880034567549,14.329074447189054 -15.41273428430189 -24.621490703058285,2.5561768950028667 -10.124524683272744 -36.07251381781709,20.99643481701337 138.4364677157401 52.03891089081195,18.535345643662996 -0.42016029530367566 -7.435204258727563,1.3828919644463054 18.65933795386036 48.79421620649267,22.495812643163344 -134.223611777391 -50.41398624633062
5.13781231938613 -24.846141964642577 10.799261071096671,10.634494663831557 -22.504166988847388 16.85892939898257,-39.96401302170061 -4.4463833211486055 -13.251219015766972,54.74212404204009 -5.215808345183479 -14.91265982469864,14.426044789502003 -15.400089760100208 -24.549761489065396,2.562309751212031 -10.102745188085414 -36.074745188073166,21.057628941528066 138.38678139214127 52.072672513990405,18.630301216911807 -0.4673280534130085 -7.593381731505683,1.3077362068732703 17.45080962480336 49.00172946273798,23.209324050001822 -131.97553781605572 -49.53541538486705
5.190562421682198 -25.012684870207185 10.68520182693316,10.654537656619537 -22.56106252339055 16.80674153707744,-39.5427979106397 -4.27676350500803 -13.289172121454687,54.29515429066188 -5.332676463630408 -14.940219621884463,14.422169730760178 -15.293580646434314 -24.28970481800569,2.7491564353253013 -10.86668002937046 -36.22595217329725,21.756741719981207 136.3513144835354 51.320071130868264,18.576812707751937 -0.4057856292575418 -7.614490399014818,1.234231460627719 17.048361562880448 49.309683110724684,24.463995900044385 -127.96132287810414 -47.93960519860584
5.196696668186068 -25.099889259993628 10.59279829303794,10.589554064696593 -22.601596180736724 16.685052061003425,-39.411064806668094 -4.083860669491247 -13.301809798312188,54.22106221515366 -5.51944245042195 -14.888443084094648,14.399110124933227 -15.192805723191967 -24.08936330648188,2.666064303817444 -10.81012420004076 -36.296983357319846,22.20959047163633 134.96348235896636 50.78392156163462,18.493512045956475 -0.28660423457907486 -7.478203128600168,1.0776881344233018 16.146985796743117 49.26637324216639,25.22556066935623 -125.51802936480517 -46.967753183886494
5.120201625589067 -24.99124907732854 10.553517562953198,10.451216069551924 -22.585523044047374 16.52071665837964,-39.80110708741001 -3.981597456641856 -13.326099508107779,54.74915873127878 -5.698199663255292 -14.70917320064962,14.410116659190324 -15.165100284759014 -24.11073123918846,2.0543215277902065 -8.98852011749296 -36.146272238253964,21.855791992727497 135.899823152232 51.10494802137198,18.460740089201458 -0.1519096622379225 -7.189381783329879,0.7995702862584084 14.018119838162255 48.615140061678844,24.83777373346357 -126.76346390382218 -47.470898777844916
5.0016677040296305 -24.77888435311467 10.561191683678372,10.272718692003764 -22.538607818141287 16.34578124483839,-40.47951475202929 -3.9386331467604134 -13.336524587587379,55.608394682205535 -5.859698217460921 -14.47799780649489,14.424653849860194 -15.182649395423885 -24.262032471085067,1.2212807438773452 -6.408615326378271 -35.890554373565415,21.08990003871285 138.01488947100768 51.85601104409949,18.44591113859187 -0.017446219906120067 -6.8271746433059555,0.4974565408299715 11.633232038855237 47.67454036728279,23.75924105846722 -130.21965090644002 -48.85452612835502
4.89573774209938 -24.593186085313448 10.602748821479546,10.09120516416331 -22.498724201900977 16.193243846304732,-41.12744783806191 -3.8969794930012127 -13.29610610663369,56.43593342623744 -6.007282820638516 -14.293204845491513,14.396816238109459 -15.200183488733497 -24.404938482643104,0.5781350756103923 -4.435110372884209 -35.69394899032497,20.481644736012594 139.6455608152329 52.414079191571574,18.39572392424732 0.10588127994995039 -6.484357301744703,0.29389476881395676 10.27564927710382 46.868650336447566,22.653079995994958 -133.74899419501267 -50.25894258062114
4.857054578389941 -24.564545271886303 10.665117142622815,9.943818718141735 -22.503745894208976 16.096102488703742,-41.42606638304389 -3.798648248518548 -13.167865135129425,56.8689383216781 -6.14429818038777 -14.253082261500536,14.280698365104762 -15.172432998234772 -24.401120754333995,0.53607764652084 -4.432705803198164 -35.7205753156034,20.600756211046896 139.12871668484703 52.15612102554273,18.256877176287418 0.20716802486391267 -6.253705351862424,0.3114328408863165 11.228698431189658 46.62154614664246,22.182407897674498 -135.21389759189418 -50.82445547984774
4.940261051492941 -24.823352910794682 10.735224813374272,9.867702586050237 -22.59154659394781 16.087355197960477,-41.05653042451125 -3.585651166466711 -12.91482274295729,56.544572726831106 -6.27408900430837 -14.455917998383017,14.03039477201273 -15.054128357474632 -24.112250766629153,1.5063015801402155 -7.766102163507645 -36.13455257647149,22.016964590235986 134.8012365797896 50.45910510776737,17.976069624831773 0.27550920236938925 -6.227994386875421,0.6726186277230153 15.77570637939453 47.35730397533685,23.01034211513361 -132.47676491943858 -49.69137217123921
5.2 -25.5 10.8,9.9 -22.8 16.2,-39.7 -3.2 -12.5,55.1 -6.4 -15.0,13.6 -14.8 -23.4,3.9 -15.8 -37.1,25.3 125.0 46.7,17.5 0.3 -6.5,1.5 25.2 49.5,25.8 -123.4 -46.0
