-0.3500805683469741 -32.18483158491443 10.350027495349355,8.628184751673446 -24.8346902351202 17.088840841661806,-39.40810634009269 -1.5996394342182034 -11.580901075474534,63.91415773552839 -8.86473576511139 -22.19938334272041,9.369357827717572 -10.9058291253594 -15.93115650387569,12.113239658233327 -14.779681857035953 -27.29696787874345,27.2495687877922 101.44649683342728 35.16185408463648,11.790734389931513 3.512839118550087 -3.174740162566117,4.554267289462663 1.6056894663760106 35.344458892560176,27.573922900437715 -102.47555149639484 -35.75809085818994
-2.219003143043931 -33.909320152634685 9.840778533747809,8.026777721432945 -24.790436415901905 16.757050312523557,-38.739808672426086 -0.6785100563438375 -11.481425043025723,66.77563588955144 -10.4156108056298 -24.481984895224382,7.873113696261206 -9.33582012708618 -12.557570344995101,17.85445949218922 -17.359674863308207 -23.771188183575987,29.162679201504996 90.0546231066313 29.9597879575524,9.673261360563824 4.661595895455744 -2.0597014681536203,4.759201827169974 -5.0712401496673545 30.99302497898725,29.33148234656113 -91.81318204388907 -30.86419050685461
-3.7964967007870594 -34.8215991788249 9.3938498933895,7.44688480691552 -24.569196250051526 16.04290448851217,-38.1301404187161 0.15536040753275726 -11.710861775418003,69.01670070522543 -11.967560823766675 -25.79757793713837,6.942957482027143 -8.089317200875547 -9.639480901706072,23.629523391437125 -18.458394650807676 -20.679967198437645,30.44320225671143 82.1080498743045 26.297040730692807,8.224288738844578 5.495084966964224 -1.2280352018540142,3.8589123204754965 -11.103592748333124 27.439659019372414,30.526362569750184 -84.4452638430459 -27.47344018468535
-4.851546169344118 -35.116549624241685 9.199132627286762,6.993572748889643 -24.504055302986487 15.175022926067575,-37.569947015330214 0.7833794700253951 -12.221883541806672,70.11725824743203 -13.213021193540474 -26.037213698000233,6.646580543971699 -7.333810652156255 -7.5812894397691535,28.549442610258517 -17.708673617897542 -18.385814926374962,30.900718933761144 78.57013220009324 24.608593450548952,7.587154698704362 5.899406823476387 -0.8064511180467333,2.1503431722485535 -15.519949149241985 25.126597128456744,30.95548543970211 -81.52878781353058 -26.10520647691741
-5.231304001764753 -35.17104187929067 9.351923832067726,6.7508015596148025 -24.84343123989392 14.4522511944248,-37.01073515911194 1.1428471895931562 -12.879940533164573,69.79571529515074 -13.900692854899113 -25.40859018694289,6.835864410916415 -7.100010972225543 -6.578598619019941,31.89067954761206 -15.463750431234281 -17.057276330166502,30.64452120874141 79.00257537101959 24.71606757263871,7.64176879050663 5.891453730675742 -0.8004602369402112,0.28537552244455644 -17.78564382847864 24.24126519155747,30.71546252608671 -82.7363465472204 -26.620947602044332
-4.940169796933102 -35.32983302416564 9.79875117858227,6.747387593693163 -25.605122169729277 14.113456413068498,-36.43162341962889 1.2379526057814974 -13.498676384458781,68.19606649761757 -13.935715107840398 -24.346754601651995,7.227961734425661 -7.2803267347369145 -6.5728010828306385,33.3078853914098 -12.697161543116007 -16.650144442646578,30.024019685466254 81.82579600049249 25.936189085302786,8.078892293954675 5.609534100585503 -1.0869739574868804,-1.0033576666847601 -17.910449113543233 24.668190796544337,30.13182168614968 -86.47254796111366 -28.313394281948234
-4.182648472850994 -35.73704955339913 10.35182733921207,6.941347355804741 -26.554870135637845 14.238634177988775,-35.898210789660716 1.1274622195375295 -13.891590555785864,65.94245926558331 -13.427199416869989 -23.36264489446917,7.537377923522677 -7.6740855538938115 -7.280770282247243,32.918002182203494 -10.60300682613811 -16.951176119354425,29.45940661951023 85.01648424767785 27.377354739148913,8.543716702685659 5.257059756267676 -1.460658483588185,-1.226598655540596 -16.420073930996658 25.993920228791538,29.592288191597795 -90.55448172525082 -30.199249021568196
-3.3250893025620067 -36.294718558003744 10.769129925727434,7.230868363579912 -27.32311858810898 14.72614909782142,-35.57069467266357 0.8983813284307192 -13.92596167783392,63.986581662169606 -12.655917127013645 -22.881527255456557,7.594486432394241 -8.06220704500509 -8.29161593534483,31.225460631090996 -10.07556793394469 -17.66477650104418,29.24898385954639 86.9212256073632 28.29079174555918,8.780005339603347 5.022340964613323 -1.7169116034381187,-0.3571984386921139 -14.198013706240712 27.58616754173123,29.371250140042076 -93.05413458773054 -31.38969243568218
-2.768459738951924 -36.75801746911464 10.864301305424133,7.489944232316644 -27.598492534652408 15.352580989942613,-35.64197022406839 0.6378887136924365 -13.56503324509368,63.26263287805937 -11.967945719213246 -23.118296405994755,7.3963359028494 -8.28306171594793 -9.200483500301681,28.926351314403185 -11.316615165618229 -18.508029140478975,29.449813208595135 86.83135913711334 28.32706524333017,8.711192644718139 5.008332119336277 -1.7350014825002562,1.1669329504763841 -12.221439664855511 28.75941271712042,29.5291863855524 -92.96635376858123 -31.39536439653903
-2.7774069165095248 -36.904641399632304 10.594514722276358,7.61652526908516 -27.294835692378886 15.881798186967131,-36.22522691440056 0.41271826529476874 -12.886808438793949,64.27104915889032 -11.634643312634921 -24.020713449317167,7.072949138285789 -8.281209212293383 -9.735129932470883,26.67852560201907 -13.761444359930831 -19.278395561070056,29.88722086786761 85.09783351631546 27.601521796578503,8.43035385383181 5.201849599955694 -1.522500917713482,2.6623830860716344 -11.245937080305618 29.00359549710155,29.925569328735826 -90.47233538767597 -30.26256362081575
-3.3480774151801875 -36.680816802451474 10.083730221672763,7.574811906445512 -26.60296505582523 16.16844998760924,-37.24511667843719 0.25925816582068006 -12.07193081783538,66.7786702068139 -11.738906965943006 -25.29240121424419,6.795970439152773 -8.111843281553785 -9.830885158638306,24.93085639158192 -16.35828884887287 -19.873095057132257,30.279369792056045 82.79095110683527 26.56425862794476,8.117141402461776 5.493943266149287 -1.1994087346933786,3.537477914275727 -11.531834199323818 28.204116670123646,30.32341692755617 -86.7504469944883 -28.510332963474582
-4.191710174866674 -36.24519670287788 9.569204819886679,7.413856419307267 -25.900320309861776 16.207837655860267,-38.39685440682122 0.18290370543831602 -11.359420032908316,69.80385456540398 -12.140880574401962 -26.48868833761974,6.683157696198869 -7.9017604580300675 -9.62620039908359,23.866855876612583 -18.061128163173414 -20.263461686350198,30.403712850150104 81.11272401551167 25.755112710325164,7.932508544481057 5.73989717553674 -0.9296579430827863,3.5805197273839178 -12.723105057139326 26.751097995715945,30.52094290366866 -83.45706811410614 -26.910443407203985
-4.859064854418875 -35.89115852415341 9.29580207921986,7.252470100684388 -25.567126770308477 16.11409783331797,-39.21406998989701 0.16365176172890328 -10.977797509904372,71.9440018992772 -12.543417884561753 -27.16097270402564,6.748568077887172 -7.785190924753059 -9.380383825890553,23.45709486443903 -18.29385586516229 -20.449477009567694,30.214406741163348 80.85356266027438 25.563004104081635,7.945715817858812 5.829700783121906 -0.8343977378510021,3.0541097836142255 -13.959968973073993 25.45369543135644,30.44120240355494 -82.095584628215 -26.198257238613053
-4.956623429587789 -35.894147922891854 9.407431224335221,7.233278547086181 -25.80557063124121 16.045271586280354,-39.23635735149168 0.16582689558008612 -11.06905002089244,71.94344020847619 -12.632079292293577 -27.010204446125293,6.91814871932547 -7.8425216334940835 -9.346748856698127,23.56432757899291 -17.166147179510194 -20.427309364997967,29.85174719008949 82.1221012207742 26.08886246775186,8.123515820437742 5.73617408150138 -0.9312682494064446,2.5473174152903364 -14.221924501202446 25.248290065645158,30.142541638420973 -83.49305621512707 -26.81259050000774
-4.349902392289052 -36.36824381368173 9.885703514683119,7.461954076782559 -26.553700993494527 16.118133377225167,-38.21392942453485 0.15085145530481503 -11.630266212423695,69.26796852423199 -12.227470425517915 -26.001502354422374,7.092057169907802 -8.067608573941323 -9.65450953826116,24.03110747326125 -15.35373937013411 -20.191175582712827,29.546916673608028 84.41531483551023 27.14951525998319,8.374300055864142 5.519903906270569 -1.1308609676373873,2.660634533077771 -12.787992345351457 26.790999728843865,29.759826070763335 -87.53482418229976 -28.742601867747037
-3.246318337221658 -37.206898215006206 10.562588231237022,7.955633006395902 -27.532498611408585 16.356130168344485,-36.257176632497426 0.09132690558755785 -12.497783483636761,64.42032359295078 -11.378328532591253 -24.396338906929827,7.210425758244144 -8.375995710700817 -10.250735075601785,24.707048287038468 -13.726305449453712 -19.76603234287247,29.48242374376529 86.92829406454693 28.391794943867488,8.611637846663788 5.291737856278397 -1.2916751474408046,3.6847105282391484 -9.620818519898593 30.103934615993865,29.421461083993627 -93.20976265131094 -31.522250554404827
-2.1065767981865244 -38.13460872744002 11.198387580141775,8.623142394528104 -28.393192713592008 16.692037320551332,-33.85171476681596 -0.017357824031972724 -13.388059741589036,58.82650849355839 -10.34872897671709 -22.680593064392763,7.2816959742714875 -8.647858892873849 -10.928102801280584,25.423027425228526 -12.92508341440816 -19.24382186528704,29.689366543547727 88.91347812711393 29.44533877838341,8.796770731028005 5.1540444044050755 -1.3035301040840626,5.437346385649384 -5.483697162234872 34.45146835924418,29.19231589944451 -98.92896781674044 -34.37018008537786
-1.4224796660301684 -38.83712648227934 11.586340511992677,9.288302878643883 -28.881675775986064 17.016089357935073,-31.713361050321584 -0.15301961413215226 -13.989526261696405,54.3108976920739 -9.502070265038375 -21.40307820223409,7.359243629242284 -8.784215931046354 -11.425120782657526,25.96088678692295 -13.101015676904053 -18.788329477516655,30.03728050029271 89.92041479271202 30.043795531148053,8.938633876537434 5.151201474811678 -1.1534274825022455,7.341452254676464 -1.70085878443078 38.5396341319473,29.06870705243975 -103.01560182217648 -36.433297086438884
-1.4727704655726965 -39.099718536078875 11.634941396149772,9.750083998144426 -28.9339822857267 17.237421011016643,-30.529906322650213 -0.2738200532744055 -14.077199682038737,52.37215500768015 -9.134962567442257 -20.977496537120896,7.485923968433976 -8.749848761251728 -11.550885318493393,26.073341033104455 -13.9244514909498 -18.588913785314645,30.31713637310243 89.84862009312099 30.078092638434107,9.059561261936839 5.253498336230413 -0.9364627815252539,8.701954883050437 0.3655369961181787 40.98802050990735,29.015999825472647 -104.22574919909164 -37.061931859929665
-2.1850615815098546 -38.884640897461324 11.392618281140509,9.856978624817486 -28.66052663758213 17.32331139715513,-30.693503132050488 -0.3352570999193425 -13.607029715418284,53.57620155168237 -9.340503352576714 -21.52334349793333,7.646628366564653 -8.583735168960906 -11.273757965609507,25.57467578903495 -14.828773315389997 -18.774768150106887,30.36535074089991 88.85842183600978 29.587213309076112,9.156433868932627 5.380430250148777 -0.8037347379733042,9.037408024237667 -0.09880486153396006 40.88626072503327,29.01456221998606 -102.14945823259123 -36.030186582072574
-3.1788955507419185 -38.3164916209534 11.008855661861228,9.565255197412748 -28.240834846918336 17.29728643799703,-32.13976451507484 -0.3099545275542135 -12.74866092837149,57.339978934295026 -9.968166968229081 -22.813762201079832,7.76360216754507 -8.373972446364832 -10.730329068623885,24.46805484405409 -15.334435990150032 -19.33136124592683,30.15601423142857 87.24310454554632 28.717269188608572,9.187927810736776 5.448847378447111 -0.8740131496361228,8.296162043611904 -2.9834209069239233 38.18848526513401,29.07961809539776 -97.36314437351263 -33.62450060182458
-3.968976600206398 -37.59475360359525 10.655891976824423,8.956110926297445 -27.79848556955323 17.20303171944238,-34.368119715723296 -0.2002754078240847 -11.83586118236689,62.204806441695595 -10.701137544694163 -24.358965255826085,7.741458315713669 -8.211337154465479 -10.150660915639481,23.03375108385663 -15.275740760420337 -20.070194506969507,29.81016809058585 85.34683431971128 27.67852047066237,9.099118259875791 5.419197865651947 -1.1573640563889267,6.850726463647936 -7.274977300939209 33.757080317213564,29.242716741259816 -91.26635857466843 -30.560332961351687
-4.220312347203781 -36.88851540211343 10.451161629250494,8.203745689220389 -27.332009226985313 17.061148531262894,-36.639475971219376 -0.03640657789648838 -11.246702622452666,66.4722390726818 -11.213607812390169 -25.596977527059526,7.535587307516959 -8.145432138585829 -9.7387441887096,21.80312971830931 -14.825470467104221 -20.68284799986163,29.52071648046033 83.54360312045662 26.710478704167812,8.867873014855293 5.315274127441942 -1.534752469213199,5.282831089905765 -11.48400015467288 29.021928655561773,29.511159786856005 -85.6334348559206 -27.74489793495276
-3.9172673006806114 -36.2711963631435 10.416010289810872,7.507814604978295 -26.740160475848132 16.848851471178282,-38.267721046026864 0.1398252794464545 -11.256990344643375,68.90823428829957 -11.329710008401868 -26.114552244080187,7.1996792934658895 -8.165114544582076 -9.571061767629148,21.391933350347475 -14.334323711845482 -20.867956500737602,29.439874281935417 82.22814732112808 26.0459752791022,8.540527585741224 5.2079018964305535 -1.8091067004996235,4.081600428837988 -14.284891052749892 25.40102644133132,29.83783349793324 -82.01793068814725 -25.964379905095644
-3.3545315624515926 -35.7243830594884 10.484964496250868,7.019675770881346 -25.922185842632487 16.51755147523257,-38.87900619789556 0.29656573889088333 -11.925630825449964,69.19583201982385 -11.103870276055504 -25.80459353616706,6.877249014799119 -8.211863951670313 -9.567605393383852,22.241527983205103 -14.101564705340465 -20.476906853977802,29.59535593085127 81.75680737371542 25.861900129767527,8.228412587006463 5.172666836705561 -1.8049782768369753,3.4192204560129684 -15.06799780072965 23.743565729160625,30.12734660666337 -81.22105713970357 -25.6111192659257
-2.95594451962701 -35.19796573701651 10.553970869049746,6.794428298583058 -24.88898243818534 16.03903319735304,-38.528162298657435 0.42596634222250973 -13.06102940075406,67.94518437126875 -10.781604756779219 -24.892627841147583,6.734153025695411 -8.21762067930327 -9.55172735727971,24.37865914691327 -14.216990129240692 -19.605319788514173,29.881952593960868 82.32238257616555 26.219596690662023,8.060055526357345 5.245545171039206 -1.4661437345309798,3.1205858757198905 -14.141656357134078 24.046805618526605,30.279850941744822 -83.03200103947157 -26.55888606078519
-3.0233295552311183 -34.682818706204095 10.538768024431464,6.788216261174313 -23.81439346851479 15.451767013784899,-37.628239845996056 0.5412393687573316 -14.285708288924138,66.28780905749387 -10.660927184010324 -23.823352286488568,6.865760913646208 -8.146136000869902 -9.366911272504595,27.316437739863332 -14.555537965315498 -18.576389116308512,30.129581385260266 83.81765044105998 27.01937198494256,8.112435444329531 5.400994834843089 -0.8986474606486596,2.832781791975636 -12.494925021159474 25.565128149367915,30.247578460624002 -86.35361375906547 -28.239179482545612
-3.5579312847319216 -34.2486180950432 10.413576737400568,6.8984150921026774 -22.99011090285394 14.87599618485738,-36.73514424320094 0.6575242729697666 -15.175407327231342,65.2795626963529 -10.92640645480409 -23.061746138110486,7.231672263143002 -8.01538523393298 -8.985595277695202,30.168804311383983 -14.905566719248085 -17.81254405425387,30.204679254931126 85.78408355056978 28.002962701723,8.360861074507548 5.564542626251808 -0.33283954891751977,2.288228037377143 -11.251741289658515 27.2390028100811,30.068229060890623 -89.67102685197928 -29.88837115922125
-4.257744559216148 -34.023078913559196 10.2142656577404,7.023832372869853 -22.702549819172642 14.48169520293701,-36.29324438348691 0.7684939786069414 -15.4171933249495,65.41558208792289 -11.543229819948575 -22.900776090569387,7.659915199291289 -7.888820864769593 -8.54630695105433,31.957038192552506 -15.132143923500177 -17.64913916128924,30.084504565774992 87.51907650257671 28.823630807042075,8.68003814949019 5.653065776255279 -0.0190662167941551,1.5038857076745649 -11.100617600858602 28.219552698669677,29.851387744142066 -91.6702593938983 -30.860957383956897
-4.69540741115352 -34.12478063612654 10.010262742227182,7.1133128674210795 -23.094472661473898 14.419182184826564,-36.45936848909145 0.8356154521210686 -14.923131498895815,66.48400537437574 -12.268516251432072 -23.36079659244031,7.92587169953586 -7.8398782666864095 -8.291794773049498,31.993585641729744 -15.26365699450023 -18.177568271856497,29.862502055884477 88.33254094683605 29.169948596713287,8.901464745449132 5.620957241048007 -0.10666671548928396,0.796612905338103 -11.98996335905452 28.228253091688316,29.722159200320586 -91.74254436052836 -30.874384491694748
-4.577740747717913 -34.588886560828165 9.864705366752185,7.1787201457491445 -24.083675543227162 14.74420961995085,-37.077773600975064 0.8015897584902513 -13.855627424895253,67.79782314228463 -12.776304439163805 -24.21810547192257,7.8685459027506015 -7.908569724289841 -8.434675047169527,30.1819816615193 -15.447554987416485 -19.195647395813992,29.685155181333307 87.8488016527674 28.89478797056797,8.899658058086505 5.487130916933539 -0.5664112215817827,0.6007453386908491 -13.23408516316095 27.588085362717138,29.75300551044078 -90.15920994524505 -30.082663570582614
-3.937866905581438 -35.32864929187168 9.805358323390436,7.268314319490395 -25.38130828103963 15.375621585193802,-37.80158874551864 0.6254697402511544 -12.55859654697546,68.64642327753965 -12.832317912240914 -25.136267311033464,7.482530710870424 -8.07371424748982 -9.020041520504215,27.09749036073123 -15.810394555633392 -20.292923489073257,29.661052390018703 86.20245752970943 28.087758237552897,8.660938492676173 5.327934324561965 -1.1965512490523769,1.1893465464794817 -13.955667164348261 26.93970520242597,29.9235679426592 -87.85431301080216 -28.956174320353853
-3.143818027866375 -36.154793908118506 9.819575978580499,7.418492206174408 -26.60063189528724 16.110242249933076,-38.28645603574792 0.32174207867527227 -11.427636474432507,68.70391204086158 -12.42647142606754 -25.82635008679583,6.933119174664413 -8.256840783631025 -9.862540125517395,23.802392560864526 -16.322125229458383 -21.032426667656004,29.79758958208534 84.01333742857072 27.049269430100196,8.295383849616055 5.238968756888017 -1.7120234921130377,2.460620775943634 -13.61379431158738 26.819489411490864,30.13303817106251 -85.93613068197064 -28.03541415175938
-2.707335123796283 -36.84243925627615 9.871472484994925,7.613867603056919 -27.401740434754792 16.692920775505108,-38.35413638675867 -0.021387358719058724 -10.7748494839692,68.17192762264492 -11.790636475210393 -26.15469224388105,6.481140456326088 -8.357838969786938 -10.602087726944855,21.46286902567557 -16.76476175858486 -21.14250434840646,30.001997244069635 82.13348409928973 26.17055283900234,7.982463897514301 5.2850283283235235 -1.875508404969822,3.920991714932988 -12.326347394337922 27.339844798661368,30.25904348175471 -85.1724947059659 -27.68231526439
-2.9890523038242685 -37.209706503634834 9.927374743130052,7.781005296926418 -27.602709776521696 16.912910843703457,-38.049482190436784 -0.2623721783154713 -10.740778725714819,67.59372301681611 -11.287271109181473 -26.151404290349227,6.3528269920401215 -8.306108278156925 -10.862968424860622,20.919662618618958 -16.84135036680417 -20.628120600790876,30.1433855996829 81.28144519171282 25.772833308962195,7.877663855820505 5.463435673149476 -1.6085370473603016,4.891118112560065 -10.812300783777598 28.14448520617824,30.22922629003402 -85.69543699821696 -27.946318654965616
-3.9590846067390935 -37.16741283084947 9.972880992528157,7.821993844025684 -27.209098367448675 16.684384772628814,-37.57693096230404 -0.26416531855696723 -11.280430509780055,67.46413615637587 -11.221652513054586 -25.92946113456242,6.6216596239607535 -8.10252763311992 -10.445325247378452,22.383720348521873 -16.371730858120983 -19.752797970516973,30.135705735044237 81.74613866690977 25.982981700786894,8.03036731047958 5.699077017689374 -1.0307208013249074,4.837371004831773 -9.988895001824364 28.652052422634885,30.063569865247484 -87.04778108875561 -28.597864694021908
-5.149134187023383 -36.71707191394215 10.011996145386716,7.6707185025161415 -26.358216148805443 16.075541647761263,-37.167299199268136 0.03368348191346482 -12.216115109729213,67.87327071123204 -11.671912534362669 -25.57182192581951,7.165524909110289 -7.831247717691045 -9.455334611959959,25.37351571125791 -15.461430980396413 -18.90796755308075,29.98990080679027 83.31200240494965 26.70688337276313,8.358784609744305 5.873405267302756 -0.4100325556814366,3.656973475602591 -10.446980510445147 28.439002798989844,29.862302025475778 -88.51348102332666 -29.293878136033044
-5.834228600323638 -35.90423190770264 10.050890138545231,7.340137822605546 -25.217301489975686 15.274199517474951,-36.957470602629265 0.5645652367764722 -13.323400266435264,68.39923769179039 -12.424968508287037 -25.057310346959955,7.724384154198326 -7.634206165865479 -8.303910906876864,28.909067539178977 -14.536049482366707 -18.440879112393652,29.803540482210966 85.4409412294553 27.711753600083732,8.697301512582268 5.8731112270533625 -0.049106696900455216,1.7620853119802342 -12.093463487169895 27.536115690935986,29.746235777398496 -89.53106620143836 -29.774862378446542
-5.361097792982965 -34.75928512497363 10.078526878275373,6.931651621725464 -23.893661905149827 14.506581799909135,-36.94914706805798 1.136728624650062 -14.409067945529614,68.32121191155696 -13.055211783522108 -24.26923989508096,8.030735706716705 -7.6584760725831815 -7.563610951431164,31.875061546819193 -14.203480301160981 -18.526882370793068,29.695279726810394 87.6065530321035 28.77060009099442,8.891530761741507 5.635475840837665 -0.16097689927523007,-0.09064387096988535 -14.158426744728233 26.463274894318154,29.784732944168738 -89.96069446221182 -29.98502952821928
-3.461097912318377 -33.26467377314976 10.058316882564313,6.597026521998163 -22.40218307809296 13.946490315365907,-37.05992661368901 1.4957872532884915 -15.352420675201321,67.03920420382465 -13.112150001016731 -23.08032024258105,7.9457751907711796 -7.998763350821337 -7.7407677197559375,33.405694145210084 -15.000629506775343 -19.14055378396486,29.725673532619787 89.59049540151855 29.78778893541311,8.888784765826532 5.170521361152426 -0.7893898182107959,-1.1461768372840622 -15.56709973372988 25.97526289079481,29.954134260372513 -90.07255028836511 -30.05783574112096
-0.3911620964145035 -31.37240308123765 9.938350539983372,6.469275071422217 -20.70081283222503 13.654831923333909,-37.22245041450322 1.426205768525586 -16.10459254127167,64.46440856246966 -12.328810220462303 -21.462137993484916,7.529878500392881 -8.659019963138888 -9.061741566303038,33.148415557503924 -17.146325626568935 -20.122140525142377,29.85447578583387 91.57007339710262 30.834244623919602,8.772485027531129 4.552581605040558 -1.8045776001548273,-1.0009770018112996 -15.481023887077463 26.65456393425149,30.151682558638772 -90.29037648519528 -30.189291622436766
3.16652839439891 -29.066975080640525 9.676724991030884,6.597220642353786 -18.767706751395966 13.573839691074161,-37.45900292972847 0.848101866190212 -16.661433286174766,61.15249197285521 -10.751941855791447 -19.552658724929486,7.009758477462947 -9.5480496656653 -11.367883514085563,31.324258182724442 -20.421664128223647 -21.28488671437962,29.962364096709884 93.94295442922665 32.07064081057805,8.718613900302728 3.888749827008512 -2.968669462058205,0.21889447289256442 -13.723718524778345 28.57515981616818,30.25703565187563 -90.86376264625628 -30.484858650973244
6.393430823196353 -26.441262584305825 9.269264158459688,6.918661962190942 -16.673710641579632 13.574257996005564,-37.87626834744946 -0.1363491428409267 -17.033878086009324,58.0884966830242 -8.732931683487857 -17.638358469521595,6.658811227659395 -10.509074046126006 -14.165443013518448,28.587567867334663 -24.23447721437854 -22.4937286863639,29.925451863723794 96.9865750174094 33.60085566689172,8.895119814721157 3.2811401982354074 -4.034460308557302,1.9390466133697646 -10.869849456701244 31.225519156828025,30.20491554881547 -91.67725770140453 -30.877090095094495
8.667313163317072 -23.74069430921531 8.76452421538555,7.288113172879632 -14.608983193145193 13.529724711649406,-38.57769037758334 -1.2720576570296946 -17.23340812981817,56.222513304332615 -6.7852878030423565 -16.0550107588969,6.653036249607511 -11.369737537808568 -16.807743196034075,25.760214691891992 -27.833095024537755 -23.67367739132667,29.69787670013927 100.55171226722487 35.34091692271045,9.357914578822704 2.799801802653855 -4.831098295146702,3.431665687362652 -7.9563698812192145 33.73924269870548,30.025359337268686 -92.31514066174333 -31.1649795325479
9.779312685505573 -21.341047477615824 8.256507505216803,7.54659874577721 -12.847378736345302 13.381564177520591,-39.54764332298637 -2.2466766380716496 -17.27543441627559,55.99598983994841 -5.376847534762243 -15.055923678941841,6.978008589973807 -11.992776180973548 -18.730342605125497,23.548436036289665 -30.566386560314747 -24.758299917121178,29.35130151401505 103.98241451723943 36.985810527710626,10.001442527233417 2.474691931242126 -5.303107333760795,4.170059641895485 -5.971281967319607 35.3149493301302,29.826900907853613 -92.34099726059527 -31.149895430646158
9.943618530843072 -19.653324487676933 7.85596243994947,7.598148404275625 -11.66232767602296 13.163691094297853,-40.587620189655816 -2.8123841315849614 -17.190261514310478,57.1116826159701 -4.75214283516663 -14.713827459816118,7.435654577688624 -12.31027082305275 -19.6413249862457,22.338769067676157 -32.07660741118812 -25.631765023394706,29.044619844955108 106.33772583770642 38.10731020707818,10.594578061398494 2.303911572587789 -5.495986529657419,4.062163512754835 -5.38578994546147 35.6042716593647,29.73189141309309 -91.61553581486234 -30.781941598764348
9.618670545085404 -18.983439532714122 7.65123413307181,7.453161475566377 -11.228777694136108 12.977589249003042,-41.36187646386013 -2.8805096748268233 -17.02747822892708,58.67663836483228 -4.860874831334727 -14.903858650657462,7.747198450334273 -12.333346014745443 -19.59462714935081,22.126546221203057 -32.35871189703295 -26.123975976374265,28.93835869681275 106.82496843122644 38.345211657819114,10.887755400871741 2.267896386771166 -5.507374236574981,3.4500762520996426 -5.963660384236384 34.86396497355608,29.802058990408973 -90.4455934574133 -30.22099991463284
9.251740915638328 -19.399758649044998 7.674611665575707,7.2157714603156435 -11.549795876247092 12.931530567532832,-41.54839621260854 -2.547976303265208 -16.846334547261886,59.65195071673916 -5.414295815917238 -15.371705970912382,7.6983522515009115 -12.13921741728288 -18.929359222586456,22.57865885333077 -31.692392904749237 -26.082070691067997,29.101921451974682 105.22919146992247 37.59947265538407,10.738479077769624 2.339133029444506 -5.434724202914989,2.887608898721676 -6.930009961360723 33.79508420242691,29.99902173454023 -89.45266528586274 -29.765320780078394
9.0856368533423 -20.666417605314656 7.888028999433385,7.022164398495267 -12.43535492830134 13.075115580355597,-41.0242166380758 -2.0460777521667812 -16.696341512374072,59.37944225969052 -6.031133910791465 -15.84770537694583,7.251093799370243 -11.844038994685382 -18.114740600767092,23.191417778832395 -30.50818564419782 -25.48453504456895,29.467807701738508 102.10860144713855 36.121992948645314,10.190544720301784 2.4832915698294213 -5.344615225805973,2.8230514413341314 -7.395246926337948 33.15935358047371,30.204503300806124 -89.21743419777721 -29.680064414227413
9.11682371470525 -22.28129000789275 8.19420692320922,6.9635767842865155 -13.542180264278553 13.362308610594315,-39.981186962187195 -1.6374678096767474 -16.60062526916987,57.9115753637126 -6.39829893192442 -16.148078915523868,6.5643865429597135 -11.571277082136255 -17.572820520637826,23.48389688160292 -29.2588443939946 -24.522711099500384,29.861273005253516 98.63327959282222 34.450778244311564,9.464186056120482 2.6557569032899346 -5.271050281998703,3.359453478998349 -6.80739982625594 33.379692081197426,30.289852215326622 -89.90021657645663 -30.02257239973232
9.200554499770842 -23.620299895251836 8.469520438820288,7.036672502652766 -14.465172423089179 13.662737985277221,-38.89182932685865 -1.509223309888136 -16.553750996632054,55.97115958074439 -6.374637063574073 -16.21782377003527,5.914075164839541 -11.422749317018772 -17.54810091899041,23.166387169095074 -28.334835158008968 -23.578130778353838,30.091082571517255 96.12102829351652 33.20512516351199,8.858988326966893 2.8020010349870446 -5.2318557259485665,4.2175590525570374 -5.207124774172232 34.33632693426417,30.19468137405567 -91.06973678859302 -30.571699906250128
9.215424348980932 -24.147572108755853 8.607012287548674,7.149722064976867 -14.857150231893653 13.81837262028011,-38.31745124520992 -1.70834254495534 -16.536275713717878,54.55980908351934 -6.00296047710107 -16.106244207164305,5.554553242639009 -11.456100582276552 -18.061391878875696,22.23649842647128 -28.017245184414328 -23.076714960038686,30.051729805700713 95.47920739713194 32.830322708407174,8.61583599420839 2.868195347696636 -5.243801180798112,4.914343537594454 -3.1750484342879925 35.46163045585073,29.967728079678267 -91.86952158429536 -30.91649891698181
9.173345931433726 -23.619658055728266 8.554675824161267,7.182604569221456 -14.545218104020819 13.721006168426284,-38.63633112704471 -2.142981997252888 -16.536473658202517,54.417859487396726 -5.444245080140721 -15.903499660493434,5.594341194035371 -11.67083196008167 -18.944247666949778,20.97635146417185 -28.437104208176397 -23.275976293693418,29.780177015972914 96.81478620576786 33.40875202361558,8.805540246604243 2.8212171179112815 -5.321858620617066,5.053886532544191 -1.522214897214786 36.07600401497042,29.743811073670674 -91.46535383246899 -30.67185315932839
9.20336399771535 -22.20508470237577 8.33598888416886,7.068303094562958 -13.608915428882101 13.375007851957331,-39.822851842021024 -2.640674835974716 -16.563561342712692,55.61733466638183 -4.882234462549368 -15.683368418193695,5.949536150981747 -12.005355228835478 -19.920850734973,19.85011926766498 -29.52343374539501 -24.095445319735852,29.435179242469154 99.39874288210919 34.62639417763366,9.29921688333565 2.669338468980263 -5.461695202586752,4.568791142277647 -0.8943671286852108 35.78084114651895,29.66742354659773 -89.55104659429598 -29.713569693193513
9.421494366379742 -20.46335098217016 8.045561197688,6.8499283180431565 -12.38923076801629 12.914596167642229,-41.3973641932008 -3.030016856415103 -16.640979162451792,57.50232296535838 -4.450889629652036 -15.485501967573608,6.398164760548975 -12.34809805508036 -20.697355039688464,19.32950506302898 -30.960744913819727 -25.09758467089139,29.210331629248536 102.00376607243881 35.912896318407974,9.835464422536727 2.471458546435241 -5.61798726058074,3.7792402917355403 -1.482420965297881 34.699092760989586,29.80500875876276 -86.63833503932807 -28.305738681196132
9.773688700970315 -19.175067776730394 7.820620087724446,6.678449195489888 -11.411723518923448 12.563708238171547,-42.591930744854615 -3.206327317038801 -16.780968613019596,59.01271079029301 -4.213100881782969 -15.339086631128303,6.706491756647104 -12.564071510165894 -21.03175099596809,19.700443861483755 -32.2073367313154 -25.660048814847563,29.228597869178923 103.45958395848143 36.693830523615205,10.152188904430696 2.326264716120831 -5.696304271592513,3.2358765660851008 -2.955381042992503 33.439691312456915,30.095976415390357 -83.95378049120234 -27.042124339066092
9.96131364697935 -19.071643217566958 7.796686097926858,6.747072083005624 -11.232354395653088 12.551514543063439,-42.67311341942518 -3.1556158776891365 -16.955267668813644,59.22987633284583 -4.183856866174126 -15.299681801442498,6.762050864367067 -12.533613472966966 -20.77753910954979,20.91833975275866 -32.61822546895371 -25.280124561839592,29.475587253875208 103.17330807463789 36.64354074352074,10.119949323797503 2.3416722789523274 -5.570419247581773,3.428227497512977 -4.610418564472567 32.809888906423524,30.37202984339636 -82.96356465633048 -26.61668158708364
9.515416304293192 -20.55728287322298 8.061177053647237,7.192637815331888 -12.245874596392806 13.017040808052366,-41.28104278611558 -2.9355757767528377 -17.08247321781755,57.86787866982414 -4.366060985046663 -15.461286234104922,6.64547014635742 -12.193817289882048 -19.90805508913336,22.571873316318257 -31.66527892992712 -23.87091166104873,29.806307728466777 101.38666545109498 35.82884013674948,9.813668524422727 2.5946337454813975 -5.123688368277136,4.5113378587822375 -5.637670860367561 33.429078727122345,30.436688817067537 -84.74170547371487 -27.52704067804893
8.002160640353992 -23.528537483085252 8.620221837879264,8.014092137483718 -14.521431830446428 13.943110571474904,-38.626766096288755 -2.6334343700394056 -17.045920733356656,55.45893608811062 -4.765806992987429 -15.922533022901082,6.604371360586443 -11.568878415806923 -18.528597805289074,23.983053741186154 -29.17840181974296 -21.893511165080433,30.018904102851344 99.07033580738474 34.685037781215854,9.489501593542121 3.096788306431512 -4.300107074374237,6.193561029527029 -5.371011174056086 35.44161045616796,30.163201525787912 -89.48440178902669 -29.851820261835343
5.264437143889295 -27.368126739930663 9.390758104121415,9.052004943559755 -17.733713301126507 15.149392246585267,-35.44885116122722 -2.3276521079891888 -16.73952923787014,53.13359265840433 -5.374527244547647 -16.718747872163057,6.941092063644286 -10.776513302310825 -16.8742721153506,24.421200280824493 -25.48967871835748 -20.235473443972737,29.95270335067043 97.52116276938821 33.84058770082072,9.478137665572312 3.7796877713557833 -3.144559192769582,7.845082119334256 -3.4403472835545807 38.46566074135563,29.558336790801 -96.40565621668377 -33.20813782307613
1.5767532262312365 -31.12739148064934 10.222331357729393,10.04368680229274 -21.231830559743422 16.350516729272467,-32.73905004501709 -2.071703819456332 -16.12181251001405,52.09654279670176 -6.133276070808434 -17.759595168774204,7.867317182017556 -10.004652717177228 -15.28298744539782,23.35950467895197 -21.38219545473061 -19.865448557325045,29.5569798806554 97.85115622727557 33.869932162138895,10.04324718965599 4.505539154135359 -1.8151048616272332,8.774588955977158 0.18478384658045854 41.7877825325637,28.757851348393118 -104.06220596293595 -36.907782379111886
-2.372817627554886 -33.83809529527692 10.942844714770795,10.730499748810086 -24.23713726000055 17.25782441248594,-31.353691758614854 -1.900601744331851 -15.250279590098206,53.04839943674961 -6.911111764909688 -18.816776686874526,9.393317899531649 -9.463409954572334 -14.134695833918006,20.677371469534272 -17.828238167937755 -21.408915956205092,28.896468405943295 100.5852608891257 35.07853822658208,11.267263286588484 5.0996201443616265 -0.5603798869934824,8.53868729504861 5.217915552136284 44.689046286841744,27.956459784801613 -110.94708784938081 -40.2350383342989
-5.678706528151758 -34.839602168877285 11.413254824015873,10.967044618367133 -26.104757886195646 17.684120302715712,-31.680742696609336 -1.8458518448579917 -14.275241223539268,55.8294504105724 -7.524182354283362 -19.583048787947924,11.301893911658327 -9.327142208788379 -13.76152012663466,16.725231588879257 -15.609965840240642 -24.840161786682174,28.09739658369547 105.51513178486658 37.40228459928387,13.011700717360492 5.393423150973695 0.33303704031611847,7.135993336221452 11.099849975876845 46.733034167085535,27.310285080705192 -116.06823482034854 -42.71477519682499
-7.5142760689924994 -33.99669704290411 11.571729111695461,10.780073375330955 -26.548433149853448 17.608583668279866,-33.506420062497625 -1.9410189014946972 -13.391038034397477,59.45415223764314 -7.797649830378 -19.784881449034728,13.217546033087872 -9.685593512284244 -14.351730633122376,12.219643665127599 -14.990718687995017 -29.44174802668737,27.27127142629737 111.83193330966532 40.449278090126725,14.964757065539153 5.265859053159575 0.6098809784812684,4.998700875350392 17.05705897314454 47.88225138562624,26.863795133137653 -119.25076262488984 -44.25186359237054
-7.408065229142607 -31.72417506475175 11.450644633944766,10.349348542596557 -25.734848607786866 17.175267704768558,-36.1327930602672 -2.2092605725557672 -12.764319071070027,62.52025029116791 -7.643862032749286 -19.298592961663157,14.739606031752658 -10.519564145277968 -15.881844014221954,8.00538649251429 -15.599879582770086 -34.06226233978886,26.463649100091622 118.44547899440936 43.652652774327976,16.751989912770824 4.672999890784679 0.11524066958061674,2.7949073287112016 22.20522213772142 48.411063054659365,26.53896175854665 -121.05074255221551 -45.09238060647126
-5.394435753086882 -28.811827066865934 11.159728993891118,9.920852788241907 -24.20405125729979 16.626783236715166,-38.6838784984298 -2.6394018215868704 -12.471690708042077,63.80447360552005 -7.115026743415679 -18.21303089576363,15.582977003107626 -11.707011534809483 -18.106641555841197,4.777479359601176 -16.602214990927084 -37.563631092647405,25.65674602638581 124.33977318603431 46.463824047545984,18.062684922730437 3.6619330738394646 -1.1528121245525185,1.1432261237659564 25.729090973049995 48.69064118310297,26.19036007511722 -122.36136094999458 -45.64490764856817
-1.9934444742355681 -26.124975105755205 10.842023606656724,9.695307278423838 -22.646871714230116 16.202531051018017,-40.45671186606569 -3.1681309909383035 -12.475686620490766,62.7777042534554 -6.397236985013779 -16.805810210934702,15.671166838626617 -13.054554871252357 -20.61659745033349,2.873055509535372 -17.085420785918853 -39.25940690142707,24.81986155107739 128.83111958863267 48.51053867605094,18.743334863167718 2.368147294460273 -3.0205173459853896,0.37473675916291344 27.12251272494679 48.97704059515636,25.69516798577024 -123.92917867246118 -46.26121578738519
1.9539272542624138 -24.3050993577827 10.62051846663896,9.745553550217595 -21.6342623948524 16.045741058636608,-41.16275878336327 -3.6852706554473555 -12.649883054024627,59.81818772333136 -5.7414561214042825 -15.442320873701851,15.150045237106628 -14.3420226154254 -22.945343945373526,2.211646886277064 -16.486991849637185 -39.15004668982583,23.971417378336636 131.66297286259626 49.669797844106874,18.828000112341016 0.9971327782280747 -5.155298762791244,0.443817974198403 26.405977037835402 49.31282527145856,25.030103882570746 -126.01511027522746 -47.081947557375365
5.521469630419448 -23.58965638626943 10.55706610028539,10.000153107847165 -21.41536177629742 16.158661306624243,-40.965878451444276 -4.066688976759972 -12.840294965671303,56.04351574709415 -5.360525870030562 -14.444307135213435,14.324354108113132 -15.366656358127116 -24.689854541474197,2.3965558477969924 -14.854569830277978 -37.858114373744534,23.208921095043387 132.9506347746188 50.046649807292546,18.502833915230074 -0.20922867739004394 -7.1257950055783335,1.010682615034943 24.203035906819068 49.57484039556821,24.296228121724003 -128.33562711894155 -48.007400399596186
7.9236828891960895 -23.812288274441233 10.639464424067167,10.29649464184436 -21.86841720462959 16.42260578343855,-40.32320774961388 -4.2225268317284925 -12.93313401329504,52.8502118230602 -5.340782854840523 -13.987535898920887,13.547323938222661 -15.977980678976081 -25.602979790927648,2.9202994793256623 -12.810801305542185 -36.30739651823906,22.682518053599527 133.04168474244761 49.88664768241758,18.026287300051877 -1.019768389909387 -8.498840992504867,1.63674133268919 21.589103529650256 49.61458665637829,23.680860313647 -130.26806209163868 -48.78544561925839
8.677598742615082 -24.56152387740338 10.7997927499775,10.472536914627264 -22.616038265601613 16.66964604449616,-39.72485228590446 -4.137286693488577 -12.897241469772199,51.36713232264417 -5.6112273528445025 -14.069754519066903,13.10645826084946 -16.100496371232833 -25.63264481128383,3.376249599250587 -11.238061110621617 -35.30559578412529,22.522266656134814 132.36847639648502 49.46845800601906,17.638680298298578 -1.2687551620530173 -8.95419482026642,1.9890636612785342 19.72430594254401 49.39205719231256,23.377383975725785 -131.18322158172347 -49.155383225112246
7.6825659517863425 -25.407301892998404 10.953137913138118,10.449251909635281 -23.239028056127992 16.769546117053963,-39.46516271475283 -3.8800697097432217 -12.78354530661581,52.0485889524067 -5.984911464664999 -14.552014338660046,13.143626841435552 -15.745220394028495 -24.90581445976123,3.5848897423604567 -10.8371029965298 -35.22514585291527,22.75838913591094 131.34458730296373 49.01984678616549,17.492735449992605 -0.9060818181336949 -8.385699867592718,1.9598788374885063 19.399706287822685 49.020384286816785,23.50195484607309 -130.7351288334432 -48.97270191867922
5.224264336320202 -26.082668720447792 11.037421712481551,10.26366414049264 -23.479751435524822 16.690039823250853,-39.54878746448381 -3.577514970564594 -12.685979695772602,54.55611795945721 -6.2512221366302905 -15.240337537623764,13.630375261598733 -15.010844331443367 -23.67546475455827,3.5915385632781476 -11.775490728397049 -35.91711218214607,23.280456940738382 130.31913993115649 48.6808148800537,17.624053831619747 -0.02599532578132524 -6.95306635031746,1.6602518823098729 20.696218993329225 48.70155732895224,24.043414887524683 -128.9934036376693 -48.265244856650895
1.91344800646776 -26.54188257094041 11.036132586177542,10.039856406967335 -23.33810993661667 16.503204135461115,-39.75811848032493 -3.361095692341041 -12.686764768923998,57.94733640843565 -6.273073731163016 -15.96029195111093,14.39846718978466 -14.07239403002421 -22.255808845347453,3.5574379156154627 -13.595029206623387 -36.872873852159714,23.86196873476623 129.57239015450548 48.51293245555942,17.964039617509705 1.141339064627042 -5.057346737959816,1.31261531289769 22.92917914259987 48.60193981444255,24.863388247689038 -126.40192903579346 -47.21487402114515
-1.4362047461256902 -26.88678454045157 10.975578660818234,9.917400221686805 -23.023514830690935 16.338129584863953,-39.82638205368172 -3.313737253335865 -12.814511029440713,61.067324004071 -6.042423593249542 -16.59055481910042,15.20876715779906 -13.153489598586225 -20.964025410878318,3.6150977816955265 -15.417377367713708 -37.529736026391845,24.242387612268878 129.32353145202157 48.53465139402892,18.383705753146273 2.281665176818501 -3.2361126624853895,1.111242402427027 24.930219979132552 48.74972657583218,25.740061445075334 -123.62641167387818 -46.09297340598521
-3.985979544340456 -27.223141176042404 10.901584536552168,9.97678090875214 -22.802467159026662 16.30666230360365,-39.61358093426416 -3.4408230069996253 -13.034280639064189,62.972162353154715 -5.6706012202391936 -17.052673937756918,15.832769334694799 -12.4810029680749 -20.0732609011133,3.768594527441426 -16.341368885627382 -37.55803338770507,24.2288732615546 129.72624261372283 48.75517573322896,18.748927932711204 3.0823372188762326 -2.0045841038782055,1.1242019258924165 25.55746008674037 49.01797336330127,26.433956046071405 -121.37486716024011 -45.1864971695197
-5.082722049166272 -27.54127704673705 10.850415835046098,10.200027010307988 -22.833152591380404 16.4415004683987,-39.19133163240856 -3.677588182889139 -13.270484296696994,63.22428708585693 -5.323747486713366 -17.28278620245822,16.120901993642 -12.228498508571484 -19.772339713338667,3.887886299021991 -15.83829382572368 -36.99334182321957,23.770809439036075 130.84174834815352 49.18545549391919,18.967081187503382 3.326618702174933 -1.6941046309526138,1.2782711981930552 24.20749853325316 49.201302589025886,26.752360034364095 -120.24374270516336 -44.73649284554148
-4.4505684096553875 -27.6945462904743 10.830180122849622,10.48404601633207 -23.079161021208748 16.6783154118724,-38.79848043088093 -3.926085408465598 -13.446633939049079,61.969750157221014 -5.140065245937556 -17.219401139316147,16.038500175071324 -12.46388077787172 -20.128986108037395,3.791990633287648 -13.963618548728073 -36.168503011841736,22.97555809385785 132.5957728745458 49.820282680727914,19.010569282173194 2.9633437459174456 -2.3467470317334835,1.420755579846885 21.09297040866655 49.13748711549303,26.597274997615695 -120.59672013466792 -44.89049020923035
-2.29355653617653 -27.487776924189998 10.821678272046993,10.696075927423726 -23.34533101100115 16.890023945401314,-38.700348937678726 -4.100784301298296 -13.519324776011677,59.80118705643638 -5.171245285010093 -16.82511277920695,15.66153995094834 -13.12144913045839 -21.063560858574977,3.368329085143869 -11.303267419134677 -35.505034755520306,22.063641949499647 134.74021391815208 50.60342913423197,18.91231437774513 2.12391866177959 -3.7082303483363064,1.4148907674077214 17.157223282927568 48.80079621713501,25.991159152383837 -122.46449976482168 -45.662081134668185
0.7488418829770627 -26.820544074743367 10.796046746145784,10.740151381129001 -23.408105601561164 16.95416587044894,-39.033307453466115 -4.159898947969392 -13.489988664457162,57.48754750015051 -5.373779703450486 -16.130640906363325,15.137072240879125 -14.014395930606879 -22.35020329704075,2.6587669344318368 -8.703399215491572 -35.287666140243175,21.288624489415316 136.84928980814703 51.40045793540526,18.73884987384178 1.0766940501245907 -5.325170265254752,1.2153333860160416 13.670433562828205 48.31456757864129,25.078771466619983 -125.47561849164252 -46.90113448924106
3.802285122129611 -25.79493510061947 10.7371509569651,10.600522030006926 -23.16020393152634 16.817597538375473,-39.71966214250633 -4.110011527675356 -13.392313305391887,55.686584539482666 -5.647368588429791 -15.26690692963024,14.624556363717106 -14.890238830391613 -23.661586919099715,1.8636331762009168 -6.9264593045438065 -35.53993373356883,20.8574929404136 138.3786807366866 52.00496190727055,18.554869226355898 0.1329793107466566 -6.711273702719656,0.8880207972135137 11.701222840471242 47.88074215187116,24.102132704861567 -128.8666952658306 -48.29557442878848
6.0551399063246585 -24.714622232203908 10.65469825062908,10.342648981963112 -22.6836753419844 16.524899876603335,-40.49687360795623 -3.987676334400738 -13.26696060823137,54.74368286869138 -5.893428781869379 -14.450998188159389,14.240437111925477 -15.51365159424016 -24.658191858928586,1.260268977133407 -6.390091556893127 -36.0524563264503,20.87857753289162 138.79966044234374 52.19126807021554,18.39581980257061 -0.46093465340823503 -7.518549728175794,0.5712877264647245 11.70842404886675 47.6721884940749,23.34515673178729 -131.63182655592027 -49.43123621983702
7.040756424422081 -23.962706846941643 10.580252074714469,10.075634167668731 -22.208704740282446 16.196537275475265,-41.04363295228537 -3.8337605114332614 -13.140614400127713,54.633864495069226 -6.05954168140635 -13.916736165523877,14.02654534355971 -15.74702942280955 -25.099027910294353,1.0775599026880016 -7.08214191097418 -36.529084413512365,21.344716773763302 137.78770480849653 51.80370900224645,18.26081448022319 -0.6047035396840292 -7.647325625815855,0.4042661617105332 13.42590658734575 47.75113424789874,23.0515070121308 -132.82554797024721 -49.91709623063102
6.785905246633319 -23.816453691747686 10.54887241020707,9.898886607539364 -21.982506556789986 15.969268999193707,-41.13595057801256 -3.6775340729306194 -13.02111594211382,55.044950347084246 -6.148014102369202 -13.816051023648003,13.952902832062323 -15.59662160285845 -24.93163019167674,1.3893959889257683 -8.64759039479425 -36.757291137012004,22.143130281356445 135.40587492845307 50.848801855576255,18.127973461405826 -0.3671562678249989 -7.254680382588663,0.4607299686675925 16.061019263167484 48.05580698953114,23.33434682139439 -131.94285282215617 -49.544079542355746
5.758210348476005 -24.297780649797026 10.577722372302018,9.861043706358853 -22.12485574969736 15.930535713783831,-40.75359337418816 -3.5380372929013357 -12.90858057247056,55.55066058281108 -6.190059056004366 -14.14151172070139,13.950590813987596 -15.203994907646232 -24.31831877845795,2.0785966192020826 -10.567560166235786 -36.70691047342303,23.079517999355204 132.19711559003767 49.5442807673755,17.982553930013438 0.05539063491636931 -6.663755734093245,0.7187358435132127 18.676952267331792 48.45326991203425,24.11201108968502 -129.2151244194311 -48.40926147584107
4.634278323501552 -25.145032090254933 10.654669541725168,9.949311796331699 -22.554583547150138 16.080525460479524,-40.085340604856256 -3.4367038068308133 -12.811650703342227,55.79759168735877 -6.207322114356655 -14.716587065725516,13.95684137628881 -14.784787124070188 -23.577944404875456,2.8865119573648776 -12.332588221850257 -36.51169039938753,23.911314888673417 129.10849332633472 48.287357388131625,17.84070484152324 0.42649458601034684 -6.217208283854198,1.0757824508456624 20.558701354707857 48.818016927341276,25.10674541927644 -125.64607974422864 -46.930951403889644
3.9939417556417984 -25.929581598013385 10.743817374447254,10.109284910679538 -23.03054874069035 16.339756987082957,-39.43409806028883 -3.406642066643895 -12.755039759483047,55.634425460089226 -6.188136817158396 -15.267879457451704,13.949107671104178 -14.539498315803199 -23.059549893750756,3.522205155229333 -13.550144645872347 -36.358801024108416,24.39407310057561 127.22457266567136 47.53476932140968,17.752944095345494 0.5654512176207698 -6.138749427475984,1.3975382743191642 21.40156360776929 49.086222783969745,25.92587810488193 -122.69988300868077 -45.717740806804855
4.081268532944975 -26.26295638820551 10.804757906807133,10.279527614788572 -23.284763733657254 16.595293887601198,-39.07217978696383 -3.4861271967165854 -12.77085522091747,55.14091510717665 -6.0945589163856635 -15.549352522969755,13.950949717716357 -14.573749001447672 -22.99866025945115,3.779495512132665 -13.985602707827713 -36.361447362931294,24.344726768865247 127.3733070907169 47.62874511007958,17.781914259648822 0.41272577519708964 -6.4587617140232165,1.5753524140322077 21.278615698515207 49.25817970477623,26.208990745891608 -121.71800060524602 -45.32438041219703
4.739588773702356 -25.98901886270912 10.814217306228837,10.42002717182294 -23.17229213518369 16.758706296984215,-39.118748732542734 -3.6955521431595026 -12.87764720288704,54.556443047803846 -5.895447415773169 -15.457461540530344,14.007788970175646 -14.861594535164949 -23.419696593796907,3.611038136030132 -13.574287484758731 -36.49263369626735,23.71258789541445 129.74887383879962 48.63707777734747,17.963910299002293 0.04074991356173241 -7.028271833187299,1.567592809219228 20.46683415245038 49.35928827405222,25.786637227043332 -123.30163267459857 -45.994730195900125
5.541077385610671 -25.260263502349066 10.777481251963724,10.520638286582352 -22.752626140009188 16.804328422892613,-39.49654024534524 -4.01083002411638 -13.060386535981237,54.147712033034246 -5.603397685094323 -15.077029028639513,14.147361865904514 -15.266402179101556 -24.13041828613164,3.132631514001243 -12.43732029578236 -36.615706196081284,22.631035967133123 133.72586349945155 50.282898323138355,18.27509191064129 -0.389909109411527 -7.6056806733418245,1.409894151046144 19.27022691373502 49.397120141694884,24.777638510068762 -126.95868637071689 -47.517212895097195
6.035318889584428 -24.456526971535993 10.723235508750498,10.589505149113306 -22.25614003511516 16.769195411331,-39.98329653653629 -4.352751014883328 -13.26568469334174,54.07760388902045 -5.289640130015575 -14.632120107449344,14.348901210691478 -15.608103571578972 -24.81291237854707,2.563875151110988 -10.896149126519754 -36.586832500914,21.41463774275344 137.9882535059862 52.01133922404289,18.624075057825138 -0.7062601293744958 -7.971052500569052,1.1936192268888337 17.94521474451498 49.35088807625726,23.5682407625779 -131.22558663075685 -49.27956387431684
5.985353718015648 -23.987337063313618 10.685424181629955,10.633439987976319 -21.954616384808084 16.71856497645799,-40.32703190024942 -4.605822725243124 -13.418552297118868,54.33352496248357 -5.0632765828301 -14.366327399644225,14.541050415830806 -15.745272420533485 -25.17004683766015,2.136696180801199 -9.444532904333773 -36.36199598417001,20.479540565974943 140.97230800336442 53.18386831028028,18.880804203963798 -0.7962151978750558 -8.015906739210205,1.02412134419156 16.73806635616339 49.20201313274199,22.665691480558262 -134.2606121069388 -50.51911460331693
5.472566425268836 -24.08114568605591 10.683382523685712,10.645526120391828 -22.0093302522401 16.70016979235341,-40.366144048773386 -4.663984023884597 -13.454437359147848,54.744824287026844 -5.02228300153274 -14.41530037655101,14.632705047009315 -15.634916525972873 -25.059336958754415,2.0109635613340733 -8.636407159120647 -36.04024021893543,20.198774622249694 141.47432775197305 53.33031052423423,18.93234704302313 -0.6491983517026106 -7.773314791068397,0.9768149072906144 15.952789158429216 48.98020183541819,22.480145937081343 -134.66659078356457 -50.66514546730695
4.825462924490099 -24.671917625993363 10.712225748602059,10.6086207694794 -22.38263376851833 16.715451638631166,-40.09766682253596 -4.48324240690993 -13.350602324907467,55.07710876649012 -5.201345518377291 -14.739233303684989,14.56168764945021 -15.344493802520988 -24.551988119230955,2.2264971862071152 -8.892434527033938 -35.81465380891491,20.743236987287577 139.17390462965227 52.353079417126516,18.73963001047001 -0.35023157104543595 -7.383604587752785,1.0684170170711085 15.941888682994122 48.78308601759716,23.13120185094047 -132.1621003067592 -49.6137092824714
4.421657179433644 -25.44155917561185 10.748867001707781,10.51173693869555 -22.862405134444575 16.724403192321468,-39.666086949512675 -4.113321349865649 -13.139939695204314,55.15516245452924 -5.5455620448758465 -15.150820063970228,14.334314649425353 -15.013623273115707 -23.891167533591936,2.701546121972276 -10.292596377716931 -35.85856154741495,21.9807101930821 134.82984808771127 50.58880915222585,18.364978822391887 -0.03465423026397407 -7.019736307347559,1.2539742527354092 16.970000458752356 48.741885642837275,24.373740295729895 -127.76528811185099 -47.79679342433069
4.476699472694985 -25.993287550314875 10.769179209422756,10.367047497458104 -23.184201217140902 16.679394672558423,-39.28491116687784 -3.687725514441406 -12.898920259364868,54.952914188518065 -5.926792550904053 -15.422128800837982,14.031882241688415 -14.786134449839825 -23.372375964057447,3.2697859262951026 -12.462850594835693 -36.21373101748073,23.492079376402835 130.0309774698848 48.68948584258978,17.952468305725457 0.17340758580933863 -6.810575394624048,1.4498613292108682 19.004797660796566 48.942878005696656,25.687870734113044 -123.37467399655122 -46.00162464341231
4.934390095813274 -26.061378079589648 10.764821497254392,10.214206673385945 -23.180517987688958 16.565185708410613,-39.1336388132719 -3.371626411728472 -12.714828841761204,54.605602941820436 -6.197468642662352 -15.41065834137939,13.777156915485772 -14.74555864221141 -23.20567574145597,3.737958683148486 -14.645269520670354 -36.74769161463209,24.716176050876747 126.57923226576045 47.36503659323518,17.66646513583814 0.21115773321182907 -6.795360327687986,1.5723093280158884 21.571153143514067 49.35048211690615,26.50081732516527 -120.9239738762322 -45.01792061777946
5.512625946662148 -25.64458125329488 10.748532846429477,10.106385762357439 -22.8719158791972 16.418140922487904,-39.280275289766166 -3.289457651730579 -12.648281161249487,54.33849930864105 -6.2567950545619215 -15.134684798619789,13.67615542797663 -14.883482896306262 -23.426168529506633,3.9452176192500006 -15.961433072780771 -37.208811613671664,25.17276343528954 125.75804745224538 47.09506301249203,17.616427992174657 0.09587634517899035 -6.923651123002373,1.5741987007206806 23.80375355766407 49.78715645152178,26.442073287612114 -121.50524485422412 -45.278924190033365
5.871672058338053 -24.993582232139268 10.744197603436104,10.084092426926464 -22.449070002573375 16.310214093121417,-39.6625831171965 -3.4667357808736945 -12.70925321171972,54.348973698766926 -6.097117381747749 -14.756799590770116,13.765356742043323 -15.112879826267339 -23.892798340557412,3.809367501613203 -15.7756137911619 -37.35275763828032,24.668574970255833 127.80600185281178 47.9359542115187,17.805369755667133 -0.09224270552155378 -7.092815288784246,1.4631815577532958 24.739038536602386 49.998287947852226,25.512057593749397 -124.88076031419658 -46.66902320377264
5.806438377268705 -24.463362086982045 10.768105797137007,10.151330185524749 -22.15804488121314 16.305329622416377,-40.13029290585779 -3.8157703898342272 -12.857408690013465,54.70262338550015 -5.807545781037314 -14.486346763059776,13.993056360578414 -15.316544623508747 -24.370414992814425,3.3503147708835606 -13.995230166285936 -37.07335651754146,23.389971748915414 131.8336645841312 49.50927584907739,18.12918297182447 -0.2519686951497535 -7.200330851479677,1.2925695467146978 23.746865402297257 49.780136124217634,24.082279464757548 -129.61887562772472 -48.59046605757053
5.355693243112283 -24.314895604716412 10.814146167723106,10.268696382868791 -22.156669286012185 16.41423396681323,-40.52159893381655 -4.174214014967054 -13.024712810243496,55.29681680586571 -5.532789389523142 -14.4572569313506,14.245851600823842 -15.404882825250029 -24.649443150625476,2.685526267373861 -11.156054842839 -36.4670483572182,21.83287630241535 136.222625361039 51.17521376440769,18.428560326380968 -0.30711974886138194 -7.186232125695275,1.1298982896504757 20.896759604364462 49.10527275550136,22.725069804146692 -133.78269388580793 -50.25362617700749
4.771633469782312 -24.576866463856422 10.85390215896516,10.369323886818488 -22.42575204955393 16.57724476042865,-40.73403452706166 -4.379162741603647 -13.147331194985245,55.90984393569159 -5.406822963280408 -14.651671473453526,14.406655483957106 -15.354772059398027 -24.64177961096179,1.9972936739171523 -8.232493240304585 -35.79475190639029,20.595749590419942 139.32320805768768 52.30976354144053,18.567609511302937 -0.23673156844726376 -7.05026856462718,1.020290962092307 17.051255604159536 48.17114160515341,21.95392467314434 -135.8281486894774 -51.04486326882622
4.3726692156073295 -25.042800243711817 10.853423774533697,10.390964608371513 -22.786046100267903 16.68965029320543,-40.75706933743142 -4.3414132781841275 -13.190482620289764,56.30926758661171 -5.492670140217701 -14.913669938641432,14.412993088506008 -15.212481308035937 -24.40753783367566,1.4786459233578437 -6.245648526898427 -35.35883578134778,20.12764645802632 140.1305146787542 52.557932577854785,18.498572617530655 -0.07806863707779899 -6.842245830209178,0.9656628496957972 13.59362074908818 47.33259370888406,21.999179523597185 -135.270372243322 -50.79035193890478
4.365659876804485 -25.40210968022147 10.797260754581362,10.308120438146608 -23.009586965202246 16.659506173058126,-40.656033077095344 -4.084147810068994 -13.155533305675421,56.36275793836107 -5.755875139612164 -15.045791511161205,14.283993493331419 -15.062381050376306 -24.105278483274397,1.2729648398526656 -5.845064351062394 -35.35699596844297,20.54645384483438 138.63627931944504 51.95062379529846,18.278999963689955 0.0959949122426309 -6.6352798743688925,0.9328413497305791 11.876913359881097 46.941618628414304,22.725181781789797 -132.8042149916702 -49.79158670931267
4.736839728508715 -25.42801385365979 10.704257899647569,10.147312365586519 -22.958640435133294 16.466552712620295,-40.52205465120598 -3.728098455338573 -13.069385998712438,56.0947832894811 -6.082601557992745 -14.932900725554251,14.102148907107457 -14.979845155583744 -23.897825266251598,1.4277530070813764 -7.057250723217486 -35.78629410779406,21.609089556035677 135.71819763241803 50.842316258654435,18.033280673502592 0.21279690178932587 -6.49601082572877,0.8867163130495354 12.632983859471153 47.172425549100566,23.723372223986164 -129.84939231064914 -48.62808003130465
5.268345201960485 -25.113383783789903 10.623030726463206,9.976929333654065 -22.66934324512227 16.18679766087449,-40.418105665615116 -3.4319323254255556 -12.96565503723968,55.66258654483075 -6.332321195923314 -14.620689145175268,13.961796714007928 -14.993317531647667 -23.866321420576188,1.8807891211414898 -9.313257954870828 -36.444482086221484,22.84163702406481 132.6556323653516 49.71477280913574,17.880968473025902 0.23185298803896792 -6.463261775635938,0.827609167733556 15.620051267616457 47.92492305654955,24.527519269763395 -127.78336724348465 -47.841735550508886
5.665566764137651 -24.67527246603917 10.60670987576819,9.876146222677608 -22.32976119394029 15.963781599395922,-40.35015975580692 -3.3183525051452443 -12.869949191705665,55.268088727142455 -6.399834773484583 -14.300084034730858,13.915461019100409 -15.074346219969625 -23.977258029588253,2.4853713989848014 -11.729671924834204 -37.02672232879675,23.76051635303484 130.53489184753568 48.953817597812495,17.872830999349027 0.15897770756570706 -6.540411314879454,0.8059024102751233 19.688053424160035 48.863243195567215,24.838269305267467 -127.27299939348913 -47.67314867037434
5.7205590780241105 -24.423822214344472 10.679904941293898,9.898148978537485 -22.164620226537345 15.936682605479364,-40.27668436212485 -3.4221449797545263 -12.7967369446899,55.05498335899875 -6.258570019403447 -14.201379862184677,13.950170997242623 -15.15917403020288 -24.116429729770044,3.064429123863654 -13.495152520914402 -37.26949590826757,24.075184456045505 129.84062078208547 48.710644389798134,17.971100454251822 0.037514477812603086 -6.70066940189517,0.8975694135924683 23.247218566204186 49.57594783374626,24.644376319900704 -128.04445116734055 -47.98449647208865
5.420972572746009 -24.56959273949809 10.817653446773415,10.045686025928902 -22.29488249899438 16.161359447714176,-40.14806066522744 -3.6836293515756116 -12.75631105556229,55.04503215250552 -5.9671435924341365 -14.454153231721566,14.007529897662394 -15.18911672013201 -24.167283453701554,3.469518997892084 -14.172544192642231 -37.072555773524826,23.778782112072765 130.4089498853055 48.90543574109944,18.084770689707664 -0.07765274778766917 -6.900716769053471,1.1479819802147888 24.933050240801844 49.77853905253626,24.186323338384682 -129.1823457957091 -48.39755155498163
4.948620962527432 -25.08100854252276 10.951408749182681,10.270460800335982 -22.656677110534 16.568064154234555,-39.95138102041188 -3.9869370055247284 -12.763178924355788,55.1432326968125 -5.638613358138347 -14.991779545310461,14.034006048101327 -15.147520742233628 -24.088096002404313,3.618613880642849 -13.78505635877999 -36.54278469254673,23.095856689953447 131.71161910058115 49.34947540404385,18.13797776949296 -0.1497711088026379 -7.096896447603787,1.51546519763123 24.166711380873114 49.453512822677155,23.79275835722428 -129.75974419894064 -48.55690686066389
4.574678182948852 -25.678718444493533 11.002498845204379,10.495697558527963 -23.030677609101353 16.983154450524463,-39.73349314946068 -4.220122929423273 -12.836345821907251,55.203198918964006 -5.388439154713981 -15.559239925195616,14.027869776406302 -15.07293856487653 -23.94408177226341,3.498936452390028 -12.67891478423797 -35.94213247193261,22.331349480579274 133.26204695602843 49.89736945919621,18.128328390517204 -0.17838061342035072 -7.258339962140355,1.8549051489973174 21.360443352015537 48.85336167032873,23.685908463652474 -129.4260096404687 -48.36174561008361
4.513100852976586 -25.978932861455434 10.926779434586877,10.649802673995826 -23.16863276987325 17.20914907435426,-39.58718029431662 -4.324832678488889 -12.987936016377901,55.11391614584541 -5.285766490936593 -15.829731833529175,14.04908801645601 -15.040089757225157 -23.87492394513972,3.1420803015728946 -11.273538434225612 -35.56553097051798,21.712135835191027 134.88130908821634 50.52885814095111,18.135542555906312 -0.19609335967982489 -7.372402288292152,1.9662348604186235 17.68640499093778 48.36214773417571,23.864381842782535 -128.61208519310253 -48.029821561206255
4.810831205067298 -25.713879793937004 10.74528159924672,10.694203950402251 -22.94557285511394 17.125066877543173,-39.60561612052012 -4.311208808959247 -13.205610615367798,54.86301021950651 -5.330107482384308 -15.577219699637306,14.179695521206414 -15.116278670212267 -24.012016824031324,2.5961527430159794 -9.857708680748969 -35.60348931193392,21.307365893357506 136.661463516233 51.306436524748975,18.268416472528695 -0.2442748367238905 -7.439832812930993,1.697317911689291 14.529062771731342 48.28410254795083,24.12519998751274 -128.23177088125874 -47.95281856060619
5.326552849828253 -24.910738327215185 10.540719110915003,10.63234334223511 -22.448419823885988 16.755042972950385,-39.82817315648752 -4.233788331021114 -13.440519281059334,54.550538219662904 -5.463514046796384 -14.819362523662022,14.453297561486064 -15.313566269910847 -24.385701955323796,1.9219824881589123 -8.542656380360627 -36.04689448783414,21.061646766274343 138.65782707593817 52.23423613060941,18.57534006100338 -0.33859278773345625 -7.460765625186772,1.0534458422174493 12.877764122498665 48.66461537102734,24.20791948015362 -129.0428295716802 -48.42065660278859
5.798214939059959 -23.92736955021161 10.417294819456234,10.497026169877739 -21.945646071674837 16.266459209529604,-40.206837134003614 -4.145080946895365 -13.611820148048249,54.35695941935973 -5.61226794808317 -13.855703524821887,14.795254228667204 -15.56032432671374 -24.868711434488517,1.2239027115851595 -7.372314115783784 -36.67040376405268,20.906662361565914 140.51931279274282 53.11028368774218,18.969403932568582 -0.44176242998483795 -7.417415832272047,0.2489926358569178 12.926226777916307 49.23147385616295,23.97576297901206 -131.0283998192704 -49.36942292521221
5.954437357541725 -23.315974880209776 10.442357932349488,10.324419063328573 -21.749789924989166 15.893648265882357,-40.61328386485904 -4.054276220544793 -13.630965325287448,54.49005855452163 -5.738595152381322 -13.174614149599446,15.0151338166366 -15.70834941998636 -25.186125986836487,0.6981960694842257 -6.485607564028397 -37.097754109956455,20.87142221588484 141.3233363457409 53.47924134639497,19.217634888829174 -0.45951537242468166 -7.263201205494158,-0.3448241595363484 14.033829179777001 49.48344501863675,23.528570781580676 -133.16124230984818 -50.30174246138641
5.610661095579088 -23.57613094709656 10.601224954771943,10.129346691894597 -22.04699354968865 15.822093852403334,-40.886343820436174 -3.9140900933964717 -13.438061850948136,55.13632016685119 -5.877413980402432 -13.264808622705901,14.867979978496354 -15.576770231880559 -24.99297254450939,0.6602838252978867 -6.190335215458308 -36.92217934092319,21.114456316850976 139.78148040002475 52.744769570885865,19.013684956485143 -0.2666329205735323 -6.927894328105272,-0.3525609424876246 15.032829339018136 48.88268041487061,23.18039896617939 -133.7193042055822 -50.44221399844462
4.711353886144754 -24.918336461363523 10.792703661616912,9.895253848108732 -22.78924311307705 16.090495368867412,-40.89831622086697 -3.642443532111111 -13.03467731457992,56.42577876216507 -6.138099692584977 -14.412465909518785,14.163108290711357 -15.017974932156438 -23.99188980274912,1.5108603094908517 -6.8655165976251205 -35.83860112838666,21.850396996484854 134.77463148249717 50.41333632478054,18.10901666177987 0.24380204517406964 -6.342549761044019,0.41361520564389287 14.721066534167923 47.063366411024944,23.30933435919435 -131.03320636297218 -49.06896724925565
3.3175311486978436 -27.15627624987944 10.873071798430434,9.58429201088567 -23.712373360728492 16.561589264927022,-40.60760211880003 -3.166820354500025 -12.496982797336875,58.40130420232322 -6.665293770619473 -16.57177296751454,12.869169580918207 -13.98046262790774 -22.04714085395675,3.6266418875444995 -8.725487777334624 -33.744492724894606,23.209606283810757 125.97432172666379 46.36116143840598,16.442702999321483 1.1070664473772238 -5.477668772424857,1.8180055780431994 12.323919966310143 43.970828188276286,24.157570741428103 -124.3149749914029 -45.86841016723217
1.5684430111058698 -29.78179315838106 10.73008474931565,9.16261412361051 -24.473568996740322 16.979584272058844,-40.070838593317035 -2.4677907821760883 -11.960658919572419,60.98032094099764 -7.5709291735376185 -19.36337560258803,11.159755177616955 -12.543184901133086 -19.252952264999763,7.203137295864459 -11.583628114204728 -30.77985217273875,25.11410173749097 114.22440771544224 40.987763571783496,14.204088767631609 2.253400203390476 -4.378109187868493,3.403553650837873 7.75411497372222 39.88611452976839,25.687905077366523 -114.16177560439263 -41.14179567144126
