-18.7 -9.9 1.1,-11.3 -5.8 4.5,-13.4 -0.1 6.1,30.4 5.8 5.2,12.3 -4.7 -2.5,-5.2 28.8 -44.8,27.9 113.5 41.6,13.0 6.1 -5.0,3.2 -36.4 34.5,26.1 -122.2 -45.5
-19.74220662055868 -11.158750393589374 1.4798135411336628,-12.355594470218222 -6.412545511890353 4.291515763706887,-13.507618108343982 0.3257801718920024 7.409670622358075,31.10026084613924 6.127189116056827 3.8044497313485164,12.23131776701241 -4.617409502239338 -2.581207835054522,-5.36315419124868 29.27869947998223 -46.56269263745014,27.945700391901166 113.03055652805499 41.33063177865254,12.942949933274376 6.174610647787678 -5.059635281183626,5.357535302183542 -35.45640087409326 34.71766586626384,26.338520283578323 -121.36320479634723 -45.10602655012721
-20.194498275010375 -10.72421998030316 1.790828085481778,-12.769207175632658 -5.784288984998507 4.013247288520823,-13.69686687277589 0.724405508342033 7.610252587720356,31.492656201747792 5.71746487961552 3.4714620961181586,12.552612901163073 -4.709009917051768 -2.0583848204236928,-5.227698745962245 30.863211079445193 -47.01181145185882,28.066551837271533 112.41907411607184 41.03209063652766,13.15101338087803 6.086626645999113 -4.529541825206103,5.934321390134157 -35.203416636745516 34.83795766434554,26.577394656590425 -120.35518066707239 -44.656631077185814
-20.2083192889382 -9.19672982745691 1.9932774099189696,-12.712428882329805 -4.383982192836741 3.714922762486048,-13.891298481423695 1.0829333723215067 7.04345390964254,31.601603520787958 4.85153069209928 3.8663021456619515,13.162785541614351 -4.889883174557908 -1.1526902612707914,-4.918261366506328 33.26054921162356 -46.541625860477204,28.19450145437701 111.91806108246503 40.80761247814661,13.57348936249508 5.910076762441414 -3.650087276681705,5.444403436586243 -35.566178722849706 34.89787300476125,26.790269881130804 -119.34841581905847 -44.22072080831224
-19.93511398792527 -7.176601002366178 2.047395291319865,-12.356850356396158 -2.680376908917341 3.446270373646804,-14.014465122415372 1.3884211268018387 6.050982601680328,31.451520257222008 3.81008995493131 4.654234931332919,13.960735827528595 -5.075111204878375 -0.08528346275909857,-4.559469755246558 36.17772828975202 -45.546405280556485,28.26149636148351 111.78002574564887 40.76043320803064,14.159676897809637 5.718989764921691 -2.6616392802247137,4.4018266142742 -36.4698185672988 34.93440949802717,26.95079271929393 -118.51539845918853 -43.867202970642886
-19.526326697554705 -5.264154572346516 1.9134155065590885,-11.874062363918215 -1.1422249067525883 3.2570183100473344,-13.989918983878887 1.6279261347544445 4.97454667738942,31.06682386501224 2.8738460695348125 5.500525504484083,14.845363898068172 -5.179775938133788 0.9226762699481073,-4.2759516145485685 39.32176272706524 -44.42041912934785,28.199483676856936 112.25747642403783 40.993788730701,14.85887500650582 5.587394421247053 -1.8045654804494056,3.3206360959324313 -37.83946760498574 34.98456475465949,27.03260993317429 -118.0286167943456 -43.66498479131419
-19.13340174340961 -4.05971160471347 1.5515718325112655,-11.43565567098247 -0.23827795985476619 3.1968947597318786,-13.741212253942212 1.788505759150739 4.1558541503255135,30.471931798120913 2.3235024373329876 6.070438916468469,15.715569892395433 -5.118959304444761 1.6500296316875467,-4.192334646777989 42.3996669367979 -43.557936824102455,27.940410518763194 113.60292143604624 41.61091495067893,15.620382708267734 5.589319499224607 -1.3192335219700562,2.714877054295335 -39.60025727080348 35.08533638517437,27.00936828486637 -118.0605590314126 -43.682973497462555
-18.889915197477237 -4.0044701170315085 0.9432077428790224,-11.19096828669781 -0.31219887531306223 3.294950646433475,-13.224254169957552 1.8563950510910707 3.8600970461963238,29.70668840700097 2.371720026133248 6.118526058185178,16.47208804279722 -4.836045394024251 1.926064757301871,-4.391508411266267 45.10886997896085 -43.25398671856946,27.44760184921993 115.93724478495146 42.658240098460354,16.381803894722083 5.775817981865888 -1.381680072013036,2.973843731040841 -41.62711794018749 35.259701960972706,26.86612950240875 -118.71755936662937 -43.96316950335849
-18.83203812408447 -4.672202455027841 0.18474176166067258,-11.168032019080746 -1.025754399848813 3.4675191580514135,-12.571341583805056 1.8133464023229469 3.9353566561607045,28.895034507536895 2.860240859033575 5.886060702447413,17.025650752555777 -4.428701540593585 1.8550733377374244,-4.728835802796246 47.09454838652381 -43.26260548542623,26.855432313114218 118.66380834152717 43.872517377045156,17.016988938892812 6.072695217767014 -1.817255072230107,3.8067770358295676 -43.5213195239518 35.45421177363762,26.650181587900025 -119.74532739020454 -44.40089642023407
-18.962913553372182 -5.342554764643714 -0.588388005027315,-11.353746238987863 -1.8094943547490299 3.5927132172038876,-11.974580758631806 1.639592227029003 4.088280602504262,28.189426296925838 3.5050359758903205 5.779354337983633,17.290380599045672 -4.046909351681158 1.6345951121716895,-4.982530105104652 47.9841609355273 -43.15439064811164,26.3562759837919 120.94267698298613 44.88549555854854,17.3781707072458 6.363287659411354 -2.3323978103029095,4.692325784161055 -44.79133929936961 35.58950119650323,26.429912192792408 -120.76729230756575 -44.841742772990514
-19.27519072113336 -5.408317173822196 -1.2432450379743785,-11.72001697789937 -2.1698285941270465 3.5688911781556634,-11.596546694358134 1.3373137215698816 4.070815923278245,27.718344148439456 4.043244117281258 6.116624323555157,17.21263974255694 -3.8204429221716985 1.4466530348535485,-4.966183370235368 47.548182165763016 -42.59580540746546,26.107726980796095 122.08499103841898 45.39561062686645,17.356775133997377 6.546084712000416 -2.663602914103699,5.179600873168251 -45.05204566236859 35.60120160691321,26.263178047904677 -121.46650621117759 -45.15535870288521
-19.694673980575097 -4.986354046188832 -1.663069624520116,-12.143212295334195 -2.0988149162470395 3.4238993914825926,-11.410914101514923 1.0488687029256432 3.9249290948742956,27.457007548385334 4.34783331131521 6.652652279668067,16.944660503952427 -3.7497578220824463 1.3736962423270676,-4.719720562416033 46.470501802067275 -41.866474071127385,26.04496940799145 122.3679399702093 45.52771635594313,17.094633460809053 6.616564222458803 -2.7399169469383975,5.2688856564202755 -44.59821794948325 35.52084514929739,26.140474757831235 -121.90741405976105 -45.36531255848145
-20.12087798578863 -4.478303883002879 -1.7374642948626196,-12.46212572842696 -1.7795135990551016 3.2365110750155752,-11.317064317994369 0.9717456283976087 3.8066495327866336,27.320359377762788 4.34519244589114 6.9206238653005325,16.719642727247283 -3.784449406297467 1.459012074361346,-4.372082048866089 45.79425038852389 -41.48717360321144,26.01571481837049 122.44865468222284 45.57437412820886,16.832059863788103 6.608349021320559 -2.566116015660545,5.137906960646966 -43.9920404707126 35.41768117565844,26.025805192464375 -122.30446038284836 -45.555707813874726
-20.45441405020968 -4.2420680538225755 -1.3941362129725232,-12.53633321686719 -1.389299604818764 3.0734145606295584,-11.243837435509436 1.2631731238182593 3.8597143740309474,27.263771749608427 3.996928254836974 6.5422825156548745,16.733524823901494 -3.873740664308708 1.7288545343786414,-4.041687928511182 46.378658177760805 -41.892482300834004,25.8939675842143 122.87556128429728 45.779196694872645,16.77433604475386 6.556114864938486 -2.1643590969963986,4.967500560610251 -43.68502444126076 35.3598886319432,25.89247499551672 -122.82645360879377 -45.79199742184441
-20.604605984249325 -4.3018067065498204 -0.8469790035165476,-12.382235807395352 -1.0593967302630967 2.9095821699150894,-11.34274902120614 1.776894516443807 4.133451282904409,27.54746740054129 3.528297793124841 5.808738821849041,16.900823953499827 -3.964971286867763 2.082201040914556,-3.766313268487876 47.69475314443148 -42.864984940534384,25.752857130105593 123.37349610910907 46.015003651401514,16.86175489700564 6.501762853843861 -1.6860504868345192,4.958670951889349 -43.29232583063857 35.40692575161692,25.784162963459682 -123.2966162485834 -45.99841437238566
-20.484739045001344 -4.52993267036176 -0.44001114613266035,-12.087540660469607 -0.9000445029469781 2.6782842777396914,-11.86656196845237 2.2286627465390954 4.634261298469976,28.570280247755058 3.2844361131645248 5.3154549640809865,17.008099092360773 -4.00462465595865 2.3601581855294125,-3.547065003414589 48.5823677144803 -43.89081425111729,25.756052169204466 123.29282109928764 45.986020294643694,16.914122725505212 6.4904793483285275 -1.34136046311168,5.321593056452356 -42.048821943931024 35.61428558599003,25.776545550076378 -123.38103788221758 -46.034980975744375
-20.027344906290313 -4.804371537157574 -0.47250377620227985,-11.734218460608599 -1.0014596416302006 2.3257684495781494,-13.01617656919296 2.3669677360216976 5.349710598911839,30.642661766372182 3.558444123676249 5.58097756029185,16.871124614601925 -3.9479542289540794 2.423281973809444,-3.387277562135967 48.03587783124433 -44.504281769014476,26.04215570909263 122.0848911228848 45.44244412072908,16.77584060667258 6.559800314696282 -1.3117228289322045,6.212646054075945 -39.33500911529956 36.02526153099864,25.933525691309633 -122.79432019828806 -45.7819846928687
-19.33592427639836 -5.0588588212391326 -0.8399969885822967,-11.350039157601723 -1.2767473795094366 1.915545756898716,-14.526782411962872 2.2375817287924424 6.101799137551459,33.28293334275803 4.175353171766426 6.426276493560228,16.571193201927944 -3.828238521097493 2.3076686325710716,-3.311733420027785 46.452153962172325 -44.68138453971513,26.52282697639739 120.11587952855231 44.550816456031875,16.51540536676065 6.679084623279458 -1.5204071451472099,7.309427268866398 -35.84329361658875 36.574840521063386,26.212880440419255 -121.68948180474455 -45.302790650487665
-18.603570348700796 -5.25637597408506 -1.2264646881197698,-10.934370022743519 -1.5462016510541463 1.5725765794962967,-15.88952384409089 2.04206109706085 6.6257656037187775,35.59431836969111 4.714913256638297 7.306772216228294,16.328736445553844 -3.7196433279305237 2.141402301551417,-3.356454419847247 44.96301235096662 -44.629574986061755,26.990800403109102 118.23134975652295 43.69585426629368,16.318746179874353 6.781964467507171 -1.7553977959730773,8.038639139764822 -32.95355867655753 37.14125392039537,26.516773963849346 -120.44928385582172 -44.756701716889296
-18.011556886082207 -5.365744679334441 -1.3396413126780766,-10.48871031699284 -1.6462615246919974 1.412385554633602,-16.633088886840834 1.9663393106397344 6.683611578750459,36.749094674500306 4.793996426870704 7.71954104606155,16.342823325793383 -3.6907269484340897 2.0428913460495903,-3.5533625174434973 44.60699611133448 -44.54643661098584,27.257088044553157 117.1977723135171 43.22624896678492,16.35331898078944 6.807184171186703 -1.8239393101680463,7.885852094335537 -31.927010645210675 37.61195027370616,26.757027082459487 -119.4161740948423 -44.28602944727201
-17.607435875313953 -5.4150005519876885 -1.1590173258774275,-10.039822528875268 -1.593267993233586 1.4446841431278863,-16.707140965116317 2.016109916009631 6.3292911814777435,36.690691907844645 4.446093613739111 7.637589278983875,16.57295918938768 -3.7467570230834584 2.019335082247322,-3.889846081446664 45.36477569922669 -44.50327948544772,27.33765876980153 116.89799438114784 43.088232541714284,16.579687409477536 6.751043095240659 -1.7501807898617439,6.984423500248207 -32.7019732146501 37.9774351216711,26.953072168559146 -118.48358297360775 -43.84391685850883
-17.358218393783133 -5.467843883500179 -0.8277624220609494,-9.629685242464552 -1.5119173601272888 1.6154523051877048,-16.314897882345377 2.08850757152919 5.792602163312371,35.82700609923073 3.9556261852388834 7.320576846237786,16.83435969844936 -3.854881094492959 2.010951380162401,-4.32647080644667 46.57986262502098 -44.49535892449856,27.37192737157055 116.68265493810209 42.98563480632323,16.833803437919812 6.644506121523624 -1.688913421791994,5.857874173189916 -34.4199950462155 38.29028545222418,27.189156260146156 -117.27449687684586 -43.26957035560257
-17.232490113435432 -5.577843240383675 -0.489093651564304,-9.299609390220818 -1.5178939271464815 1.8689167640761877,-15.661449175726975 2.0876100141684053 5.2924053391888926,34.56634306667908 3.591781144648955 7.018689135451915,16.95019717188746 -3.9811412992926742 1.9647035873365084,-4.814822375047347 47.61074244603111 -44.51637686158966,27.49122933414837 115.94442912313993 42.641760751537454,16.95768532446162 6.519676482949905 -1.7809842870338288,5.010091650807036 -36.22113159255606 38.60498850770778,27.54160878969625 -115.4498307490772 -42.419039327208786
-17.233098151235453 -5.662849443560883 -0.25809203173594086,-9.079703318793163 -1.5927071484853497 2.138093632769251,-14.931277270786913 2.025270498614215 4.876940816103703,33.24068701879039 3.3850308170408545 6.810718550719724,16.87064427155629 -4.084149428181106 1.9255050228557422,-5.196456820909081 48.119108716995086 -44.5535421059932,27.701992694385876 114.7065498039537 42.07131829055655,16.892742655015976 6.417115308112024 -1.9661336345993665,4.6255944285210875 -37.366268267939546 38.9895398824017,27.974213159442513 -113.20260932424712 -41.38358620147155
-17.38655518649653 -5.546968383806444 -0.23040405103804384,-8.992337362238642 -1.6251872810868782 2.3482554688681576,-14.294630549920004 1.9877865486960495 4.476595090399329,32.129304194876866 3.2009590618198196 6.657070448076698,16.63359717863701 -4.117384875519718 2.00592643115305,-5.236928902327348 47.97609121939842 -44.58957844204981,27.924367604954913 113.42779783053163 41.490297390558645,16.64903803518546 6.3832258860076205 -2.0451902849163015,4.668301783686177 -37.199751910654165 39.52126585540722,28.373013344855874 -111.0934039295943 -40.416943169505515
-17.711344112912396 -5.071965849987444 -0.4894220322179047,-9.055932346917027 -1.5108256913399383 2.428366447940112,-13.916402900007864 2.056554847021176 4.029546944773915,31.501401675850342 2.9133978498265063 6.519729758643734,16.283360562777695 -4.039002875598223 2.307542629567192,-4.726088859786233 47.08588148396215 -44.60739851284767,28.079407298884515 112.5600468444501 41.110823047143384,16.245323296408845 6.459833577446325 -1.8323858585359183,5.088746916914818 -35.15133444474196 40.25971500149401,28.62634228473039 -109.67391729163762 -39.76874993741017
-18.093438493375476 -4.383968766316667 -0.9335476877834865,-9.229744062093728 -1.277694471423271 2.367337799465884,-13.882437044116589 2.2134865744782686 3.6319972602651256,31.485735593416393 2.575895789707272 6.422024817824562,15.936925258715078 -3.881637913362898 2.7395374520211644,-3.8560803272619193 45.80307757166853 -44.594250053571265,28.129003660005836 112.3124037054046 41.02233985498632,15.814503941394157 6.6155905951039236 -1.3939627745523286,5.697224679453082 -31.956180139888858 40.98442170613415,28.68232637484246 -109.24360347681727 -39.574457977526805
-18.314018012067752 -3.8698054756066926 -1.3148844774724937,-9.426238130004622 -1.0587160543463034 2.2014893713146666,-14.216058763880989 2.3618156479663637 3.5051173521194348,32.09998763911192 2.3841288665774942 6.435796871240068,15.768765337439275 -3.7368257565040266 3.058943957400983,-3.137197251834424 44.838477722137526 -44.54080917016641,28.067345472247354 112.70198522573683 41.21727165575759,15.579762934134592 6.761280788998055 -0.9954640514703667,6.193123615155804 -29.381827530968348 41.25347351167558,28.536379158528486 -109.90242784138746 -39.87921396746067
-18.1663501933968 -3.902699638831292 -1.3936979805769079,-9.559335505913273 -0.9848429938535157 1.9704364556729783,-14.925056702113501 2.4066176149594978 3.8576857070551656,33.33647166206076 2.526815331383271 6.627433194744713,15.942530363972708 -3.6934003319314357 3.031340165431601,-3.0616634213880545 44.87157126632671 -44.44114700727761,27.8922671865174 113.72530865585705 41.679350156676335,15.751932153799812 6.810115286437347 -0.8960095789043372,6.288630428985653 -29.13434599118009 40.65374111326981,28.190288323232974 -111.71453721242794 -40.711810693175195
-17.732582559065698 -4.465966302392482 -1.1651763163321684,-9.59577038603861 -1.093633635416015 1.7524569430982857,-15.749975698972039 2.330072596388904 4.593060266828719,34.75591653381153 2.9832249261308514 6.932330622455907,16.38236768903319 -3.756904312107215 2.6677128612229,-3.604635434981239 45.788881115839594 -44.35312999609007,27.655007800945167 115.08214546147578 42.2755409875986,16.255536888461606 6.752745843020128 -1.1254312100443638,6.001763289720646 -31.187219545933473 39.44514620561997,27.74405986429275 -114.15720417440842 -41.83267803705681
-17.35615345512672 -5.190249700326912 -0.8369941198097225,-9.55004633587047 -1.3381716294839576 1.6607988927107997,-16.189639623444666 2.184101497415741 5.33834728836748,35.52868420669694 3.54318203810494 7.167405647782929,16.79579585000782 -3.8575437565764146 2.201020095497712,-4.273584647705739 46.75969516658457 -44.39232715421218,27.455110517128354 116.20386171010284 42.767195319450025,16.756139237653496 6.649868958852383 -1.506170668574994,5.627163725458813 -33.94681557006419 38.49638247231148,27.386537851247205 -116.17687586151997 -42.75951268792778
-17.373619462504518 -5.7060325134845264 -0.6175420581039952,-9.435687057061537 -1.6694731543014816 1.805131144580244,-15.757235304644423 2.02224126832232 5.721282516227633,34.849349044818 3.993724515623841 7.152587157875353,16.891382512590894 -3.92515287087182 1.864751708778227,-4.574605293977736 46.94970843223746 -44.66970539225517,27.38948580349104 116.5371212065654 42.92239361421329,16.920023842932206 6.562805031021623 -1.8584777648657538,5.456115905791865 -35.80846829401598 38.660373141643674,27.301908339064266 -116.74380148413364 -43.02089583056367
-17.723161083795098 -5.950478635898432 -0.5455580241868851,-9.20018736864353 -2.0624175545803363 2.1768229502963665,-14.529974887389976 1.876107597830496 5.6283112357367875,32.84821825029688 4.220632569593003 6.885802256104806,16.594147967497292 -3.9468315545972215 1.7098866414460991,-4.392060997086516 46.06852062490043 -45.132903789539334,27.448137909432834 116.13896825584177 42.76674610224117,16.65923209140491 6.506431286889322 -2.131686628906243,5.454181206798291 -36.278102230374365 39.86831174656157,27.482238856707735 -115.8776470959585 -42.625290541045274
-17.93103316685236 -6.177864023318881 -0.4843569028204705,-8.722767431140431 -2.5165589760711082 2.6449203646224753,-13.168279474321778 1.7546493266451706 5.213387507893538,30.623158030261113 4.211787201030938 6.549030341522458,16.05292712216366 -3.96889312354201 1.5986853687748845,-4.001450476419969 44.38813545431682 -45.56067848410905,27.510528768528477 115.69758793878594 42.592151890709765,16.139920799857432 6.447602157925299 -2.4086061291782057,5.2501197198376675 -36.01000559629479 41.098312232884844,27.720944067376056 -114.68318838405061 -42.077363540773085
-17.520794378565093 -6.648767043447144 -0.2947217397388251,-7.88666054679909 -3.03206575449153 3.0748416156818577,-12.343860906516566 1.6653471898710743 4.643904353794317,29.28970350513469 3.9644534477639852 6.331221119733544,15.42616435758418 -4.03829044650861 1.3891498061728789,-3.6897966274635556 42.2111771342662 -45.72826450607491,27.4533368448782 115.91587564071787 42.69681095573615,15.538854104581835 6.352524164371527 -2.775200618056838,4.471769843826023 -35.69853553691039 41.31312994505547,27.807223915546654 -114.2885626223822 -41.89253624314498
-16.533791317958872 -7.359339169422859 -0.014017271158091607,-6.802504920810871 -3.5924607416917635 3.396015005956352,-12.2325871441598 1.6022785124836751 4.122036487356702,29.107035566150774 3.6242394076473876 6.373002524109055,14.84952019956486 -4.135544742137345 1.0805233808402999,-3.5370340863027794 39.98852721098706 -45.54649434010569,27.226798588302962 117.03922819984817 43.1888919564254,14.997305180664295 6.237178396268323 -3.222095268685749,3.21104899884112 -35.62794883952019 40.38400659394664,27.687463269473437 -114.9740824330941 -42.200812555532224
-15.62352722930293 -7.993112227150901 0.11162742797165742,-5.849789022845096 -4.161587606346015 3.613544978581426,-12.424112935710744 1.5436743896212703 3.8910794039452514,29.32190723678921 3.5121322948431595 6.757873898983417,14.431718879162368 -4.162638171710818 0.8390328053368156,-3.3782666494544062 38.34634499529674 -45.086511049263464,26.868114641828967 118.7721631514527 43.95189834380572,14.614587886644909 6.176392107838437 -3.6272001666285214,2.1085336970139728 -35.597659668249406 39.25624516495567,27.49387943893678 -116.01771669408772 -42.676535152465604
-15.465688286335368 -8.222867454672452 -0.16890915343050145,-5.41698836347513 -4.702713524984804 3.737551896466137,-12.4793707304549 1.466850025553292 4.190087461560951,29.13323458041783 3.9516291876673697 7.561027667634879,14.275741977661514 -4.019812533289189 0.8360011667955852,-3.0383622490386464 37.90253845538642 -44.42967866274293,26.42069986833016 120.78523649540703 44.85480716550406,14.483715682649793 6.246218842006236 -3.865167238851841,1.8238995308839503 -35.382814258306155 38.918545999081175,27.36689239142629 -116.65316144060122 -42.9738109951194
-16.174284632167733 -8.032877640248929 -0.8054615952987793,-5.61367713530185 -5.202990094440924 3.805703938549178,-12.178119804423153 1.3490860289985735 4.975913208795481,28.193290050402506 4.9412806764363095 8.64403973882919,14.305964149160696 -3.726536104547719 1.0488165057552412,-2.508653835664285 38.49128869236498 -43.69845746286067,25.97882604025073 122.63267624631227 45.70036972997352,14.53230963188203 6.430066340023928 -3.9493168240804866,2.4800134265373326 -34.91768750214628 39.56505715566065,27.339057978108272 -116.69466010743143 -43.0059920562286
-17.10350472782043 -7.828793770142217 -1.3402908402152858,-6.172138606969677 -5.681879174795517 3.892935299714805,-11.596143046045887 1.1676162086559785 5.823653445690338,26.767635605183308 6.040057640674321 9.579510792678866,14.205144937894048 -3.4635638468570473 1.192516245521402,-2.005664190839979 38.88657015087724 -43.070901744267786,25.705562921169474 123.7113447477665 46.20174877540047,14.464251983027392 6.58601335449753 -4.080556517980547,3.4735605937951335 -34.351819671956974 40.31507567984889,27.2970160953402 -116.7418065406683 -43.03713065893834
-17.560648061598418 -8.041969721703806 -1.2929834539720513,-6.799441346195821 -6.161477085719828 4.0758066222613625,-10.831163777825592 0.9001227182110834 6.28617934038521,25.165530342162537 6.7806977718644665 9.925296904943284,13.643598318960093 -3.4206683778491307 0.9669758641483382,-1.7594801874606367 37.802345923826664 -42.72641851172489,25.76615722581142 123.41735070674679 46.070642063308334,13.972011792769717 6.56519805514579 -4.4708114925946685,4.155442235492965 -33.849614510748665 40.22240560991239,27.11868140714862 -117.4416993435051 -43.35255640344177
-17.275738711026936 -8.851292848394934 -0.5585100800325559,-7.296645174914361 -6.684339059183974 4.369750294227,-10.036573655108352 0.551387730753586 6.208713041332492,23.70607589363614 6.99410728984475 9.585316698487224,12.573937278203175 -3.641765439189114 0.27969932929497554,-1.8549559055331126 34.86729360292752 -42.68880376517477,26.163463686289354 121.77180138233385 45.31240440199524,13.016165028561339 6.336096899398043 -5.194131718386162,4.22231025189192 -33.550473742609874 38.989036154586636,26.779907310894036 -118.94693332656571 -44.020610840054125
-16.634023866922618 -10.044327391646993 0.3863133177490012,-7.610496359095506 -7.324731641221329 4.695449909546573,-9.45205024914786 0.16819844944957554 5.889620716469233,22.723629820985252 6.973353633403282 8.999885744188804,11.386338268123646 -3.9446926147935915 -0.639985232492558,-2.15183459608779 31.127898253050706 -42.74065644709271,26.64862946166705 119.76455178936868 44.38755902226005,11.972853369545737 6.04906069063503 -6.110860603370373,3.906730124262542 -33.55504596230024 37.32164353683384,26.40835224060461 -120.64362242199171 -44.7733040417798
-16.074948714598722 -11.374709827214826 1.0177541359422608,-7.700951327263272 -8.157970240544612 4.965836187655247,-9.322159726099999 -0.19903302238992004 5.664395611881077,22.549904922255724 7.04917230305478 8.652542452588403,10.506212767119179 -4.129074275629706 -1.535655922625333,-2.490872646712576 27.74842056918738 -42.64562514732675,26.952814925479657 118.46231521753344 43.79274966738269,11.251459378402437 5.86904618621953 -7.062900614495169,3.4865803986220216 -33.958526094446135 36.00926537055838,26.14390734026468 -121.85588877829557 -45.315421293328384
-15.843268329755695 -12.57219875204593 1.0939226656876526,-7.588928016958985 -9.108404764922112 5.129586143221163,-9.66363882311412 -0.49885479173398056 5.7019149570157435,23.160813801871825 7.364580829319338 8.764380236305279,10.14274242985595 -4.105522415120675 -2.203942698210354,-2.746769916230982 25.516712527792517 -42.3290047973101,26.956930896958355 118.34962163843483 43.7518414838722,11.035976905794124 5.867575552539662 -7.886976873382164,3.1689744879597983 -34.66548456229035 35.47559042987886,26.05221357853857 -122.26230189160161 -45.50522733118519
-15.837300471567747 -13.324063762106704 0.8744487476871017,-7.4038210707674255 -9.831752662367292 5.198984801719462,-10.087817879615057 -0.6779647330923865 5.8745745328841235,23.899147718017353 7.728565856823475 9.089490147148757,10.120343192621057 -3.9821436717324437 -2.53587755126329,-2.854626276142247 24.550833342729934 -42.003728590719845,26.808358549985236 118.87504687664338 44.0033093472115,11.10933648837279 5.94991069226311 -8.410601780857236,3.035104242847404 -35.241288935603585 35.49419500038998,26.066788974750153 -122.17214531023114 -45.47409274975961
-15.919980683559729 -13.315172578709602 0.6698055793585649,-7.285845923378198 -9.957788321352952 5.192860270354538,-10.16619242565938 -0.6832182395440145 6.024531189821234,24.04568467935091 7.916313351015844 9.334540560013288,10.224360959602329 -3.8870626744025465 -2.433247312318673,-2.7564360781728348 24.897724803395445 -41.9113786926669,26.681489636025614 119.38197877380689 44.23637572112036,11.213977018360314 6.004548087514456 -8.461313221603632,3.1523876790619285 -35.218917523888194 35.772025677666655,26.107761239415918 -121.9587050913207 -45.381120758065556
-16.002915353164862 -12.522552473906288 0.6642257476329713,-7.321853906376307 -9.374520875144599 5.128000746783059,-9.75911055576761 -0.5129078885633759 6.041681153587252,23.361339948576514 7.7963821639463395 9.312138727930096,10.327685575546738 -3.898138608586037 -1.9490300073895837,-2.4929006828559244 26.298094054254015 -42.145598838699456,26.683077122116433 119.45029099276178 44.25591237648549,11.218046435089406 5.9751005643524255 -8.010683382853049,3.4710419640693897 -34.51194021745724 36.07300320763629,26.129125980744067 -121.8456037708741 -45.323393054756366
-16.097383581507355 -11.521542417563724 0.7834144909338195,-7.489412341804315 -8.498796759094537 5.017016910788992,-9.318459705979096 -0.270664142519457 5.9136858152125065,22.59029883699127 7.428548892116317 9.051843463043515,10.482487567885904 -3.990292375655352 -1.445827156338982,-2.306862910334626 27.865512245500167 -42.49707058928058,26.781356936070328 119.1441550152127 44.10362856955769,11.247131441120978 5.918053361300692 -7.325251389879663,3.701269388666659 -33.81333800002432 36.277725338716,26.15423666061589 -121.74996890568457 -45.27097787932923
-16.226765920692763 -10.959570013367074 0.9215103010302991,-7.752642707454597 -7.811474455524095 4.872012887820828,-9.367565597464052 -0.07281081655880575 5.640209396850287,22.595483883191466 6.895942127202804 8.609851998103188,10.762698868615884 -4.1258374172432974 -1.3233148984315597,-2.4652332711596174 28.638363542687788 -42.71978363270543,26.927589289389548 118.58724388605434 43.85029419306981,11.457995395548492 5.903603432779403 -6.707216586972094,3.5246641120246744 -33.90976719580827 36.28137701731247,26.214801873304413 -121.55190398829113 -45.17859934904777
-16.385661285917184 -11.156433133182253 0.9973760588587341,-8.05757182089915 -7.586125152768632 4.706479829274627,-10.152172546715095 0.021581373432528417 5.229890013178976,23.77586869704947 6.264493359353993 8.063067360805448,11.188971498228437 -4.266167725477971 -1.7470188724932378,-3.043745534179946 28.103249369157098 -42.68076455039056,27.068798976337785 117.95980459884642 43.58383283512139,11.910830334901506 5.971498963144589 -6.331001440526878,2.8411161742774875 -35.09579380524242 36.06330087911107,26.304111211309447 -121.2726331481056 -45.0591507214643
-16.500634769954633 -11.657480889588852 0.9883179752946295,-8.307454474474177 -7.606335852588512 4.537187528317545,-11.261879979894497 0.08877616806418678 4.712578200269379,25.433747810420762 5.559483696140257 7.537336785214782,11.656014812823258 -4.370503904485739 -2.3289814802085753,-3.6662312871052856 26.80626381778056 -42.51423570340704,27.141999142946236 117.57581323244368 43.432715863221915,12.43755371108328 6.089513557195627 -6.068990369296013,2.066521819362627 -36.502784327309755 35.801770889027736,26.324639712264005 -121.26696044188326 -45.06302504169678
-16.488517107176833 -11.896541149657473 0.8801320863862052,-8.399493390285405 -7.585077526275641 4.381396788313024,-12.191717404628186 0.224489374389077 4.121205238368338,26.713416000319366 4.800377482245717 7.16546555137233,12.040409845602841 -4.397800909750217 -2.601624145955734,-3.8914936367804485 25.446083239869758 -42.392889262282935,27.0828127865731 117.7682910917042 43.53115960304882,12.837227462409327 6.215029391093074 -5.750079419550723,1.6910276763210725 -37.09481041673926 35.70366387123842,26.165860159325867 -121.93744173869365 -45.36029129827369
-16.329454951531638 -11.545678392938001 0.6907273425661501,-8.316630414774137 -7.346816284186942 4.268152631755119,-12.581294537454697 0.4582776501460535 3.499885057500175,27.044307362065723 4.044159600503346 7.0042578487547384,12.262576357372257 -4.339740916039713 -2.3225437394686543,-3.4483767170428337 24.40525824201452 -42.4027523258263,26.864857395914548 118.68558558943153 43.93725532626436,12.990117769393873 6.309256661123682 -5.299702195112477,2.008836534059257 -36.33388392437672 35.88525047935371,25.796069839938816 -123.39163769115264 -45.994621455216574
-16.176906249225937 -10.929069481594592 0.5259136633667956,-8.276496529993011 -7.02120793875301 4.258756396128844,-12.465972795424378 0.6386037395820822 2.9233412589502574,26.636352650593963 3.450517903178894 6.90248413208424,12.362931521635536 -4.277588571286415 -1.8656978764180865,-2.531168902647892 23.20102527757331 -42.39262831080636,26.56575075590503 119.9705461358293 44.50072125122936,12.998766856973962 6.343883799052779 -4.907539411154421,2.77780455063216 -35.04500186237424 36.21478992511519,25.3993281562081 -124.92963426752954 -46.6637076376432
-16.213684483429997 -10.481403515283889 0.5063751028695419,-8.536466649029522 -6.789628240693087 4.419955344857989,-11.94822922691694 0.5832620656967781 2.4714740144445217,25.83179500909965 3.196516273484152 6.673685451654429,12.402236716396251 -4.307777408552199 -1.7094767351191176,-1.4130841009915054 21.20409253541563 -42.17113102891066,26.28073925599872 121.18034082737732 45.03595616810344,13.003390399088829 6.292387614282923 -4.808031811964151,3.664859192139283 -34.28413988852819 36.518492542399166,25.19624212466112 -125.71474208477268 -47.006637808045966
-16.537682330215432 -10.474507872679318 0.6698108718425245,-9.217521150761458 -6.757297876385944 4.754298205158578,-11.16417749599111 0.21368482810453274 2.186968894073594,24.89608228333346 3.3545344825447105 6.253706270672343,12.434499549930896 -4.47015886588277 -2.1210348430152743,-0.38148470679937935 18.316017176143944 -41.63965269491169,26.08970871960963 121.95581841427783 45.390641927745556,13.101715365673575 6.160292109189589 -5.110926378999713,4.374827410653478 -34.75635019455837 36.63284980470715,25.306464925865907 -125.29233086528065 -46.826663844985994
-16.976750497679163 -10.662321547444508 0.7900344366055417,-10.006915751085158 -6.7872699863714825 5.06018704513051,-10.356893249337434 -0.2191352087465091 1.9941717511220933,23.850458878667492 3.6640644662281243 5.967306978153331,12.49225113575976 -4.624657449252336 -2.69581277643918,0.2312757282302747 16.12641734237141 -40.994614073245714,26.02369949135304 122.203926017493 45.518298084618024,13.256357749295361 6.0550290205909505 -5.529453029655705,4.7330537572570375 -36.05077396491284 36.42704645910069,25.528623910932765 -124.42269039925753 -46.44906689735521
-17.305184793540622 -10.696075320110364 0.5885261492915635,-10.505890037371792 -6.694570893850779 5.095538113885416,-9.790664264939727 -0.39884713447686787 1.7939591295071653,22.66773897347225 3.7985798777485984 6.216376888344195,12.603763182526691 -4.595514904030075 -2.896036830475546,0.08392364303368016 16.559681542145263 -40.490945830285476,26.10406427877894 121.88438581859866 45.3934349691077,13.403138135644836 6.104240041291316 -5.698204499323859,4.588785570782229 -37.535242241881065 35.776752706832106,25.597680636149008 -124.10705333610494 -46.30265694590174
-17.360988160057897 -10.333267788633014 -0.09466882310407071,-10.445613119917153 -6.351955796559554 4.709976711209162,-9.663630052218886 -0.12023209317349215 1.5087877467139528,21.401362371342657 3.5261753702415897 7.2383220428385595,12.791345188655049 -4.27928682412168 -2.3725133205845084,-0.9835600000887839 20.694192994596335 -40.29133973184886,26.32722440645175 121.0385837780099 45.02786615318555,13.502767291218778 6.382546991422661 -5.3672344898282045,3.8689686447407245 -38.71678590983447 34.658892806180745,25.340870544914488 -125.0033157301931 -46.67032186216729
-17.218138564595492 -9.725019883326306 -0.9803341694668206,-10.038520809461959 -5.846011085809151 4.092823929078967,-9.928912989501615 0.4102890146700572 1.1410485699217279,20.40341099930826 2.965427422680659 8.661292633394527,13.055222270392512 -3.840383610394831 -1.474560202483372,-2.459816676319387 26.474680882490514 -40.21682915601021,26.597253869730753 120.01039336246961 44.57157863999475,13.608150696389647 6.768182921231088 -4.7142710074484775,2.7883484818366377 -39.6180403685253 33.42544208030461,24.927217060668447 -126.49763441517146 -47.29444532404323
-17.005238293012887 -9.113569599285587 -1.6875927167356597,-9.608454204294897 -5.312821540364259 3.5120348214164867,-10.482918038516923 0.8910074878745218 0.7116360240887287,20.095097500495104 2.316043264518755 9.972406191337917,13.390507374488376 -3.5052196248537713 -0.7131893327276264,-3.678075050570431 31.12048526718895 -40.0093592104637,26.79684978343294 119.21370889740658 44.20654429848575,13.793535384145601 7.093920126333092 -4.016041592030148,1.6282914611595936 -40.38099494193109 32.51519397563793,24.604861875705044 -127.68177961236117 -47.79229322117826
-16.81260219193125 -8.69611115379921 -1.9331891860703754,-9.408319050354061 -4.864186549997358 3.1737855950570113,-11.189525309005779 1.096562852680916 0.25038854457365395,20.70086513789551 1.7425052239796048 10.760990935829629,13.76892862225464 -3.440689722163237 -0.47075062852469557,-4.1463912697889835 32.61995846333407 -39.54119016091589,26.843742297211943 118.94169516843331 44.063050951992075,14.092341407648098 7.2333811847204394 -3.4964894825368122,0.6262966044758475 -41.12262338076407 32.25300193346316,24.572467762113384 -127.82207114646468 -47.853757947144416
-16.565144793890855 -8.475251318641224 -1.8555912523334392,-9.384583008617087 -4.506993526902904 3.0173701342015247,-11.772108759311182 1.1314161393548712 -0.17421764085013422,21.595120767703925 1.2571253655480434 11.057921457547279,14.061192558501935 -3.556566698063658 -0.5737792124187324,-4.128069703675664 32.28355712984342 -39.247538910904034,26.807002968777287 118.96596983756928 44.04811326826211,14.361617785049402 7.2366603755375065 -3.1515317005070687,-0.1696424192096379 -41.851833089244856 32.47150280880378,24.8149503961958 -126.93887663948593 -47.48247569239553
-16.143126837848786 -8.4010633037593 -1.7071208465207974,-9.400983407487075 -4.219806371211888 2.9100310200523936,-11.916109332252233 1.1890716272141435 -0.4832751028932384,21.922783469998695 0.8311337304718175 11.01327841180425,14.11073252333383 -3.6932070632739613 -0.6987546326989004,-4.0903121475816695 32.31861990844898 -39.715606050584384,26.796561609545357 118.91734637471248 44.00846795573341,14.410797930897191 7.201494758780247 -2.9155241047874867,-0.7626934695270273 -42.548356361762295 32.87044774867741,25.259519283941056 -125.25613705535159 -46.76678533263609
-15.480126512788882 -8.405209070336657 -1.6966318491247423,-9.345968272266635 -3.9773998307986607 2.7432128075858513,-11.418745172766291 1.4172837345441285 -0.6301852598207159,21.076525218517393 0.43951247111213165 10.7903052575534,13.82548130362404 -3.7216251368858986 -0.5813883176191544,-4.395018999704513 34.40949008929492 -41.29782945742301,26.901665252750778 118.48700283476529 43.81484769676887,14.11742004272884 7.208400234232453 -2.724035069387231,-1.1659142875391542 -43.17552194701429 33.20026506871407,25.823647238762344 -123.04759458925408 -45.81775227405014
-14.77856519152493 -8.326520684830976 -1.8137925936487205,-9.232589543622062 -3.7354450497236407 2.5303980189159625,-10.640845494426936 1.7331178389263842 -0.73125948877549,19.69826694939015 0.0761660415741083 10.618606147212846,13.438595871970405 -3.6674248996344163 -0.25606519084415297,-4.8731191108701974 37.60336940691777 -43.16290383289216,27.107270069872396 117.67050141586547 43.45898351146459,13.702427096445264 7.25105563255059 -2.518751617685094,-1.442225792158912 -43.613950190087934 33.466920273428656,26.375716827680325 -120.83808542462812 -44.8610279921911
-14.325408069170049 -7.974637752831352 -1.9793435588102952,-9.113083682832137 -3.443605611568623 2.3234467762896545,-10.120479764229442 1.9810939292671004 -0.954039889651018,18.82278420186376 -0.25905055809677746 10.748653854811504,13.285507305054796 -3.604824549275277 0.14890518521184387,-5.188565314482724 40.11815076280405 -44.107269052087055,27.365535611109266 116.55912479732443 42.97065708505938,13.494753470761127 7.295831903132212 -2.2432849208014884,-1.6702295068337065 -43.718251907102825 33.756738318448726,26.76867307896717 -119.23140793104226 -44.15829814487708
-14.358034491855953 -7.202178796000158 -2.1299131633402046,-9.049222292054882 -3.0513842279778545 2.1672483705323264,-10.275659453519227 2.035214855408275 -1.428928672122924,19.262214739447508 -0.5676888445732191 11.346021613051214,13.638699316993355 -3.594029400153214 0.5216588793901437,-5.071601086382351 40.54098636342453 -43.20281315741512,27.624232810260924 115.2928480194732 42.40346095411069,13.763064269822069 7.316870709021105 -1.8516428139890113,-1.8917763921592983 -43.40922285876447 34.14154952586957,26.88871752447436 -118.69949123020625 -43.9149666826818
-14.82120214648 -6.115299517328011 -2.295979602176249,-9.158927498163505 -2.5073477759995697 2.065498005422333,-10.815955218940337 1.9435190337560424 -2.06717992467218,20.514812392131386 -0.8596082775226012 12.075530465500453,14.3991943490717 -3.612497130314005 0.8475246048501364,-4.64378791573176 39.63857336675509 -41.146720674640996,27.805320696186392 114.29861030259403 41.951333678529316,14.420345428508089 7.334201394178097 -1.359144814815262,-1.931941920701032 -42.99805003103835 34.60752706154283,26.81821994317987 -118.93637660448928 -44.00443052194955
-15.552765071592058 -4.912780512120914 -2.542307265951325,-9.58063493330076 -1.7597212436611258 2.00684142391823,-11.192122604379891 1.8176253998640615 -2.6999862196722084,21.598828975133554 -1.1477034624682847 12.419061354586773,15.33230867034855 -3.6074551736183764 1.147338522481941,-4.169647738974672 38.97386341057645 -39.22994668011636,27.821328418848694 114.10818766497695 41.85948651610766,15.249642394945093 7.384617476880696 -0.8035094749553883,-1.5366068444304186 -42.938542273125776 35.10955091044808,26.711216378830454 -119.35191909984792 -44.178794247728995
-16.3939872268256 -3.7894994146492906 -2.9247855332012347,-10.395926124807177 -0.7910312934465076 1.9686962185792558,-10.951055671385323 1.7593614444381465 -3.1585334678813433,21.690446323856403 -1.425310888167664 11.953237979766513,16.2181740109479 -3.529953762354099 1.4422451957330107,-3.8463260091664013 39.77284563351512 -38.58908847666452,27.60417066438886 115.14024103173047 42.32171748536209,16.047090748562194 7.5008080255608505 -0.22974652996170566,-0.5107747724898266 -43.5591061534693 35.59390654353304,26.695543173955834 -119.45514934068139 -44.231474494170826
-17.210830380743438 -2.9123688471398896 -3.437515483842828,-11.292596075121148 0.17873593928157236 1.8509060264551844,-10.307819400479312 1.8021229467085251 -3.2747795529416965,21.064033763549602 -1.5503434620895669 10.912417389474461,16.940869948913296 -3.357815645041788 1.7551613045650216,-3.403088486261293 40.920724034198216 -39.28612251434561,27.220056340812754 117.02931214797714 43.1753885848794,16.700771273540678 7.68687743845429 0.2668893823858991,0.9304589291167114 -44.31858396241739 35.947703008888155,26.71693492087552 -119.44455240562735 -44.24311312752998
-17.879704683959464 -2.436470862932485 -4.04845872314939,-11.791848812132079 0.8291373392965379 1.520496904433159,-9.76014777561222 1.950355722450978 -2.8810089408106485,20.458547680222573 -1.3234232882925663 9.809210032580788,17.428451089852892 -3.080189654992449 2.1097532209642487,-2.3712649189072614 40.31243592353642 -40.928408023453464,26.792007385221837 119.07822196572987 44.107071930481304,17.137662076078 7.934837399181037 0.5698875713476416,2.3985100086315057 -44.307949738461296 36.03301483124991,26.644088258306716 -119.81028635392408 -44.41586234594274
-18.294576467856047 -2.479798904209583 -4.715129810465224,-11.495899901377314 0.8914337630213132 0.8797006031201297,-9.74101742834659 2.195075949103293 -1.8570970421055206,20.521973203286194 -0.582840765336725 9.113889020720645,17.61892849931365 -2.6991790897129935 2.515923130351937,-0.3993764725278734 36.23372858979136 -43.086706620679045,26.436792286696313 120.63850399844911 44.824773275865034,17.295351402456546 8.228898588033706 0.5809071573612876,3.5283702293760726 -42.7915282879398 35.741967625084214,26.370821812454672 -120.94689992744279 -44.91191018991753
-18.49248839388011 -2.857789071460192 -5.310485317313601,-10.673449086343691 0.5220848387224136 0.11923175030489341,-10.146280314562038 2.4184650249359296 -0.4715849792310205,21.145771468585522 0.5238043736439525 8.942835949276436,17.530343978022497 -2.3223557365438845 2.871139222245037,1.9011754450467075 30.191001238574124 -45.046157924143436,26.21844919763546 121.46921049635229 45.21594859624412,17.196945062976788 8.489913889042585 0.35062059328013884,4.152640976432244 -40.4601385645332 35.21284503637227,25.998374292932027 -122.45958635967386 -45.5635104217395
-18.58034823971437 -3.2381367184274077 -5.666191591704811,-9.918644733226913 0.08517756115497216 -0.42932693338653016,-10.609506866124022 2.4495596072717087 0.8171980932532764,21.851987953052863 1.697874606084649 9.239624850655686,17.219818862876085 -2.1087923424749584 3.017967423926329,3.4488086488688126 25.26331866217312 -45.952430445037784,26.175267699031306 121.52838779832948 45.2556805943217,16.907307658842193 8.607798156178681 0.0024645256238756963,4.200417717357673 -38.70116602854604 34.70413130246103,25.729269004996027 -123.56809137983181 -46.041807718160115
-18.658279505789874 -3.3325633753508908 -5.640259734350681,-9.775106009091653 -0.09591897025241809 -0.4795821877583132,-10.797082169809975 2.148760251203033 1.588544500470749,22.200126715729436 2.6533759350663817 9.934046382433653,16.74319361794711 -2.192861276119424 2.822359689359748,3.292385372456497 24.21653471455877 -45.0833063030889,26.332521798994897 120.81930168498347 44.939997959994926,16.48771504100949 8.492436475688697 -0.34460606410037486,3.627579210976801 -38.74197765832482 34.44666022052012,25.744729678406838 -123.57171765194215 -46.05140069134023
-18.756003209844348 -3.2895891704763005 -5.34898154392723,-10.2748964974143 -0.10647407773275216 -0.19277291171308625,-10.71095048149561 1.6842172123430066 1.7991751933624864,22.137337831763258 3.23688834298385 10.833529250794436,16.141316358718942 -2.4659355576772484 2.380740268081739,1.7770818256880114 26.674773116087618 -43.00735383257178,26.5909133589181 119.77081934869535 44.46236993431351,15.961886166025595 8.249475886546993 -0.6198915842407269,2.6434897011468133 -40.21186164178668 34.39513579168044,26.01270196576006 -122.56686032837 -45.63200390248626
-18.863675731458116 -3.5032053833017605 -5.053796858882111,-11.16259685794782 -0.261402838494372 0.018302622869719787,-10.541632888410708 1.3970292713899557 1.6179176628586,21.828619863652264 3.369495456421091 11.67673745156218,15.446609832358785 -2.682827948041463 1.9190537423044,-0.023425997872108223 30.496574738765958 -41.01853467156883,26.781137448942182 119.05098656209083 44.12722298121337,15.332433846438052 8.094577315425514 -0.7798109049626426,1.5999666678864866 -41.84202123189322 34.34908317895809,26.38127395743039 -121.09786291035475 -45.01165966429195
-18.97242179194526 -4.331399457640361 -4.994510354793801,-12.180621339227747 -0.8470396168381118 -0.2226913129908894,-10.4680154697763 1.596744730602226 1.2182898505661741,21.437340640204052 2.9957156042254427 12.214895329817127,14.698317519279636 -2.6185852013684476 1.6476232256836498,-1.1073945854533593 33.63695074240128 -40.31797608502176,26.752364489354377 119.2513900410758 44.204537599066114,14.611490666914268 8.223637835257112 -0.7895468660549675,0.834415601808379 -42.457785775220245 34.12464917105395,26.70623018713546 -119.6848690719841 -44.4081352028659
-19.089738385757375 -5.681877354192881 -5.140651791322532,-13.083368242422432 -1.7877771570923973 -0.835689349403783,-10.50934629339913 2.20377711620307 0.8009129947595166,21.07974514393049 2.322862974711465 12.354131860009684,14.01606323727982 -2.3011300794430616 1.5784266140207266,-1.403483037250026 35.400651072005765 -40.933819862251354,26.577592003431448 120.0438566385765 44.549514309697386,13.924585370193098 8.58857605592833 -0.7126573161898786,0.49828487948384576 -42.09481359489734 33.75126998179867,26.94832269158009 -118.50878438583429 -43.89540102291519
-19.233685264209036 -7.171840851007001 -5.287380014632915,-13.63296751556015 -2.774497481022809 -1.446173794624846,-10.581881161657382 2.887485260199548 0.5838943315627654,20.841676521023643 1.7277974719790319 12.100514487151685,13.571329086341745 -1.9215311554233772 1.59547714643643,-1.4406102037562654 35.96322488885271 -42.137442969597174,26.474222097024136 120.50681974753249 44.749753650064555,13.470405510672425 8.983905127295849 -0.6761678517062217,0.6230505458447531 -41.56962041828237 33.395987905751845,27.136024477138342 -117.53165113318403 -43.45465555082333
-19.41443415318487 -8.42594270811969 -5.237387740988998,-13.614259339030523 -3.5065529513394003 -1.6969887626824003,-10.605173023920818 3.3302907862259574 0.7669220673077767,20.80098215581412 1.56379945213806 11.470454715040974,13.514860793476144 -1.6660324369317163 1.5857390777987386,-1.7254077925902087 35.516643916200564 -43.22192448975974,26.647310789557025 119.76686498326538 44.414001996645126,13.425529255258436 9.211357565707782 -0.7972736133896432,1.2228399111717683 -41.647066388933524 33.21951336504912,27.295038932317535 -116.72485837873074 -43.07204865881461
-19.528551023009044 -9.242014157403624 -4.940445997223993,-13.13020778620995 -3.85745305952144 -1.544706456788379,-10.569407071927355 3.4575896821683685 1.2860934507744093,20.930004309812876 1.812154153230318 10.602624645563171,13.693096101186038 -1.614603640900399 1.507796118174231,-2.309588785041774 34.27977706575338 -43.96376754798072,27.094077852485736 117.76826890606421 43.511737988884896,13.637882582473544 9.211330048103338 -1.0397772479426113,2.095542494266521 -42.18094954059409 33.26104439875584,27.396150611816797 -116.24286035149846 -42.82526836142775
-19.388622100674432 -9.545903568098533 -4.455049164109094,-12.518940745448527 -3.829447878026685 -1.1778134252992059,-10.516981323743337 3.37438965228478 1.8826537987215604,21.12309365782982 2.1791602654617876 9.726073963995493,13.727521944627252 -1.7686543126328438 1.3731745722667967,-2.9085807542791597 32.49137621175385 -44.496832401739304,27.658106169123528 115.05976227260872 42.27910107673103,13.712444920380921 9.026722690250457 -1.2540904720174821,2.879200329643113 -42.35159179865662 33.469954558687824,27.3695469232584 -116.37543686711713 -42.85966957668414
-18.823570350689742 -9.28175022209052 -3.8418519335122197,-12.106977982782617 -3.4382775695685464 -0.7833178763569799,-10.493868010754134 3.1867479136994747 2.3078118992892658,21.27934612524876 2.379884615594346 9.065594145163713,13.260698254913645 -2.123914925683241 1.1937384001001523,-3.240491538574775 30.382678423173562 -44.94719539675873,28.184100074738307 112.19593250291592 40.95554669340732,13.275922818623123 8.703551729842864 -1.2986945827331595,3.223386864609996 -41.38198054197954 33.79001488375397,27.152267731279853 -117.3811774833954 -43.305876809284456
-17.979311013178886 -8.658462718129012 -3.154780916272027,-11.924356151409722 -2.8810231700768596 -0.4284792091545207,-10.586736710977428 2.9459800837581755 2.5644144589536193,21.41169179158102 2.392864324698873 8.735548212219094,12.391423038447439 -2.609665307960074 0.9657059086290886,-3.206362073214372 28.04671683690349 -45.1610667427494,28.59855478103941 109.58739927035447 39.72969788342269,12.429893859444379 8.300181940440286 -1.2178425341901606,3.0422546272709017 -39.50733775054482 34.10444441874149,26.81649629809997 -118.92361991053517 -44.01196105521215
-17.2698847764978 -8.108902720142352 -2.442071828273276,-11.75033397194566 -2.508151481174224 -0.07926822519730398,-10.91668053621095 2.657099023851178 2.8681541581662375,21.629346469295683 2.419490810911766 8.756894142258258,11.60439972535067 -3.098978526136175 0.672061650976857,-2.861965829278111 25.45962586993789 -44.74793405730888,28.89714767575171 107.52300825072123 38.74718151107177,11.677601590676264 7.885423008519206 -1.2129207901315637,2.4737483012115153 -37.819076160451424 34.24524477566679,26.548725876557302 -120.16298188650504 -44.58699762505982
-17.102087915305155 -8.053629088555379 -1.7511796469493304,-11.369495191860192 -2.656749539536098 0.300286617026528,-11.595912663617977 2.326026684337843 3.4289990362410094,22.041480573988437 2.657196229837217 9.135679476947475,11.379182327218354 -3.467661300685265 0.2984696862200578,-2.274829117843761 22.621959462610292 -43.34328686978635,29.077300529557807 106.28153865886982 38.14912199098521,11.516352413146974 7.526746068461811 -1.4790434836442465,1.6680793782808898 -37.39085686792758 34.05023378061154,26.529721244163657 -120.2852556011263 -44.65169882369331
-17.54266423065308 -8.49367730609306 -1.1165240583041638,-10.853035239043898 -3.269216876637619 0.7191024783764224,-12.520696104425157 2.009997951549108 4.18754095015146,22.690546544198668 3.0654638354062227 9.618574688451217,11.82026769830905 -3.689137390183259 -0.10230000572802206,-1.6615545460407288 20.143307195255343 -41.30774803437445,29.127009471600115 106.00674051046876 38.008418385106054,12.040563926177184 7.255481926026817 -1.9681136449348522,0.8885276652421418 -38.32710068567131 33.51824649304612,26.738058261520766 -119.37864258643845 -44.24214023960832
-18.329490483384404 -9.024358968047595 -0.5599182301030035,-10.54933363015384 -3.9062480762845366 1.1599320457543543,-13.378447008223139 1.8158727981987517 4.823856234517755,23.554473412973255 3.3736548942447695 9.701404936031105,12.669432386999146 -3.831236648989442 -0.412578856415622,-1.3829174121360759 19.222261122399132 -39.70322173331867,29.025155029530126 106.7117761721489 38.33198855674759,12.955017252457926 7.0680098314658135 -2.396823206634498,0.5077220986349491 -39.79486961256115 32.803838824595374,26.956774524320522 -118.40387711296604 -43.79609809370653
-19.19018687674536 -9.231969835340045 -0.10497241318318092,-10.806572572475577 -4.121531908036731 1.6011956291268992,-13.856080519582829 1.84944495237526 5.015577198616015,24.604929130998265 3.3091340568625145 8.89151407384511,13.656079008479201 -3.9629241173509056 -0.5136561287895995,-1.78909070144774 21.033349986980944 -39.58522711036157,28.752386912943976 108.39431013805834 39.11926515080871,13.95175136732147 6.959944497998858 -2.478325805661497,0.8871429601903355 -40.94029377143839 32.06964406412391,26.96861129123252 -118.32333862429802 -43.75232401179235
-19.9410820418834 -8.913208441750369 0.16051310206104052,-11.652760279843607 -3.707677653357515 1.930775553682199,-13.863718439871176 2.1305736504147306 4.66827641458951,25.71306352809311 2.8051169660351634 7.300737387509979,14.577986543678831 -4.077488631925769 -0.33157794311647387,-2.7722993350523484 25.41451709375293 -41.03587729663977,28.348807113637893 110.77013036645988 40.23684233709412,14.811520926568493 6.9453630404450015 -2.0946151873976486,1.9546954785112574 -41.39276629135801 31.525684248181385,26.770087201032368 -119.15444779386512 -44.120575460853544
-20.49657958244451 -8.097392099792216 0.07777028842412431,-12.761924444225265 -2.721442242233217 1.9364564359992782,-13.558257169494965 2.584109986645797 3.939534471642902,26.638894806870432 2.022405649315581 5.709228629316067,15.308530062287941 -4.084552327556005 0.15812693641487996,-3.7184663541614413 30.725992939409913 -43.06109942636715,27.920247352586067 113.24338550288061 41.40444966273543,15.413163576849406 7.05875438309754 -1.314352693370824,3.1589295107023356 -41.31597007705194 31.43437384361868,26.59407059647262 -119.86989022777375 -44.43631911811352
-20.7788589478416 -6.832233834621298 -0.5092090365000002,-13.793535521512911 -1.2397825817359962 1.408944795382137,-13.109372988619477 3.1292102813191316 2.999550382327842,27.142850281154598 1.1331917798757571 4.915072055933224,15.727908484009182 -3.892330742225284 0.9720498144085874,-4.000005488015348 35.26476039091686 -44.62811348013159,27.57452091769633 115.21048434149412 42.33809322871767,15.64429084485212 7.333919606832565 -0.2193423216585463,3.935392909392174 -40.90025501638606 32.05150878894751,26.679736835577437 -119.41473748627021 -44.222454509013545
-20.80898712835598 -5.398257009045649 -1.5208843512397183,-14.544798964911964 0.4212121723939438 0.43563250743202137,-12.687081159488157 3.6565381163043393 2.003032283612424,27.210936613231482 0.29545948018454976 5.106461379636962,15.822945471320796 -3.5160825850787427 1.931998874137688,-3.4540933511198912 37.81205906268144 -45.3261346147812,27.36744385795 116.37497777293352 42.895744014897694,15.527933516732283 7.74079066455973 0.9810836826860804,4.151908919275737 -40.299989512384144 33.29123641227906,27.049326628367947 -117.70267310821431 -43.440482825207326
-20.733072023397582 -4.370368039784194 -2.5798694824013575,-14.987082807985264 1.6430759065829905 -0.5209370786591789,-12.461825579002214 4.020728693359171 1.0851004741066455,27.1144001079602 -0.35077223230446697 5.700398436858167,15.715289100931301 -3.106420072088483 2.6134837423507764,-2.5055880109976947 37.76145954043583 -45.53087587790091,27.289082968474574 116.82879045702168 43.114884164647776,15.25835676437965 8.168538538129663 1.916336683750522,4.222902586884721 -39.6240442487724 34.63569761834873,27.450772057412635 -115.8721671054133 -42.60650648118101
-20.703504757808982 -4.331687968145471 -3.295886881259367,-15.10430131503291 1.7990726278638502 -0.9816289572604846,-12.60010611422561 4.077159264183647 0.3770509465935094,27.138566465412566 -0.6695753228312916 6.0725785016323295,15.534416622369328 -2.82015911865736 2.584549945822571,-1.6134351206495101 34.57455845966629 -45.663752983452476,27.324827636773534 116.69060438748119 43.045493685661164,15.038678607610423 8.502908743306216 2.212141323222205,4.59084189817489 -38.97851089751236 35.545605443279015,27.61786560329283 -115.1246428731526 -42.26513190722745
-20.785314668934134 -5.329085320456868 -3.591042538066998,-14.94939039298011 0.821714113377855 -0.8429640034695011,-13.068831667444709 3.8346535840673925 -0.11886196478210076,27.356723743266745 -0.6726970301608954 6.009116207191959,15.368594072126518 -2.6895097247637048 1.8321904859507057,-1.0550001261229267 29.157496280564374 -45.90734440070988,27.43697560853363 116.17169824805985 42.78689987669076,14.964866446170507 8.717869394639495 1.8288301490992152,5.345277711962597 -38.47650390655834 35.79758139071128,27.45817039826871 -115.87659990149986 -42.60543011722651
-20.917054442726677 -6.63307749360573 -3.839690789760165,-14.67521094436672 -0.5468457119930192 -0.545312974924089,-13.545956466418014 3.524185166189006 -0.5872019540052392,27.535185843262646 -0.5856791435518784 5.890304347533717,15.246424602338683 -2.5662856396043985 0.9499229696369905,-0.8447685898029479 24.507729025496985 -46.098455741038585,27.55439406883029 115.61740612154844 42.50987179961164,14.977762057850143 8.915111484048756 1.2111590337028386,6.06483067676382 -38.24130483715842 35.625598470725244,27.130823297661053 -117.40817646390136 -43.30175132771536
-21.027541464206408 -7.4585448424635645 -4.447250538064023,-14.441294669962641 -1.5058545476374607 -0.5678895350093672,-13.690257371879827 3.3921857308403505 -1.224199010726117,27.41914354840477 -0.6484599943483585 6.139340205514747,15.191756245720068 -2.290015614654905 0.5737200635260816,-0.9750667035463306 23.753420417469744 -46.048765162783646,27.60406482495521 115.37998854026398 42.38901936486485,15.00659564638119 9.204994460942 0.8385945827844357,6.291921788084615 -38.395207741701896 35.29788253633785,26.81366940126958 -118.91496809817966 -43.990162027229225
-21.057476252724037 -7.393185589771781 -5.504040771675961,-14.32351007265887 -1.6014853958175657 -1.1191369743696542,-13.410640994715012 3.544781010765702 -2.0110688167919952,26.96495362457606 -0.9310017076721708 6.917577223085437,15.22220502909809 -1.8336507570500757 0.9746951991388005,-1.322868392157159 27.623821080582136 -45.710695644907794,27.56616441159056 115.55227447393712 42.47157685564638,15.01910686018978 9.601267913872055 0.9575842929690738,5.844604415927985 -38.93074875651776 34.970494332517596,26.61317076792206 -119.9122873226332 -44.45229926870193
-20.967288851926227 -6.643686095349355 -6.577221250706049,-14.258819955110226 -0.9559100652840302 -1.95793952802716,-13.03130345153408 3.855147222772443 -2.5720395883141136,26.47957094365398 -1.2210555375884966 7.951630474600855,15.345040002809515 -1.3916628211136342 1.8181873596434115,-1.573628635012954 32.865275029368455 -45.270348275245546,27.509188373979722 115.79635962154074 42.59329726894675,15.046972437325405 9.957280434154834 1.4276948896203485,4.99856334958204 -39.625027426356915 34.6132672871983,26.517272455631318 -120.4462715842782 -44.711490378618734
-20.719702984245746 -5.475488870623292 -7.187222397829112,-14.171411987475564 0.2531842484566857 -2.801344317997553,-12.913299298241643 4.174762200920695 -2.500678041071865,26.300318350167373 -1.2810748815490658 8.928385380618245,15.56616164283148 -1.1782047666965894 2.713334775680471,-1.3974173350915713 35.86667276812112 -44.93453491197053,27.509561996628097 115.73573208023029 42.57095891225185,15.127567962920278 10.112207499383034 2.071899601421135,4.071643337337098 -40.236178391208796 34.17939796921876,26.502925263498668 -120.61212863829758 -44.81334028167465
-20.3267103771842 -4.199017035930636 -7.149501098635264,-14.021998662047311 1.7107990685944 -3.4287789175772105,-13.156687294264852 4.385210794497689 -1.731103117188737,26.459070763252676 -1.022390059008811 9.67781143523261,15.846803500650251 -1.2705352666038112 3.3731259690662307,-0.7679744718321367 35.0704119607685 -44.75991219810248,27.59855941663967 115.22156859177804 42.330955206072666,15.260836982300185 10.01319718820431 2.699871930074137,3.2695026064754735 -40.675445418034215 33.72678818261445,26.56752980957451 -120.39394905663589 -44.74551495944476
-19.89432072467759 -3.2105300545412763 -6.842512234044289,-13.84099266491671 2.8399052674198577 -3.7387113029869186,-13.363468808672401 4.425530967506967 -0.8473084135639439,26.404817865331445 -0.6404327131155089 10.302924983215833,16.06296138772902 -1.484678091463989 3.708726618908434,-0.23853259832262141 32.837590996746655 -44.51659609049821,27.721292990162745 114.53954336374932 42.00885771813151,15.375291606593889 9.813441326473903 3.095905553539202,2.583714227963693 -41.14624989982719 33.5131483754785,26.747511031827592 -119.5637788685491 -44.38511570549029
-19.538818426325687 -2.914431881129575 -6.706997644301912,-13.66663119232099 3.036222806532018 -3.6436734970550297,-13.080950557986059 4.241645382377133 -0.5046328606289269,25.522971162586853 -0.3621725955254511 10.937090443660233,16.081420171768958 -1.6077751961316609 3.6541751170729784,-0.4255881702516055 31.963443473421393 -43.943427157620455,27.81332696025092 114.02348526504461 41.76342887006808,15.391564193892245 9.688904817643655 3.0424158600588362,1.981703158024862 -41.88409800296753 33.817410865539756,27.083391858255098 -117.87143042770882 -43.59762607932313
-19.317216758068387 -3.415304193080859 -6.979846253560645,-13.534429664591917 2.1359664058799677 -3.1908194395426532,-12.117808634191102 3.863710011350811 -1.0131460264088326,23.590685646026714 -0.33292486223765033 11.642574261685542,15.843417227751122 -1.52548502674578 3.260095736035381,-1.5672623769495169 33.94198056422435 -42.96765319127112,27.83831172938283 113.86665226199065 41.68734161594461,15.260727740489473 9.736483934256613 2.5157916216410605,1.4163910645731133 -42.970969959654795 34.6704702949795,27.557944354601748 -115.38714796018631 -42.410718579572794
-19.15617270760649 -4.158322927085069 -7.44960877593476,-13.473917440341014 0.9441406132689694 -2.7233800183667167,-10.85755455571594 3.507137000932769 -1.9235589625585672,21.246686384469857 -0.5184199178529676 12.325275541688114,15.453934970396142 -1.3401355194294866 2.83352264433732,-3.0695073473631753 37.405406294626026 -41.93089014088767,27.821668209308214 113.9531416375588 41.72791688757154,15.000804009006393 9.879177566707929 1.9190315471991997,0.8088022139805919 -44.15119303227126 35.55770658091041,28.026927842783852 -112.88590856938437 -41.208771412324985
-18.965095662185018 -4.501515781045088 -7.8454378605508355,-13.513755227180633 0.39373567713728086 -2.623550815054617,-9.759803830488186 3.4117095652756504 -2.686032430526261,19.243698752593563 -0.8604995840020871 12.870408537503142,15.039701865695257 -1.1827642627305677 2.715249594489029,-4.228167589987266 40.606477953447985 -41.22948662812754,27.797001274404593 114.12606173088382 41.81320101299615,14.638781433404393 10.016934396120567 1.7114324917098978,0.07591090024232272 -45.12443696259396 35.89262289310138,28.32936654765059 -111.23559033814388 -40.42319139200149
-18.695979083161205 -4.059500525731693 -8.01040008952545,-13.652538372956558 1.019330052710473 -3.089215548119661,-9.115948145116459 3.6980210910419604 -2.9659314398558245,18.055047609875437 -1.3063906445075764 13.216067328060788,14.707696006639699 -1.1311149858150658 3.0928051177509417,-4.6099703389968 42.39956804788511 -41.08561253580697,27.782346423288068 114.29461718753159 41.900796556840106,14.22515834754446 10.089113447016626 2.151443360348769,-0.7836776166681594 -45.70809479629387 35.3926982106278,28.375075791702983 -110.9304833871086 -40.29883890443433
-18.409091822246268 -3.099307620930709 -8.077202616442484,-13.812417248543053 2.3424898582987077 -3.849621730385691,-8.789648859792335 4.183609764874385 -2.975804999138303,17.443646694285906 -1.8170118301352267 13.434799630731964,14.514677666747087 -1.1274250449070748 3.7640215501626035,-4.470396393712894 43.16873181207657 -41.27856628992193,27.756152048989186 114.53607086565057 42.02345655063563,13.870209977045297 10.135279522827137 2.9868317620578337,-1.563801028970869 -46.018885957473934 34.54830842524964,28.253866210047686 -111.51498322768553 -40.6062564643774
-18.181634643396812 -1.9900556089467918 -8.223863920867455,-13.903586664923639 3.726282989915345 -4.5607112549071305,-8.577659495233888 4.6386123042994685 -3.013814264032328,17.061296053138186 -2.3554201675754967 13.620189101998026,14.50953001045236 -1.0927301352104237 4.465770737366189,-4.1726988582079665 43.5374529017127 -41.518346771993464,27.690682772468747 114.95393287792946 42.22567083009859,13.693543051967316 10.21067579025314 3.885466507677815,-2.0258703235691318 -46.220330619347074 33.97071950498649,28.083713441738247 -112.3848415561156 -41.0417650959374
-18.06264937036769 -1.0116200443181314 -8.575180514886831,-13.854598132112496 4.6917739598634185 -4.97414224511521,-8.363039795718674 4.899302679254827 -3.2909074826093057,16.71871032542741 -2.877612057258189 13.84363052769084,14.724308551317677 -0.9691699852994862 5.010892940027918,-3.983047658907432 44.003035962273586 -41.57552466378316,27.576905131024155 115.56666166554662 42.51369704845946,13.779035041550507 10.354840325049688 4.59927803491697,-2.023285255654736 -46.388970653616376 34.102185544070686,27.957648359388727 -113.0577890095256 -41.36497239445974
-18.01813256389221 -0.18068449570600634 -9.098988731824997,-13.648140030626914 5.225984822252253 -5.123855448365035,-8.283380499394577 4.9970042998431925 -3.76082795142058,16.6952689496625 -3.3187609723043576 14.111080130044606,15.141441342398855 -0.7611235269826296 5.436271545501142,-3.8812987500172085 44.69066335709318 -41.399306669808325,27.46094063405224 116.14188455244451 42.78103997735456,14.105192053714607 10.560994353010825 5.128108097151365,-1.6807353165673158 -46.344834871681805 34.88651732133103,27.895135690185352 -113.41129182433576 -41.522128276222006
-17.99884672379404 0.534348159960711 -9.734331680243665,-13.276831763569886 5.401414217271079 -5.0955743450675115,-8.522964238961126 4.9988210041382235 -4.330136554015709,17.356324577540377 -3.6102205684078044 14.416489893755859,15.734252633251772 -0.48438702977705744 5.819889054010401,-3.7947858306093245 45.657254272223526 -40.971668998255765,27.399028577008426 116.40121568398092 42.90052067687001,14.631190572050603 10.813862604311481 5.517276009578921,-1.1726761638825072 -45.860896594448114 36.17608974616079,27.902144976886447 -113.38880716566713 -41.49372085944068
-17.955554349896836 1.165075045753183 -10.420252468704568,-12.733292734044397 5.2905607851091485 -4.975022415633556,-9.266073647117851 4.971856630213591 -4.905394173944272,19.067229860757955 -3.683344501262352 14.753811803521147,16.476066673432328 -0.15475676319996456 6.2397279657802605,-3.650842599755809 46.959727893716725 -40.27458785731231,27.44740825534815 116.06626920551372 42.744960207091964,15.316207080149495 11.098169809126603 5.812101087397585,-0.673563455175934 -44.71012914282008 37.823277727953325,27.984645762250352 -112.93379219864086 -41.26023826233224
-17.83901794202427 1.7430932847425682 -11.095794205769444,-12.010142345153433 4.965923165955704 -4.84792314047408,-10.696991356564313 4.983215016142961 -5.393161694755849,22.193337451012223 -3.4694864265618106 15.11699784403702,17.34020771249645 0.2119710032314573 6.77377078103528,-3.376802756528689 48.65500340762487 -39.290039455164774,27.662318964526868 114.85865926240079 42.18717962810658,16.119418061602303 11.398640697631132 6.057902645805302,-0.35785284802321926 -42.66550583770243 39.68045617610198,28.14860758903543 -111.9897040883781 -40.80216860311319
-17.6 2.3 -11.7,-11.1 4.5 -4.8,-13.0 5.1 -5.7,27.1 -2.9 15.5,18.3 0.6 7.5,-2.9 50.8 -38.0,28.1 112.5 41.1,17.0 11.7 6.3,-0.4 -39.5 41.6,28.4 -110.5 -40.1
