-18.7 -9.9 1.1,-11.3 -5.8 4.5,-13.4 -0.1 6.1,30.4 5.8 5.2,12.3 -4.7 -2.5,-5.2 28.8 -44.8,27.9 113.5 41.6,13.0 6.1 -5.0,3.2 -36.4 34.5,26.1 -122.2 -45.5
-20.2 -9.1 2.0,-12.7 -4.3 3.7,-13.9 1.1 7.0,31.6 4.8 3.9,13.2 -4.9 -1.1,-4.9 33.4 -46.5,28.2 111.9 40.8,13.6 5.9 -3.6,5.4 -35.6 34.9,26.8 -119.3 -44.2
-19.1 -4.0 1.5,-11.4 -0.2 3.2,-13.7 1.8 4.1,30.4 2.3 6.1,15.8 -5.1 1.7,-4.2 42.7 -43.5,27.9 113.8 41.7,15.7 5.6 -1.3,2.7 -39.8 35.1,27.0 -118.1 -43.7
-19.0 -5.4 -0.7,-11.4 -1.9 3.6,-11.9 1.6 4.1,28.1 3.6 5.8,17.3 -4.0 1.6,-5.0 48.0 -43.1,26.3 121.2 45.0,17.4 6.4 -2.4,4.8 -44.9 35.6,26.4 -120.9 -44.9
-20.2 -4.4 -1.7,-12.5 -1.7 3.2,-11.3 1.0 3.8,27.3 4.3 6.9,16.7 -3.8 1.5,-4.3 45.8 -41.5,26.0 122.5 45.6
16.8 6.6 -2.5,5.1 -43.9 35.4,26.0 -122.4 -45.6
-20.4 -4.6 -0.4,-12.0 -0.9 2.6,-12.1 2.3 4.8,29.0 3.3 5.3,17.0 -4.0 2.4,-3.5 48.6 -44.1,25.8 123.1 45.9
16.9 6.5 -1.3,5.5 -41.5 35.7,25.8 -123.3 -46.0
-18.4 -5.3 -1.3,-10.8 -1.6 1.5,-16.2 2.0 6.7,36.1 4.8 7.5,16.3 -3.7 2.1,-3.4 44.7 -44.6
27.1 117.8 43.5,16.3 6.8 -1.8,8.1 -32.4 37.3,26.6 -120.1 -44.6
-17.3 -5.5 -0.7,-9.5 -1.5 1.7,-16.1 2.1 5.6,35.4 3.8 7.2,16.9 -3.9 2.0,-4.5 47.0 -44.5,27.4 116.5 42.9,16.9 6.6 -1.7,5.5 -35.1 38.4,27.3 -116.7 -43.0
-17.5 -5.4 -0.3,-9.0 -1.6 2.4,-14.1 2.0 4.3,31.8 3.1 6.6,16.5 -4.1 2.1,-5.1 47.7 -44.6,28.0 113.0 41.3,16.5 6.4 -2.0,4.8 -36.6 39.8,28.5 -110.4 -40.1
-18.3 -3.8 -1.4,-9.5 -1.0 2.1,-14.5 2.4 3.6,32.6 2.4 6.5,15.8 -3.7 3.1,-3.0 44.7 -44.5,28.0 113.1 41.4,15.6 6.8 -0.9,6.3 -28.9 41.1,28.4 -110.6 -40.2
-17.3 -5.5 -0.7,-9.5 -1.5 1.7,-16.1 2.1 5.6,35.4 3.8 7.2,16.9 -3.9 2.0,-4.5 47.0 -44.5,27.4 116.5 42.9,16.9 6.6 -1.7,5.5 -35.1 38.4,27.3 -116.7 -43.0
-17.8 -6.4 -0.4,-8.3 -2.8 2.9,-12.6 1.7 4.9,29.7 4.1 6.4,15.7 -4.0 1.5,-3.8 43.2 -45.7,27.5 115.7 42.6,15.8 6.4 -2.6,4.9 -35.8 41.4,27.8 -114.3 -41.9
-15.4 -8.2 0.0,-5.5 -4.5 3.7,-12.5 1.5 4.0,29.3 3.7 7.2,14.3 -4.1 0.8,-3.2 37.9 -44.7,26.6 120.0 44.5,14.5 6.2 -3.8,1.8 -35.5 38.9,27.4 -116.5 -42.9
-17.5 -7.9 -1.4,-6.6 -6.0 4.0,-11.1 1.0 6.2,25.7 6.6 9.9,13.9 -3.4 1.1,-1.8 38.4 -42.8,25.7 123.7 46.2,14.2 6.6 -4.3,4.0 -34.0 40.4,27.2 -117.1 -43.2
-16.2 -11.0 0.9,-7.7 -7.9 4.9,-9.3 -0.1 5.7,22.5 7.0 8.7,10.7 -4.1 -1.3,-2.4 28.6 -42.7,26.9 118.7 43.9,11.4 5.9 -6.8,3.6 -33.8 36.3,26.2 -121.6 -45.2
-15.9 -13.4 0.7,-7.3 -10.0 5.2,-10.2 -0.7 6.0,24.1 7.9 9.3,10.2 -3.9 -2.5,-2.8 24.7 -41.9,26.7 119.3 44.2,11.2 6.0 -8.5,3.1 -35.3 35.7,26.1 -122.0 -45.4
-16.2 -11.0 0.9,-7.7 -7.9 4.9,-9.3 -0.1 5.7,22.5 7.0 8.7,10.7 -4.1 -1.3,-2.4 28.6 -42.7,26.9 118.7 43.9,11.4 5.9 -6.8,3.6 -33.8 36.3,26.2 -121.6 -45.2
-16.5 -11.9 0.9,-8.4 -7.6 4.4,-12.1 0.2 4.2,26.6 4.9 7.2,12.0 -4.4 -2.6,-3.9 25.6 -42.4,27.1 117.7 43.5,12.8 6.2 -5.8,1.7 -37.1 35.7,26.2 -121.8 -45.3
-16.2 -10.5 0.5,-8.5 -6.8 4.4,-12.0 0.6 2.5,25.9 3.2 6.7,12.4 -4.3 -1.7,-1.5 21.4 -42.2,26.3 121.1 45.0,13.0 6.3 -4.8,3.6 -34.3 36.5,25.2 -125.7 -47.0
-17.3 -10.7 0.6,-10.5 -6.7 5.1,-9.8 -0.4 1.8,22.7 3.8 6.2,12.6 -4.6 -2.9,0.1 16.5 -40.5,26.1 121.9 45.4,13.4 6.1 -5.7,4.6 -37.5 35.8,25.6 -124.1 -46.3
-17.0 -9.1 -1.7,-9.6 -5.3 3.5,-10.5 0.9 0.7,20.1 2.3 10.0,13.4 -3.5 -0.7,-3.7 31.2 -40.0,26.8 119.2 44.2,13.8 7.1 -4.0,1.6 -40.4 32.5,24.6 -127.7 -47.8
-16.1 -8.4 -1.7,-9.4 -4.2 2.9,-11.9 1.2 -0.5,21.9 0.8 11.0,14.1 -3.7 -0.7,-4.1 32.4 -39.8,26.8 118.9 44.0,14.4 7.2 -2.9,-0.8 -42.6 32.9,25.3 -125.1 -46.7
-14.3 -7.9 -2.0,-9.1 -3.4 2.3,-10.1 2.0 -1.0,18.8 -0.3 10.8,13.3 -3.6 0.2,-5.2 40.3 -44.1
27.4 116.4 42.9,13.5 7.3 -2.2,-1.7 -43.7 33.8,26.8 -119.1 -44.1
-15.7 -4.7 -2.6,-9.7 -1.6 2.0,-11.2 1.8 -2.8,21.7 -1.2 12.4,15.5 -3.6 1.2,-4.1 39.0 -39.0,27.8 114.2 41.9,15.4 7.4 -0.7,-1.4 -43.0 35.2,26.7 -119.4 -44.2
-18.0 -2.4 -4.2,-11.8 0.9 1.4,-9.7 2.0 -2.7,20.4 -1.2 9.6,17.5 -3.0 2.2,-2.0 39.7 -41.4,26.7 119.5 44.3,17.2 8.0 0.6,2.7 -44.1 36.0,26.6 -120.0 -44.5
-18.6 -3.3 -5.7,-9.8 -0.0 -0.5,-10.7 2.4 1.1,22.0 2.0 9.4,17.1 -2.1 3.0,3.6 24.5 -45.9,26.2 121.4 45.2,16.8 8.6 -0.1,4.1 -38.5 34.6,25.7 -123.7 -46.1
-18.9 -3.7 -5.0,-11.5 -0.4 0.0,-10.5 1.4 1.5,21.7 3.3 11.9,15.2 -2.7 1.8,-0.5 31.7 -40.6,26.8 119.0 44.1,15.1 8.1 -0.8,1.3 -42.2 34.3,26.5 -120.6 -44.8
-19.3 -7.7 -5.3,-13.7 -3.1 -1.6,-10.6 3.1 0.6,20.8 1.6 11.9,13.5 -1.8 1.6,-1.5 35.9 -42.6,26.5 120.4 44.7,13.4 9.1 -0.7,0.8 -41.5 33.3,27.2 -117.2 -43.3
-19.2 -9.5 -4.2,-12.3 -3.7 -1.0,-10.5 3.3 2.1,21.2 2.3 9.4,13.6 -1.9 1.3,-3.1 31.6 -44.7,27.9 113.8 41.7,13.6 8.9 -1.3,3.1 -42.1 33.6,27.3 -116.7 -43.0
-17.1 -8.0 -2.1,-11.6 -2.5 0.1,-11.2 2.5 3.1,21.8 2.5 8.9,11.4 -3.3 0.5,-2.6 24.1 -44.2,29.0 106.8 38.4,11.5 7.7 -1.3,2.1 -37.4 34.2,26.5 -120.4 -44.7
-18.8 -9.2 -0.3,-10.6 -4.1 1.4,-13.7 1.8 5.0,24.1 3.4 9.4,13.2 -3.9 -0.5,-1.5 19.8 -39.4,28.9 107.5 38.7,13.5 7.0 -2.5,0.6 -40.5 32.4,27.0 -118.2 -43.7
-20.7 -7.4 -0.2,-13.4 -1.9 1.7,-13.3 2.9 3.4,27.0 1.5 5.1,15.6 -4.0 0.6,-4.0 33.6 -44.1,27.7 114.5 42.0,15.6 7.2 -0.7,3.7 -41.1 31.7,26.6 -119.8 -44.4
-20.7 -4.2 -3.1,-15.1 1.9 -0.9,-12.5 4.1 0.6,27.1 -0.6 6.0,15.6 -2.9 2.7,-1.9 36.1 -45.6,27.3 116.8 43.1,15.1 8.4 2.2,4.4 -39.2 35.3,27.6 -115.2 -42.3
-21.0 -7.3 -4.2,-14.5 -1.3 -0.5,-13.7 3.4 -1.0,27.5 -0.6 6.0,15.2 -2.4 0.6,-0.9 23.4 -46.1,27.6 115.4 42.4,15.0 9.1 0.9,6.3 -38.3 35.4,26.9 -118.5 -43.8
-20.8 -5.8 -7.1,-14.2 -0.1 -2.6,-12.9 4.1 -2.6,26.3 -1.3 8.7,15.5 -1.2 2.5,-1.5 35.5 -45.0,27.5 115.8 42.6,15.1 10.1 1.9,4.3 -40.1 34.3,26.5 -120.6 -44.8
-19.6 -2.9 -6.7,-13.7 3.1 -3.7,-13.2 4.3 -0.5,25.8 -0.4 10.8,16.1 -1.6 3.7,-0.3 31.9 -44.1,27.8 114.1 41.8,15.4 9.7 3.1,2.1 -41.7 33.7,27.0 -118.3 -43.8
-19.0 -4.5 -7.8,-13.5 0.4 -2.6,-9.9 3.4 -2.6,19.5 -0.8 12.8,15.1 -1.2 2.7,-4.1 40.2 -41.3,27.8 114.1 41.8,14.7 10.0 1.7,0.2 -45.0 35.9,28.3 -111.4 -40.5
-18.2 -2.1 -8.2,-13.9 3.6 -4.5,-8.6 4.6 -3.0,17.1 -2.3 13.6,14.5 -1.1 4.4,-4.2 43.5 -41.5,27.7 114.9 42.2,13.7 10.2 3.8,-2.0 -46.2 34.0,28.1 -112.3 -41.0
-18.0 0.5 -9.7,-13.3 5.4 -5.1,-8.5 5.0 -4.3,17.3 -3.6 14.4,15.7 -0.5 5.8,-3.8 45.6 -41.0,27.4 116.4 42.9,14.6 10.8 5.5,-1.2 -45.9 36.1,27.9 -113.4 -41.5
-17.6 2.3 -11.7,-11.1 4.5 -4.8,-13.0 5.1 -5.7,27.1 -2.9 15.5,18.3 0.6 7.5,-2.9 50.8 -38.0,28.1 112.5 41.1,17.0 11.7 6.3,-0.4 -39.5 41.6,28.4 -110.5 -40.1
