-18.925661957252252 -6.344831403615411 -3.590736114149442,-11.805479369351165 -2.7468254582545946 1.2293020014780875,-12.923063993751734 1.8380964690574326 2.3192291068769375,28.939831201054723 2.8830012620748566 8.251185650973888,14.445844401515052 -2.642766940547771 0.8845780020547663,-4.791390004110784 37.371185996117866 -43.152107319934096,27.91492982537928 113.2781332139894 41.45321329025092,14.47569082919331 8.256307640832672 -1.1299532055813137,3.42696554860556 -37.34014910359019 37.559913557252706,27.04236658631045 -117.58037475517729 -43.34760031583942
-19.48871219021413 -8.85662936543925 -0.5409069427528734,-12.207844990085981 -4.789564628724706 3.093434744398256,-13.523523750497962 0.9336279410302237 5.212963765564931,30.915943933479767 4.784125134006542 5.6192570352133,13.175658520577775 -3.8561113084904406 -0.996748302032961,-5.0899965005527354 33.458391901017954 -44.97604665886162,28.087722502933534 112.38612901561518 41.040151223824935,13.582801740846104 6.971946284626909 -3.355959344253113,4.721581507721021 -35.33912607109679 36.28168801883051,26.758518556702406 -119.18118712027895 -44.103613502912715
-19.889088848430237 -10.024202103936041 1.806832280714326,-12.539688932171348 -5.462851762565893 4.137982393112965,-13.92768382714171 0.5321209611961666 7.137532146167558,31.99566006112667 5.6538450517456305 3.8882589476774094,12.44915514064584 -4.830929222241711 -1.9481757068187753,-5.069832512204197 31.09368610180387 -46.28983456545205,28.22542625590236 111.75129572123832 40.74832744533816,13.030152407614683 5.964789522463814 -4.480538031206948,5.2585833407609694 -34.43880835691565 35.00181954910194,26.609647554346616 -120.10833145027553 -44.560645412922284
-20.04280123222047 -9.680821909878732 3.06298991748701,-12.6079892971117 -4.8171330495178335 4.359123052237916,-14.140248417094345 0.6403109037274257 7.737900383612408,32.215016328246236 5.42825291747547 3.3205815980334266,12.54261288869486 -5.399404107900432 -1.8222129748459062,-4.8284890370116464 31.17793726259298 -46.73395147477191,28.28325429274107 111.56508957909128 40.66451391679202,13.080186552666786 5.388460848642007 -4.4111699221828005,5.038824239220009 -34.8428797785491 34.149581633390326,26.610820947163305 -120.22179329402829 -44.64195007676077
-19.941884796878103 -8.18147259205124 3.1936690726974333,-12.364144897233675 -3.329901810329903 4.014080304524846,-14.153257006035647 1.091997361918655 7.123326007552601,31.783363655270826 4.429030102746185 3.7681169553141554,13.40997146388413 -5.530275546686717 -0.8442356299378941,-4.541338873428199 33.81285887517902 -46.28297327039854,28.22810157927095 111.9467930300921 40.84095131367029,13.749183073010174 5.250948530987282 -3.4714407701479875,4.343642148018169 -36.346951141123334 33.95813961268636,26.724051494308352 -119.67975370421175 -44.41067180667997
-19.6516774187462 -6.230217609876743 2.4820795120955736,-11.914539922992661 -1.6895271213572345 3.4806770726515444,-13.962013337628976 1.6260636006057685 5.791063421002179,30.99698386792008 3.2125908489956734 4.777994449482386,14.717673430280525 -5.319240728937059 0.499514304296534,-4.364976637941936 38.19031458618739 -45.22773864220572,28.04900769925755 112.91075007264101 41.281181426913605,14.811572729635635 5.434857550999856 -2.240014417046866,3.6007003646119164 -38.431583096102635 34.37871989625224,26.87383124896895 -118.87162124092325 -44.0424963523232
-19.286601734609114 -4.579143557050049 1.37602312818355,-11.456353688247619 -0.5170300490634911 3.088766513864507,-13.588869767140048 1.9968027449816876 4.392709280542058,30.13759490353488 2.3299214536632116 5.814331505535614,16.00681281305713 -4.932556507576685 1.672165926596374,-4.366879226813225 42.89755441878563 -44.01734765764847,27.75968959709271 114.36716348968717 41.94158070478713,15.91515818975617 5.763145121408703 -1.2978914866896878,3.18900891491721 -40.494105369451304 35.1214972165093,26.975743205897235 -118.26104686635934 -43.75331293433669
-18.975028882209987 -3.731571143862507 0.29981399124967734,-11.177347760944517 -0.14187105276111422 2.9997281784224588,-13.093617065671568 2.0682831501226615 3.456627286470585,29.391002527933974 2.106172631045245 6.484435285646882,16.899568158025584 -4.534116751448065 2.300534080351325,-4.5114070680809615 46.5135583741513 -43.048068337762274,27.39282790816841 116.152201665637 42.74621583652196,16.74523478139684 6.076155652727193 -0.996965963629981,3.2782952797236904 -42.10228940573133 35.801289393768236,26.966600052922992 -118.20654248292463 -43.71376355172465
-18.824437945058573 -3.775602025655661 -0.4848109022934679,-11.172266392832379 -0.5178368347716911 3.1796521080771845,-12.560094163489968 1.8542733463319006 3.195211281619214,28.813301165823816 2.535713372772681 6.66552259324777,17.24850241577805 -4.229638720212343 2.301340098387273,-4.69824411950213 48.21092035679358 -42.50744941399427,26.989938978881113 118.06988057726007 43.60658148254849,17.15408843621311 6.284974789303401 -1.3478290382709004,3.7790405596421826 -43.13978522301638 36.11720371906769,26.825187851218537 -118.83223911022651 -43.98618431888272
-18.894859250562174 -4.410571005259603 -0.9187767504545676,-11.413866442109633 -1.3003318062985216 3.462982918029999,-12.067075152727726 1.4917482821464227 3.477706261225049,28.355076224584135 3.3306151712487653 6.486855838198185,17.161338583598255 -4.04849094664117 1.8714151986801384,-4.822890111679291 48.06425739791125 -42.34512092462974,26.592262868583006 119.92626930705399 44.43708364602287,17.195212793424588 6.382170678335625 -2.0656899183178257,4.421867211657614 -43.77101624202381 35.981113807915534,26.577091369047206 -119.99663434412824 -44.50807519217878
-19.184503995483393 -5.139050538337305 -1.090796850289678,-11.784062327673533 -2.0365842367154796 3.661713685195044,-11.66435126467556 1.1660779130023369 3.964218891090179,27.93245915823969 4.0877321561728905 6.198712688618063,16.900940645475966 -3.962503616887297 1.3583668309704675,-4.823355496172212 46.91383764838288 -42.36911794040916,26.236285487502915 121.54654662688972 45.161966163437896,17.055063734827314 6.414147121584888 -2.7394608372042173,4.9188903305139124 -44.2523167483888 35.53722971947717,26.283153730515533 -121.36523068482808 -45.12571243071131
-19.628826478557638 -5.52353982775894 -1.1358797819826254,-12.139536744695466 -2.3762435432142017 3.660487480169045,-11.37257877202757 1.0255175214428767 4.318743384032347,27.514196091612476 4.487398219501269 6.012712334768512,16.72393013661822 -3.9235534953916056 1.0813827255163801,-4.692676989194731 45.86537987756123 -42.399250011618555,25.953628817434737 122.78002469021091 45.716303743271695,16.929291982803317 6.437081646458269 -3.0359034426637654,5.119715522906057 -44.70256381760413 35.07005558807205,26.016716047980925 -122.55153506898027 -45.66087062895906
-20.11325753596681 -5.38417527274568 -1.148662348406302,-12.373008891123007 -2.209479984251978 3.45459984419028,-11.20849074286282 1.1233277512920565 4.387326810818042,27.18380455835205 4.429309173717604 6.001431071423016,16.74802675120912 -3.8963791731992456 1.1889316546401036,-4.461111927748009 45.69751952245932 -42.38388072047745,25.771776896024125 123.50704206654942 46.04785276535482,16.915849468716083 6.482303870467721 -2.842337223303443,5.081341086133861 -44.97153601362713 34.85274563884287,25.83828476009921 -123.26593823840773 -45.981176428871755
-20.498919117733784 -4.850725949086822 -1.1521186724068895,-12.441021953511827 -1.6804173423453288 3.123860320468424,-11.216447798323282 1.4090420139907192 4.255274066675362,27.141661289450518 4.049195496146991 6.101076946190033,16.915274087557002 -3.8710420747814265 1.614873599243765,-4.169064942266662 46.49176882195399 -42.415485204174686,25.711749198825874 123.65804413565085 46.124914991829854,16.98164764057521 6.54675872970528 -2.2890729883230425,5.01971535850142 -44.691539244587545 35.01470927925825,25.776819110114598 -123.41210775374283 -46.044855110938414
-20.65805173374322 -4.258368793269583 -1.1230634900952854,-12.353116122757788 -1.0844622495243053 2.769678923045694,-11.477695108317304 1.7656199351639197 4.166615588336494,27.634663533226043 3.621727982648454 6.197281236277679,17.0606217999198 -3.854421166149764 2.1418410293310712,-3.852312185903891 47.67133706047508 -42.644594270567985,25.781731278295744 123.24123993011098 45.94886411503444,17.013315886504042 6.607285358193565 -1.655248695781796,5.174418485331577 -43.49420856696784 35.49336240248287,25.824294249667695 -123.0945375743223 -45.90280651012004
-20.51155623942716 -3.9531578440622033 -1.0425791024908486,-12.139917512833815 -0.709783864582517 2.4576147824304084,-12.078818665928642 2.0689874528139103 4.36155949306449,28.83435565127389 3.408720161557265 6.227976315856541,17.036154187895725 -3.8526701391288776 2.5283982081405765,-3.546775892499965 48.40628885811712 -43.15287500571851,25.969889006481413 122.36080872536488 45.563163074018746,16.913398268100927 6.64407463452398 -1.2169442663981254,5.662783544503615 -41.27604850084308 36.088500247808845,25.94523256992542 -122.5388487567638 -45.65970522018985
-20.0571129260504 -4.111970300522788 -0.9303033001142449,-11.82596109364421 -0.7026752820305331 2.197248710700591,-13.047016820111743 2.239840004927778 4.925673580221856,30.71444408903945 3.5315412710208447 6.233939208667039,16.813387375598367 -3.8597206788860645 2.630291768176762,-3.3022212267050772 48.14110623580548 -43.868755726130935,26.242080034782347 121.20424922670597 45.04889365051155,16.67909828741035 6.655969840141306 -1.1178376182672862,6.402657805489273 -38.358628824531095 36.58385540737123,26.096995786415704 -121.96329737705494 -45.41340713263834
-19.376064995696755 -4.665710002880716 -0.83895623039633,-11.424031094268303 -1.0171049211407612 1.9642440786071438,-14.28677445798321 2.266042398480765 5.730884091309722,32.98976584292018 3.9260938387941042 6.326181334905858,16.503641032142273 -3.860007978518804 2.457028198774628,-3.185653400009604 46.93921010036525 -44.58102926661367,26.548770646898905 119.99039201839129 44.5025112483254,16.414336445843176 6.6584788806439885 -1.3224282827819174,7.143908659326947 -35.43623646651223 36.86728800687402,26.251930597526957 -121.4609150981284 -45.201164126172245
-18.61277349501891 -5.3549519225174915 -0.8161315999528449,-10.949411038602252 -1.462580479820432 1.7429002709623778,-15.562325961639164 2.1913852429492335 6.494074153747586,35.16127000668267 4.391927901027554 6.5948864970615055,16.287660196585023 -3.8420886625075172 2.144330851744492,-3.2619377615412453 45.450612992309175 -45.04493063608314,26.840460136679923 118.89329944750341 44.00226744953834,16.268223893271642 6.668272527827277 -1.6637350095722372,7.590025231337474 -33.31325149846083 36.9853606041763,26.411103443072058 -120.94770393069011 -44.9781103720294
-17.930500156563937 -5.877084882333665 -0.8638694740362105,-10.437700984244078 -1.8156741070590239 1.5567280011154976,-16.55328782334442 2.0830408468915524 6.915700490619191,36.66837481244375 4.700094346570876 7.0229343953692105,16.29996604903514 -3.8115709626535157 1.8680648244571012,-3.5567297469462424 44.52872407313429 -45.11800810349313,27.08514049157013 117.97758582265185 43.579086065469525,16.33855909360122 6.687072382942751 -1.9482783986688081,7.544660516846057 -32.548487488674155 37.10617640150289,26.602483501906875 -120.2039056231865 -44.639214037243356
-17.458742758427487 -6.040236891263923 -0.9281770708346064,-9.948273559005838 -1.933059836130151 1.4646959359015668,-16.97295058358043 1.99769266946183 6.822356026453061,37.09816241473268 4.700648488570273 7.465208686639379,16.539520452548707 -3.792070927199628 1.7520907238695353,-4.023165712477447 44.72437535727057 -44.84376967260793,27.278562693187798 117.18300824250552 43.20897437901985,16.60078477684741 6.697657292554692 -2.056419693598368,7.007681834629247 -33.18215223977626 37.41484368219226,26.863290887558904 -118.99347118286458 -44.07615803620983
-17.252606332789345 -5.8430930855025744 -0.930112185027341,-9.547135596004471 -1.809578264551191 1.5244358687301423,-16.699658666485494 1.9625610587307736 6.241617634329732,36.36504044276036 4.379340161641536 7.714298320519302,16.8617968842878 -3.8113137397644863 1.8188137035212804,-4.537243714560523 45.95414379282035 -44.43105863332762,27.44069968982938 116.37509065677393 42.83477158831581,16.908344849235878 6.675840510147691 -1.9863941241319636,6.174777200326697 -34.68941684079831 38.00135529669973,27.214069027365035 -117.2091653372412 -43.24384810888709
-17.281294879584042 -5.446156805641355 -0.8209909188978897,-9.279123958929508 -1.5583310637609995 1.7459344356746627,-15.854609823410025 1.9762403143865306 5.378557504409418,34.775458083116064 3.8453679659711377 7.618541339875734,17.05862647966353 -3.8803284096820105 2.0018391479321735,-4.933685144546322 47.53735047825314 -44.13863300485086,27.598996770752347 115.44279818041586 42.409056484630526,17.068215413135583 6.610766929560579 -1.8270027478305466,5.346080016259665 -36.19650386044869 38.802550099375075,27.637103708939897 -114.97468645352187 -42.20511220860814
-17.450632413756846 -5.061570705791624 -0.6257167569590234,-9.148395924388753 -1.332140715217912 2.066624797872114,-14.777352322334293 2.022674063048315 4.51577155602451,32.934965743253386 3.26833037920514 7.182832567446166,16.97997009332859 -3.979685824647226 2.2035157793396856,-5.071186619417533 48.58159573437818 -44.131032642529334,27.766943663489126 114.39339988768256 41.9361228099074,16.95030594586507 6.51934853088358 -1.6848592435128869,4.794206972972782 -36.86511161443569 39.62833211498739,28.071134285515015 -112.64991876518292 -41.13010094188646
-17.648974272472373 -4.831006291597236 -0.4426038175957883,-9.121520533604441 -1.2345764897994314 2.3670691006213023,-13.897508669977906 2.086092934407577 3.893851734334109,31.52351036667969 2.803453769678568 6.588285973520112,16.626411972071175 -4.063683723580121 2.3571583452934823,-4.896848471477336 48.494206748238526 -44.38982775422452,27.930354305783183 113.38832255465765 41.48795397553974,16.56785331078685 6.4434574222095415 -1.6146150320258252,4.657516054983704 -36.26564477761254 40.25569720332585,28.427471473881837 -110.72657729123429 -40.24620901850351
-17.79470212941735 -4.762123166668341 -0.39355819650139134,-9.152038290048964 -1.27007092780618 2.5226970100926156,-13.554757261817343 2.1573864800695555 3.6304406045783275,31.028248223288063 2.5414144350074444 6.11153270843559,16.157240036977605 -4.08278162798811 2.456128403214581,-4.476173329573004 47.32320664490176 -44.7326991087096,28.050575098027398 112.68971234261254 41.18059804473213,16.080670106531354 6.429069856316985 -1.5937150128245419,4.904756334818938 -34.563188237949745 40.53820802669871,28.62242048550429 -109.65172937799369 -39.756829725990464
-17.862843853478637 -4.755274597872638 -0.5499474906190247,-9.209653291091648 -1.3574645127548992 2.4653534846595075,-13.850151471186459 2.2303076127959676 3.7070888083800835,31.54939799352675 2.4982222094096356 5.982779736264821,15.807090566687961 -4.012797252677174 2.5362776247163255,-3.9704477847354687 45.72884689189635 -44.92969675959634,28.08468645837457 112.53499031739642 41.11854786349568,15.716014144500981 6.498397129676355 -1.553014114732109,5.376349753926288 -32.43076579744279 40.472488648432225,28.61221097409956 -109.6527863945122 -39.762652899850664
-17.87917895133119 -4.697193661192025 -0.8775322149198299,-9.292464593583842 -1.3945370611847472 2.221373272205732,-14.601851434232419 2.2935159114521357 4.013875739464914,32.76756626989394 2.6364011525050572 6.259791974019621,15.756589316270526 -3.873774582418283 2.6287364991956936,-3.5696630368952373 44.59935646226731 -44.84837421616801,28.012422204858105 113.00097863017767 41.33451471972809,15.648544004374553 6.631696160004415 -1.4397813333979246,5.86932818747662 -30.73592964957819 40.18919110656043,28.414102430418648 -110.64134573724519 -40.21989187366197
-17.8873024765493 -4.5592795417579834 -1.2365326188619776,-9.411141813806152 -1.3330853998393328 1.9046127865611064,-15.429878694492654 2.3269963744242403 4.415178199471257,34.09002871203978 2.895344361496375 6.7898413245143425,16.029196949488373 -3.725897200437747 2.718182794332658,-3.4119982779224336 44.53009227110961 -44.54136716086873,27.854098237308072 113.9339371092121 41.75859122311845,15.904706052500073 6.771094723880187 -1.2705799220012925,6.217591980997588 -30.15283874812396 39.878189605704506,28.102808897988048 -112.24098236788564 -40.95468923039
-17.90861955145042 -4.436877818740404 -1.4432259101517866,-9.55379735296154 -1.2197079601343916 1.6666866444882102,-15.931183839021614 2.3076749047372074 4.798867765973047,34.91098602603779 3.2118280551911225 7.285061932426624,16.472359066258978 -3.6422493065850468 2.737154365312441,-3.5277003952748784 45.46549414211454 -44.22257414666548,27.667160501706835 114.99479307855552 42.23872561175334,16.344299331788 6.846585692207961 -1.1386450835493178,6.331994227456966 -30.880873580923176 39.69247496596218,27.782643611310373 -113.92945515292952 -41.728451842358425
-17.919166240530004 -4.502565553082178 -1.3639059719289386,-9.656657000513757 -1.1782083050511594 1.6292333878576217,-15.860856836762533 2.221930563278436 5.091838059294334,34.86695547849581 3.5259470191464652 7.474125069104419,16.834181739065105 -3.671639084292358 2.6031099378260896,-3.832398609604767 46.711802818267046 -44.14295186682086,27.520088838393228 115.810378508275 42.608334211166735,16.729884303516723 6.811334352130814 -1.1686694342387662,6.194604366971743 -32.59125844737966 39.68349058288134,27.547388562812735 -115.23425448395214 -42.32627782851277
-17.857931080282246 -4.899167372277677 -0.9912048023744666,-9.6067274619356 -1.343290365936262 1.8320133778542353,-15.23205501255489 2.0770235920602107 5.250856469833948,33.97085414953189 3.7815580416646934 7.249781487824872,16.89378890370025 -3.81126054560513 2.276634220959215,-4.169853345323887 47.317431845189844 -44.43649131898738,27.455658440888154 116.1611612605234 42.769979744067456,16.84671593927835 6.667289782434789 -1.4443109460082741,5.828615478818166 -34.608717991545376 39.79913466788965,27.445910108835673 -115.89694820757447 -42.63073043825657
-17.66352791382721 -5.636230682005726 -0.4594081245405839,-9.285695109548056 -1.7830761870304201 2.2215181031700943,-14.288648669507625 1.9029859990117264 5.251744200683378,32.56723788867585 3.9338120275567316 6.732310594844877,16.574082208114866 -4.00459855639468 1.8037420453132613,-4.3806492722140655 46.60769661516787 -45.026284074125684,27.463430728114187 116.10752304178476 42.75141801074833,16.60871692488917 6.4666207078784534 -1.951248730934362,5.273822917607741 -36.22521450747191 39.93791946595014,27.468705592331393 -115.93815232748761 -42.650848433276025
-17.319163244582825 -6.554707738903344 0.013236221386784042,-8.638034932317847 -2.4546449028911215 2.6831167504938236,-13.369401409205302 1.7416698515592335 5.094070386095206,31.138156753935085 3.9677431869297357 6.213502323799093,15.976004226812126 -4.166811661500688 1.3122468267515246,-4.363601687964122 44.571226889209825 -45.647864560882965,27.478645079856 115.97929573584311 42.70051316743212,16.094485707892456 6.2873688717916645 -2.5711181770082887,4.584630487947798 -36.99083233061585 40.02109468032577,27.560179072956192 -115.60321044711937 -42.497761986251355
-16.879333915577366 -7.387539944980302 0.22804757061537773,-7.726536392738818 -3.2188266965716785 3.0977341994897696,-12.736745853009888 1.6273123640193872 4.819195931565539,30.060803299855007 3.918254296253138 6.010035537918593,15.317266568281218 -4.225073691585924 0.957928086327373,-4.1044908356270575 41.87772195173191 -45.980538501796914,27.411822191115785 116.21951257199382 42.8151455733547,15.496237719106642 6.1957319695889 -3.133496538667454,3.8442294612538657 -36.853752723597495 40.03693313692244,27.648844249575106 -115.22468749918322 -42.323001570381415
-16.459790269539706 -7.889398281338352 0.10279677908162865,-6.738593052591118 -3.907950299503221 3.3933676659108394,-12.458455273738796 1.568496830548834 4.5220002794309275,29.438353264069434 3.874052356742347 6.303610230422757,14.81093593407798 -4.153225195307744 0.8459812012266761,-3.6660615746389715 39.513887460641286 -45.815270559359156,27.196639789721793 117.15082374938386 43.2388113935957,15.011903535734456 6.214647569436258 -3.500333821740194,3.172082740889494 -36.106772510032826 40.03138427521134,27.67942943760162 -115.07348606877393 -42.2513307772439
-16.191359247167973 -7.967760092638937 -0.28783047692351005,-5.929146032734845 -4.411029291896728 3.5672777261880295,-12.399256299150235 1.5413855507862284 4.334772481578228,29.084076864485812 3.9532474609143815 7.051439821332824,14.551107783309794 -3.9831053843498316 0.9696633327122692,-3.152253291338684 38.23896113306309 -45.16581716570449,26.832065921184903 118.78052837926019 43.97372803525216,14.740179424948698 6.314789535269612 -3.638330123779576,2.703993389467772 -35.19406810247244 40.05425715776937,27.631278293875425 -115.26840040451528 -42.33917090643347
-16.158375348889052 -7.743288868160037 -0.7485850143528978,-5.520185035494986 -4.730880808602845 3.6721873870961117,-12.319188066907198 1.498472668830139 4.37834044568902,28.657683208952335 4.2546759017307085 8.011820377191299,14.467109527750242 -3.7873905721705774 1.2013060276035181,-2.6682156619042177 38.16227627865563 -44.26105968094214,26.395285573069025 120.74960756305993 44.85842204375721,14.634465158997305 6.431803463606923 -3.640267548641427,2.5437511727307913 -34.49012672416072 40.098765246963865,27.516056376413612 -115.77681141991717 -42.57351634091334
-16.35275111501951 -7.503146515763551 -1.0572240578866214,-5.60335665772586 -4.982220216018824 3.778875466509512,-12.01918844601264 1.3890302563942505 4.700173402425424,27.87440720608586 4.806615259866357 8.86749791557875,14.36855545562999 -3.6437176640504054 1.3441762855839499,-2.2930675417185284 38.676942948853444 -43.42322678934155,26.015393582775463 122.4639078908276 45.62667628441023,14.537578610994759 6.499583665800494 -3.683029056076205,2.709296987467944 -34.15846101019104 40.0773614917057,27.35963079918512 -116.48814541963529 -42.90380506902597
-16.669000172890915 -7.56724085843837 -1.0668336000109586,-6.095412238525711 -5.330880306267183 3.9377824576441083,-11.452220884180328 1.1814377009211365 5.234903453481829,26.67245593494365 5.5414351100787265 9.378757621203922,14.05372629327718 -3.5991298189062295 1.2215233235307252,-2.0700168943753203 38.785913773123845 -42.900709058810875,25.81783344932599 123.35376833967136 46.02370454718969,14.274687671220374 6.48144902792366 -3.943153773810667,3.107561578359143 -34.14097840819852 39.85509000076667,27.181367179545312 -117.3048591147797 -43.282751987891544
-16.946025015002615 -8.133823351585772 -0.7659336418742657,-6.772267066757609 -5.905182250913393 4.159090376765753,-10.741315898078168 0.8769320177699267 5.816945253474261,25.25075403780326 6.314625238660659 9.485834034503466,13.420902458510609 -3.652616580579492 0.7591300306644206,-2.0076918193501303 37.64137550193376 -42.74879528202264,25.86575463451008 123.13908551298384 45.924563529246335,13.751799733922478 6.383388572861588 -4.512301174717042,3.5611626480625014 -34.25554802723513 39.32591274502752,26.98430192629944 -118.192770067764 -43.69034674956173
-17.037885864475097 -9.182132364415184 -0.2697228745438096,-7.36797421539908 -6.724743864518072 4.417514139456892,-10.10024264528303 0.5091252087282261 6.248313945779995,23.96145523496341 6.963627847660357 9.311659312274188,12.52368655048109 -3.7628765240814337 0.020656905495237243,-2.084066240756128 35.00524775977737 -42.822936430104555,26.12785102796423 121.9677895991957 45.395890556650066,13.007172060658966 6.244375027976384 -5.353760613508488,3.8816626673734964 -34.32939195299914 38.4889208802663,26.761757260006853 -119.1637796736885 -44.12840157127383
-16.88029058987834 -10.480062506381554 0.24720499211338254,-7.690984511155282 -7.6824365986793195 4.6734029544138895,-9.707225105539168 0.13098384799059604 6.391821694697436,23.120822209293113 7.37864594896166 9.072092572723381,11.544571370078003 -3.8746860792490656 -0.8207605791012496,-2.250060306884414 31.387635041623273 -42.88388578207933,26.49024277457956 120.35451655430744 44.66837721096342,12.19154615760325 6.11159291053783 -6.318696188786637,3.9547485634749338 -34.29189633722189 37.47742791715388,26.514787170387805 -120.21013207718723 -44.59305205837981
-16.520502022971254 -11.69055186861223 0.6372170235343857,-7.700507710361875 -8.587420396659608 4.8942516427930824,-9.60666473812947 -0.20329720157670605 6.240648934481427,22.845008350187495 7.548178875993349 8.949654077840734,10.706127943053357 -3.948108695181905 -1.5590407653016647,-2.437378409241533 27.799585450784605 -42.75011996460285,26.808143127335494 118.94494447859562 44.03143034305459,11.492858471698007 6.01593633648917 -7.2100775778059605,3.7912123505732183 -34.187281797258194 36.51795666645465,26.267195611070335 -121.2424612456972 -45.04744207647799
-16.095673340847753 -12.520875164872987 0.8395658482684949,-7.506462493599769 -9.246303276390071 5.063855934678324,-9.695130018796807 -0.4529159877789377 5.923261867716803,23.00114753189021 7.553371437643598 9.001867998181934,10.170737946297878 -3.9749442218955435 -2.0411966187100696,-2.5768145299899152 25.263292261091667 -42.407240242949165,26.972519755945005 118.21981320692768 43.700929374900106,11.049463598780358 5.961343289046132 -7.859934977965011,3.513034636111814 -34.11890482607348 35.83507552963085,26.065584045587855 -122.08367963659181 -45.41746563108448
-15.769723673616953 -12.840324627671512 0.8871321599213262,-7.296599024531929 -9.54170878942818 5.176907915924895,-9.797351914695525 -0.5964769491708108 5.635684491879454,23.298443866485012 7.51241538978858 9.150141223462407,9.981299587495775 -3.975520651055668 -2.2220779798611905,-2.6261991952247548 24.342564794887156 -42.0111631827305,26.958608981573104 118.28479709449985 43.72527160129242,10.898015073529207 5.9320553698818905 -8.182871188888894,3.279220758453549 -34.17223123509015 35.549862484841526,25.960866416204 -122.53652358357894 -45.61921044652996
-15.659073233287955 -12.712455808881444 0.8646877935080273,-7.23216975311299 -9.471499570073414 5.227373134033356,-9.78488656433781 -0.6299295564980125 5.53376766035784,23.46521297806623 7.504562456745198 9.246165888565951,10.068099882001338 -3.9806181903645865 -2.1656181217911037,-2.595855142140862 24.92801156891178 -41.78561792508672,26.831782663104995 118.85019737829164 43.97605653178806,10.978722723720601 5.91074672879727 -8.185474163030314,3.191513967606005 -34.3656287501317 35.625922876075954,25.97978984862022 -122.49409511675009 -45.60587740471826
-15.782657899659315 -12.335255438493128 0.8491236119278559,-7.368417276709931 -9.134287781840666 5.202682325729413,-9.664911222802688 -0.5611764240359214 5.643024648213561,23.409653701315964 7.516503212018551 9.169280017834554,10.30844293515409 -4.01110291154713 -1.9987286625780245,-2.553079414881803 26.35935843222806 -41.87724066286286,26.70784199034883 119.40840261515166 44.22698311291031,11.186836463822313 5.894383460995259 -7.9366175862956405,3.234356078388558 -34.6514217651208 35.89301001140531,26.10289399912869 -122.02931852272515 -45.40700679588802
-16.059187126492088 -11.92967551023105 0.8681321226493304,-7.640253496538579 -8.674738702169982 5.090579323939,-9.583709957848907 -0.40652609592388766 5.837242409846705,23.271210900844203 7.443441985598801 8.894688813998277,10.598309912923522 -4.067563044838174 -1.84647728407162,-2.593248510438215 27.78375196653534 -42.25647234458334,26.688296166695675 119.51624684594383 44.27964751340695,11.434909548299498 5.897082694672598 -7.522908566312884,3.2864220619969733 -34.95469392491979 36.13698601187572,26.263811674802543 -121.40262662661115 -45.13347122314663
-16.35111625482828 -11.638854089872748 0.8983600960096103,-7.916099442345221 -8.220453600943426 4.895213818150555,-9.739065072778844 -0.19099859156639498 5.9012223911485755,23.33080789449562 7.147789881169974 8.495054148040571,10.893966975276973 -4.134709049124742 -1.7824940172240056,-2.7832974587906665 28.537844595082095 -42.72483993038719,26.804288321307418 119.03596307381866 44.07113572006283,11.688830073992229 5.93832217199204 -7.016626965545825,3.2007089760935417 -35.21670276502291 36.208786094402974,26.37398025936004 -120.96835180247659 -44.938769743828516
-16.53228029422959 -11.487090527025357 0.8977645143488264,-8.08511994731437 -7.841971300352789 4.650804455473956,-10.249711029333579 0.04981945991777437 5.646643760656504,23.828106534288477 6.5457141398401 8.081445378215392,11.204702446463765 -4.1955793615145005 -1.8155301702497102,-3.1040202989397154 28.358879533145476 -43.02529380479355,26.99851638575239 118.21037859161439 43.70802624000889,11.960862031069045 6.024779592341163 -6.4703367187312715,2.9088635603834816 -35.414201709098464 36.0943325469333,26.362398107366587 -121.01767385435599 -44.95180490737289
-16.54578600825306 -11.409271469585057 0.8461706774517078,-8.126077707401487 -7.550444827248754 4.420652802557809,-11.057371406156097 0.2710525937164361 5.0190897949811335,24.788051308210147 5.674096797209612 7.727040142994455,11.550112273430303 -4.244754730824785 -1.9106903645523623,-3.4270829387020263 27.354189515120282 -42.9899001622228,27.154808059892506 117.53420908348765 43.409695809028506,12.271341015571831 6.138627951214761 -5.932337883953059,2.4874858030990894 -35.548958867577056 35.90824901281288,26.210264871645883 -121.63694509700647 -45.21458804206476
-16.42525487136785 -11.321274598057661 0.7649604962073893,-8.118761198813083 -7.324749035927612 4.277233603535063,-11.921672866064739 0.426352314826024 4.136877782039232,25.956996111327882 4.698344011666945 7.4258330221983,11.916555071834424 -4.291206797294851 -2.025416073178579,-3.5514546973823466 25.80723666821879 -42.635607451398116,27.160124204923697 117.48912151329561 43.390821601317604,12.60954344041005 6.241433074268957 -5.46310538680807,2.1415990890115353 -35.625411398994174 35.81555194960498,25.9612877941229 -122.65950815322354 -45.659013088861194
-16.27181207327021 -11.182705968667948 0.7023127978152801,-8.193406047452713 -7.144565097203035 4.270835876047627,-12.518290937721552 0.48142601081999487 3.238164001104883,26.891103115798025 3.8516179767634755 7.11425948661588,12.245282646064288 -4.348851741419384 -2.1357270868911384,-3.2943487752198375 23.980732122024744 -42.14871740192824,26.966695825156883 118.28072066714104 43.744326205962835,12.922604896570219 6.293122689235984 -5.133320559666371,2.1054351254788175 -35.64191004153627 35.92471176866312,25.7003889051391 -123.74394747405317 -46.13819814413332
-16.20099954706558 -11.014482219028942 0.6940856009062704,-8.449509682898718 -7.0065015170942 4.4025299725820854,-12.593440251512472 0.42794584346670994 2.5627016521991193,27.157413953856054 3.3326652095280176 6.741603424651797,12.461769639702927 -4.421415207764701 -2.238620195817177,-2.5981938901519275 22.048970891460705 -41.765214755203004,26.62173198148264 119.71429730365155 44.385542994019104,13.14120289582891 6.2757429628756105 -4.998265370106672,2.508869852395671 -35.60775434188959 36.21115706771178,25.510461363413388 -124.54464071216287 -46.49912749932948
-16.28704179669866 -10.866410725451258 0.7272354145841677,-8.892270170960261 -6.914969644370409 4.616736723655574,-12.094957401325074 0.2906820041449051 2.23103210433142,26.54568256773048 3.212739532721455 6.341540289289274,12.527066901075278 -4.492362079550177 -2.334177119426085,-1.5973386805811252 20.178982463688794 -41.618211998170786,26.248859894984886 121.27406860898218 45.08652660724383,13.22532887857598 6.207900312117376 -5.061879150019052,3.281825419037934 -35.5743337173555 36.513930861592364,25.42945060955832 -124.8879135332652 -46.65997124468225
-16.53062559212187 -10.76301764482436 0.7321479172330747,-9.423356110965566 -6.858381155020579 4.819230313574146,-11.210105696836177 0.1229700093430338 2.186231881475844,25.18069871269399 3.399251009312461 6.053255035562881,12.475860895878307 -4.527779038730567 -2.404452672746249,-0.5996512473814114 18.662046367453822 -41.64686625012341,25.990445106922312 122.36554774915234 45.58291835213722,13.199010398434625 6.140374266926761 -5.254582636531088,4.1536989200604335 -35.65193416605858 36.60881341669871,25.431041568013825 -124.85932647596015 -46.65089077754895
-16.8624064519288 -10.669076959754499 0.6127605886953016,-9.89022837600269 -6.792147605171256 4.913216428085741,-10.287804851338347 -0.009069991282914192 2.229811289446044,23.475212851078428 3.6757911109694046 6.069509470823788,12.412539858372273 -4.492023506714471 -2.4074941478790106,0.02287629301414129 17.953371443342576 -41.62789081497479,25.94013877437299 122.59723258384439 45.698763941768725,13.148417812431289 6.133821002577653 -5.444590404157236,4.756861911629636 -35.98743158634035 36.32026372232864,25.440441816985906 -124.75136446394518 -46.59491947258964
-17.17602420875327 -10.502033223035344 0.2996645121887478,-10.164218633300388 -6.645990120437622 4.836656331409382,-9.682684718074626 -0.04767589402809502 2.132174762974536,21.94578912373929 3.7996709515122107 6.5341135677911595,12.461997409656155 -4.367727562514434 -2.2937379560202773,-0.007843093581840432 18.538626025605495 -41.318800081470066,26.099914342320748 121.95886799396101 45.426135474743305,13.180031897171386 6.229703620656045 -5.484609039803116,4.787641659453115 -36.7017968123403 35.614045026490565,25.378087364016903 -124.89439007414065 -46.63693406280709
-17.3713152479864 -10.18624821203291 -0.2039825803728994,-10.201963979820622 -6.356624301444224 4.583570057944643,-9.598246593755677 0.03855528949757048 1.7574116860375544,20.984095546399043 3.609280151381472 7.445545423617652,12.70060089404549 -4.168517334890642 -2.0360687579109156,-0.7432742815774775 20.672957993236167 -40.63246378423677,26.3830393334686 120.80806409475795 44.92032188139759,13.360816006882692 6.429627690771194 -5.274626714808366,4.14529991612294 -37.81570978420063 34.62300620807196,25.208557736564497 -125.4580179287022 -46.857166661871965
-17.386781913359343 -9.714272192399951 -0.8114356605835327,-10.056338688919913 -5.908303802294023 4.20072266146947,-10.005626461570587 0.24670444934144384 1.134567766169078,20.697282028007052 3.0893881193710566 8.625661465904006,13.107077252455616 -3.936628268048931 -1.6543424341850692,-1.9701108574681394 24.14746545772673 -39.73683370683041,26.660696254650716 119.67592086921226 44.41491078452776,13.675083301766495 6.693799496763793 -4.809510684818294,2.978153076183652 -39.20706798239076 33.59383954205284,24.968212700811254 -126.32955852303928 -47.215510309486504
-17.209680107394497 -9.172224624749475 -1.3849006479991344,-9.83423518840832 -5.355016268424075 3.76377378240758,-10.674274346825671 0.5436843275583165 0.43714481102819364,20.8928787044669 2.3647404089279376 9.779601131109942,13.563948288952284 -3.726169312980759 -1.2169088175420597,-3.2936561404558056 28.25353830988814 -39.00940550810222,26.82773175726668 118.99403529335603 44.10160884848768,14.024943373754379 6.958992940718013 -4.185053658372055,1.6126201550928023 -40.63357154305207 32.78325831556185,24.755502263924765 -127.138763985929 -47.55807950207137
-16.865931133197112 -8.705858711938088 -1.7958387723221518,-9.630344645703047 -4.805710028683505 3.3464869994889956,-11.2934921315216 0.8792815800020943 -0.11701564645517891,21.207538699372545 1.62884629627884 10.622687274309113,13.912491920171743 -3.5809118308610066 -0.8147212742830384,-4.309269089261374 32.01747609555786 -38.85575276060237,26.85372692244682 118.88303493400615 44.03649345869187,14.277134157955299 7.166185625784581 -3.5561765396037384,0.4012906317055194 -41.82038674387291 32.35625991047852,24.687281919728036 -127.42244603157272 -47.685388719037356
-16.40220372660017 -8.440041506544054 -1.9816839644336448,-9.479264663927175 -4.374399734471387 2.997964064179145,-11.619778648129106 1.2018268373624361 -0.38989485132903745,21.306034580149877 1.0464977169473895 11.010676770634708,14.03395481330699 -3.518264991002653 -0.5200966090508704,-4.781004303783093 34.61853385180235 -39.48176721038289,26.793788564202686 119.1084692568833 44.11952204401278,14.332675054739418 7.283655599256204 -3.065734231046547,-0.43210959810073724 -42.57519064817271 32.33487881906799,24.84251532102741 -126.8485526517058 -47.44898450174445
-15.87358935794438 -8.395602358268416 -1.9699105869144298,-9.355012365367308 -4.118806878544832 2.7360887263057974,-11.576575441604422 1.4706907010553112 -0.40321942976908676,21.045382805600585 0.6793491107547065 11.004098459463448,13.914387345237264 -3.526986608673766 -0.3520701587780672,-4.738599057601673 35.77814789237132 -40.74418820905451,26.754577413009685 119.22267078886934 44.155908976583596,14.182436394942629 7.314979189228459 -2.778368263995184,-0.872230149581172 -42.87300363303613 32.61678118778629,25.221742471799644 -125.38672571428542 -46.82784574462083
-15.342691446929571 -8.45426005478297 -1.8588891839963786,-9.215656337537448 -4.001180665537176 2.5551558092951314,-11.262666710664496 1.6628417538185838 -0.3303989691896472,20.523705759535154 0.46937323762567384 10.830021317112053,13.658787940118717 -3.577862996867927 -0.26750185372854396,-4.442140058049155 35.89777533743496 -42.17129600707491,26.833988909948893 118.81669025761848 43.96641126394583,13.919028405653592 7.290458311469548 -2.6522035225928766,-1.0782769182952494 -42.864348113060785 33.04602089144065,25.74278856659576 -123.33904546197938 -45.945835264049336
-14.885221035930506 -8.398956588800528 -1.768604737226503,-9.060774953729192 -3.8961224343225127 2.438384089231057,-10.875319195441687 1.7740542712068463 -0.40459754337453413,19.998795153341547 0.28401990952702705 10.758445801889549,13.447295449386058 -3.6393108045107785 -0.1831297818554854,-4.230214658141585 35.844182020995895 -43.15984028391765,27.065844472706758 117.75256704488123 43.48970343668447,13.69894660055334 7.249418771545852 -2.5624693183103995,-1.259582720935579 -42.79817189402384 33.49347809112363,26.2745774150093 -121.21654814980941 -45.02174156731023
-14.590541505557635 -8.015435230386743 -1.789327721419311,-8.959706645776746 -3.646244807373128 2.365724075525316,-10.596806045428925 1.8169539457484 -0.7918853934079226,19.730622796269895 -0.003805492213073469 10.956507532841426,13.456445700263368 -3.6880860221074627 -0.016771090754872875,-4.328100645471031 36.47244073096883 -43.25986484947493,27.397647613126647 116.25883344783047 42.82526168774168,13.67504459274127 7.224388800186354 -2.3650935642711337,-1.5311445924218154 -42.8956665338701 33.904368705697976,26.69156702891166 -119.52571080232795 -44.27783777872303
-14.547529648872757 -7.204584603060852 -1.9544933952159091,-9.025859584315524 -3.1400578874634375 2.3134581625966724,-10.506475477895808 1.817404349989223 -1.4961718386480285,19.83811742561672 -0.44282476589802683 11.396679311616921,13.785163590576431 -3.7099252353282934 0.27428809226839684,-4.715170333709976 38.1311332791745 -42.40683003809299,27.71212306738183 114.84269646654698 42.1958671306447,13.933492820033567 7.234768104418879 -1.968582722321527,-1.829461256689798 -43.23799359274298 34.29300233014933,26.921552326869556 -118.57248515865241 -43.853063963573
-14.815736179669678 -6.0452561665458955 -2.2473896547279013,-9.346908908953294 -2.3724915393092063 2.249879670011633,-10.560268476448321 1.8089954727209314 -2.344658449274688,20.245909790944857 -0.9725115237137456 11.867821815013567,14.419757647946648 -3.6927355798813646 0.6772395931003152,-5.122020619462493 40.41983107876413 -40.97984739484524,27.88114792551723 114.06358559230716 41.84877873536608,14.464293882753916 7.290004920453293 -1.3791668833656083,-1.9358129455501425 -43.72480318097211 34.69647281422943,26.96439025779013 -118.37712476618195 -43.76239023095824
-15.39338136453411 -4.770899039491808 -2.6305416306616856,-9.911655372935448 -1.4555558145043221 2.135254205131659,-10.639276326730673 1.8246010993375554 -3.059788068506425,20.742261980379457 -1.4459520608639698 12.084697295332637,15.249197692585142 -3.620561363777396 1.1362530376051176,-5.161733681247576 42.34448337521255 -39.647905795062165,27.82508633549375 114.27883881510371 41.943780888705284,15.174370614464168 7.395778117481309 -0.6985463720057977,-1.596070362253364 -44.124256768996766 35.121068312251225,26.8756073995099 -118.73012892713895 -43.917659891987206
-16.199940501321652 -3.668553234037483 -3.074649871083728,-10.58201203437838 -0.5719314327234872 1.9314959034087975,-10.631970901111066 1.8853491425249145 -3.3798281586984533,21.106998610480233 -1.6917349744130403 11.840612155976915,16.115547420288365 -3.4760316082307385 1.5836005841685732,-4.5302309011038595 42.80566082743866 -39.07094336384509,27.548930127124457 115.48203914205591 42.480978172950266,15.929735472148277 7.555560950455032 -0.07765623385295002,-0.6742096288445609 -44.188570218367666 35.51615540642745,26.727599738458174 -119.34362074412591 -44.19204519758986
-17.087430694974774 -2.9509824329409815 -3.5674884743795086,-11.136587877453488 0.10548577397437331 1.6193278027980424,-10.500758056376856 1.9902992365392862 -3.1683546328877954,21.232581452625602 -1.5839857040866572 11.125786085594763,16.8696417167083 -3.2524142178904776 1.969999039000472,-3.1743521983557224 41.17263058447343 -39.59591935797432,27.139103186532363 117.30606558172224 43.30043412847298,16.60126376858096 7.764811466472606 0.34902264900527324,0.7418536135651579 -43.7769036975885 35.79101804187421,26.57191284636135 -120.00535800577772 -44.48848637030164
-17.881958112190727 -2.6683999734764052 -4.09926446387005,-11.371865401687543 0.4864629358571353 1.2134117261459347,-10.297863249398754 2.1124394117452665 -2.462883484833806,21.17065562178444 -1.0901836517697379 10.151728722044687,17.405976169889666 -2.9680243576822165 2.2772398849781115,-1.3423234907633739 37.64465863955035 -41.09231071814263,26.724366808316468 119.18289041667688 44.15097112803209,17.092795203998588 8.00234932031558 0.5164733695280463,2.3396182532863463 -42.926259077536365 35.86296880826547,26.423256326617715 -120.64942990364221 -44.773770331890674
-18.441739858286535 -2.705946343796626 -4.638690975947633,-11.21097473390631 0.5908382927057159 0.7643601077359363,-10.127562206199123 2.205916239524004 -1.4469387785003751,21.082831469972763 -0.28073108451501483 9.269226779279279,17.66866197358052 -2.67141054925957 2.508631282954042,0.5087580998168217 33.2101078586175 -43.0048177380459,26.420937387962347 120.5806352817051 44.794045429064866,17.346062396958214 8.227860651339123 0.4462199417638679,3.6909883930805747 -41.84000741027507 35.70622029885046,26.271565578949954 -121.31291197238083 -45.06279251647943
-18.7077528431291 -2.8671854185516272 -5.121627010328397,-10.76014739575479 0.5172311797081592 0.3425242552736467,-10.081937753631056 2.2249101683343544 -0.3679781937904769,21.13019247570688 0.6970127529135324 8.819527108511943,17.639460001130924 -2.4291485667698964 2.667268360997314,1.901556604782281 29.224797728009776 -44.59747809911213,26.287812699544578 121.20846935853095 45.09503135592614,17.332886002119107 8.392274415970022 0.22385985428748656,4.421014862484752 -40.805667039436244 35.37114909161591,26.111127950889042 -122.01851582262377 -45.36843607941732
-18.724092748958267 -2.9971427263507326 -5.4663494821301315,-10.276577129492093 0.37228426509352275 0.008934152794411787,-10.189059473076032 2.147993463869884 0.5544428729133579,21.36923440073884 1.664263273366904 8.988804514489775,17.326945863066914 -2.2980813631545614 2.7396592171709364,2.529758138693348 26.828053766849326 -45.27445756810603,26.311426728911847 121.10225681288146 45.06332094403427,17.050595797285467 8.459644923002502 -0.04701954040050449,4.358321603880312 -40.085620327026895 34.96188820124324,25.965611838302483 -122.66833243120797 -45.65341527846976
-18.617289694419643 -3.0764538267676595 -5.611084698316571,-10.057066391762389 0.20198750280441846 -0.2125309440658376,-10.40110919398867 1.9967818364572973 1.189497296001244,21.714971870335678 2.4571678741508047 9.731277976277596,16.768582697616505 -2.2947834062526895 2.698138545243403,2.3611815040933606 26.49073729646174 -44.83106555503967,26.42354070643791 120.56360411409636 44.82819422788408,16.528816794511936 8.430035887452346 -0.28913944903491773,3.599939224340022 -39.8309020187799 34.5852797112777,25.890621597379898 -123.02695672612683 -45.81922596686993
-18.541763899717242 -3.233436561226226 -5.552207905848055,-10.299862372653596 -0.03405032743742087 -0.34641659675663883,-10.624428832070894 1.837726416179057 1.507676322386586,21.99057754399141 2.9612502016778772 10.791204576142595,16.041307320264114 -2.3798787861940665 2.522368088733218,1.6110197783846558 27.905897847932863 -43.526622029480336,26.540776790339486 119.99137157556478 44.5663151134613,15.841095808256819 8.34894919772463 -0.473133942447316,2.4654971257880796 -40.048840254469496 34.30111969662897,25.949448965867976 -122.81744633783602 -45.7446593166623
-18.613878564292513 -3.6655570930698125 -5.357142235800625,-11.00845632046302 -0.4286181378802869 -0.45277616066113957,-10.769883003939064 1.7621588334619505 1.5554631498094822,22.032157057542456 3.1299307975937425 11.807859602685483,15.26368106851116 -2.4695523189846273 2.226274607552615,0.6113157740273174 30.24070401324152 -41.95666520224764,26.60575167835778 119.68733939658887 44.41579948970762,15.104789510299529 8.293670250416461 -0.6102667457840427,1.3667428984581638 -40.62429044215192 34.10250829413797,26.174749956623774 -121.88248491500707 -45.35526526164799
-18.862449840710422 -4.5118900192636975 -5.138402531979056,-11.986071171981967 -1.0512302398585125 -0.5951656872156894,-10.793657653712593 1.8499089437624852 1.417956649966029,21.786444883831173 2.9887589179821514 12.453339003123968,14.573826140975582 -2.4729261608672948 1.8709264488996202,-0.3473497881060845 32.578337781074346 -40.79213278441172,26.611479974335122 119.72053235135698 44.4139579809533,14.455776472666267 8.33887191181255 -0.7262220563530764,0.6530575798499669 -41.37037117570107 33.93688110253943,26.538872178017858 -120.31747382769849 -44.68386485455261
-19.21662060341246 -5.746590617675892 -4.997876718351774,-12.923392247366538 -1.8749721755790292 -0.8053090801825595,-10.708654148958267 2.1310403691187707 1.1921523141770316,21.345196620023106 2.627628882534548 12.5450198906742,14.082934713681965 -2.339021888025849 1.5502897806480296,-1.119679406740581 34.2962518812937 -40.50552679777995,26.600460952030858 119.90156263454557 44.48232993060373,14.000472527032294 8.51654224616076 -0.8347769311645576,0.49734423676571904 -42.08003564446305 33.75382744361516,26.952388592665994 -118.48983606268882 -43.88357986650327
-19.53599472238661 -7.154372903475646 -4.969875112979015,-13.534653655836168 -2.752284823897787 -1.0625529479864804,-10.566786943552785 2.5634164986658767 0.9772775201277049,20.89811843662296 2.1813556942137304 12.092679586342388,13.824380804050413 -2.089433288081565 1.3523501730173848,-1.7108611629801165 35.19330085374469 -41.19840004778502,26.642001871820806 119.8682858984325 44.46132219567883,13.766516032862324 8.791131409096057 -0.9276361156105182,0.8614287234663447 -42.56305849987705 33.549506257040285,27.29548054130265 -116.9172887828469 -43.17898946114557
-19.67016701894993 -8.40678635505615 -4.9954139951522905,-13.674084724047836 -3.4616309232838383 -1.2987476474258186,-10.429288063405478 3.0385151747335666 0.8721961556405418,20.633429313434075 1.7987761290387465 11.272150819120096,13.729191018203593 -1.817784395013588 1.3138771660808621,-2.198050141307215 35.34662903691105 -42.58981532240037,26.79997873772798 119.24028668420678 44.1774285743956,13.682056398607694 9.065407863634121 -0.9852067389346945,1.541675109609975 -42.671399717065334 33.37894656882296,27.46838443996162 -116.05561440263199 -42.774977305694115
-19.523011621193888 -9.204754045164767 -4.945123872724485,-13.378015527641077 -3.8078640656478124 -1.4259887052644127,-10.345528485989567 3.415999595743744 0.9649946752010412,20.644208689101916 1.6043067923281482 10.346426114503888,13.65042233361667 -1.6529335572397448 1.3937017336776065,-2.628807481584311 34.845672791098806 -44.15229853335569,27.105151318940372 117.77861472180015 43.515786704589885,13.603722358200152 9.217752141848228 -0.9996601354351689,2.263597329886923 -42.324775688833434 33.32610043274135,27.435608069579953 -116.10000475161301 -42.767656282273165
-19.095969070106875 -9.41649638103937 -4.6819011525389085,-12.819508024892103 -3.72624734076604 -1.3731522564530274,-10.350274062885118 3.5744588840011735 1.3090000741136112,20.893424465409527 1.6618947617974391 9.569649768963455,13.433972503772116 -1.701729536159237 1.4822422156758603,-2.964505605362876 33.61531056860859 -45.324897459027255,27.541841963143742 115.49270510381712 42.47183195752215,13.388150538506817 9.155003320514442 -0.9938551085784412,2.7820104417051574 -41.541193527365934 33.44673307566357,27.240771021951193 -116.90233317123781 -43.10312391319737
-18.49387787771887 -9.139943099448772 -4.131842672615294,-12.208647396791259 -3.3322035988600764 -1.1137009075216127,-10.47326028747706 3.4578129718581305 1.895012017693556,21.254981350484474 1.9548276051717979 9.107366354909361,13.004962221607755 -1.998735138818208 1.4472887539243708,-3.1032813821685963 31.4664934021005 -45.71398584798281,28.05152560274644 112.66122496008477 41.16548142041375,12.97497074093767 8.855669688397496 -1.0216438477097938,2.951799743682969 -40.46038477477667 33.71678268543325,26.983896679507104 -118.04892423882121 -43.60616684067201
-17.892089011930914 -8.655447360738671 -3.3264054495165354,-11.697030977059734 -2.8823001319476607 -0.6733479088427818,-10.745164856882486 3.0981369923128588 2.6391788582457294,21.603548897872393 2.391704189683255 8.99377097896316,12.4243862964591 -2.487964475326392 1.1969323509475336,-2.9642210874506545 28.348532611376598 -45.21219762796269,28.549483110094023 109.76509875927934 39.814719519151254,12.436911288190942 8.381945320445853 -1.1454155240053803,2.754483813453925 -39.33606360736749 34.018570990975775,26.772738775208435 -119.05999191636587 -44.06476378775656
-17.478211608635267 -8.28945479539518 -2.393835899861084,-11.33640562352489 -2.6563986734559837 -0.11773997583223283,-11.187427918677805 2.6056265378553345 3.4014000341052233,21.898209674638924 2.8387460630476546 9.132096316154412,11.880899390820495 -3.0460157438163677 0.7302275573857664,-2.5741811462573416 24.625986098480794 -44.00792703875523,28.947491876024287 107.35780303408238 38.677939903646326,11.964695436983808 7.854204491179701 -1.3997896417430051,2.284927429882616 -38.47839831662632 34.178807562751416,26.67343570382208 -119.60814354644624 -44.32696577754247
-17.390350547408815 -8.254880839355913 -1.5054004533448153,-11.105324832017525 -2.814099079747456 0.4697731138985444,-11.787568318025473 2.1303561603828696 4.031989272232813,22.20969302778012 3.16622375253571 9.333230905035887,11.614218102941582 -3.53505723125754 0.15038065910180615,-2.095091008324402 21.16148158398052 -42.5001124844786,29.17567183563473 105.91377376352436 37.98286270946275,11.78654061777862 7.400611995781444 -1.7593158478411257,1.7125593967162458 -38.15225779387613 34.045197032336546,26.68585649397702 -119.64429914226518 -44.360564861963184
-17.67359423978906 -8.546531770714692 -0.8061462945604803,-10.976110793505176 -3.2975360695979345 1.007669284019356,-12.476584728869456 1.8118179184038747 4.425416954957157,22.674761581200364 3.2892364121176376 9.380754879569599,11.80345409643962 -3.8590853900006725 -0.3679447116618923,-1.764909737859876 19.085351935013463 -41.15956266673329,29.198590883022817 105.69902205098347 37.862992953786325,12.057856690033187 7.106989462957792 -2.1283056245942094,1.2317395166460516 -38.467089785561924 33.56680777441179,26.755330087200843 -119.37044180470406 -44.24650123260889
-18.268758568521957 -8.943717754749287 -0.36693533749980445,-10.971821584772824 -3.8355031151709476 1.4260473456878473,-13.129561512441532 1.7359359695220695 4.5523820571061355,23.404257584014236 3.185563826817189 9.10556464370225,12.47515012908884 -3.9958539323116864 -0.6445578068145184,-1.7786875812048262 19.319628194165286 -40.384663663693466,29.022890435999297 106.7002719320121 38.320257143266055,12.776067251318889 6.991256068907653 -2.362241436449729,1.011785317237675 -39.31113733315688 32.83852169835568,26.812523886561646 -119.08218836280565 -44.113157915592616
-19.035493540411448 -9.120334366024295 -0.18045875256812927,-11.172111176665267 -4.057031447216744 1.668790962299679,-13.600017096310435 1.9142847818048327 4.4518112772447616,24.398634117281684 2.885296139164933 8.449072605247764,13.478758930808223 -3.9904165915516794 -0.5652080031528115,-2.175656692957909 22.088491382224746 -40.39128759917354,28.69527767391027 108.63254635601254 39.22518020966571,13.766174307997236 7.013035186913795 -2.3164283951407607,1.1544546077456537 -40.371817618939474 32.084551034230834,26.818021021360604 -118.97459101150862 -44.05079517961838
-19.800201995417837 -8.810623245466035 -0.19738737976867782,-11.661578072935475 -3.6678888858839196 1.69613879840136,-13.778113145066378 2.2897683190437204 4.187713704385706,25.521099679121498 2.4419845840663426 7.492977210207861,14.544200500450705 -3.9168910070490077 -0.12870925991774634,-2.7998970043543125 26.688795720834786 -41.16230189591036,28.291090759092814 111.02321796122827 40.35509587795842,14.74809332508245 7.109971292075035 -1.9046774249915992,1.667165291949986 -41.24660207262354 31.583138106874756,26.78601512906922 -119.0231629296096 -44.05571906862169
-20.41152682751386 -7.95165621542539 -0.37567213774761593,-12.453023415505273 -2.608156057260503 1.4939581900329357,-13.645014705073724 2.762474555025606 3.7980793764318763,26.54628407531099 1.904317705631717 6.440103002606926,15.394218528404325 -3.831492186912598 0.54918474502052,-3.363699133906177 31.6800451936176 -42.46637736841091,27.89546711032299 113.34772549452708 41.45899546595212,15.45471193113758 7.238493441894362 -1.1443717848294124,2.4608195614497994 -41.60250710520699 31.561241455578465,26.773652430113874 -119.00848093820254 -44.036533302306474
-20.784528674264177 -6.733923773464767 -0.7100911378062085,-13.437153845122301 -1.111971726549703 1.0876806816765103,-13.292450475605749 3.223486659350966 3.269569574635155,27.26013498261942 1.305025876490328 5.546759183722399,15.856280795975671 -3.7431740726797544 1.2757937509927797,-3.5854813117930995 35.439915106444985 -43.939626044198064,27.581499958540803 115.17495271574707 42.3284196249675,15.742856218996359 7.395779873092363 -0.16720501278838423,3.377075640388586 -41.31284270751025 32.102006938039416,26.842194159267954 -118.67065627124752 -43.87931143665489
-20.91925963978403 -5.53382261265479 -1.2237927997712905,-14.397552724558006 0.3675161430787628 0.5500794727440559,-12.891712249235157 3.5847418919078775 2.5569269398639776,27.558340523842986 0.6710056864675078 5.0283147804463635,15.92013550811602 -3.616844210777178 1.848996756012038,-3.3306419244907297 36.83471963633578 -45.20673019791415,27.39169665491322 116.27554169731597 42.85103958290489,15.642889439319674 7.611819607061673 0.8134385146036933,4.239684906762571 -40.50567932123855 33.10324025091456,27.012470069543294 -117.90460085192984 -43.534231001193945
-20.888624077325975 -4.75615021477607 -1.9295551383843974,-15.092076202804716 1.342460629882648 -0.009827532292978391,-12.622640232482063 3.797788233040124 1.6375224456717867,27.49145474208114 0.04337014093008129 4.976192709096683,15.716999952375296 -3.4048038710057837 2.1267346948114523,-2.679422007436151 35.683865071941895 -46.0035403501769,27.329080016719058 116.6580605158844 43.029252936005726,15.325013458642612 7.9185563209214 1.570963612823582,4.912132819477087 -39.49943401622413 34.30460377464698,27.240985501870156 -116.8801958133818 -43.072193752077276
-20.80125750718623 -4.655959410941574 -2.789425578811163,-15.361196987018062 1.5046291258262916 -0.48110615974946935,-12.595871898385623 3.8598752035832766 0.5664481000743702,27.233910587960544 -0.5117788204791773 5.325303296602002,15.437935125526016 -3.085927111445305 2.0743367445584355,-1.8841452851966785 32.79479746283708 -46.25754192510348,27.361510799422135 116.52368057090851 42.95893259188847,15.003950287876485 8.316600719271046 1.946982528603791,5.337144424424612 -38.65687477323529 35.37410856547215,27.43226218467342 -116.00886187234197 -42.67442183800695
-20.75407152289933 -5.219077414830729 -3.703845064407628,-15.20452088657677 0.8717674692862998 -0.7977606790192251,-12.807217601920236 3.8092290296650866 -0.5074672943331715,26.994571644711776 -0.9158018337248022 5.891479914964656,15.239043044065992 -2.688279945002914 1.7747770502543359,-1.2383150366212616 29.55955518031567 -46.09317637306789,27.43785437991865 116.1607244497552 42.77869071056041,14.834623530189736 8.761091589145813 1.9145663822964,5.539046993437228 -38.229894421106195 36.021865317076745,27.483299443020694 -115.7604159308624 -42.55373009032325
-20.79288249319712 -6.15550939419937 -4.543133480788706,-14.781041917767743 -0.20519047682029778 -0.9747752672715709,-13.147249228613735 3.7119556832263685 -1.3841869377989326,26.916029621755747 -1.1111829946319243 6.465288623332588,15.183388957636579 -2.2813605548559694 1.3996719341201214,-0.9285110047195666 27.32096027149956 -45.75664674579713,27.509570993217913 115.82333250882768 42.61124701473333,14.852905367419348 9.17642026278804 1.5955372349655066,5.587290911838345 -38.27080593627095 36.09936512570812,27.338083784980277 -116.41755080176466 -42.844207120159595
-20.896445753230545 -7.011402391369071 -5.20620001300275,-14.329516358370123 -1.183966529999501 -1.1092286399985114,-13.460129871801383 3.642460610687941 -1.8979550174952173,27.01302864334756 -1.0975470033109673 6.917829232149429,15.243919956946009 -1.942593132423491 1.1506117728240384,-0.9495366050559579 26.82081994320762 -45.49037079413334,27.54876674540768 115.64302252459845 42.52061128762554,14.987296868373608 9.491780183020571 1.2192864506689085,5.540401590160433 -38.64918780659311 35.64849098527576,27.023596778772507 -117.89471400964298 -43.51587408620409
-20.989964141352715 -7.354362731601019 -5.671177330056327,-14.049796491949124 -1.5634124914626015 -1.3369427964515803,-13.61946863175674 3.6598921827833664 -2.0008328654370766,27.176862195347436 -0.9449318804679903 7.2635978172787645,15.354179486056776 -1.7182063069865545 1.1887644075151569,-1.128149869388033 27.982657932611094 -45.4137981625633,27.5552835950018 115.60543517711159 42.500675063912894,15.12621142064447 9.676464928430015 1.0335341153319275,5.402081967900952 -39.15639580188507 34.88293770027244,26.647368410470364 -119.72151471180919 -44.3614018782027
-20.982022228902462 -6.955072069318517 -6.004013066946259,-14.008563164444487 -1.1044622347079744 -1.7592750680312381,-13.580490685822431 3.7857728334903853 -1.7946979449857048,27.236622397819634 -0.7693462493700487 7.644012061878353,15.466896140910396 -1.6020034412059998 1.5746174048121038,-1.2402903402984808 30.09610422819665 -45.46885217332776,27.55054337375552 115.59437274801586 42.49616168134105,15.195193689824594 9.753430597714122 1.1995741349537443,5.1162900700142275 -39.63425197982522 34.10880075888037,26.355851849099277 -121.2108134807459 -45.067413278480906
-20.80881000760921 -5.888290270231439 -6.314761049032239,-14.120173948017138 0.06076620098079921 -2.3754295890946686,-13.382100548880823 3.9910617119893548 -1.487453615934482,27.040036188547216 -0.6778433870144454 8.236051723987313,15.580204139669378 -1.5447469025616016 2.2386648274456302,-1.154574462372674 32.263962465550506 -45.45976483975291,27.562122307606106 115.47549012283068 42.44260301250936,15.19619600879118 9.782358743607409 1.715983181495399,4.606634864020067 -40.05535996120933 33.61264626148171,26.272713851334625 -121.73920650114175 -45.34075120841928
-20.465983539446206 -4.5082836558645045 -6.6841428670645975,-14.211857653103856 1.4842734132736002 -3.059787818471844,-13.10148284910284 4.201177703735645 -1.2918543325525622,26.511000781280675 -0.7118103962080429 9.13302078887306,15.71666203433939 -1.4882767509174069 2.996974815019789,-0.9200628818626808 33.85679217786611 -45.1698244034276,27.60722803341934 115.17669464949994 42.304778857564486,15.18756656814196 9.821934928939413 2.4083507082080664,3.838535065193131 -40.5143874889259 33.557416276188995,26.446283828608646 -121.01015006547073 -45.03191798622169
-20.01359275378167 -3.3047267568159544 -7.104805787313186,-14.135345722582842 2.601414365768993 -3.605705435376847,-12.791128710924776 4.322527786008807 -1.3209085035735597,25.659148092537748 -0.8237515305840486 10.264560954740976,15.874775732875266 -1.403155807836139 3.612632956470091,-0.7472356304515522 34.74857918604702 -44.49524197887452,27.683227152205212 114.72814919032399 42.09594974056661,15.222265898111605 9.894250667849898 2.9979555662589927,2.8661511242948388 -41.1433837442558 33.92490793971109,26.83079478745806 -119.17678671114633 -44.19811769960045
-19.551422549472267 -2.6950404193646356 -7.4776234338091765,-13.860890034439116 2.987925282960725 -3.82366457895245,-12.437919022468712 4.284410656686891 -1.5400447283696435,24.546807065471736 -0.9078816639176905 11.406800158654272,15.993942997751262 -1.3059348163729383 3.8870669790632655,-0.8906724499008916 35.252395545966536 -43.522981115136155,27.7692361797164 114.24770134109264 41.871180361265104,15.289219780752513 9.973895140959115 3.2276853694856187,1.8313836563193595 -42.00811497881393 34.52804971675249,27.30929591384721 -116.7688816198839 -43.076880367187634
-19.175713124877035 -2.8379994492622043 -7.673175546424192,-13.499502187445067 2.5601381719894043 -3.6492928711514603,-11.970478588531023 4.080040014881119 -1.8067430969514966,23.242739803292913 -0.874334808121312 12.286434568195236,15.967154148515283 -1.2441076616860438 3.749630500242909,-1.4971754668507007 35.845979609026365 -42.50532635363734,27.836868797356555 113.88509223740665 41.70109709735795,15.301584027284933 10.009987494927358 2.993514261790844,0.9083707103757724 -43.05084168411625 35.09096533510086,27.74596636034022 -114.46183893741822 -41.983725089254214
-18.937228986914185 -3.5489486242938364 -7.6281079169003085,-13.239898488601145 1.626094858007722 -3.203959067964173,-11.31214152132501 3.7859351631873612 -1.9777705312045135,21.79666204718896 -0.7273097120532623 12.728467044271227,15.704250961044501 -1.2568001144140486 3.3072316096469123,-2.503474611470759 36.87589471011382 -41.738271284272635,27.86375957410911 113.75631998016074 41.64089325037312,15.146086178133197 9.969045413305746 2.4196691137080375,0.22016134255373165 -44.11345241936965 35.36802628122855,28.04218159448271 -112.79879946515557 -41.18258861795918
-18.820528237135296 -4.359253258998552 -7.419128156379241,-13.235319665379889 0.7593867157125573 -2.7672719251222153,-10.449207199100671 3.5444864431584113 -2.021070819679089,20.252247457698484 -0.5973721883729781 12.766495088892887,15.211178996069616 -1.3354794538880184 2.824573586443925,-3.641985459832914 38.406993937585916 -41.405379322934756,27.842768624817648 113.89985254974194 41.70950307923626,14.767041349894821 9.872156127032705 1.8333862479997047,-0.22497511903435008 -45.0229737279191 35.25492723052696,28.170409547467198 -111.99412133699546 -40.7887218812426
-18.75471216492721 -4.704895217898453 -7.261879471939701,-13.504679190713986 0.5457254328394958 -2.661612990501757,-9.473734204531024 3.5096991134193067 -2.060300719276632,18.68951874638757 -0.69663409478922 12.646721551553858,14.631725112356854 -1.411443983810397 2.630276804853292,-4.555427100468732 40.26754910773234 -41.472873899425096,27.782923822065335 114.27078250234786 41.886526529796136,14.232050881391324 9.80053058900911 1.6366844980859716,-0.5358993491813717 -45.68129453306865 34.84392028307649,28.172297009116527 -111.90173182616718 -40.74585357494438
-18.65117015519426 -4.173549604364672 -7.418861510462406,-13.905708168311847 1.3101524487367722 -3.0947946693168893,-8.573032402387874 3.7748436862347132 -2.313604358544439,17.266265169076433 -1.2060418225242304 12.709463405243998,14.212240527395851 -1.3831551793008072 2.9770267425657395,-4.962878443952194 42.21007632830709 -41.69938163609028,27.703106236582965 114.76762233955623 42.124488342447684,13.731342574408682 9.859958322548895 2.121273645754672,-0.8697184290304736 -46.09784999645631 34.394682801802716,28.12536429008215 -112.14938543777247 -40.88240242084431
-18.450842257860298 -2.7091657301150036 -8.05198372036788,-14.198427117075038 2.944584072524303 -4.0342617061190476,-7.96698484708792 4.313616967667069 -2.9486551116145128,16.224748089997178 -2.146068452490351 13.199055641666828,14.191867317475557 -1.1735841548883466 3.9106612124049738,-4.792430460254567 44.046511999146794 -41.76409625543882,27.623262844498715 115.2715344449052 42.36707999243749,13.498482264857163 10.118497316436807 3.3059869579647176,-1.323478009597097 -46.34096473226706 34.226419485302145,28.0973291700771 -112.36154419618258 -41.01409717797014
-18.15861419235372 -0.6828576919744025 -9.093189974917095,-14.167150585832916 4.915153448225329 -5.1788189004430745,-7.822938483496698 4.965537731821556 -3.930304665031883,15.846460129641908 -3.301644109217554 14.09855991368483,14.667939184145816 -0.7883743586364784 5.209095754119965,-4.213241788824358 45.65809277983935 -41.451012222508936,27.558447538253297 115.67671927363709 42.56353188279197,13.687347805606253 10.549668836260434 4.875826409785919,-1.846125366856371 -46.43856352350491 34.572508261418896,28.111346997733417 -112.35696822401977 -41.040567768008
-17.84813604877026 1.2117789919959616 -10.208002823190071,-13.736141626673 6.4532838262080965 -6.052433512118939,-8.19009264762505 5.479848055342327 -4.953064503860442,16.365097169601054 -4.254927302810684 15.082586435899167,15.510215057384272 -0.34119079603048696 6.430035689266056,-3.5523064129903856 46.89093720867842 -40.79087800311704,27.518232157107978 115.90203179197081 42.67448615572828,14.271303559454946 11.014742436265575 6.263838782677241,-2.2265738706660336 -46.297637234303565 35.46011371423816,28.138114355038628 -112.22729721696368 -40.98985327607582
-17.633985203473785 2.2094746245656287 -10.887404621020075,-13.016328521666125 6.855837667840779 -6.187684545328585,-8.984587785837231 5.606302073584794 -5.515119070846321,17.871574320836203 -4.5302278877771425 15.627606843074934,16.381290708270683 -0.02671226422909978 7.062326245741266,-3.1400266058312503 47.44903496523905 -40.07863081802174,27.509972350232957 115.88899973144873 42.67165703806004,15.025713483208502 11.300378069462342 6.8555179596094185,-2.176959635104782 -45.7080813685538 36.67194821268035,28.11637154018622 -112.26661030690853 -40.992760402789045
-17.623173104749966 1.776229358735696 -10.640985213095483,-12.256910731642463 5.771842919649195 -5.321510022896197,-10.029436812809728 5.197717740767379 -5.118792725002551,20.252650696062627 -3.7970096332065504 15.239785545226667,16.869004811347725 -0.04774629723542345 6.727608163942989,-3.1627491528271308 46.914962596525584 -39.74647778152257,27.54174328161352 115.60013369327478 42.53751532624135,15.614292434078388 11.20017448572591 6.23721514845778,-1.478344063524148 -44.4490254744878 37.815006947867104,27.989446448817684 -112.79580353674146 -41.20391180718795
-17.867373899105914 -0.15865990698972166 -9.21025356791642,-11.72620594112364 3.356964581908652 -3.515960010078362,-11.125620640590974 4.279965335066009 -3.511090839712824,23.192856038512996 -2.039704446749262 13.696330677860477,16.675923928754756 -0.5274569985481039 5.349552261422839,-3.5930304754080726 44.94700193265193 -40.14964678530569,27.621180071831198 115.02848456701447 42.26984988060296,15.744057119337159 10.60489850482854 4.3831280745978,-0.11716429101076775 -42.45042618757021 38.47396906143003,27.73874040929747 -113.97375089487863 -41.71108701865038
-18.336665592790272 -3.1425075513184906 -6.704259141229825,-11.583229162426871 0.230776575549684 -1.1479775943027946,-12.117454493067306 3.0560201949105057 -0.8462978532213956,26.244023746381213 0.3912141419441326 11.182381924024378,15.774442109452343 -1.4475505145633059 3.213881554743788,-4.225430444078714 41.56874723840666 -41.371819027804776,27.749640594527552 114.21751313250371 41.89064069314769,15.313327020883822 9.559154180314676 1.6951323970147452,1.6623328932764232 -39.91852483443637 38.38607763259763,27.397988469390462 -115.68864811608032 -42.4779898943909
