-22.3 -1.6 -7.6,-14.7 1.9 -1.7,-12.1 4.8 -2.5,26.1 -2.1 7.7,18.3 -0.8 5.4,2.1 46.1 -46.8,26.5 120.3 44.7,17.5 10.1 3.4,6.9 -39.4 36.0,27.0 -118.2 -43.7
-22.502108712771065 -3.4452105071164847 -8.223748590092036,-15.199462033205542 0.7001051837508802 -3.1343084484497576,-13.987701700355274 4.367830755432645 -0.6595070741474728,28.850697608794892 0.2551484889668394 9.340962642549792,16.616793361334132 -0.6368488157163713 4.297026047054247,1.9771484919136244 39.86060936635611 -48.17586584748578,26.0518756820187 122.189806364445 45.48318233745351,16.014146203877967 10.317905768625646 2.208631660456862,7.20418709009146 -38.50864492321577 34.86645029951491,26.540695574042868 -120.28268339459063 -44.651777541268395
-22.116596464056876 -3.900649977721868 -8.237589870340368,-14.908244039122486 0.32514946711659354 -3.394469479632295,-14.838743459445343 3.934004823119835 -0.10090373732527681,29.834289635259022 1.1351618169125925 10.140622895889026,16.12843490439126 -0.7656649666718465 3.7101249059303196,2.132988140410466 36.30934253743929 -48.12915624931535,25.68243991350828 123.69339784155314 46.119689469603294,15.613327885267383 10.2246354037965 1.6483418798574678,6.821555207283066 -38.05637665208182 34.151611756045476,26.064253249844825 -122.23341939069363 -45.52396697453509
-21.346150490800543 -3.4396229615242495 -7.8288950532063115,-14.054718815214738 0.4829336401224037 -2.8434350050130113,-14.912399177155459 3.5202743337827163 -0.37206090230433164,29.540475256625676 1.0235428010761218 10.304906844166783,16.467117218895098 -1.080767243966527 3.5029058058138816,2.478782121407989 34.64887929685342 -47.16487627623897,25.410929389076085 124.7581924912809 46.58153920567003,15.967562955611164 9.919526031958675 1.500493966358999,6.045039609973027 -37.90244610290197 33.808446396385825,25.620916743688785 -123.92279576220324 -46.266353396808654
-20.393458029945187 -2.535434008231735 -7.185035351151175,-12.867259158946226 0.881258492793572 -1.8441569360573085,-14.467942753370876 3.1483914181424346 -1.0208494818555534,28.45895365012815 0.4037942586962941 10.039740571532157,17.265032894569366 -1.4764744387005142 3.538977975890594,2.925793610823659 34.08189942820233 -45.78803099900692,25.25658080332946 125.33160837358477 46.84074935487443,16.746869326352233 9.501914779558293 1.546451228118637,5.167575556559542 -37.90610419198003 33.789916247330126,25.260929771857672 -125.22140028301379 -46.82872190509766
-19.46120631843392 -1.6613876675524253 -6.493381976636268,-11.574237867780862 1.2279248151553612 -0.759587184230589,-13.764648087976852 2.840108206920138 -1.5951403887498605,27.079423992999743 -0.24058099298802726 9.551050162134237,18.154374521137786 -1.84710534197391 3.6819506453461224,3.3852857845749402 33.81108271508987 -44.50362548836948,25.238630850875765 125.36106354842127 46.86933772643717,17.62126490893351 9.071138773041481 1.5675769732935652,4.482098305440818 -37.92660183561983 34.04898333567253,25.034536050634404 -125.9998207270196 -47.16085759641069
-18.75208259320985 -1.2907884891944221 -5.941306142122903,-10.404027739182562 1.2307333972330337 0.047322339001747704,-13.061789080858631 2.6171768308369696 -1.6428045357581709,25.891585462473735 -0.42608013673797607 9.044761700122109,18.767334688324073 -2.086978744886815 3.7954330433661267,3.7685218185792966 33.03910894111989 -43.816664815076905,25.376316226322338 124.79397607574691 46.63932212957896,18.260767614797913 8.726535138854352 1.3452345100409642,4.281543115015055 -37.82318995012517 34.538609688207174,24.991979296301885 -126.12864486811483 -47.2125455677563
-18.434222291646773 -1.7761941800618857 -5.682520402147018,-9.567504366948619 0.686557834761701 0.2775035491894574,-12.5915288657049 2.500892885879023 -0.8476855738287158,25.295793165057546 0.1925045458274597 8.705174095351842,18.81622065563446 -2.11591303275335 3.7627434910788513,3.9898402212725532 31.168398544664733 -44.09612729458,25.67751386246043 123.61322528609327 46.13785699567228,18.403435997490202 8.554159640243798 0.7424867884397972,4.741253458428186 -37.521231270640236 35.174516197148016,25.162453343740637 -125.54146670674591 -46.9596885122805
-18.48740901898933 -2.8119365558051257 -5.687254252003745,-9.180161037476285 -0.1221667035385931 -0.019862458285856227,-12.438241964693473 2.5100632654221187 0.3651462045099793,25.205361890376167 1.2064942731370492 8.598690288362606,18.450067871035795 -1.9927322388894357 3.574640258421582,3.9803440262805276 28.69021592433251 -44.96947013782539,26.088175351656552 121.99500013107411 45.43461085231836,18.158237789204907 8.567667496261302 0.06776508763086755,5.3955460469298675 -37.30648313864511 35.669411581213595,25.460403048684878 -124.51534536976504 -46.52056367798946
-18.82756014916632 -3.869156574020685 -5.86352185639362,-9.325148859022097 -0.7483611089988523 -0.6775104556862463,-12.636190822291518 2.6626509949869726 1.3192858018129954,25.368461076472197 1.951582861180293 8.75173712197005,17.9659973264001 -1.8233943520875002 3.258312291612458,3.6768207728246676 26.465030064878462 -45.812716004523836,26.53325467732825 120.18103687785661 44.62723105958849,17.759908393908315 8.756164390916904 -0.21948407541544496,5.561378604643746 -37.586905292236054 35.6671673076562,25.761364248769215 -123.44380194228646 -46.06172459537307
-19.371225940242223 -4.480303768802699 -6.131905049674833,-10.037628178727513 -0.8216636854089027 -1.5162134417606696,-13.184671358388822 2.9610885858496423 1.4357343704882388,25.54904245146302 1.8707855997391312 9.167253952718552,17.63789152040262 -1.6966442170092817 2.8559360499914606,3.050535579184102 25.276784250891062 -46.09307705282235,26.9480517417789 118.37527012807925 43.798892163439696,17.43055175226674 9.099950954989074 0.2433938472190343,4.721602261876064 -38.661927133459116 34.91300032058508,25.96449949738026 -122.64142775411702 -45.715512675126654
-20.039327732173415 -4.5705060677866545 -6.493565872600763,-11.04644870200461 -0.46249272590029056 -2.280963413091175,-13.859935558809456 3.3086323069529326 0.7588420503168439,25.612697914294557 1.093809906244743 9.698391086281333,17.59046413816499 -1.5910574332738923 2.505213005413786,2.292904128647632 25.418811120705847 -45.86141431428986,27.33404559360609 116.53988835922713 42.94019848132473,17.310956447403047 9.52322380880368 1.2001440527300793,3.4196135753859087 -40.137254032603764 33.799692605834956,26.12005637102219 -121.91815422067383 -45.39553574452566
-20.754505985712093 -4.219329500914948 -6.981358087098798,-11.959989960700607 0.015712593528451405 -2.6869481438781664,-14.350513542132571 3.5695329945196375 -0.42188152894491204,25.464993845216256 0.020435172567297544 10.139387675736057,17.889761647901814 -1.4418806844795635 2.381414055245024,1.6819260267190377 26.991489031432092 -45.398134489183505,27.71874315035582 114.54200272019177 42.005347004356416,17.509930210643876 9.928114195399173 2.151098331317584,2.615915379653757 -41.345753778999196 32.97470967094507,26.337703297055892 -120.88543298163201 -44.92937499915465
-21.436393593229504 -3.521073266038513 -7.607990712463758,-12.433798318309345 0.33288355671317416 -2.501199523450893,-14.398053904832446 3.63147542665539 -1.826312249448987,25.045646455875985 -0.986625615481801 10.308198666862088,18.57220962295184 -1.1989926746906083 2.6248912300953697,1.4500755727329975 29.998547915066595 -44.9559799566695,28.11738711862451 112.3228620614484 40.98069215473632,18.102863407599934 10.226774433661348 2.6608300355269026,3.1018109267365754 -41.70762484128397 32.96315725763785,26.698785623786744 -119.2681951271307 -44.19563597229898
-21.981995038236914 -2.677958018434652 -8.234244521955599,-12.479976317677199 0.4631524633559921 -1.8808183906635523,-14.144890554384544 3.5589176751647216 -3.2492525101247205,24.55023947528634 -1.8480155504903335 10.202027909845103,19.452730586929697 -0.922989512461671 3.1129565943174273,1.4862138482773195 33.72101486239023 -44.57570867769323,28.452604521467784 110.38246166791798 40.09485925658216,18.914638571550437 10.407047383882587 2.7809710077958028,4.38981517816901 -41.30413433984896 33.366206277135824,27.07077358015976 -117.6475733707047 -43.45784461204963
-22.278025993188756 -1.941274743129101 -8.651820707175395,-12.272747452496725 0.4962331478084464 -1.1602643083374573,-13.915543228636343 3.4966940782534843 -4.519572716142712,24.290695901298704 -2.6132156460198175 9.899581145746033,20.245532822283877 -0.7248089128897017 3.6033217343877424,1.5229659620123646 37.11131440845222 -44.20169235645664,28.60491136676783 109.47485076743375 39.68663071795945,19.65623593839826 10.491191303573137 2.7846115593016707,5.410996508395561 -40.517127774041526 33.36492780250267,27.22389146384484 -116.9940029519397 -43.154544626003904
-22.232126406408018 -1.538922813980616 -8.685121822492265,-11.975742820149659 0.5129935515670629 -0.6518749309188068,-13.997405619486571 3.5756406101300002 -5.475298514918147,24.53246482006979 -3.3209094981655043 9.48144933720333,20.69855613567908 -0.6979094749818855 3.8794344228000988,1.331698039149465 39.2123523099941 -43.79950030329627,28.47636602893675 110.22436162253938 40.03577200129301,20.071942354653945 10.505003949247667 2.9195739886493413,5.231313324482626 -39.71384438733138 32.269528157044896,26.963062035568164 -118.1296755307769 -43.65734843231751
-21.938462887794145 -1.4885995992094188 -8.452433290840741,-11.651149553496401 0.5104701412424364 -0.4633376067086104,-14.339582837129875 3.798518996542865 -6.034343322435029,25.12252769823327 -3.908002527231221 9.041341555801843,20.86419895153693 -0.7780670126399739 3.9589484218528854,1.0352648379911702 39.886326779246716 -43.52751060340813,28.16247339724076 112.09047023400723 40.89232021619647,20.207314761980474 10.504218041523778 3.199081170127872,4.1422269946425 -39.118192858744614 30.55732514516119,26.40610989681988 -120.54113067458718 -44.73486129178784
-21.588947157639247 -1.6978508239824963 -8.226043256201446,-11.307995352708256 0.44176938063567006 -0.5950972844657696,-14.713907453434434 4.100976527972597 -6.1564839467081915,25.688577438952603 -4.258065584916986 8.679841123682719,20.954404399315397 -0.8184272154345468 3.9822478860285226,0.94071084581965 39.42476785065229 -43.64513845284425,27.86010966513217 113.92223582392499 41.72872021879003,20.26578393337292 10.560253047064434 3.513419415317383,3.077396207359305 -38.87897270207723 29.31723514700166,25.834828835634447 -123.01498945045336 -45.83969609894482
-21.35617926950835 -2.06765481594504 -8.254012285604416,-10.959145379948742 0.274699318718258 -1.0364234635067036,-14.912816979355261 4.416315341501174 -5.809492173922898,25.911039775765982 -4.25805549453883 8.49341965986507,21.153375458259628 -0.6885474760381022 4.079128882900221,1.3072055558007731 38.15892089999458 -44.361333977407945,27.74584141150559 114.68129188075373 42.06917429532861,20.42439780410053 10.732983499041826 3.7567533098590813,2.8889732268241 -39.1160321087326 29.541720514522336,25.514759800027182 -124.40724922495554 -46.45607106935085
-21.19881167565294 -2.4396139672935333 -8.513063426962416,-10.663127220985688 0.1370973485896095 -1.6680637748809044,-14.963835283910518 4.659227614998841 -5.042030099936777,26.050106327225553 -3.8358192007043277 8.534297244904321,21.33620494104321 -0.43976426685297304 4.255633115525074,1.868951897445488 36.80119706876209 -45.340369819417575,27.771364654791658 114.58023669933245 42.01274642038588,20.565646154423042 10.958370819003681 3.875854689604211,3.5046947515884046 -39.6491621436496 31.143144745536823,25.523758629177504 -124.37505390402801 -46.43291028661684
-20.946635734258678 -2.619568418364058 -8.816492564902005,-10.505971036176323 0.25318687674847606 -2.3054028981998047,-15.036079248210996 4.733196708429872 -3.9514802256959554,26.71516293414298 -2.94383185480517 8.828041163879268,21.19180795137392 -0.23289998556626473 4.4432647707222745,2.043964325492244 36.29358444760104 -45.918458217597426,27.752935397890695 114.5851273307473 42.00474098272347,20.394605763063854 11.097743298539761 3.849180848788421,4.295520024282456 -40.11742882805982 33.38332550705936,25.826638023122484 -123.05807965353438 -45.83880095224069
-20.44583288404746 -2.432806067674658 -8.987194920525694,-10.57143193758817 0.8261173148534897 -2.777708407629058,-15.277783783181771 4.558205045367276 -2.6476465462279815,28.439095410579213 -1.5652320890640783 9.385266235770343,20.439132088019804 -0.21689161304253154 4.5796988812996,1.3072856723463675 37.4887532132733 -45.49951944085946,27.5240264688571 115.57835214282944 42.45214941930709,19.644233901513157 11.025018242061536 3.6660489295948318,4.665790144589478 -40.18339534713187 35.54115711741627,26.377651517962143 -120.6435291361567 -44.7630562108928
-19.774631413623354 -1.9593826619497083 -8.99941535971876,-10.909366963455648 1.7728462731568355 -3.1031099697977016,-15.545507455605234 4.2670153514443365 -1.3904901527489737,30.71601575209221 -0.07062788525846617 10.03021646469478,19.21354833740875 -0.36958850728347503 4.694545061849244,-0.08185649253958263 40.057826901458725 -44.4101993631389,27.161876260121513 117.24094373660859 43.21163252503927,18.434875599683192 10.78807062892289 3.448970916928095,4.544140258504191 -39.84158748033534 37.227957980984655,27.01598564210702 -117.84113150185497 -43.521237507743
-19.171542378142863 -1.455330892051653 -8.931941170704171,-11.546218582681478 2.812648808937651 -3.43019081574338,-15.494337916365346 4.139365049427294 -0.54369082434696,32.322519032392115 0.9017343245280036 10.458403101767207,17.93806568952338 -0.5506639013864143 4.880915315027405,-1.3225711416399226 42.85579401071183 -43.614502274643414,26.912100451150675 118.4241168292926 43.75971872985706,17.154457979981608 10.554934007391529 3.412461069771429,4.221353501845204 -39.315829026197214 38.28466328947553,27.501346171090596 -115.7215429763945 -42.58518379636191
-18.86521471695145 -1.1605283234584254 -8.86260884617415,-12.487573237523232 3.673653237836884 -3.897129442735948,-14.803153499666962 4.435288786825331 -0.441059524823063,32.09812371484452 0.7589120152880431 10.3898489422606,17.02867566167688 -0.6247256343666441 5.226650633362328,-1.6504017768213723 44.77494814603116 -44.01649832090919,27.004061504302296 118.05256409191533 43.606098387424176,16.186111589384996 10.486118647846787 3.7561011353907627,3.979246635418152 -38.833163051041176 38.57118068236016,27.606297873087662 -115.29755494736956 -42.401087386115
-18.88085010448549 -1.0084414421571133 -8.822007209717254,-13.421174898528951 4.283309539702847 -4.4394510369103735,-13.58417483251227 5.062104947280442 -0.918639049098056,30.085759126036645 -0.3028218756269099 9.966594229827722,16.70276238636229 -0.5699579684307103 5.717730204977002,-1.0368470422485567 45.54224330862113 -45.38830661950302,27.36153897740944 116.45374742489602 42.89530024677882,15.755199955807907 10.587591100142683 4.4181669357571725,3.8475381678848914 -38.59969191701325 38.17193983074251,27.328505407226466 -116.56800677416373 -42.96688538686892
-19.082755673839074 -0.6902141346203483 -8.803359667140057,-13.783404517296 4.72669953945465 -4.832414134657696,-12.29232761328891 5.648189253179192 -1.4188164638498966,27.280061851785245 -1.4630500661715011 9.664428122494046,17.020643032788037 -0.4543661153310787 6.259576675209693,-0.03542945506092782 45.54471758429713 -46.60685243248089,27.66664478392805 115.06449685838471 42.27390960953016,15.962317900235997 10.743098325472934 5.130282721393348,3.656576846559092 -38.804957208233944 37.34893174732006,26.84365176936413 -118.729862467308 -43.92601609151239
-19.334537741819453 0.0896252951655711 -8.797779438756343,-13.039953413366414 5.090086424206888 -4.858486951516808,-11.376842232371203 5.832104248680687 -1.3986380327482075,24.67911560892323 -1.9199152082356825 9.941733972289773,18.026495197379347 -0.34625134355136394 6.757854145189054,0.8022245293278751 45.18143837058482 -46.578701037285434,27.611394815627747 115.2782142754456 42.36915318988079,16.891118779261312 10.837579365794362 5.62866615763436,3.24464474228839 -39.6217933576822 36.36907555609655,26.32937452193823 -120.97316893598483 -44.9189502178439
-19.57116359491328 1.2400407423412563 -8.775320883350625,-11.355538230105736 5.399380004695288 -4.524026706844043,-10.996051325639213 5.596455399337774 -0.8061489309401813,22.845403814275034 -1.5595629366021635 10.744434341295424,19.53550506266013 -0.2722377258030298 7.165401814135233,1.2682584148470495 44.73559966550347 -45.25555944447666,27.206712480792202 117.06370454316932 43.16924698621582,18.363725456503104 10.843503260769463 5.847345328049988,2.708530878872499 -40.908931281987016 35.500821043366756,25.907141101603987 -122.77745544119276 -45.71588152158199
-19.7921462367509 2.3204013123318394 -8.686990702062882,-9.527141274174918 5.625900699472208 -4.037897345687584,-11.045171651152675 5.235033643508902 -0.033500922937531034,21.94741112205945 -0.8904348852151057 11.554933017338614,21.155736975557023 -0.22125247471093107 7.477728572435936,1.4657542851271084 44.3855884317615 -43.53446126238765,26.751971785396947 119.10123011603903 44.08442431114402,19.965707490605997 10.812509589627064 5.89926706354211,2.3788428049976353 -42.24099649938913 35.01400247346336,25.647613286587905 -123.88408689558044 -46.20433773737268
-19.997369510710044 2.891872010736782 -8.487639547214128,-8.350080695320775 5.739418425303619 -3.612463654587133,-11.411188519062854 5.044599976361934 0.5199913104439369,22.128904909328984 -0.43035981461099243 11.857057496217282,22.497113322025807 -0.18029754809209816 7.692809285025175,1.5114007671143925 44.30173537048159 -42.322855373590755,26.546369371413938 120.07060333803807 44.5245614386351,21.28409452779072 10.798586559189518 5.902078222315787,2.5791574326169613 -43.190995810135675 35.1673003826599,25.61602293554129 -124.0577227580026 -46.28216571747029
-20.13893133446801 2.867441869773146 -8.242864873100526,-8.022096237462128 5.719881376353154 -3.3673056036757796,-12.011611257070134 5.120431287188522 0.6710742172279882,23.27644280326277 -0.37853041041785207 11.577704277256863,23.397410153954922 -0.12251306856683528 7.8313191136167495,1.5806407670897709 44.54974024694869 -41.95016519425814,26.630700275453872 119.77557435160956 44.3998904849516,22.14996458823069 10.843404242457245 5.9307324624684,3.2552337151325705 -43.54260313904438 35.94551038948926,25.7896107436974 -123.40186053285396 -45.9961276557293
-20.119518403988696 2.5238901952268633 -8.132777658790141,-8.123024388094379 5.557762207988984 -3.32606254735293,-12.795511394016678 5.349467477323111 0.45990405040198956,25.01062445718978 -0.6046658257870706 11.101908536531965,23.930006953334555 -0.00670585449858721 7.937405599724695,1.9096698225797348 45.08711318079412 -42.14812885859551,26.778569167372957 119.1820584961193 44.13801752315911,22.646744645005793 10.97589561395555 6.0160381598776365,3.962162294228567 -43.29732475062933 37.05022781457067,26.054633485381 -122.37036033753093 -45.54696599965585
-19.843762084172756 2.1503977595222925 -8.337076641961495,-8.213346275546543 5.245940923234456 -3.505969449205542,-13.710245347015956 5.610085036305977 -0.060028746269491694,26.93989965082392 -0.9633720470637571 10.827722612124411,24.17826956997808 0.20708444406954066 8.055259136920746,2.728159903542161 45.86111665919704 -42.62264139533541,26.75674717574431 119.28636554750797 44.1802253007552,22.868490602843192 11.222280448702216 6.184299051074455,4.248535877628642 -42.47309968190889 38.17171783756689,26.294800537854986 -121.42669655717025 -45.13958932422639
-19.350403929370497 1.8969608379999205 -8.85463727313809,-8.144193547869158 4.838303201898398 -3.861484296134455,-14.60249148502731 5.813980460258941 -0.7391828598093662,28.676587158642146 -1.3120898613195653 10.89536045867625,24.197476603416288 0.4986866567079993 8.19604869547654,3.969702273995375 46.65217392928759 -43.134678974720224,26.506447454734722 120.3473705003277 44.64412812081207,22.87704097832342 11.541304544204769 6.383481281097056,4.028910588518977 -41.29045256503268 39.055393317543476,26.446224762541604 -120.82634749787991 -44.88561409511039
-18.836737747801344 1.749024333678424 -9.470556021185967,-8.110320475518815 4.460858904605715 -4.272846768545567,-15.199901192442587 5.9122429429363885 -1.314460491620609,29.837579888096794 -1.5116115089818474 11.14020567456732,24.009700400504045 0.7768389067182551 8.331903549189654,5.217845718363125 47.04346194653005 -43.5103376446685,26.17511787073434 121.75211342629287 45.26468210374988,22.696145165005273 11.811942345356455 6.468936095662274,3.650504114380841 -40.20941558069144 39.51186565590534,26.50697322850506 -120.57888735317795 -44.78636184617909
-18.50637764813687 1.682890374110004 -9.960792645766116,-8.321806482150677 4.241501901599917 -4.616903195324801,-15.230150822115563 5.859608150331473 -1.5226605433079883,30.04988408773179 -1.4270881542882017 11.382223062821295,23.63734676926164 0.9478954408308764 8.43309711824741,6.042145337702787 46.619909833122776 -43.58253550231771,25.920428921713256 122.84424908221733 45.757670006611846,22.349435295826165 11.911245361948874 6.294501297201448,3.480673468052424 -39.69509410403234 39.36245920575539,26.47933055902671 -120.6770544510294 -44.835654079645735
-18.441978436359854 1.6902023827490593 -10.238168177433526,-8.79600320038614 4.2108285787313395 -4.80857331215099,-14.71517815391196 5.669320562450964 -1.375896581157919,29.3606333294911 -1.1013496592804906 11.534554740587243,23.198841818592214 0.9916399319023756 8.48690509758845,6.277493084525032 45.52705928771223 -43.31478371283062,25.828094561074952 123.26435869773188 45.963608501786965,21.949365675777265 11.830739281239712 5.877593355123158,3.6800736670196224 -39.83902238036775 38.72486795155519,26.392875027175695 -121.0011662567661 -44.979077859361226
-18.56256411382166 1.7833571152597578 -10.400646247448055,-9.289544791592485 4.267813649883309 -4.814281633997257,-14.074990673818435 5.433773960779535 -1.2587211580188598,28.385299216767425 -0.8175853097181741 11.636390830788091,22.942505586556393 0.9871895956711931 8.503603446176381,6.117722154688719 44.66883507607162 -42.8472565695895,25.886487677714385 123.05469841777618 45.891751270551666,21.72854708528544 11.716807675344622 5.4569139835672,4.129738293570243 -40.2273767106179 38.11770751148514,26.314107092052446 -121.27946002525928 -45.096969873349686
-18.776084062715448 1.9751626395303805 -10.557827533166929,-9.543405521752607 4.3028665832132935 -4.605145929234709,-13.753171611364664 5.250068419551843 -1.576709384699165,27.773029836602717 -0.872330371439458 11.735247059006978,23.1217163821924 1.019554423593095 8.494658411504954,5.7808088728388505 44.98937521286667 -42.33226463378889,26.076790409996647 122.28716449452637 45.56392514669689,21.924194210870347 11.724830588799938 5.283857351217029,4.690883832895172 -40.415288456437395 38.08169980935465,26.31156901330796 -121.23186946165352 -45.06616472655338
-19.022910324182227 2.2147177955091295 -10.72901742792676,-9.469355607558427 4.253055756845388 -4.214521507570452,-13.912479146655583 5.160586535522469 -2.410580828779347,27.773023777579372 -1.3391936943495808 11.841339772192839,23.740133536300014 1.1042516908629783 8.44499596091075,5.404594845805883 46.6156767219895 -41.89789036249196,26.363313204531668 121.10133544987788 45.03769910073486,22.53801245767699 11.890440265141056 5.428916165403117,5.226602162904135 -40.24750040833844 38.77642915109375,26.419060348165697 -120.72782138278076 -44.831271878927495
-19.293670060732165 2.35237211983708 -10.79356363483225,-9.243898989300849 4.127770859351959 -3.77223186778238,-14.280392633187802 5.122898815351885 -3.337528965836779,28.014557905667584 -1.946248183657698 11.90707128041159,24.414351963409462 1.1490849624713977 8.29840462748673,5.002712867807737 48.408168091633286 -41.63466265135802,26.68421538570893 119.74169732379106 44.42604241509575,23.20666784471968 12.063659856351956 5.682185868358824,5.6028920202210575 -40.01765307156248 39.77071653491959,26.616529465086458 -119.86845692858819 -44.4419518156973
-19.58288531867472 2.2315430437463006 -10.620050264904616,-9.06522422910987 3.9431385283818985 -3.4159816626297252,-14.54846107843535 5.087606396450578 -3.8938728968724785,28.075741672949054 -2.393280387470338 11.880515647327675,24.730076130003297 1.05345618781165 7.996048967711726,4.578025661096791 49.12655768908953 -41.62909825038541,26.97564763342193 118.46094172056672 43.84630475366746,23.537639146094357 12.079717747994387 5.811170567962621,5.6873635836214955 -40.055445488443645 40.584634297388654,26.878626611024973 -118.77727569980117 -43.957927609061365
-19.846582448800355 1.8361354225607849 -10.191772279561418,-9.033677647897967 3.7616597239926324 -3.245964638995454,-14.544273353178589 5.034648966411369 -3.8352955699051585,27.728826329025402 -2.5092986128320938 11.76774205955622,24.489291893550533 0.7944604993081072 7.5613406583793115,4.125713402977105 48.27072981895374 -41.89742500488835,27.195422289691248 117.43814392335123 43.38119746635267,23.337474841522482 11.8791866116298 5.720840869659458,5.470035510020303 -40.46072684188745 40.92434937165404,27.120140548891666 -117.79591363635232 -43.53116902704286
-19.972287427227553 1.4000415727286861 -9.69614450674443,-9.075502200167698 3.7283552417015873 -3.2956265327922534,-14.337491668637114 4.99617209332176 -3.3078224246950025,27.091524757333456 -2.353252171455629 11.678017934000465,23.87884259019194 0.48744256807612 7.164044325133499,3.62728572394745 46.65765965390326 -42.33079661250748,27.339897096269183 116.7213841647259 43.05179546672019,22.76695390941773 11.590091844721782 5.560779314363995,5.158743708430944 -40.92434470366103 40.827170898314385,27.149340753396693 -117.65416490635664 -43.47779232576059
-19.841266950847718 1.1820154639287466 -9.341014501453168,-9.099351731495751 3.9958833905831024 -3.5910640594789367,-14.022743816459624 5.009463659690452 -2.4977586488241883,26.317151488661427 -2.0078242937510655 11.730820510186673,23.124945474411966 0.26157097439466204 6.988192066291196,3.062997553741845 45.2371745381126 -42.80746022806108,27.409531044754786 116.34453901713252 42.87251461713123,22.023196624117347 11.359348280069236 5.505165083574965,4.9829906127287416 -41.09643211290983 40.36510148037522,26.764777760171096 -119.1170353788026 -44.1287310863348
-19.45323603470849 1.3067320011592263 -9.24434878445885,-9.06675143683976 4.5885681908153995 -4.089182450662895,-13.696427085643528 5.076478682336401 -1.5976346315277106,25.557616549589902 -1.5602701700055652 11.98238901072259,22.409761868066024 0.1829090885130442 7.096846546191045,2.43592369378455 44.52821208942538 -43.20366190087363,27.423671726635625 116.23804488355019 42.81266294102349,21.277655369994974 11.2698089119435 5.636801155324171,5.056081666770328 -40.84077597795717 39.69262041266918,25.951310913789026 -122.24044378950593 -45.504245360209
-19.050479256139756 1.624286420099029 -9.340047074490897,-9.047501413462829 5.267918683285164 -4.605190135390184,-13.458562507625283 5.1268142256993645 -0.8127293131685608,24.961953691407597 -1.1072078782484605 12.359457922966843,21.825231226966054 0.18828751981991707 7.3053378897281975,1.7958716165364634 44.16729357790552 -43.39154962897369,27.440348577754648 116.12050369754907 42.74917240353767,20.649217421761985 11.27313490029929 5.851361757965768,5.253363232796824 -40.45870361574616 39.13311048605489,25.075340191381883 -125.62817381494861 -46.98836884053424
-18.904499384175036 1.9514210450433893 -9.539473539883804,-9.124469650303363 5.7637484025223005 -4.937283430739689,-13.409446622427565 5.081410847604016 -0.349520604633855,24.678611267016596 -0.7463396862695788 12.772892881795041,21.452065237026066 0.1988060118783202 7.399032229608228,1.1983057199370424 43.68365733871469 -43.24313905879579,27.522228173542995 115.6849890748351 42.54782926014117,20.25009028318397 11.304990310084246 6.02186979685858,5.421279174801181 -40.304233478151474 39.02998772681533,24.549286765998904 -127.70883329445402 -47.88840341019897
-19.151668618632232 2.1797795489129093 -9.754641932553684,-9.327444992926958 5.941453244132036 -4.978170256231895,-13.602318115337916 4.918085036742635 -0.3132030346056717,24.790788883615974 -0.557954593506667 13.130264564001275,21.320434907759886 0.1615579631432727 7.266636443017317,0.6804463733823055 42.820190695199045 -42.733804415404904,27.704217624809292 114.73915454736628 42.120634331799494,20.124358318035114 11.319660020679267 6.094500790098696,5.471786057198795 -40.48432429826144 39.545377006207325,24.590801714893598 -127.64666875298698 -47.839069606736125
-19.60893851002008 2.3780568636506305 -9.899101485326884,-9.560748196745113 5.986917695316094 -4.843964364681563,-13.979180659449073 4.749096190419886 -0.5695582150888951,25.227451641438385 -0.5811802432668678 13.33135504861116,21.34104356815593 0.08508038302850479 7.04113350169001,0.23638884528494214 41.82480288340936 -42.08323817464724,27.955606423301862 113.36149681352441 41.48883009075375,20.15507691096715 11.315444656173934 6.188347865726654,5.471698885603081 -40.521936856288754 40.412868491692876,24.957139990103745 -126.3448240500568 -47.249037784285974
-20.04721798666314 2.640504345917405 -9.8867316139183,-9.71062011226165 6.1322025867021805 -4.683017764923897,-14.465952999099612 4.706039924545823 -0.9498291505755262,25.895233171079365 -0.8491205514292682 13.274971235357992,21.407376878744458 -0.013201888964655696 6.890729044374877,-0.14594749725995576 41.018188122908185 -41.54627529086708,28.23621671736308 111.66964984461299 40.68945876823755,20.202098385173045 11.297017567126268 6.447393318026459,5.510122375619183 -39.855982868652085 41.30429999154002,25.339218097495856 -124.95699919360034 -46.6384871487497
-20.304654153540838 3.048167222063323 -9.704832884981037,-9.693498352538002 6.528209721308536 -4.620779642082597,-14.977383264453445 4.863119601615516 -1.3162573104820732,26.665848300738375 -1.3421932746649745 12.961487741113796,21.440033417186125 -0.10773381967979327 6.940130708046296,-0.4422428044924774 40.60729639185748 -41.27580165910975,28.513622106773255 109.78982199772562 39.772617222765604,20.164812346489974 11.278833072329006 6.9549003688244415,5.621728270952777 -38.136941145195564 41.994193086584424,25.54178124277397 -124.20598585829327 -46.32979246985542
-20.403441593158117 3.645942281754273 -9.541677668680366,-9.50847651946008 7.103688621216006 -4.720008502532722,-15.397642858827535 5.137441827548446 -1.6159346102120573,27.31543048179968 -1.8966011539329215 12.66929508186344,21.433826504230506 -0.15070603016384426 7.194981367630791,-0.528540125403486 40.48773161838727 -41.145643447735964,28.77661382622319 107.87169183921053 38.824136048368004,20.050831697413393 11.302118413650984 7.627929158907287,5.69219184231264 -35.594401825212884 42.53814017582033,25.68115186525218 -123.63507330326317 -46.1038889761033
-20.396980570689156 4.472581566122867 -9.619575616891344,-9.168674973252072 7.749726913333665 -5.032802039791081,-15.605742900911077 5.4194803208816245 -1.8103691607443566,27.603951727232023 -2.324129183004735 12.723864226813458,21.3961585331756 -0.09055018932540716 7.640720109211157,-0.2640246013001125 40.502314176248646 -40.98231928304956,29.0175754765049 106.06894645328289 37.9359168300136,19.8861251946023 11.412627522932175 8.355360941312082,5.581949984628137 -32.55618073757585 43.039364735842085,25.926452114091614 -122.58768153558977 -45.64996502687937
-20.33520075964947 5.524511517412829 -10.05303560532712,-8.719195868811475 8.37405886142171 -5.526237416551154,-15.547226516962223 5.6115410136086625 -1.940580994426583,27.415414593573754 -2.53312107326067 13.287061645996001,21.348892408720868 0.08463316860605981 8.220976373311077,0.39215553014475385 40.51590328062966 -40.638683135649,29.214423947515392 104.61453335363322 37.23275791277299,19.711991569783912 11.620750912316101 9.032596414416195,5.22090421082572 -29.437817981275145 43.526904671696535,26.36162516890005 -120.75322140842401 -44.81943000421778
-20.256995605407933 6.663566262861028 -10.613767910175717,-8.306841133659336 8.93735381934399 -5.897032713366415,-15.379203760957441 5.653555412849948 -2.3004322497690315,27.02822971259021 -2.7389702099948336 14.000503444002977,21.359874406310567 0.26059941321838953 8.746427979375227,1.1629766813915252 40.46344005381332 -40.051333448701556,29.299073044469942 103.99344243425007 36.944066937617,19.61847775642599 11.82442600058311 9.575767636907221,4.759848448652483 -26.93381043104801 43.793893185914634,26.799751303548664 -118.921329410617 -43.979544301223065
-20.19906949100676 7.724886830671508 -11.005498783079828,-8.098581752327002 9.410779278874589 -5.788289776543723,-15.300742289050822 5.492917843259945 -3.233926865606816,26.799026535867952 -3.2179635343906434 14.402629778641536,21.506069558517897 0.29808727177195554 9.001386316633846,1.7083739034908545 40.29376661673976 -39.173478793077976,29.194313731703236 104.7406448077551 37.31999576715886,19.705297644032214 11.899288749066109 9.905118624735916,4.393383398683666 -25.79397549664511 43.58667938829497,27.000193505868783 -118.09983759352814 -43.59987136772137
-20.178311655847374 8.532952843709927 -11.014027092471082,-8.230442036304783 9.754044068529252 -5.006497074369996,-15.429650895233486 5.125024075920135 -4.896648787087518,26.96267913154792 -4.126783410809161 14.183237959012702,21.809108115795375 0.10920270652356036 8.841369734913897,1.7560212490469642 40.08694765746881 -38.05817473151551,28.86713657507105 107.07619805017887 38.46041880922344,20.008230327198394 11.767590119339884 9.968018192596482,4.215623199312218 -26.55155250575493 42.75095910998755,26.813302104036396 -118.91492038314638 -43.97359516494053
-20.138214865733843 8.872753443742575 -10.729153573253063,-8.72381797482822 9.884413444849333 -3.963336865482584,-15.582750702682446 4.7230701017427865 -6.746263067495745,27.303072367369975 -5.179089719192785 13.592761207844305,22.085656996077862 -0.20368101888038007 8.38565141207309,1.2845020716089826 40.409104077306374 -37.12831603837368,28.448250100029142 110.0537012201246 39.90857381824602,20.326236607831127 11.52424581346829 9.812307027146122,3.9484737707220816 -28.93756265583216 41.500414361946525,26.426449960323385 -120.57906960332994 -44.740579511055806
-20.005281815811774 8.520136378796654 -10.311050368361773,-9.57357099492416 9.70932767890347 -3.210583769311537,-15.507189163023256 4.501409724133799 -8.078878070735202,27.4996945644081 -5.985989955906889 13.011410696576544,22.104937493128 -0.49414690495489794 7.814559409740987,0.33048108126782316 41.93887075816639 -36.89240915339257,28.10626083401253 112.45673750676886 41.078846362601055,20.40345776683281 11.30414056741217 9.509083392963337,3.227680981842941 -32.497326904958435 40.13390987426461,26.1050250838763 -121.97753291862507 -45.389455408154426
-19.74073156639046 7.3710075202146506 -9.897451850042211,-10.726731778121794 9.182717087966036 -3.1511163424816,-15.010138748883854 4.605187498605251 -8.374086099148487,27.28084878596901 -6.252967857031846 12.747252671051289,21.711029713802567 -0.6485632497749241 7.287328337010917,-1.0159059807087243 45.0382649405604 -37.656533933365786,27.966599195873947 113.38031531494178 41.534730686317054,20.064951253385154 11.206198261865207 9.119496843111547,1.8453479958305998 -36.714745436451956 38.908818319935875,26.047880038896302 -122.272934865648 -45.53528248474509
-19.45575658462089 5.839919368608567 -9.529162055332883,-11.92370396362465 8.459347260539657 -3.5445876858716803,-14.158077792046347 4.880566602789907 -7.904123247672774,26.585715966998066 -6.09320900555071 12.79668998068851,21.071401054466712 -0.6949296180010102 6.872069872219999,-2.4335305062842663 48.70152742517196 -38.85229492245831,27.968176420567403 113.26478840310753 41.48386496877031,19.485329355381236 11.173993219699064 8.661718866776635,0.2690356739352152 -40.80838297011924 37.90326822785611,26.166436741037376 -121.82615775619763 -45.339287335185176
-19.302038266525123 4.481445558496348 -9.22081634556989,-12.849107250031421 7.748204097799757 -3.9769967154341295,-13.087490478718923 5.09299299919781 -7.1552188705457365,25.410408596674536 -5.729967905513783 13.071984443806848,20.440825089550387 -0.6994823417277993 6.612294866534674,-3.538901806375673 51.55363486012601 -39.67521101819847,27.999548402530202 112.91371887097827 41.30778953992675,18.933575098161302 11.109159413630877 8.142317990939372,-0.8513390684799228 -43.92517053459882 37.14699685840359,26.294518288073228 -121.32158241324399 -45.11014746461469
-19.380235862875523 3.734777420458345 -8.99799034211395,-13.259283863340148 7.222026195504185 -4.117080104624647,-11.942228916497783 5.061564294736889 -6.544993844065217,23.812214528707493 -5.357596352960268 13.481988845226716,20.01763013434908 -0.7125434797658144 6.535348832981148,-4.035802907871007 52.50857225860708 -39.518408433088005,27.966989647858757 113.00154521725612 41.32825037272048,18.616200539218642 10.943509949696033 7.57915505877754,-1.0253674654434595 -45.426554983719896 36.66644552663149,26.306853389074032 -121.27127796055673 -45.07939754240087
-19.533739258649664 3.457309364956776 -8.941425203615658,-13.272223006496493 6.870780069461739 -4.050772283839583,-10.903290564725179 4.875909211603058 -6.145111403738106,22.156878329749222 -5.02470292593801 13.918373415867148,19.715526778753535 -0.704188407460685 6.587069621486989,-4.068077241477822 51.937604818844505 -38.77141654989448,27.866120217754627 113.55160444405554 41.56548191841546,18.42471635216627 10.761031833666033 7.0470304567314885,-0.5669343466267245 -45.755630241768465 36.47144039528434,26.284432996303092 -121.31845016589999 -45.089587513719714
-19.52503416548897 3.3234765965404205 -9.149210140163051,-13.119641957372831 6.626955419337479 -3.9952049581243645,-10.163354079091834 4.7107311025315495 -5.9184405769033575,20.907145759320628 -4.734063949849807 14.267404943781367,19.35872112882468 -0.6192571147920567 6.6876631530356185,-3.9179551891793967 50.670272467292385 -38.137106273998604,27.720656904853804 114.38247995534448 41.944901507952466,18.151573897885445 10.693566597339812 6.638650498997731,-0.042852861689678 -45.69563862888177 36.5665826165104,26.373111891514064 -120.83307105487638 -44.86094227562558
-19.18200796118259 3.053901259792503 -9.682319402568607,-13.000801841832345 6.4302330221736845 -4.137674526629649,-9.875271799790042 4.721497915623322 -5.824960146101825,20.43396515990352 -4.497246270994863 14.445854461158417,18.82167630262812 -0.4140659604352477 6.773261400327513,-3.8171777878044906 49.46556929420487 -38.196405110966474,27.55353271816358 115.32182063262115 42.3932903481276,17.643782570040297 10.848347052354448 6.439125610689796,0.0836109697884106 -45.88986248456833 36.934321567723714,26.68222810668146 -119.35007546655669 -44.18741109022571
-18.718437907989042 2.641993435267704 -10.382799084175117,-12.923304164261818 6.2628277839264594 -4.489236983267336,-9.956989493246532 4.950050913394452 -5.807837430319615,20.56668759986475 -4.377758749022105 14.550407803267897,18.275446035495428 -0.11266915738057284 6.873977690306713,-3.6994200228708958 48.66544875994444 -38.81038736134237,27.382997713769477 116.25118103332468 42.84567738672277,17.070328835022828 11.187369536126857 6.488729826039501,-0.03958035155027956 -46.15541786369391 37.42647459130357,27.1056172688207 -117.37787830311342 -43.298006574724596
-18.48907865383993 2.1808209857123564 -11.012714121698963,-12.824731303224166 6.122493629680132 -4.996562307750794,-10.240634364739652 5.396720052361182 -5.804098006360246,20.936802086746894 -4.458086250838886 14.74347918957133,17.999437692951986 0.2361323699575856 7.05425961509628,-3.389464228487576 48.45950661847147 -39.57714291743232,27.225591121724246 117.07180910819874 43.24010472373944,16.717827238598684 11.619571056809386 6.811357073388615,-0.04116383884293462 -46.00759699099118 37.84713514899519,27.45838538056443 -115.78053652893507 -42.5806833058656
-18.796808056132917 1.7662247005340863 -11.378173773633401,-12.655839070509083 6.004525701524052 -5.601101277125491,-10.571135243356954 6.039729511633433 -5.742339543882825,21.236558735638635 -4.772781418799 15.138797415737448,18.226824729993403 0.591181003456859 7.3737623970603385,-2.7472311265191944 48.96494244924516 -40.139008276009605,27.095830744863093 117.70046888794471 43.524729544666265,16.83016098084209 12.05834747191096 7.397741653756029,0.3918687253592247 -45.07745663065455 38.01817138135391,27.58642385641528 -115.27320951361607 -42.35625347640299
-19.583942358358136 1.512222839270311 -11.591004770463288,-12.459292855304403 5.887039245622872 -6.208832248849889,-10.882918098845497 6.7046986990160065 -5.492879635041778,21.580852905013217 -5.024388483042157 15.512391058181365,18.869615616122335 0.9644833686389024 7.858614874316785,-1.877002322478888 49.799344574991636 -40.44730769592877,26.99425838229607 118.16113442804831 43.71770070303432,17.354200282168406 12.448503539901008 8.009235173884509,1.1669706974490694 -43.800526584839545 37.884985664395295,27.54954297090302 -115.53666753713587 -42.479106854029716
-20.640262593054242 1.5405236210488957 -11.89236729715965,-12.316640296699564 5.740881571267422 -6.710727010642439,-11.148270572032892 7.152687734565429 -4.901380546594833,22.263379578347255 -4.774995864655332 15.497424971293036,19.70395031204068 1.3905371682962657 8.5207625834445,-0.9864360362998941 50.368941302561694 -40.58408238330803,26.91550329947943 118.5231348720462 43.86677695381137,18.111164334818856 12.748131521714448 8.310149133332786,2.020025877057325 -42.952668126986964 37.44524140231648,27.498051146951756 -115.81408366472758 -42.60631369084131
-21.763158447003743 1.937240842636968 -12.479134138527236,-12.297746767869542 5.535292496254668 -7.0062807737262425,-11.366024797209262 7.179146453257428 -3.846326698850722,23.549283749697555 -3.662907389680781 14.792676778021093,20.51329255255589 1.888100815427955 9.348275682776345,-0.25160506814135086 50.14294231540627 -40.635870321831234,26.8565665232163 118.83869453509759 44.00957189990922,18.9231877661454 12.918936377327858 8.016395082778667,2.729688655191479 -43.149147002336925 36.73490235640744,27.56351323043226 -115.44576925188294 -42.439055264691376
-22.81661213498641 2.4975641761015646 -13.182707514900756,-12.375933566179981 5.226595613384048 -7.065037605219243,-11.750696568359505 6.8622700392070115 -2.474980752713257,25.465323317359363 -1.9529781359165523 13.636953910902863,21.14488546739673 2.346733407219014 10.134648140655571,0.41239356744170685 49.11109600080979 -40.722118924770314,26.833991847745057 119.01901864057676 44.09997934603745,19.62354943581279 12.951740104877484 7.2681348839879,3.4289291221913856 -43.68371067596092 36.10120575490661,27.72177354585943 -114.57813795212489 -42.04452754629909
-23.697123442695812 2.874623123397778 -13.656027957976908,-12.477378879613925 4.764807437545133 -6.890746890876415,-12.622121433951554 6.418320096557081 -1.0658515578328984,27.92185018747688 -0.21601229246264164 12.5327639225492,21.4771160857589 2.5929051622618284 10.578361087703053,1.2178990543745862 47.517333230553945 -40.97834549705852,26.873865929619768 118.90645185865169 44.05101216691556,20.050970005673065 12.851582744397598 6.412694625568318,4.423732062769043 -43.204800515059524 36.043385714284604,27.872637059456707 -113.75122849116332 -41.66865389650843
-24.313695569982155 2.755211370715839 -13.591220323210186,-12.537951744086081 4.111918324577809 -6.5020085059972805,-14.237564512760152 6.051343507193104 0.12098460938965742,30.789965159743183 1.021832121194416 11.940119667967656,21.40989720582059 2.4781195552343895 10.417595595054756,2.3278002244922362 45.63986523327811 -41.51410425184443,26.998515826240332 118.36259888084972 43.7863388498096,20.068512260838602 12.629809131691124 5.771907426686421,5.946765949113748 -40.58342048643104 36.97269561675638,27.928042434679178 -113.43926321492762 -41.52699712210163
-24.69449086632309 2.1620270624972133 -13.072255250216077,-12.590627796999152 3.3464903625179128 -6.059239460774998,-16.240381809013446 5.837824907338981 1.0128847660713745,33.56764182335235 1.687601066022582 11.889476164026707,21.04991630437702 2.1008697110018772 9.78189969995888,3.4169012878780736 44.07276057710159 -42.18602760363199,27.19317019552562 117.44042732855169 43.335682315853376,19.775023016271035 12.35799272019971 5.406694471429742,7.508098898098783 -36.892023280442004 38.436910252391804,27.922630725586586 -113.45213116976814 -41.52885564123507
-24.934636487802425 1.3065392194045637 -12.403312042718728,-12.722954438051516 2.6125963746377825 -5.802554858593942,-17.928925982606255 5.782561772495487 1.6425392947585948,35.54316452778257 1.9630311163347531 12.169886423241177,20.62006365429853 1.6984514750784754 9.02076101861908,3.8857136923288795 43.587592669004465 -42.70861151004643,27.422209215404404 116.30044655727545 42.78836573237144,19.401854496789664 12.141554114380643 5.231350207051697,8.21171360891379 -34.440227079895436 39.498548540332166,27.959999015906952 -113.22638078096296 -41.41141405941359
-25.11664746215708 0.40013586551355246 -11.87422629349645,-13.007066754670763 2.053044397147125 -5.948714630809352,-18.64969204198515 5.888270723834569 2.032558710142091,36.0601870533838 2.0143659677837054 12.577833105875344,20.330624906902415 1.4926977510720996 8.4652440351609,3.2021506961139643 44.86324943535818 -42.82349711128827,27.650041129196854 115.10666177212808 42.23419646961055,19.165682929773343 12.078687762887347 5.169139616798368,7.26204941931514 -35.314829156401174 39.30810890732501,28.131016649550563 -112.26916664386208 -40.94537320774039
-25.16776496485127 -0.3711426917400615 -11.579617241874736,-13.328876136967127 1.787469452875071 -6.4326706908039615,-18.353435178884684 6.142746862976108 2.074756543115383,35.13314347479643 1.7948157267695557 13.027379321743435,20.230333162470412 1.5077389798178829 8.203808399535152,1.6531348351707842 47.47820054181435 -42.60626507588817,27.84409593427136 114.04981339036975 41.76090505840836,19.095444486711422 12.179207964908816 5.266567492705088,5.083856755150745 -38.85238092466379 38.101590145512816,28.369677690160128 -110.95670918048665 -40.31331258434297
-24.915053492463674 -0.837609510494653 -11.488158092693391,-13.454149654200965 1.920556233437473 -7.007563327462128,-17.38075586458008 6.524158504732217 1.5765611737350649,33.209229346848346 1.1201494743681355 13.508446535208044,20.26369406900325 1.6401556261685175 8.168394513837983,0.053981727803359046 50.30096838904407 -42.347940929364086,27.973753146737142 113.3378903532306 41.45488213320953,19.098952722390365 12.395909568366672 5.649648180864774,2.8891835184566372 -42.61508163364248 36.81531386342197,28.50876634314125 -110.2259164429685 -39.963539859622614
-24.205889853606795 -0.8480769083088893 -11.56428604662341,-13.168597429875947 2.5382172730290193 -7.437241129950744,-16.076481273659 7.007246069137316 0.3754286645971844,30.745505162295046 -0.16709993222886163 14.009924845630469,20.372601949240007 1.7882399052440874 8.287568458170647,-0.8200551604249882 52.248979234791776 -42.32578767009827,28.011655911601107 113.15787062319353 41.39289216938309,19.085511998974432 12.680137481083687 6.427664884857002,1.8265756884883595 -44.28495164895953 36.33756769333068,28.39336191536067 -110.94335499423833 -40.310526719857485
-23.197329788755813 -0.5081330056720905 -11.742333840226683,-12.567094821926597 3.46541531581522 -7.679099088601443,-14.753448953698769 7.52071852151723 -1.248344734774342,28.236395973779743 -1.8150835829944842 14.48836319167465,20.486635477044615 1.9043474845566797 8.479109667511407,-0.8821793224869237 53.09530585003367 -42.57259725977912,27.97596727737505 113.39668187024115 41.51640197133257,19.0138683795146 12.97619807657295 7.455525604148459,1.9651150896615774 -43.6486527763725 36.71550734319226,28.065519648509948 -112.85297975750017 -41.22967471735997
-22.27535016200867 -0.11317995069402098 -11.934380362480214,-11.97305857605746 4.334213580045143 -7.833605729169491,-13.700849052967136 7.959257416064275 -2.687106074911225,26.20394749571188 -3.2693776068984626 14.876403251663723,20.526269341835956 1.9807988629166253 8.652823863848687,-0.5545159902868301 53.245532749618505 -42.940443572246444,27.91849955438801 113.71944833171875 41.66686348395934,18.879316263278124 13.223194697023672 8.400098883286997,2.5759211349671687 -42.04864165857262 37.37450626385463,27.712903502495777 -114.86888772402625 -42.19789352113372
-21.809571907839775 0.04891343362973109 -12.056102773512213,-11.699688958248808 4.788727006977924 -8.000320470600512,-13.187246092824855 8.221272588514609 -3.356165049801894,25.135306677851236 -3.995698637420603 15.111494729676492,20.41339935912787 2.011226472717114 8.721958357168063,-0.25422691948165055 53.10465854697506 -43.28352880263598,27.889323666062374 113.80419562924251 41.69223008832577,18.676346006746016 13.36246266877797 8.937669588499126,2.941718940274021 -40.81227495401787 37.748488344343365,27.51696257874229 -115.9418794095945 -42.709675045114935
-21.793450449923036 -0.10221125347221957 -12.094522925287206,-11.790490343405988 4.760077630505682 -8.20497732226063,-13.133635271067355 8.283549562333747 -3.201365065990389,24.902073504277727 -3.931366202774321 15.224052292622176,20.098226546689578 1.9957569453185444 8.662594691235903,-0.10591889441232108 52.81075934052105 -43.56627572528932,27.89469496646979 113.64240379542855 41.59364142879303,18.370687254515907 13.37610032140377 8.983920020998992,2.8701504469358468 -40.37383062018448 37.671864286092685,27.492412879908187 -115.99523385065817 -42.72575205343144
-21.9022645434408 -0.4713913378059461 -12.097009021870804,-12.060846936816802 4.422150199191269 -8.41086564562672,-13.167022979321871 8.189167326221185 -2.6172973400584247,24.85519235079036 -3.4126014677904357 15.323124297396346,19.55489365723419 1.940009979714001 8.503962257235685,0.013256645239261428 52.27613689760687 -43.846336333293785,27.903807751493936 113.49068583588615 41.50180855782768,17.903742626969382 13.280685053367414 8.657024938440257,2.6128544061481875 -40.41218294882064 37.31779344262843,27.512940515242835 -115.77479346868081 -42.60122350320157
-21.810155754784912 -0.9572895576452041 -12.110705187483559,-12.323153568680011 3.9553656536395443 -8.579896746062586,-12.916941169746991 7.982975839659994 -2.0043210868973347,24.34999501985507 -2.7820272498630527 15.515400317771999,18.761486995791653 1.8492788403521385 8.276947223363623,0.22759293870047023 51.40956022265042 -44.179960794568,27.88520095489778 113.60658884607388 41.547587399196026,17.219583494764034 13.094216240737648 8.081772886719703,2.4252553037642173 -40.58970556010311 36.868386481273276,27.453442076674794 -116.01985619168897 -42.68851630146721
-21.383838781369747 -1.444578637597119 -12.136700843909194,-12.480755493539837 3.5160660146114506 -8.686747043330378,-12.268362386657245 7.702947760248482 -1.5814423171241057,23.192350037756032 -2.248675859193395 15.8027663982266,17.765214027110257 1.718032071157706 8.01205809838867,0.523755472285559 50.197370739000164 -44.52937095476305,27.818511783146615 114.08689800180018 41.77651538454796,16.3367274066287 12.8419720851225 7.388047628042795,2.3417075605358577 -40.72687623089274 36.46848712479928,27.311329077897923 -116.76632249792483 -43.01291450208893
-20.67626709414823 -1.804401465716726 -12.13154559965648,-12.524956734606537 3.2373064171219683 -8.718438185402457,-11.353297493485014 7.380404660558325 -1.3922791346316852,21.6238430343652 -1.8923833256714886 16.08575238336244,16.680129755587984 1.530269555845351 7.7394381541011,0.7553090044382745 48.70093067942554 -44.7658532350292,27.694110657072166 114.87292454235734 42.15161785650244,15.345689312097813 12.556270189390382 6.710660542664326,2.1827672465732593 -40.797076334080906 36.22689798261139,27.20249803956722 -117.36983244891337 -43.28332009968115
-19.74922712610579 -1.910948000621362 -12.051830700855582,-12.451105191085441 3.2467358499594483 -8.663806450200251,-10.312635773307724 7.046572850062941 -1.4718978812076393,19.900801674737227 -1.7859138845882876 16.26428911002423,15.622864538615953 1.2711600778808652 7.489355645728229,0.7747930588971182 46.99236647162929 -44.76094831524161,27.504083943567817 115.89610852367774 42.631219490063266,14.340512543950013 12.269523948517952 6.181904455905164,1.766119368190132 -40.78276320883818 36.24606332250094,27.2437492290233 -117.17951456313894 -43.205236679369484
-18.698216865393636 -1.738339459072062 -11.905870791553413,-12.266922073399378 3.5483962116986496 -8.548036485927174,-9.25321166365526 6.7375858785803375 -1.8171385373357511,18.194026983187257 -1.9524382318612614 16.336755764253795,14.705632122139809 0.9702002725219284 7.295962365075958,0.5574065197306737 45.35738677984038 -44.49649621304014,27.275957626311026 116.99043449671241 43.13685881621863,13.431427989944577 12.008813329274824 5.858576119610449,1.0724971006431345 -40.744696950075095 36.49287285635981,27.442445487748362 -116.13609767924207 -42.74904693631959
-17.656005390678235 -1.371179856658253 -11.759165283335172,-11.993808376249635 4.0096708864963935 -8.436499262426137,-8.244208973819173 6.495002681917491 -2.382578477541281,16.579762757204577 -2.3602970418954055 16.4103748445997,14.035763299534658 0.7058951155894625 7.1977036953501665,0.21395898664849755 44.31783422386663 -44.076282569201105,27.076439303665573 117.88214137654612 43.54940404693483,12.746563304214726 11.795321724259406 5.714004733499067,0.26289771656237626 -40.830208239031364 36.78434880708881,27.68495695353989 -114.83437684470294 -42.17798072855686
-16.756620717336517 -0.8994856225697928 -11.679671426059787,-11.654847070503822 4.491312259721238 -8.394609145080896,-7.35513671862932 6.358870343231809 -3.1180668680180013,15.134178505301946 -2.97125931503463 16.595859874812156,13.718178012304742 0.5577283233902994 7.231161601804144,-0.1395943782387024 44.394285539480435 -43.60899554607647,26.97333159081413 118.29583208895423 43.74922573570856,12.412547289849117 11.649809142707104 5.716700307907454,-0.49415443642754614 -41.185280357009965 36.93487953828471,27.85374177235915 -113.89084278110336 -41.76495183068941
-16.10956177177542 -0.40210120347272504 -11.716982749424076,-11.308789589794472 4.870225310195886 -8.413215173641627,-6.738761779575506 6.303592282251375 -3.8804001541342044,14.10991246039151 -3.6103513225243975 16.925500154603224,13.778766825154044 0.5481515656440658 7.356545241391983,-0.4558604338703092 45.61348044906256 -43.151757205090746,27.00028494127858 118.10038301714296 43.67554234571754,12.46720750833702 11.588705967415425 5.816873256630614,-1.0961083192285281 -41.74250213240125 36.94640829223722,27.917290482879668 -113.47698053080946 -41.582533196258666
-15.793311039321852 0.05625565627213179 -11.89747230212307,-11.05948927818878 5.043739581380303 -8.388880332964133,-6.653128601406247 6.220567090374576 -4.408711861271212,13.982743298942722 -3.929691454465211 17.332419444878877,14.143489562915972 0.627500865426745 7.4374921979599105,-0.7741410603026846 47.377713688562395 -42.69648551741039,27.147765224301903 117.3471008497125 43.34198410184589,12.836084494067885 11.622967873031316 5.9415945952327,-1.523834549342703 -42.164630257404724 37.058036929372506,27.952879508273373 -113.20157619345062 -41.449971645081405
-15.882653741539823 0.4102074981977336 -12.24372231441611,-11.012826946630856 4.911245479386186 -8.213702665643826,-7.356380214218015 5.997820761453321 -4.440090660795091,15.230649491678946 -3.577733528700407 17.742890512801736,14.730263059905143 0.7414884214922922 7.332571284525929,-1.1381530893665412 49.051288134567024 -42.23233065655516,27.40276100539179 116.10230247727338 42.768645621674395,13.4360860743087 11.762303902910672 6.016464538502896,-1.763771327516748 -42.10211805300314 37.51802805895476,28.043417469452756 -112.64438410366458 -41.173593860576666
-16.366563478516948 0.5156785510385328 -12.6626678154137,-11.231167467292495 4.409854828683827 -7.859367925473588,-8.772202333872801 5.621492951110907 -3.9882019242893,17.722762970029024 -2.5762164970631645 18.058593019015543,15.374973675654967 0.83595270768096 6.956961782444971,-1.5339866160845128 50.102400315548785 -41.81956190302361,27.71673315808075 114.59849955646536 42.06059126252397,14.112289425070596 11.971423361380124 5.9677682613764915,-1.8132093808002954 -41.457038049636466 38.2704295882155,28.204139220693136 -111.74027854178085 -40.72713504736906
-17.109781427384956 0.11465880113519777 -12.89381742088517,-11.713876197619244 3.5312900428385348 -7.41278372115898,-10.340075369214931 5.2197658229342725 -3.467120583371008,20.446767681063893 -1.4872969826891316 18.145602341687095,15.794749442295688 0.8569150105996115 6.307799886659724,-1.8643035352245882 50.14965715756213 -41.621410103899564,27.98970789961396 113.30880959790441 41.44589898365235,14.605780028763299 12.149887889596672 5.722782579048181,-1.6851510102071119 -40.49574052375751 38.818867382685184,28.352305986879898 -110.93825309428142 -40.32669345899211
-17.967705288600964 -1.0551425322462948 -12.66702081498573,-12.454492003228214 2.2735724891629343 -6.969616479576042,-11.466621585186777 4.930648100250392 -3.3178770139338227,22.33077291534283 -0.909674447168401 17.869446036058477,15.701112883569182 0.7512667283998933 5.389857289169367,-2.0265144910793245 48.82935398325762 -41.80619370250641,28.118629650264186 112.72062340688976 41.16010606029642,14.65279489357778 12.193235283098831 5.210166373336296,-1.3942673721862813 -39.513289029494544 38.63779213485897,28.39816878982388 -110.7237868430683 -40.20555956228619
-18.823346462048217 -2.918658940678176 -11.962774784363209,-13.38136460907713 0.7820661867753365 -6.60669063440396,-11.925045592762887 4.79825907840528 -3.6626183305919024,22.987704339557343 -1.023458421672646 17.25855364058071,15.074021112724857 0.5281723597757019 4.296766752230318,-2.0110391564709613 46.20831343452197 -42.32607213764897,28.06911181874984 112.98969833615763 41.28097506421628,14.228996418883655 12.075218476015541 4.453498124570385,-0.9871882807804735 -38.819542632881614 37.58688698920105,28.29983190763755 -111.30936425106934 -40.46778016963402
-19.60556327137263 -4.840710847276639 -11.177724579584982,-14.314610449254308 -0.5532323814391419 -6.369547327202918,-12.097187325984311 4.710833780219971 -4.094050940161892,23.167485735119634 -1.3137751129166928 16.611820258268178,14.339112206308775 0.3001882035911663 3.2696967467589277,-1.962719752770501 43.06816108052019 -42.774316846642215,27.92077868316053 113.72118193487601 41.62431580632102,13.707564101880351 11.899450709879886 3.633950973953745,-0.5636043918862907 -38.74892533404242 36.16543511564788,28.09485020415894 -112.45421781773622 -41.00281932849095
-20.247458498010758 -6.137121005768729 -10.745363767516139,-15.06480979032578 -1.32214576670398 -6.299910341179409,-12.419799578416177 4.542404991447353 -4.157702317595118,23.722154518937046 -1.2034761592540233 16.25154528162547,13.961440771697742 0.18888292934011267 2.562031450112285,-2.0397819439665534 40.2536740651228 -42.71328094804965,27.76373856830152 114.4696419458693 41.981845366632356,13.496867712391351 11.781169936081275 2.946371685008572,-0.2273511249951868 -39.63422032637337 34.93098557478343,27.828306008093527 -113.87490232578664 -41.67989924900927
-20.67325319546156 -6.556913689583969 -10.827835719674631,-15.518511078465302 -1.4422418603388043 -6.340872019057331,-13.048762183734203 4.223270537559284 -3.7103379075053677,24.92566985331938 -0.48487358899146776 16.261802774908727,14.110138853780182 0.23220569684931763 2.234579522305629,-2.2667938853592076 38.12746852928882 -42.03704729874337,27.657949087235135 114.94120972583566 42.2140488684811,13.745131102263915 11.765268322230998 2.450938247623698,0.015246730683499403 -41.35851595951417 34.209489342901314,27.54943958707524 -115.29438957537464 -42.367080217076776
-20.79021944602148 -6.675790158196654 -11.069467153088574,-15.70723257850412 -1.4565238709885002 -6.247306661289167,-13.60396606195032 3.791098627876923 -3.202657513000723,25.948846134286462 0.3446805645352847 16.272062219058718,14.389630478348565 0.30853484017012545 1.9806584188646248,-2.4132655631988302 36.1320544127133 -41.27273748647242,27.60583135239497 115.13124496012085 42.31264125825601,14.10414255323893 11.76239741611384 1.9508406891848755,0.34394358991992685 -42.94674944288699 33.88493956007544,27.315425789447495 -116.44789693919357 -42.93020522246087
-20.50425705659296 -7.1603284142148445 -11.057184145286717,-15.678815911851828 -1.976213010887371 -5.753834557901264,-13.646408159703059 3.295668728060379 -3.150515931064684,25.84166570595021 0.7101595505973567 15.861990587845204,14.342188106903615 0.27855465188022166 1.453392580564401,-2.2210209680960293 33.609061127085184 -41.01669380072347,27.603296037258115 115.0678622289788 42.28422746782543,14.171024052753353 11.668302207317646 1.2212853196766402,0.9582786634133182 -43.33077900454186 33.79192432241666,27.18418350338603 -117.07274140851487 -43.23523281844644
-19.827361804781315 -8.26205218970057 -10.543084931197997,-15.485204636996452 -3.191927622589454 -4.776408688320474,-13.011634910922167 2.7940785910052184 -3.7444720152898547,24.294807994352087 0.3568172109543889 14.873740972785999,13.779076577398644 0.05277342030323777 0.5312354051725996,-1.6300306830205147 30.415136026464786 -41.474005212835216,27.638279541328945 114.82478481477098 42.1617325988379,13.77364995874666 11.416416305950817 0.21958256321639433,1.8309997599626011 -42.12332842893939 33.823820956083814,27.1841623670203 -117.04986415757368 -43.220658448215154
-19.00486867426649 -9.319647214240451 -9.642534510908128,-15.187363793024298 -4.369244889840178 -3.629791011238163,-12.139015486332488 2.359521239974287 -4.459654083431488,22.40805163487565 -0.26569244854391294 13.726757967754564,13.103161588269831 -0.3487215545762816 -0.4117887695542439,-1.0160534574592173 27.53961677342246 -41.98926865070756,27.68118026765927 114.57604422334161 42.03596828227542,13.247393401978819 11.023062735659895 -0.69645156540261,2.4360673610687766 -40.434564120876395 34.003303236236185,27.278999647530508 -116.57608219079847 -42.98450953516932
-18.31298963515155 -9.551289494200272 -8.51926972954949,-14.847459356794905 -4.651701837980623 -2.68148283264617,-11.54779412405293 2.0672397084582457 -4.676654813718917,21.467349809250482 -0.6145074315730996 12.916736107096824,12.7954920429917 -0.8911895586643289 -0.9361944167411879,-0.8123303477663758 26.12125333205529 -41.79364436101185,27.700123346424736 114.5086546608445 42.005262930935096,12.994720142258451 10.515653804738976 -1.1162174915909455,2.182014948360627 -39.572435716921575 34.37009193774318,27.423730909502947 -115.89009859444516 -42.6459708558543
-17.95321075347786 -8.585761384294967 -7.346884759712918,-14.527758450701848 -3.632604769568398 -2.15718888869217,-11.552665539739793 1.9539668192008088 -4.061534682401751,22.18756063205987 -0.3735572114248312 12.695537687590141,13.105315006489878 -1.510965809419584 -0.8096882485200754,-1.2356271410382178 26.73849813658385 -40.573261541858,27.688687223018025 114.65601114660123 42.089589715482255,13.229260584845028 9.945540079108818 -0.8467960419200328,0.8777384052920137 -40.21144987554571 34.89644198607196,27.583574879156902 -115.16594054534367 -42.29278906470863
-17.93701804008935 -7.09586377377965 -6.3240372748555505,-14.290785372442027 -2.0488552178941757 -1.9220782159498035,-11.948231436505989 1.958518317066768 -3.0061921206121838,23.831460832680914 0.19658276441325637 12.695050725625055,13.69249207325449 -2.070842424748867 -0.3267894303754177,-1.9522938933828635 28.54517633916142 -39.17106545095147,27.70516861364977 114.66091250248354 42.10969370065329,13.684507380385966 9.424938170106303 -0.24874797412115174,-0.6498943788462221 -41.415504426672385 35.383067858015,27.749642258146928 -114.41318854664091 -41.932775417454714
-18.246123848455834 -5.917654821258398 -5.653238539491952,-14.199079036846655 -0.8161804921892245 -1.7849054783325182,-12.447703571628852 2.0043983529331926 -2.016068077224548,25.434662499680975 0.745114506148311 12.450214081979533,14.12471770058811 -2.422144340973793 0.1355867837864922,-2.5425902224389656 30.472242678286165 -38.6108375596366,27.817965358441036 114.10518911809255 41.85521871721336,14.018867293132594 9.07555717157405 0.2308205976314944,-1.4148957752788096 -41.99664161039791 35.60390123604339,27.91709157443775 -113.61572023142507 -41.56124499107557
-18.835141612293103 -5.610123030172315 -5.449008530510937,-14.283411719020986 -0.5434788253210807 -1.6055376488553208,-12.826829164910055 2.041200064168702 -1.453992908656119,26.298046672669933 1.0121721057321538 11.658830989880949,14.122855664776965 -2.4766285911996246 0.32007524837498946,-2.7083635266617714 31.710023569228735 -39.53549427300601,28.05461656744631 112.81131828371704 41.23411988421575,14.012146365445103 8.971525690655433 0.29722459042938715,-0.7813452865708578 -41.19635045181151 35.42998329498026,28.072967500476324 -112.81628728172643 -41.199225209425585
-19.57876567381539 -5.915133737272971 -5.566366704819999,-14.480870742419038 -0.9347599434628707 -1.3945801559779878,-13.045782616162082 2.09545722332319 -1.262215299024325,26.504815375389953 1.0060630519657712 10.499018023541206,13.859490804429992 -2.3242762232274807 0.3218833975266397,-2.510043209573696 32.213774397013744 -41.464719396631274,28.322162356056538 111.31148387020994 40.50327142007965,13.802176719817929 9.046649793790317 0.10529316233941047,0.8542730698748581 -39.52262791124215 35.018746788183726,28.180385638199013 -112.23127045952255 -40.94357336046395
-20.337029788184942 -6.424656865183207 -5.8127290006712835,-14.711357594628382 -1.5280382333081193 -1.1902903221771588,-13.098570175341004 2.2078178134401076 -1.3058312258359936,26.281681833661978 0.7842893296792636 9.23700181217179,13.590072963662998 -2.087762208589406 0.30089558925320425,-2.0738379847691144 32.07907130781227 -43.71214773082781,28.505538158944365 110.26806035632796 39.98355426219755,13.592467808355448 9.208994378635461 -0.10768434869347282,2.906088035406539 -37.7158027922331 34.58016096047062,28.19807197230926 -112.1089015425307 -40.90505717961561
-20.96996771056405 -6.730662336525889 -5.995511356316945,-14.8947737632366 -1.8613280815503686 -1.0309254699294623,-12.97919809240291 2.4189298175629115 -1.4499366665979463,25.855359273307016 0.4043529237027337 8.139008984984144,13.570051986591796 -1.8897615188174393 0.41699618156644336,-1.525956565842393 31.401490447795428 -45.59141407591112,28.489679410782447 110.34342222082785 39.99584934796192,13.586529083162043 9.366624342847619 -0.10441860472430908,4.788228351372457 -36.51620389832756 34.32419505665774,28.084752487510535 -112.69741230846813 -41.194444402305535
-21.33761319611498 -6.425120073923865 -5.922129710009133,-14.951020735831284 -1.4726438748831467 -0.9547429217115311,-12.681672617303882 2.7694412187350608 -1.5596275988170083,25.452560920146027 -0.07624418113372589 7.471266171189722,14.0548777173322 -1.8529491254436237 0.8300695324781254,-0.9926076663878936 30.276607963134296 -46.4161532321967,28.15952154624344 112.19994394246632 40.86103761476525,13.987869996342106 9.427604584083547 0.352379732191867,5.914822759120872 -36.66416003306878 34.46081832156194,27.799153168506294 -114.24503453505218 -41.92250276395869
-21.3 -5.1 -5.4,-14.8 0.1 -1.0,-12.2 3.3 -1.5,25.3 -0.6 7.5,15.3 -2.1 1.7,-0.6 28.8 -45.5,27.4 116.5 42.9,15.0 9.3 1.5,5.7 -38.9 35.2,27.3 -117.0 -43.2
