-22.097674453196976 -4.422017164580193 -7.180129754164062,-15.129600619462995 0.07154248209694147 -2.0671466898657744,-13.030724829414972 4.012092224547375 -1.2374206419660168,27.02448329982624 -0.3560889930135682 8.05167809170214,15.85815595700089 -1.120981478495717 3.247001772308339,1.0527204079134287 36.520669678174436 -47.85650059361575,26.746875129407428 119.12713710450127 44.086795189741444,15.402131139503199 9.970220117861926 1.7714533920529623,7.364769662985558 -37.565454036601594 35.08524214513865,27.006839547436368 -118.21473218353982 -43.73247081489727
-22.166109923283475 -3.803550511252246 -7.581001209981587,-15.142350696624291 0.6018950510846901 -2.745156619390455,-13.669651382061945 4.290006086550772 -1.000713742612675,28.09619534650209 -0.2067031409266682 8.913888559095863,16.336625328791968 -0.9562324288959207 3.8233851053367567,1.7363185144917375 37.67536971209532 -47.9381502127095,26.12236347391015 121.98080941207866 45.38384132504937,15.767388528034123 10.124737457845722 2.201391838652815,6.918857371552023 -38.15089611040591 34.675238602891994,26.47597222975422 -120.55561667175692 -44.77754351137753
-21.94946323026993 -3.126517192935007 -7.816510486889705,-14.803816857249016 1.034604988928118 -3.067730582957373,-14.28092829934708 4.23798134694731 -0.8815024374325424,28.90236185277871 0.0116083265000555 9.766853874803683,16.832157852493413 -0.930492562515253 4.123667254074964,2.28738503153306 37.97808438179711 -47.448307922456856,25.629679409235816 124.07736344543352 46.3214753596075,16.199996700153907 10.131687552043344 2.3963267461978797,6.1245379671797675 -38.73194640634258 34.206895920033205,25.962578806123393 -122.66487906707039 -45.709319817962765
-21.409307942681785 -2.481003854120656 -7.7925252352116035,-14.025171481603229 1.2602679660462366 -2.8214036579509214,-14.60744609916921 3.860370471999967 -0.9263288060718796,29.104056438397883 0.20750178757976512 10.281444754183799,17.324887891395242 -1.0616671148234422 4.149284680491544,2.7441043367200555 37.29743705179915 -46.571056864317605,25.321440904262538 125.23786330192397 46.826647938618194,16.691007749973018 9.95182157028374 2.270178798953354,5.393661702329776 -38.96669187040789 33.912452619574154,25.5421762485325 -124.26148963334273 -46.40759328782412
-20.595873724159112 -1.9841331635981487 -7.46626842757283,-12.86510621863616 1.2397240356315473 -2.029589474795919,-14.499978400442124 3.284951342143961 -1.063012583866081,28.60718603385945 0.3360159094956433 10.288246940938688,17.768910717936688 -1.3276345406978354 3.984074969801856,3.1358809304830664 35.79700357246419 -45.579823136741574,25.20354591989764 125.54439330097568 46.949423708665186,17.18692211824424 9.599815371847441 1.84292398542185,4.997922111618929 -38.6810534623484 33.94423274489728,25.2632963245758 -125.22290186481163 -46.823564395519746
-19.66254787671433 -1.7508370300090803 -6.888961983317824,-11.532409363999319 1.0073183281424223 -0.9635848169191821,-13.992908153873463 2.7147945715004345 -1.1322291678674439,27.597637848041828 0.4157427016259565 9.840062370514435,18.10612541427875 -1.6620689603217547 3.749302542108702,3.4631806754138763 33.82420187190075 -44.76303358601801,25.250840735077013 125.22174977065725 46.802883203019114,17.608177653746722 9.15458055400299 1.2406813116758313,4.969483338461078 -37.97214576215779 34.2907738665335,25.13526820903528 -125.60277222502724 -46.98583845878307
-18.831286528226148 -1.8541352228978005 -6.211626703891447,-10.321331720261316 0.6454582620038662 -0.03282219210050208,-13.293362620670454 2.3441960558360977 -0.9751394538911713,26.442385195422574 0.5070413882259167 9.175999776641428,18.290550084979802 -1.9697827710056524 3.5447260473314355,3.698910147852721 31.738426724461654 -44.33899369552212,25.428333026084314 124.49026326494818 46.49063090252788,17.882684591388212 8.741372524972384 0.6506707776884539,5.128779097800747 -37.178728750383165 34.782170846428144,25.134090124426592 -125.56760103082452 -46.97087973449736
-18.31963420906954 -2.28800902255374 -5.6425984827948685,-9.506606096864706 0.24932830190374844 0.39568717814953747,-12.689161884141884 2.278293518906832 -0.5307530962982268,25.514199569407367 0.6646570520126873 8.607817961908351,18.311618805896718 -2.1583345211448792 3.4073071303398303,3.8045843853934076 29.787845805465953 -44.386658229883345,25.706389198723436 123.46552783516798 46.059173374741356,17.978266785480137 8.489302379785181 0.2514216832625795,5.214835251858248 -36.72813119818139 35.18003487223712,25.22254608626437 -125.28557900613073 -46.853104756592664
-18.261220019370633 -2.9499940670118634 -5.371462430237755,-9.244809495019432 -0.09976564822735767 0.16209632900077775,-12.42077235783434 2.4945917225308905 0.10898192834764986,25.03143326048043 0.8911519528502023 8.383336857422783,18.20535480521266 -2.172724951144281 3.3089291080289422,3.7491403425585066 28.103157706114008 -44.818594520720765,26.064159730811618 122.14659833243218 45.49513831255873,17.91902080871071 8.48169252566456 0.14958227510418087,5.0431677240571435 -36.93252448102939 35.30024745739203,25.3727536243569 -124.82911429413696 -46.66198432252803
-18.65662789594338 -3.6567406407113947 -5.493882530998989,-9.52514684175671 -0.3445989300828005 -0.6166349257132202,-12.578904623182257 2.8638384669081827 0.7165178430487131,24.988619009553517 1.1162540416810542 8.588120529112931,18.048050856328828 -2.016572781893018 3.192273760858019,3.521436832789389 26.792322103787257 -45.41113888695945,26.483205683764467 120.48366227570709 44.762017251801595,17.778914902083354 8.72237586229955 0.35031291589987656,4.606958199770041 -37.83424864238818 35.0993356876372,25.57774814652783 -124.14827898309667 -46.37134346583318
-19.37752713076761 -4.193848050349182 -5.97373101165904,-10.187998969456105 -0.4505870053661445 -1.6042189738226682,-13.074879171915956 3.2182619220789768 1.0119102452003408,25.20034939111718 1.213355171624089 9.124349102097892,17.935014201695672 -1.7487199478298883 3.0223223277716587,3.1349720270132644 26.04709383521351 -45.88643462929802,26.9384806435692 118.47653113465931 43.851383193885326,17.65670747614024 9.134786834763581 0.7712263977014037,4.072052332257844 -39.1762167110574 34.67742493986412,25.844814571615963 -123.13540328065193 -45.929437904583594
-20.221267689932503 -4.3857342127985355 -6.661388778402869,-10.997092185894685 -0.40364264169407527 -2.3992836684381578,-13.693788087547933 3.4322827025618583 0.7735687315361597,25.42135267345006 1.0460488443712004 9.767907958463029,17.953064017723307 -1.4561482113815527 2.8221563179489784,2.628699414870252 26.158640865663898 -46.01892721515577,27.39401526334534 116.24517844444486 42.81870746897171,17.643959991891805 9.5952492385635 1.2890818196865386,3.67532752999368 -40.51171869705861 34.19955817740366,26.17407794623512 -121.74918557342497 -45.315323722793
-20.989311789194154 -4.159552021770327 -7.359334486656645,-11.72791353799638 -0.21456500129835732 -2.71058461835539,-14.200328970630945 3.4760448162567714 -0.07273925259330127,25.472186434575587 0.524247410532771 10.270557711720112,18.15708022547667 -1.2160379972544504 2.6709377840052455,2.0671582642654367 27.39767697370325 -45.725082095542874,27.80655686456443 114.03441608274264 41.784746579347,17.799153558358764 9.985117153365994 1.794333636117572,3.5870904714055847 -41.40001406026437 33.784778961339924,26.535501030051197 -120.1276474203694 -44.58978134636578
-21.5531412569702 -3.5759061465535638 -7.903064879928533,-12.232366751184628 0.07272123878413606 -2.471202003882071,-14.444139929566756 3.417445730782096 -1.4224915648920948,25.307945009043916 -0.3532416941561718 10.458995047690209,18.55778442636535 -1.0652311503531817 2.664001827754906,1.5378435415666916 29.810887483220135 -45.0978033894896,28.13507683087548 112.15213483560595 40.902693866974886,18.135952849295293 10.237199275949113 2.2277193222214713,3.8146650112413747 -41.59414946544574 33.431459566415036,26.860270929846454 -118.61597603417658 -43.907747268974234
-21.880084166173695 -2.8105746416380546 -8.219211200510397,-12.457395966715694 0.3799564174008512 -1.8440711571124768,-14.415915871750238 3.3753166338236653 -3.025986726887034,25.00791094717753 -1.4852591607530417 10.290997909786153,19.122240273472684 -0.9912655006344715 2.8573538118078856,1.1393110188235396 33.059599822511686 -44.36774621885721,28.350799780231434 110.8733517597174 40.30819991736556,18.625894615849035 10.355129207595253 2.5848687056327107,4.19883435124384 -41.134422284243584 33.02667039422277,27.05632889846203 -117.67308248558882 -43.47618008365398
-22.013351657047828 -2.091544962906007 -8.336243358830316,-12.422175573267824 0.6109241801076508 -1.1265318333817187,-14.2333461339938 3.4507895120405037 -4.5666192809896975,24.71069344513446 -2.687132671496985 9.853247977626289,19.783453832845282 -0.9477629171586339 3.228708084880151,0.9553205131210394 36.427621044151785 -43.80504763726016,28.442843701958775 110.3548688687255 40.07579945558733,19.20962240643601 10.398342036349344 2.892556889961212,4.5025382612803355 -40.30943216730969 32.438164686566424,27.045107318297596 -117.68308255488864 -43.469198121338565
-22.02340248250348 -1.6155163205293432 -8.348446233553513,-12.178964104380348 0.6861340306704191 -0.6087894896290473,-14.071264445483779 3.673315582951681 -5.749915055401431,24.544494075835168 -3.7341202559084747 9.312037540226788,20.453363839246258 -0.8844839638616431 3.6787634853124365,1.0192487968072625 39.0436129791925 -43.603064642724476,28.417831447146938 110.59462460261777 40.19951886657757,19.80920864685752 10.442657405998478 3.174285261159425,4.541146421936231 -39.51084039216711 31.637347936412027,26.80376273734713 -118.75384835161749 -43.93735109258081
-21.959704957478714 -1.4779803765304362 -8.356924852578581,-11.785928346064907 0.5829206680248338 -0.4572091703969745,-14.075023126060076 3.9881269899144938 -6.373293606835869,24.593247154269637 -4.41621428323785 8.844547888681738,21.034944211652665 -0.7755030529868762 4.074302431238513,1.2840107901019997 40.240407456609496 -43.79640650758847,28.29543646901038 111.44515755938887 40.60221331232249,20.337173493747798 10.538039942647606 3.4264023082354336,4.282473112595606 -39.05561459150151 30.779004518005422,26.39129911489897 -120.60412448709299 -44.75656507456265
-21.82774641892559 -1.6456579351628398 -8.420147343930687,-11.305840902362657 0.35978376010497737 -0.6728279027082871,-14.298791190877678 4.289074374189222 -6.36168264046674,24.90568541206694 -4.590662191777112 8.579661991600455,21.432610812291067 -0.6311625779940585 4.311344086893875,1.6176052223740598 39.87947853452682 -44.25191581036809,28.103375448599866 112.66678784084142 41.165272246140404,20.702962544844596 10.685050041846495 3.617926738981071,3.8628020132935696 -39.05878549914611 30.182279817025275,25.94183063023023 -122.610014631527 -45.64859146990152
-21.599445886144824 -1.9813154587477435 -8.537350450751397,-10.822610101853062 0.14744687152043268 -1.1322193620621475,-14.692422296112015 4.477174090544622 -5.769674765207633,25.52004825910365 -4.220684849404564 8.566577200890531,21.563137578808274 -0.48912096030660984 4.365144088201519,1.8372328265077953 38.46262057228507 -44.73794626945323,27.874131121427574 113.99454230385167 41.76398001680184,20.821344785154785 10.840304964150834 3.7126827034908594,3.511563213576265 -39.40920547774843 30.208565621391013,25.622367624692334 -124.01218476520009 -46.273680174378086
-21.246027530441786 -2.3074497302145502 -8.66745961247683,-10.45237481242671 0.10436175927981406 -1.6762289995358217,-15.133597526694984 4.513049765899409 -4.758855402490203,26.46575612282848 -3.3912632603089383 8.774816844796021,21.369784358604274 -0.3912979974778861 4.300742988957298,1.776796629429855 36.9471173490127 -45.03942445456056,27.642959832970966 115.19595648760739 42.295664419809526,20.626986637600808 10.945362942411597 3.6994810304172407,3.4262859489394293 -39.848643968147876 31.088651119042122,25.56954838470433 -124.20849968966084 -46.361796216006965
-20.77140201676243 -2.4783330539302213 -8.766375758230767,-10.327299005446411 0.3534974491553511 -2.19333093156672,-15.481291396250189 4.436359318697231 -3.558476185006648,27.72297461394686 -2.2955671876781514 9.118060164382877,20.839816486401993 -0.36048846921564 4.2390858942896,1.3622245411373428 36.3305251933563 -45.06249810173674,27.444794102849283 116.10863831864386 42.694790503287734,20.095303006802933 10.961514634547 3.6116985403285478,3.664931504336906 -40.107703636701395 32.78339037400501,25.831398761676063 -123.01003952791862 -45.827615737598144
-20.226306112613322 -2.4277846476013116 -8.817535364701104,-10.547868582495278 0.9293128039501668 -2.6555933782542587,-15.622164878972713 4.3437341696063125 -2.4143234097047617,29.158874483298945 -1.1905515641393354 9.489686285198989,20.02136265114497 -0.38934661113029945 4.297457780579865,0.6585524953898694 37.19704288417105 -44.875974719116634,27.308135099722147 116.65765094320712 42.93625341710826,19.263884647308373 10.891182331389565 3.5236633349582465,4.1120253675723175 -40.03195769378528 34.951559727615454,26.340376323926865 -120.74580145017804 -44.81772655846636
-19.696239592566375 -2.1737594127509388 -8.838014944531297,-11.122900745430202 1.7611121186931311 -3.097067623129448,-15.492985861079731 4.338432714222011 -1.5309593271122723,30.489740934593897 -0.32884346896084393 9.798646723139694,19.03205213785703 -0.4464921245896827 4.535902949401383,-0.13958730675731124 39.44845907454882 -44.667124244120814,27.24676346109266 116.85724605892337 43.031453767374366,18.2447059886605 10.77536313850663 3.524057473158677,4.535086784286406 -39.644423103662234 37.04999386504166,26.931854936189072 -118.1620130269422 -43.665623780257114
-19.271364029531465 -1.783376675530771 -8.859535966554144,-11.931028029672259 2.7018755646586823 -3.5574699642386367,-15.080332052423643 4.4785279065669 -1.0183817897348961,31.318035925190944 0.11536559852997262 9.996858733442362,18.051432438829494 -0.4945818110207129 4.936529596756028,-0.7776854849064987 42.35716023823147 -44.632703803015026,27.25313857705577 116.79951655796344 43.020774458859556,17.217560565013038 10.670429787292017 3.67901599013968,4.700706972065634 -39.12554657773101 38.52859054094575,27.4029271052426 -116.14960627193004 -42.76949172082073
-19.01527504822718 -1.3217595515639649 -8.89967237512247,-12.733027484494443 3.588828337480269 -4.030373040833639,-14.411608646570595 4.7496106988737665 -0.8609013242144654,31.258010893123476 0.10121566737984145 10.091584611242217,17.29285061329869 -0.509038994265815 5.423363474181304,-1.0444595190493942 44.91817553491807 -44.86064089386841,27.298290097967275 116.62933235857658 42.963272198586466,16.400341028099135 10.618703894521516 4.003152915233846,4.490060595403486 -38.72977178656733 39.03738757137112,27.588619828468417 -115.40849096279615 -42.44161010870071
-18.947764726419017 -0.8148437729986305 -8.943890826761166,-13.24158908789142 4.305855657900314 -4.447814750108067,-13.551448560052624 5.074145944315144 -0.9257739019317186,30.10983306181561 -0.2667248868048897 10.138677085152999,16.95746760585619 -0.48692906732174857 5.908012284486505,-0.8615279622990984 46.3254473586571 -45.26530817604575,27.3406210254966 116.50590588588999 42.922977127248984,16.000144823107775 10.629579310373385 4.452722110042479,3.956112228505482 -38.68085627301032 38.55663558993038,27.4245039454729 -116.1856289629977 -42.79105068396933
-19.046735637258376 -0.24673026279946605 -8.951175303877248,-13.225299241471264 4.817479122937979 -4.708952669997774,-12.606350248251635 5.350718049846332 -1.017019201206056,28.001297832242138 -0.779279895725165 10.216961604563913,17.18088911662958 -0.4422082111150565 6.333581684438925,-0.3154141275220531 46.33523907465848 -45.614413497936845,27.34130904582344 116.5576904702977 42.95270562023183,16.157480289296334 10.680813621244534 4.943962866661007,3.2964270177481594 -39.08901334897761 37.39579017588662,26.970028517759456 -118.19273366086746 -43.68728040393275
-19.263238879611016 0.4085545018465538 -8.880391823459984,-12.602854699825915 5.1599464275494595 -4.734361519653255,-11.7269044870206 5.5023056855942505 -0.9590263861461469,25.414905461313197 -1.2048469537840243 10.390974929819334,17.98833204286799 -0.3918828741497833 6.692877749664555,0.3864288707836393 45.34036038312271 -45.63947020608627,27.279645119411427 116.84484449368938 43.07953656420867,16.90066427639379 10.737508043335303 5.387381632194925,2.758594663539915 -39.91617881597626 36.06572444100726,26.38339106663844 -120.73302266574198 -44.81777825546455
-19.538099296443328 1.1416099210572077 -8.721137291326638,-11.483806496487773 5.398387513165472 -4.514274671881053,-11.091626871782918 5.509999446311994 -0.6758036221845392,23.062913874705743 -1.3810983782045134 10.676350887934325,19.27461962724452 -0.3425154961439242 7.014058435151567,1.016576339863915 44.130246640617166 -45.17745904624634,27.160564589376186 117.34554920901711 43.29810776594549,18.126636962286398 10.776378196223277 5.7215404446853615,2.527351434215001 -40.99289620336413 35.0820897806623,25.859017943539143 -122.97921627066424 -45.813356793796004
-19.811430083294066 1.8783515430678068 -8.509756050389198,-10.134566368541645 5.576923867215383 -4.124363815494358,-10.864372037897857 5.417493404456043 -0.22758294886472583,21.644680625668325 -1.2765570817576635 11.024667530029209,20.81958235573599 -0.2853670268433506 7.3268848238167195,1.436971916190949 43.472937730719906 -44.27175676455051,27.009977083443815 117.97495057617168 43.57617247287506,19.61766882902606 10.800691361626996 5.931164355829429,2.64818495170045 -42.07272845690169 34.78258653221065,25.553874131924324 -124.28511974377139 -46.38790709936935
-20.02458925078209 2.488946181849918 -8.320063764826406,-8.882325401208089 5.691057054183945 -3.701532907775838,-11.13480377626406 5.30672271608138 0.21705919800602258,21.58311573081145 -0.9933267166071814 11.338765648426227,22.338851346978092 -0.2024249963065387 7.633559614551173,1.6622257644067777 43.7404379789286 -43.17702671189635,26.859827171728938 118.63045542931215 43.871407878857795,21.092657868876522 10.837561168355249 6.042907173764492,3.0206393950449284 -42.90295885173386 35.228199610535505,25.532452964180287 -124.40531992340625 -46.435970876883786
-20.121467403705388 2.8362272851013506 -8.233347808948917,-7.998023982814917 5.697355996085557 -3.39290715783526,-11.867732239484122 5.258287927951137 0.4641371352915269,22.856468897443982 -0.7087535428066465 11.515935505433387,23.557839567797426 -0.07864646505072238 7.903619602180277,1.8445369049788747 44.765586600706406 -42.25868204083778,26.730678071825782 119.24235972247482 44.15209202027563,22.28025036683889 10.920071188935518 6.10323108303266,3.4585746224548544 -43.29193909000693 36.21748004117778,25.75129493060716 -123.54246781475877 -46.05217574278885
-20.056992556957333 2.8417913888436988 -8.304110317771087,-7.6083281235392795 5.552736148190778 -3.3025872038143813,-12.89100559185782 5.315739578672297 0.3926128717988986,25.004840849120118 -0.5836701559710296 11.500860005330136,24.28726525509206 0.0877486090007698 8.09568574520959,2.187276014786124 45.98799107876794 -41.83047830717116,26.621510802593132 119.80348761815326 44.410975253737064,22.99268462473223 11.065498330353423 6.150926911027709,3.7831939570556252 -43.15856696831389 37.39470570518062,26.086664338475817 -122.21707746949328 -45.47095192916967
-19.814471575255304 2.535382709759427 -8.53971167984028,-7.671587219657326 5.25767523440646 -3.458394569382405,-13.93820857397401 5.468904653895672 0.017026372963559355,27.313400137453087 -0.6826036188750413 11.321584491553805,24.475789767775325 0.2832242711027249 8.19066378274648,2.8307423011987733 46.79198227809796 -42.00702241946295,26.512921473689094 120.36039660748489 44.664123258890754,23.177190264122558 11.262721298969646 6.198140192159199,3.9026154756743474 -42.55400260096776 38.398741983309954,26.391280951484397 -121.02686739400852 -44.95756058915318
-19.42410293502029 2.0585203879895446 -8.902978649229073,-8.021972868084047 4.875036636836603 -3.8084841621715264,-14.736830268389884 5.661352967363146 -0.5207599515424424,29.093477225092325 -0.9464715493549475 11.08663093924964,24.221101677496463 0.4856737093954337 8.212738868499109,3.7680801182740713 46.844570964406344 -42.64389635652184,26.38258921839114 120.96849252769663 44.93410223644727,22.92735497754454 11.475993376290758 6.228295983005399,3.842905436344518 -41.64961652383707 38.99171873847969,26.555205647785975 -120.40153369358228 -44.698672689381134
-18.96939719428875 1.6148002879660726 -9.33302847102759,-8.455122514609743 4.510469262187345 -4.243729786554303,-15.107794264230485 5.816313215199481 -1.0287551156545305,29.9382884108416 -1.2318434489148524 10.939393044781227,23.733901439916423 0.6748032024136221 8.221610533974243,4.834050644639124 46.254136236754576 -43.39754937597571,26.22470510480211 121.63397832405762 45.225788698764624,22.449011886754807 11.662412567787719 6.210280958641362,3.721855037143191 -40.6908203970847 39.12393384243805,26.546110467213577 -120.45120085511894 -44.736608351223424
-18.57111735774417 1.3864002897083707 -9.769779683388386,-8.812689364326932 4.263433839006987 -4.633564806031139,-15.032196007438106 5.868652044896995 -1.3702168183034582,29.843916641191782 -1.3957423231129793 10.988888463000402,23.26551853728861 0.8390047960421874 8.277764177029436,5.772201700813744 45.47860714113301 -43.87948963071791,26.062102327866597 122.27535643331802 45.508299970840255,21.990335869207776 11.792552465046235 6.12031806393251,3.6839967324374685 -39.92566992239991 38.92204984196821,26.414342192943483 -120.96011166279739 -44.96953677546239
-18.349261458530503 1.4550659531059815 -10.167758538763719,-9.028950220224605 4.176319627800266 -4.862701722180249,-14.65274948803925 5.78992561861297 -1.5381554583653556,29.151125874090326 -1.37979253408018 11.251336187099671,23.023378268181308 0.9744875891848294 8.400914413676897,6.346385829668771 45.051415024115244 -43.8330311033346,25.94303751103244 122.7298300455036 45.714739559200794,21.758795472717715 11.862345450871755 5.959848709973386,3.8305476879291693 -39.52803810145296 38.61702333733511,26.263450964186067 -121.51429943045295 -45.21118583424574
-18.37676573137701 1.7660524405985 -10.494230247511187,-9.125429893999536 4.21187855396886 -4.860737080826553,-14.20651562994738 5.597940632291976 -1.6542611178529314,28.347181894900128 -1.2465593691314507 11.635066233684114,23.103763008482325 1.0782043098849274 8.548414553001438,6.441101394154847 45.28670482286098 -43.249115463073494,25.922491889395353 122.80818516138983 45.76305016159593,21.85332921200108 11.889974602870492 5.760460534220953,4.175815235451486 -39.542072036843244 38.445732298790624,26.200607565908474 -121.70004115973138 -45.28040364260898
-18.646121788263883 2.154184328640091 -10.718734839423442,-9.16648224249084 4.274213747849172 -4.620945309501291,-13.91808265979703 5.348897342508817 -1.888673664841662,27.82827170074712 -1.1458854029262804 11.98098652443586,23.46563462540619 1.1407768156101958 8.63048454014252,6.102501019707795 46.124094971097804 -42.366674356676555,26.03634499816298 122.37641708181387 45.59036743802456,22.235705196926215 11.900619803753822 5.573650334600643,4.645741851021058 -39.87148110852753 38.562836896635034,26.28822529837237 -121.28824159682486 -45.08201302622949
-19.066722411255533 2.4214403555292097 -10.807471323726045,-9.205978819007468 4.263981886387013 -4.2056520029101865,-13.902018755050014 5.1162239035727755 -2.3430329907499763,27.73384284878661 -1.2273467024796174 12.141704837582273,23.95429086829132 1.1459409667704548 8.557673450562287,5.503462430443898 47.18453873299551 -41.55848191377712,26.28121299454999 121.42667377228395 45.185507450288114,22.751296189888723 11.908925513463812 5.450499092077316,5.114054063017442 -40.32203836047719 38.990265097406194,26.516058759225537 -120.33345064722431 -44.64765910662632
-19.497232408447697 2.4299969891330013 -10.73211748626947,-9.254980805099297 4.138229139222604 -3.7347429724980064,-14.119692589062945 4.964009789662581 -2.9638702968691053,27.921795768419965 -1.5460130099319196 12.059944387503634,24.36487471268693 1.078600104445897 8.295496112404154,4.854626280824705 47.98772891919323 -41.15809680802766,26.610607870155846 120.10244592913972 44.60373640588711,23.1911827320968 11.909939762911236 5.420797859838989,5.456503528239127 -40.68340340848367 39.616738734531666,26.803719852789634 -119.1554390109404 -44.12390161467905
-19.800309801235667 2.166432210429683 -10.490933438889446,-9.284532422957101 3.9411753046855926 -3.3550841552554456,-14.409725153765477 4.924113547350798 -3.5409181876403295,28.08161453891047 -2.0149201328713167 11.804260265575772,24.520699130343306 0.9371983962079805 7.894258716103128,4.308545482630139 48.19783296112905 -41.31048246876886,26.950335197579882 118.6624835232197 43.955186563249434,23.37168541465535 11.883717925088849 5.481070278624052,5.599288427332116 -40.817227383106754 40.244058672180145,27.03120766516018 -118.21811081549059 -43.716017375068674
-19.89560695032373 1.7463325792167916 -10.128280729390475,-9.256399503776526 3.7871612567589903 -3.1947199841395433,-14.575942621595857 4.984785760860577 -3.799998207358679,27.917791973832745 -2.4344598473192 11.540304690295212,24.33624025000482 0.7420769155285672 7.47386601827756,3.903737308631239 47.7622830096201 -41.91539515069313,27.226681229283155 117.39508938889423 43.36973705879873,23.200749696485524 11.810319890747941 5.596738135565547,5.543550698105713 -40.712855949450294 40.66356190544214,27.084631027398203 -117.95677021619734 -43.61149002685641
-19.787455340407245 1.3574947912329072 -9.73547921637405,-9.159550359919933 3.803018156144305 -3.3151416187207996,-14.489255439397303 5.095302742529752 -3.5464409818495257,27.30886243663447 -2.587814546440316 11.449393248260652,23.841719704973112 0.532758370137604 7.1681405004279855,3.571321445834802 46.88260398032668 -42.68607775154074,27.3947698555629 116.51615132868247 42.95142782029119,22.706214752719884 11.68569902579485 5.717504763394535,5.359402954372529 -40.48429243403704 40.73721242055325,26.899473646264795 -118.61878007443507 -43.91208070614128
-19.555920709429436 1.1700396790701824 -9.424662660317537,-9.028841273457418 4.059966785384073 -3.6817819684483606,-14.153948177619657 5.186035048743067 -2.7826687178286305,26.367869396032837 -2.3545660488144993 11.63518925078709,23.162484707409988 0.3533985711480955 7.05711180322104,3.1933706406235443 45.858054951636994 -43.2898465503199,27.45457503475744 116.09075679868207 42.739921718871805,22.016861724900444 11.528638422142738 5.799582225518554,5.154771305515138 -40.30781012926896 40.455242323040075,26.485727201989175 -120.17251050919893 -44.597496539955586
-19.317550217448876 1.258046382084722 -9.283700653855387,-8.934154722724976 4.53197586141017 -4.170604577315789,-13.70715701807127 5.197565942608735 -1.732363576186084,25.38406703820826 -1.782263814957884 12.067647513967,22.46490562060247 0.23328721949454012 7.124776404025791,2.677441279412273 44.91075078908961 -43.499522299714606,27.448190965512296 116.00767098761692 42.69360708706165,21.30661901016529 11.374464816255465 5.825763628767512,5.032463983433303 -40.32679981674973 39.94816563752161,25.926652086716587 -122.31178090935718 -45.530665786861114
-19.175856278826235 1.5715126804089619 -9.334454026893644,-8.945648085268573 5.104175324806638 -4.614941014311669,-13.353459034772648 5.107861793989196 -0.751017799296136,24.68400114104427 -1.075772763309226 12.595310627135966,21.893273914992445 0.1734177872217197 7.2678222322181805,2.008148365127779 44.09763647759971 -43.28315667298622,27.440745660598846 116.01458643837739 42.70052197564095,20.726963012032652 11.25925499828793 5.815337439831229,5.0516553045794135 -40.56593599335323 39.445636939583835,25.352706437970078 -124.54911033815054 -46.499933652585696
-19.18447604185348 1.9722670841371905 -9.519022620611379,-9.094023943691615 5.628412326134705 -4.876597509407664,-13.267903879335655 4.945499785754025 -0.16407509242300922,24.484439362463707 -0.5067911013798201 13.021382243467874,21.52386299991709 0.14774537671764976 7.3534634945728925,1.2538348875078469 43.34791225513599 -42.793444144656405,27.494287095173632 115.80009074286036 42.61334778686787,20.35599127214156 11.203790666987791 5.819844099142572,5.207558142862004 -40.89307375447652 39.19454861607491,24.900705920926008 -126.36264812194808 -47.282124467108915
-19.33719718946943 2.3153038884160164 -9.726052431789334,-9.347171652798647 5.9976488370785335 -4.909344085692122,-13.515115448383304 4.781185103683501 -0.11563407145454428,24.806075170576644 -0.2885045049423618 13.204606314607544,21.35265720583959 0.11967822947947916 7.296640288752086,0.5327312549708452 42.58003803466175 -42.26932939194266,27.645858408187387 115.0943956570535 42.29713062819551,20.183548395679765 11.206361227297212 5.906058681928691,5.436477794688154 -41.04658315185383 39.3665205906041,24.67269899279256 -127.34703821488138 -47.70545070591687
-19.584160816016976 2.5338475576141213 -9.847450015297984,-9.6158001458647 6.200394514054537 -4.781696452845608,-14.022760392578796 4.698603097733298 -0.5085655544998087,25.481420116461646 -0.47976783507158777 13.13174642858709,21.317155385817244 0.0651176946474481 7.114208394373761,-0.03706685243828087 41.80452065642531 -41.90457265286472,27.89748578513676 113.75831686175091 41.67523080341783,20.134626685513417 11.24791915709476 6.132346205174639,5.644288808756594 -40.71845409390027 39.99186955623039,24.708154526039742 -127.32090517787553 -47.69332122678767
-19.861011191147387 2.6838753446394197 -9.837108287387466,-9.786219616699315 6.3264429178718204 -4.642943027378205,-14.620028986833082 4.755685018321373 -1.0701799951310123,26.243343993884988 -0.9684195181663339 12.922736669211153,21.337771432683482 -0.011407138859049981 6.924223722952167,-0.3762697844025893 41.13618092619253 -41.750932765311916,28.21940578160728 111.83656112738153 40.76021922756829,20.116198005656884 11.305591898686174 6.526970846275456,5.747084075610255 -39.662266637868235 40.94805030579719,24.977547261319614 -126.3609573062493 -47.27771374809304
-20.114066741905003 2.923307715681531 -9.73899769835718,-9.765939329042945 6.520405765200375 -4.644829111150315,-15.119922511377258 4.9536699312599 -1.5103934473000753,26.84571193975038 -1.5417161646876487 12.765210712076765,21.357407890723294 -0.0779442493002569 6.8871777389206015,-0.45719562935150204 40.70866819091258 -41.70227203599086,28.56220553569596 109.56222495702882 39.66069019270159,20.063558815338958 11.365746523557178 7.0761698201729395,5.70666545427554 -37.788489950604664 42.00763808016503,25.39752521414846 -124.7583629301361 -46.58106378695363
-20.31069672789312 3.4332152773776974 -9.66616537564608,-9.522945731544153 6.906428105922638 -4.856554330295597,-15.403758119775503 5.229879518423877 -1.6880505162760833,27.159132848505237 -2.005552717339947 12.813027903553472,21.361383108957792 -0.09446915659790955 7.117844748905066,-0.2952382531846658 40.557574500515216 -41.56271546923407,28.871322690846412 107.31065394587986 38.560820514248505,19.964998161503704 11.428545604873833 7.7260860520344785,5.54403059922641 -35.21784713934587 42.924085371211746,25.860498308968516 -122.91826676000551 -45.77525326159818
-20.435225757184106 4.3175349018433575 -9.73823662858265,-9.103537647099865 7.521868085883179 -5.218042428405534,-15.46687052585107 5.480309056307908 -1.6944160974094156,27.203120593112253 -2.2881079318198467 13.102936712970166,21.37146198298362 -0.04023952356421012 7.613846850528691,0.06430181190248385 40.56654683697037 -41.159702590985354,29.098892341871164 105.51125761290322 37.67609768960936,19.85607977835056 11.501637284771975 8.397364574572027,5.322500445687143 -32.27990369383531 43.51607780524444,26.26730051307287 -121.23969347003944 -45.03235667772282
-20.479536223361173 5.5296924924712325 -10.008929427503823,-8.62319478358635 8.292436120832436 -5.559698016918462,-15.404945873892629 5.603884903445806 -1.8057674122940897,27.10880864810397 -2.4720764168487084 13.533833913696235,21.421013414849774 0.06677655547822048 8.240129683181966,0.5494830981515262 40.532464785287296 -40.44238957539889,29.21136110959087 104.53594226713989 37.195310441391776,19.790349200042478 11.58767390985147 9.006428270666518,5.106352603852935 -29.459791169687854 43.71301778287072,26.551866786378937 -120.01544173260476 -44.48264156179998
-20.438814997676445 6.863285272357254 -10.423108044284206,-8.235033884286045 9.059701361126354 -5.683106454613535,-15.350133089548436 5.548502185415069 -2.3272565861233563,27.036996270065465 -2.7383270470311656 13.919354544364873,21.526660387721538 0.17110637961499775 8.780364881582384,1.0543949276213576 40.32354021986055 -39.51630078467613,29.193966565540606 104.59192561204041 37.224421287038815,19.803992446242464 11.674362376647068 9.485167684814668,4.914660408674431 -27.305676443436354 43.54508071531868,26.69118980387213 -119.37983980510113 -44.1909915703597
-20.316501139762046 8.01482255138666 -10.82944866045985,-8.086931471282607 9.645789250205398 -5.463738418863412,-15.390393686477049 5.336286009169896 -3.410027389966346,27.09191290491637 -3.251886103520669 14.085175624423723,21.671549632973274 0.20333042820637937 9.031567311124276,1.4353662033959662 40.030909422105644 -38.599383028043924,29.053468178622726 105.65149913855045 37.75018822098479,19.89294003576653 11.734251529977339 9.79207321536246,4.695893618672927 -26.313673522694458 43.09089363663501,26.70017736588181 -119.31168050087885 -44.15528375215098
-20.13337255983883 8.693248412555644 -11.046137394004198,-8.280079792578146 9.923098021068357 -4.922307192901931,-15.513002900243452 5.0543323633837085 -4.940208035570427,27.267732096758294 -4.052647953777456 13.958944130786426,21.80754837937204 0.11486913760794726 8.89539306190272,1.5289757948761808 40.00037427168372 -37.92421126449128,28.818776381388357 107.44678194802808 38.63807843348852,20.01248214403888 11.735414145753735 9.912223027497486,4.341762979739003 -26.809593936202866 42.41811139237416,26.616697032464586 -119.67891755085547 -44.32234649435744
-19.93051706223694 8.729234147739168 -10.948293074699043,-8.839750073872377 9.857035712012589 -4.225288856853441,-15.60070546412521 4.81391205847451 -6.562173374589314,27.447272955140402 -5.011158886018561 13.605808316359147,21.87309905081749 -0.09444498000290935 8.420879459558636,1.1988613066539004 40.69198765945374 -37.63606532969674,28.537315716952502 109.54058965128168 39.669313576036565,20.096827775663165 11.657346630862973 9.849022683647128,3.7401127577339834 -28.851430022861692 41.55421044063175,26.484791597974844 -120.29921449649623 -44.61201448978718
-19.758666060301106 8.137106405424442 -10.53281590217978,-9.705324497026112 9.50574033806382 -3.611276864306821,-15.483240023646902 4.697534527942488 -7.828318542246892,27.44982039373628 -5.875337341824318 13.192935081597016,21.8159724230101 -0.37167372950055 7.778153635780372,0.39750269734179 42.41973082234621 -37.73557795825527,28.265138995948274 111.45799049579182 40.60796074645246,20.086220839711256 11.503023711059686 9.614476005363553,2.8446582899230375 -32.18099113985508 40.50481273810482,26.342932049479483 -120.99067940342968 -44.93927292964048
-19.65567597240991 7.103590809015154 -9.926755429236128,-10.74242319415036 8.982999711371487 -3.279489218708947,-15.020268310786314 4.7205737853584075 -8.40096482619246,27.106594081947577 -6.385676635621801 12.904940541547264,21.60941674420141 -0.6327728753022149 7.1777413541161526,-0.7879002372512625 45.109690271431205 -38.089975383069245,28.051582846960446 112.83658068987403 41.27601472512298,19.947194207991764 11.300196577383973 9.224951700674712,1.7258413337225627 -36.25109995498022 39.305707787413,26.220176181324018 -121.598574330769 -45.228243745361155
-19.623825834291562 5.910154408038978 -9.334025434816095,-11.77525924434871 8.40715783490288 -3.298149239267217,-14.176637445157803 4.827794383471801 -8.204547370446804,26.33364165922415 -6.400192588875941 12.857398098464047,21.255831782083693 -0.8005010861012969 6.777066951309866,-2.136987024863509 48.226876978785796 -38.50247000943425,27.92316956992761 113.54001557419137 41.6086713250407,19.6776311793736 11.091362485203566 8.705570590978141,0.5711473209754798 -40.33954273157519 38.070632019200886,26.13844188286307 -121.99970360987285 -45.417544350112486
-19.622144426254316 4.824476034258614 -8.947135706614846,-12.63204549304197 7.8617991854262606 -3.5810855999731315,-13.054109027917635 4.927597167665727 -7.452338742631782,25.174244588716384 -5.965246742096744 13.053899145113174,20.78016458182334 -0.8383010218193635 6.620646205290739,-3.35734779943036 50.942853182112145 -38.80274746978653,27.873834496258965 113.68847046242561 41.66758725103156,19.298269884077516 10.91841115981993 8.100304133891344,-0.37447079419733686 -43.73217126013968 36.99499484781852,26.116178394479096 -122.09798709052409 -45.461219684592486
-19.5828329783979 4.008483750427273 -8.868399667524493,-13.191224962146295 7.383511262221649 -3.9448682110820106,-11.863436215646052 4.946858006855132 -6.537168066967862,23.79457700809528 -5.296586803499429 13.405312227550422,20.220678597053475 -0.7619345680557331 6.641340593678616,-4.186464769127181 52.48630373695751 -38.91501816000368,27.867236861758677 113.59114112748617 41.6060239666091,18.839946363618875 10.810672039372658 7.4798895548810345,-0.9064938679974544 -45.924586087627056 36.29911928535713,26.168893603519386 -121.82644717284728 -45.330625968358746
-19.447657573902163 3.480611031814112 -9.079197943075064,-13.413764544770004 6.975281041779994 -4.215233802199421,-10.847798379623155 4.877423384722885 -5.844682307083817,22.433605806133542 -4.680932176945765 13.793883775591503,19.62442991491559 -0.622676107173214 6.717563803128935,-4.490376863683124 52.50833426266949 -38.87508273778275,27.85184245067402 113.60746176022151 41.600052412028916,18.336757161386576 10.782271039941953 6.938768920234863,-0.9518495495031882 -46.77125179137473 36.13130496040156,26.304935582214746 -121.16225252288251 -45.01994457794035
-19.20737791201439 3.143677497463072 -9.469637603930208,-13.349279975069544 6.630854592530138 -4.324363327987063,-10.190853136862007 4.788405574082426 -5.58410526850393,21.3258916367408 -4.347664703629443 14.140497665661693,19.049244709899124 -0.47172930010097436 6.752881309278552,-4.3106901445878485 51.269200770862305 -38.79493495423251,27.78303637766304 113.99610747911213 41.77511880978833,17.829253523413534 10.838186552803425 6.576577997696625,-0.6054945561501454 -46.517974634499545 36.480221348271606,26.518805865465406 -120.14817528431942 -44.553265384160525
-18.92278370112752 2.8596817197122637 -9.908779368793818,-13.112162713273076 6.352371918726927 -4.345178994008743,-9.95011090033037 4.795449796439186 -5.7171268534507576,20.62795739605513 -4.372583528506695 14.434475773225447,18.56709828839344 -0.32636560966987915 6.7346540728391195,-3.8333742192932174 49.53414961431972 -38.79821716195482,27.642343921097872 114.81716994173503 42.15947707464982,17.37289413443954 10.982409693843639 6.467613174694949,-0.08801079561548442 -45.69247679734478 37.149493745576535,26.78678470802471 -118.90418655147296 -43.987467610524334
-18.713304524119536 2.5326924033348384 -10.315074334428079,-12.835771664743175 6.151026001661459 -4.443299910533141,-10.045613436862919 5.000649838514869 -6.010279989638424,20.3796392877216 -4.656199464028267 14.710500864652522,18.2603593616764 -0.15778855670966796 6.741512708072507,-3.29111533304346 48.2145341588341 -38.96058446892522,27.444611409058542 115.92818011349223 42.6834106794197,17.041209459676196 11.220167006513465 6.629370900575306,0.36154462625944545 -44.885873425756 37.82007815459922,27.06923876816934 -117.61335262074967 -43.40501910787666
-18.715201215887372 2.1597169668185296 -10.68871347513526,-12.622921966841421 6.032765783243449 -4.773007865399388,-10.309553948898227 5.433025056960909 -6.171388907461147,20.518801644005386 -4.979709777516484 14.991204269589293,18.205169196395147 0.09116349374503824 6.897594372310848,-2.84608877630058 47.927640955888734 -39.28212749119513,27.229768611985744 117.06976066372032 43.221386014753975,16.914581147503956 11.550449107992549 7.0045117512767,0.6079348134416704 -44.50969654512467 38.180724154803535,27.320758517297403 -116.47745362351829 -42.89488313058469
-19.027490815715506 1.8267499571953296 -11.090581214286436,-12.51374635878097 5.980520511889274 -5.3752933678658295,-10.57501093317293 6.020643834799423 -5.991595182315051,20.944121258249737 -5.1044015552261435 15.236234842463746,18.444207704061196 0.46727761827181846 7.299280278448615,-2.5124650708290055 48.69865946268745 -39.699928391003056,27.043668197791668 117.99375853519624 43.653969467513846,17.053934912272062 11.952594843751644 7.467134308809417,0.6950086709889762 -44.63189427362766 38.06751178211475,27.504939533715884 -115.65425529492718 -42.52608304991115
-19.670917771621664 1.6544617945956985 -11.583205078628234,-12.484840423909954 5.945984181953426 -6.135938703720212,-10.763425240241244 6.610541415288626 -5.420541140411072,21.595684010827448 -4.864021243091811 15.335680478293042,18.95975897882745 0.9685457025969016 7.9533077780063595,-2.1596554198958184 49.96044281713847 -40.1283894992218,26.918153269311905 118.56792916245738 43.91788015031253,17.469295438391423 12.37659484504144 7.854997021889549,0.8308134951931265 -44.967236859979714 37.54266279187725,27.607571926604813 -115.20110087226054 -42.323712120461735
-20.579128514167046 1.7222359199196757 -12.170263666277913,-12.47885397375302 5.857756490226836 -6.829302808641585,-10.929344191782523 7.028974017683126 -4.547089955979348,22.50942905056841 -4.211006575635745 15.158925851853656,19.661887510403584 1.5284353170005898 8.757743548032828,-1.596509419064377 50.85451151730951 -40.503330656264765,26.860654186549286 118.80678478025267 44.02042849219331,18.099569171254938 12.746913119070614 8.018274411218224,1.2826975106045773 -45.031337385638196 36.86878067245536,27.642010073131164 -115.05088093223848 -42.25816190181081
-21.6248456686495 2.009359571094085 -12.771267484091005,-12.448340218120983 5.643159492870375 -7.226564060205327,-11.23854575534782 7.1543724460847375 -3.51383427905348,23.808670779466404 -3.207289582981544 14.635014457844937,20.40247559556566 2.033806784008533 9.53452950389415,-0.6942469968078195 50.68039602866752 -40.80753949871901,26.8580139539931 118.82006029950793 44.01470139634406,18.817600755534286 12.98311850985605 7.867732232150866,2.22909019715921 -44.39202072693719 36.38575852400891,27.64372875588895 -115.03462350537664 -42.254000609684574
-22.666237616853223 2.383797212091246 -13.247410102298666,-12.389900722191268 5.254119251201084 -7.211488821330038,-11.885089690321832 6.96897781168489 -2.428144034127598,25.624503554522427 -1.9801784110099383 13.818190024554285,21.014956797158554 2.3695814601442677 10.096807787988451,0.5156911358034009 49.26354025567558 -41.06786173698131,26.890982357055996 118.71582669738646 43.95339215086287,19.463754240438625 13.03073133782092 7.404617818946992,3.640328387328656 -42.90335439355585 36.347743092170354,27.655973021018816 -114.94502302749527 -42.216937305694366
-23.589602125254462 2.6463689310009206 -13.465305944877404,-12.34931111122639 4.686518780142005 -6.842075153076408,-12.981675888206718 6.565714000965643 -1.3270227048916055,27.975603581396943 -0.6768788570187234 12.896445444558017,21.366924082460898 2.468645491393275 10.31898423762549,1.8215153382250397 47.055755897861765 -41.3294946950802,26.949665648282853 118.51945626549481 43.850342434819616,19.897173871105764 12.888117590515678 6.721511196331442,5.251082535689216 -40.81170209067677 36.79992515048156,27.712512234224953 -114.61674476549732 -42.069332073080986
-24.328853594726464 2.6119527801267366 -13.363977106633717,-12.393767531666322 3.9867199796761414 -6.32529573927434,-14.472937622230836 6.108698273389842 -0.21300023284302583,30.667554401118615 0.5579797994101108 12.130315538621804,21.404944061555817 2.3420825608285862 10.179042394534926,2.902638563933531 44.9226608131248 -41.623824590310505,27.039852456413755 118.15867611453778 43.67339540728498,20.043898132685783 12.614847526922386 5.974691428239337,6.6448229283081055 -38.680314391757925 37.55662874998546,27.82475485075453 -113.99136930684168 -41.78058426404463
-24.857295426992295 2.191577694771448 -12.988780325511065,-12.56588184088521 3.2448553861625338 -5.918655009454456,-16.11510348667341 5.767530967395018 0.8707468612582527,33.27434805668944 1.5806635333212453 11.747745988058433,21.172355238665194 2.074578901143781 9.758309345178839,3.460554024398583 43.73384091878687 -41.9473752250319,27.175923546147658 117.52462792086067 43.372997796284466,19.920754327529334 12.314701557945671 5.339058005403382,7.416504411185123 -37.16333070953725 38.291719889287776,27.97830256611769 -113.14126966868494 -41.38048593127132
-25.16378016505078 1.4379772413431833 -12.47439963775068,-12.845507582708533 2.5782382079681048 -5.810758561684732,-17.5389937471636 5.656189785636429 1.7856194576661673,35.23378249712978 2.2422823954128535 11.846817399270925,20.791473303004135 1.7874941722148527 9.204232774847977,3.346719081973606 43.96776322249385 -42.26190593016404,27.364682973378976 116.57189549869221 42.92893207787913,19.62410109386551 12.098792376377547 4.961748206845527,7.340394388256789 -36.731208611228425 38.69566531434511,28.139613331714948 -112.2443214500396 -40.950488438199756
-25.233693623493416 0.5328054283609709 -11.98671694129774,-13.143048824024312 2.108568110342336 -6.042635570485549,-18.37698753201405 5.802240657017977 2.3121298869337727,36.03495864973295 2.4027267840177786 12.35625978216007,20.416671971719175 1.5881593574158794 8.676248587846533,2.62681105120543 45.5256804888139 -42.51422183205325,27.590752813210038 115.39413572283951 42.385386799337624,19.288193023429336 12.044582459938407 4.928621909791206,6.465858370720074 -37.47265546755671 38.62028699763246,28.269069913687773 -111.52162027902993 -40.59663919942659
-25.050276726525748 -0.28082926562923705 -11.654623809451103,-13.33204365097754 1.935313338971193 -6.507542871112026,-18.404130841304145 6.154895301200452 2.23979594791473,35.42488063301824 1.9739472630417039 13.074395248955106,20.1771351145247 1.5299612718679731 8.297592858515243,1.5526634964808423 47.83060844694032 -42.6648067869358,27.814141335263297 114.22258767501249 41.849807324822315,19.031412226026962 12.169172860234404 5.250603588270373,5.097421660091312 -39.061648055112755 38.13981224426035,28.334519157633185 -111.16400250339298 -40.41478255815416
-24.616644308903155 -0.7929370474135058 -11.526148381423617,-13.307495619156583 2.107765483011374 -7.023479305072245,-17.633250050493118 6.621005528209574 1.4887876435989764,33.53962931525162 0.9769757532621455 13.766227167878391,20.131880358258208 1.6008479866871625 8.128051423674142,0.4583070348305444 50.13626899929398 -42.7110549354235,27.983841881775458 113.33785993725364 41.45133899293051,18.913197735109748 12.428444872015058 5.868639577216106,3.6698633087832304 -40.900147109482795 37.50097939395112,28.320104404525676 -111.27468158429392 -40.46071741123026
-23.98283808803482 -0.9088758150132916 -11.56770040637955,-13.041112948098956 2.6012661891174935 -7.434218757730552,-16.319955379989548 7.106672498117789 0.19338445739811538,30.888948853937276 -0.42127356680829137 14.268356193268259,20.25339037317377 1.7422645562016892 8.160497917270774,-0.36855324718457005 51.869199086376476 -42.694301721034506,28.061521685989224 112.93735798639932 41.278988113767646,18.91822332748018 12.740912619444048 6.670799679156549,2.5772366275210405 -42.36617758333637 36.99209883556024,28.22819661509712 -111.8454980133189 -40.73495986224075
-23.255584416537328 -0.6849954063350729 -11.700561734518454,-12.604047200842665 3.3072051565508063 -7.682403697504197,-14.870273139433891 7.543912449769216 -1.3087931039827247,28.184759682926565 -1.9238300242896629 14.548751795665348,20.443258050829126 1.8849978029904442 8.334791712234582,-0.780735362718473 52.82694202380198 -42.68757786226711,28.042280566046326 113.03144702669981 41.333805776085335,18.970872284615254 13.02326449970907 7.514572387976418,2.0329327263265626 -43.052401309211945 36.80089077727574,28.075615591070548 -112.76909151236117 -41.18546497065743
-22.576040079775595 -0.3032528810409598 -11.849453362856115,-12.142934569297353 4.047348213559465 -7.817902421480019,-13.685851900465524 7.894264417623671 -2.5899379235388245,26.076765938437774 -3.1813863308886385 14.69434148665957,20.5701070925826 1.981338733347202 8.559919863257072,-0.794470463575426 53.15027837604936 -42.76917926795521,27.95963032943354 113.4315192673522 41.52445834945685,18.96950639223166 13.219866792093985 8.250380908776371,2.0183714483811235 -42.89234937401564 36.93317802467915,27.887335393298617 -113.87626502152696 -41.72512543492644
-22.069125666605764 0.004038238800403882 -11.974746618681309,-11.818480289814195 4.617215314802514 -7.943783729854117,-13.010310995483977 8.136116246323216 -3.300041202971903,24.906374427758962 -3.9080357576317315 14.839161311569601,20.512771930824318 2.0176658843763873 8.737985155646623,-0.5420428540572519 53.119507506077575 -42.992463839891684,27.8697867424322 113.8455265138948 41.713038112777326,18.823169455257393 13.313311761128551 8.745565806611907,2.3322201373259164 -42.131345591904164 37.22924933136443,27.690728028778064 -114.9820208421475 -42.25664740793073
-21.786734251618075 0.04780770710993476 -12.073430171669262,-11.735224196150291 4.850805084270222 -8.137780835241756,-12.841639605796058 8.250950321900097 -3.309820116331596,24.587773617933436 -3.986559052456338 15.077161990251534,20.192954736191485 2.004590382718788 8.787456161569954,-0.18856391483851995 52.91807031503541 -43.36320765244382,27.82201644349989 114.03614639739799 41.78966345179809,18.47592316700544 13.314448283256604 8.908640997497866,2.704558639904515 -41.17455649098588 37.462110645171805,27.51169840520572 -115.92574350444653 -42.696540132834805
-21.674892776404704 -0.2439586317567506 -12.155113394581493,-11.896110554854 4.685216305244655 -8.398718088345941,-12.947930142844948 8.221285608839919 -2.758343752998891,24.670423978764532 -3.5137041344951694 15.40948873792557,19.589442095534327 1.9552197341894726 8.664143975257279,0.14089562883977824 52.511292875793856 -43.83271251590523,27.830591362877172 113.95734254640897 41.736153583956636,17.913438951797527 13.241670199075383 8.71093511323207,2.9149815266780945 -40.39726852490337 37.460634089471725,27.372220005510652 -116.59742630655833 -42.99185425869111
-21.58624041021675 -0.8009038656052809 -12.214801542223938,-12.20328448476935 4.196775401473955 -8.649258325903332,-12.978898307528576 8.042296964923205 -1.9821363357415112,24.554993582999543 -2.760829118713766 15.75367957214208,18.7354475415454 1.8680962082511927 8.376076451031423,0.3911735816693618 51.706555350712215 -44.30922610005763,27.86450214183809 113.79053707563742 41.641938452495324,17.156690406402475 13.104158414826458 8.198956097839664,2.8611035590752785 -40.00819628648215 37.19216123065679,27.288075695794696 -116.94818897305076 -43.126490527640115
-21.337589783069625 -1.44136397660784 -12.224563963488729,-12.503568176587091 3.586472103394674 -8.79023318956494,-12.623794728046933 7.737456536950649 -1.361725558924498,23.76451591568977 -2.06438553318513 16.005204766438105,17.70659724867922 1.7268073601478404 7.985738157955441,0.560121169232499 50.34550072352467 -44.684097934595144,27.862470384221083 113.85185096510031 41.65919811798889,16.252666670443936 12.899711167700254 7.4895336110773085,2.5571568569464684 -40.017018736622965 36.766008319011554,27.266363425359106 -116.98686431007972 -43.1170225865183
-20.789034197060406 -1.9447491650488749 -12.151757581688349,-12.655470293144557 3.111869421227399 -8.769809061209491,-11.746727502131261 7.363865263271225 -1.161262219700232,22.148908587868007 -1.69399228045958 16.111583452456827,16.607061177198343 1.5163583304944779 7.594051418406924,0.6577728849381876 48.498037204586105 -44.86426099541061,27.767195224847192 114.41160270336682 41.917045025680444,15.269587536828915 12.627462953204372 6.74353288892208,2.081159023962311 -40.29748324219603 36.36470668639944,27.303748529691187 -116.76537575876245 -43.00040088246524
-19.90873564623375 -2.134828569300501 -11.991703243679305,-12.58556697881556 2.9875339134241226 -8.622036888844207,-10.442177551580317 6.998453238503227 -1.4363893676179358,19.935667580877123 -1.7559699868289864 16.113106250655232,15.55675653489159 1.2446575961578983 7.306758930264963,0.6740370365956772 46.52784753315252 -44.80045544794583,27.561505183214553 115.51889390527411 42.43869383398056,14.29658305557085 12.305552009290448 6.12220002129879,1.5121287463627064 -40.690881775371395 36.14758195508213,27.387218172185612 -116.35616762296509 -42.81762359158921
-18.79325128148035 -1.9416243149211885 -11.790565886708158,-12.309849753979295 3.2941509174721664 -8.44893645920671,-8.990904617298593 6.708589316214448 -2.046638660876053,17.614830146656207 -2.171994600563412 16.12501929970729,14.677485004373816 0.9532053331403613 7.1931725105404665,0.5763439067513747 44.977191067388915 -44.501820430846976,27.286623143891955 116.92809870131993 43.10718995746269,13.440796480983247 11.979915638545142 5.739243203758794,0.895339283130391 -41.08485930652163 36.18107801684055,27.49833685124126 -115.82686487996538 -42.598545765031865
-17.634406789835946 -1.4209386512721194 -11.637958170063511,-11.915175546285912 3.937260954016339 -8.356066133073403,-7.741610228880472 6.521995494013676 -2.7536554305843586,15.723999937847484 -2.735725639938284 16.271294572940747,14.074343116354989 0.7070274962534615 7.2540898010978365,0.3356649251961872 44.32689068318872 -44.031921656099236,27.030997387194557 118.1756448192905 43.70225787839789,12.813593158835044 11.715332632815759 5.62642215717271,0.24883493405176796 -41.43042998495767 36.428690381368234,27.61994895299201 -115.22014401354825 -42.35312784413868
-16.649275129171738 -0.7291479995593074 -11.626887560907027,-11.516114709451546 4.67729986392782 -8.381587621431501,-6.97520793320271 6.413680045523239 -3.3456036379435963,14.64055684177005 -3.21409705193631 16.609050480083123,13.812171473462588 0.5666122308905677 7.4148329087432,-0.040597355803896784 44.76152398278381 -43.48772445890803,26.893172459563537 118.77833313959006 43.99441998108085,12.503529475843186 11.57075716749421 5.727127366975138,-0.4046072193878459 -41.705473192818296 36.79523078188505,27.742220744208012 -114.54780060619197 -42.07295727303607
-16.006358669525728 -0.06827132470981145 -11.800346133492972,-11.212347586895909 5.2210413508252635 -8.464531388620221,-6.811913227631922 6.319409887643343 -3.722106925772164,14.473991592064401 -3.442643786183229 17.088445545611524,13.893026904231641 0.5564525282902799 7.549539023801035,-0.4948873929480169 46.06773872912861 -42.96925601151923,26.936128516880224 118.45888774899217 43.85171409312107,12.543675773596036 11.571386556598187 5.921575047772622,-1.0111004007227657 -41.86716278370441 37.188937239295306,27.864417477027846 -113.80436541205258 -41.74347485374371
-15.78020219415029 0.3747047578014559 -12.115518258559007,-11.066754177512026 5.335588246865164 -8.475249287981907,-7.196255402184612 6.170347771812834 -3.9036222652430888,15.091884539346761 -3.373288543584035 17.572250833770887,14.245241738518203 0.6484852543057861 7.528157974087815,-0.9379399509117876 47.7186289808763 -42.551202086648516,27.15583090509027 117.28597007792051 43.30578278662688,12.88852508270187 11.69339781449587 6.073502460367065,-1.4888886420125163 -41.83874940345438 37.55886853470054,27.99062602029732 -112.99701661340319 -41.362683922134174
-15.949577675593007 0.4723995518538429 -12.450089893780603,-11.108644186827917 4.934532525220283 -8.293073784234227,-7.9552363920356 5.930600400535188 -3.9751150393644514,16.242003626450373 -3.0616889056499232 17.90452020639202,14.733630596596665 0.7716189466469336 7.2657626519868295,-1.2905580809930957 49.094707918200754 -42.26671068697062,27.480257327758462 115.65584435206223 42.54308178733375,13.415518502897996 11.871422075339717 6.078424911175456,-1.7619824662216117 -41.54791591209195 37.88633818687049,28.121066043434453 -112.17841844146258 -40.95808918538559
-16.431052870902338 0.17438390612234506 -12.65297196053128,-11.350340481574616 4.09849289376987 -7.885760380739872,-8.890786125892575 5.616535197424627 -4.009259033821027,17.688683938121663 -2.612908009075091 17.989230171257052,15.192956350113263 0.844353854066497 6.751672507554987,-1.5233954276017414 49.72187709537701 -42.108296765637384,27.800032846476842 114.12162493405214 41.824156264547746,13.956857953153234 12.026622230408828 5.892940625633173,-1.8015381888078192 -40.99385664574436 38.14326123159796,28.243779993680835 -111.46341799513745 -40.59254791276705
-17.12320005465766 -0.5006030472429234 -12.616040806399106,-11.798518525368486 3.02346899691734 -7.341261919303144,-9.856158684445196 5.286178074383286 -4.019875122361574,19.28624262294946 -2.1218710227101796 17.834133632126193,15.475968151172406 0.8141964153447061 6.045444189728292,-1.6689201637400428 49.407516192622076 -42.04314411527861,28.015844279261827 113.15289454992723 41.3701692899609,14.35282408079703 12.101556509371822 5.534025757866301,-1.6446232489274184 -40.294658680226526 38.25495001367696,28.332298816613154 -111.01420843278096 -40.35308069863323
-17.935599422661014 -1.4861197916396622 -12.329240058082345,-12.448124268903307 1.9249901874784143 -6.828334333436774,-10.781378913513727 5.003858606776689 -3.971126935008203,20.959944316319195 -1.6408174325100566 17.535597789011,15.498772662475027 0.6828707568444133 5.243379263677319,-1.7959625178172889 48.22313477884419 -42.0337863981793,28.07942240648965 112.94318011291729 41.272160542319654,14.505786874197995 12.083633549215566 5.052230683061273,-1.373637633024652 -39.67272777402426 38.103897787867375,28.352426309727605 -110.99200756366443 -40.32385354189245
-18.790687657407343 -2.689877783268098 -11.88767371305905,-13.26177742648316 0.9464226153561923 -6.504071247736033,-11.645346709119172 4.7999257288104475 -3.8292846465013968,22.626236142677936 -1.1845417086998915 17.214796192213853,15.265056002049059 0.5032230814641567 4.433974456156621,-1.9604831087819872 46.3729540828139 -42.053282169239885,28.008503117104205 113.35698095038005 41.46625387669138,14.411391972365214 12.004657951489662 4.495502411946216,-1.0662406535463695 -39.3714250281914 37.58432141585451,28.276514176552276 -111.49100552806168 -40.55258645767211
-19.606300087205636 -4.00776848595741 -11.44376592266727,-14.151224081672353 0.1156042556393877 -6.419487075758272,-12.423118662659402 4.649084017805652 -3.6159585703006623,24.12217591474847 -0.7596398325444278 16.943969677504043,14.858322694924663 0.3486732885827552 3.6655323645102214,-2.1621766031315564 44.04749825349447 -42.08768938094753,27.86985813125259 114.03534901309214 41.783662977047186,14.1523670611543 11.91679011358302 3.8842253224190575,-0.7478205717907029 -39.53983212311566 36.681007566425784,28.098983417347497 -112.48310914197751 -41.024522221776245
-20.280187680199838 -5.329858491958807 -11.12723843480547,-14.980244720557131 -0.6325309959268526 -6.478679040481445,-13.04915501704013 4.481036816570317 -3.421386035441029,25.20691053585348 -0.39090325711432605 16.706868118989096,14.404805140019928 0.2709553097247952 2.9412576158099233,-2.3350363773831315 41.3561550623998 -42.12616616429149,27.74092649274496 114.59781253237651 42.04600436050934,13.857206221203423 11.85813741891973 3.2108285009830615,-0.380861838116646 -40.14765443328344 35.52337027720653,27.845082050920986 -113.80184661538445 -41.656725659276134
-20.696665927510686 -6.544161466715712 -10.974149879905049,-15.597667500023103 -1.3845676747540034 -6.479032607996672,-13.424724673270312 4.218881377035297 -3.3631317705349604,25.650314311653236 -0.12324695454453372 16.416674522248233,14.0226797404413 0.26849777609154224 2.241069493721712,-2.381148744825472 38.369697160916864 -42.146510501276616,27.671067719921222 114.83145221591592 42.15429840752249,13.642440165449106 11.826942496837242 2.4627776432363087,0.09553186423277338 -40.98189148550449 34.37235333399874,27.567306259896636 -115.17879570114532 -42.31767273149832
-20.76056732783742 -7.544824686074269 -10.90290397720134,-15.890594904432545 -2.1706499230150405 -6.214490574735445,-13.468104131842761 3.824398321649907 -3.512362414728867,25.364218113099177 0.0034228923063407968 15.979861552979164,13.779279666578336 0.28244675988190476 1.5542918122955824,-2.2313167936507554 35.22498552674186 -42.10733291340188,27.66255824551354 114.76945979349311 42.12557632221122,13.56490642385176 11.778675438277856 1.653873794249987,0.6957549012681863 -41.73490831116693 33.53237546225622,27.329636880975592 -116.32222675216273 -42.86603854191792
-20.443987482225513 -8.247134568914671 -10.751235599024264,-15.832816884757396 -2.924202615942502 -5.586889195343826,-13.177189846926204 3.324569081213588 -3.8335891221180787,24.496351958692394 -0.011135309329089516 15.36612367028776,13.673983403471077 0.22290810821174895 0.9019999909089065,-1.898598840291212 32.20002786323283 -41.95524884162605,27.67989583160167 114.62447832459863 42.06085692737622,13.605310268189747 11.647831938828743 0.8433014900639305,1.3319644059774047 -42.142888490904596 33.22418779440346,27.18589833231271 -117.00699319541354 -43.19360004539532
-19.819160615502664 -8.605506167868999 -10.356404140152614,-15.501586112491765 -3.5020220987355364 -4.663546679035468,-12.662910185043712 2.8035292608972044 -4.179316636829265,23.418932347278385 -0.10921874129090725 14.639779232841583,13.652247331039582 0.012304254789873126 0.3351334542329609,-1.4921374450561773 29.68599871035771 -41.64761133172042,27.680198048467265 114.62203942530678 42.066120073299295,13.68887966251975 11.382835697535814 0.12813026435370123,1.8162796851506866 -42.103485346727005 33.48177281418822,27.161810309473864 -117.13821716231837 -43.254945362621456
-19.05420047069483 -8.62641702824723 -9.638299252054239,-15.04996826044647 -3.7540674576968205 -3.647622728407567,-12.125582937728737 2.363476610281385 -4.350340022361163,22.598371856784567 -0.19043124696874447 13.930246809578486,13.641813697529816 -0.3758201774181258 -0.08995680691705576,-1.1787951302446409 28.051861571880604 -41.1822645027914,27.646075394133725 114.8333479908644 42.173363205575185,13.730874760088705 10.975541231217463 -0.3901540804211443,1.9356059477898508 -41.71022360039989 34.12983638245692,27.248738718608546 -116.76331425085645 -43.072730484706966
-18.366358494607223 -8.368733583115443 -8.643986080921445,-14.644940611119065 -3.6051003621632005 -2.7760396097319395,-11.77804227144672 2.075901057729304 -4.193388949607902,22.40019398281847 -0.15704798984527657 13.355916390544511,13.5925028648135 -0.9013104354466752 -0.34246721780333633,-1.1083336505525834 27.472907529534833 -40.62025786845209,27.60141133144965 115.10582969714201 42.308303789540986,13.683213061875927 10.470109891968269 -0.649099658223284,1.5705897488975458 -41.185407363908844 34.85938466732969,27.41139170083031 -116.03187369667408 -42.7187641818134
-17.95016901211618 -7.928882659484946 -7.532748735972389,-14.40055213703212 -3.1037391982090767 -2.2008357675820753,-11.751307343210513 1.9504963714881727 -3.6836824804186805,22.925333860120947 0.03373395767317866 12.945604956629529,13.500706179507027 -1.4716089445470124 -0.43412329439529346,-1.3386102839934684 27.828069104337487 -40.08845431474495,27.600320953968527 115.13520807407305 42.32526030399195,13.55916194561565 9.947413903028114 -0.6554789607698579,0.7973981162888983 -40.74898097543505 35.367560863667855,27.604729411281664 -115.12795877833291 -42.28239556120845
-17.912460876963245 -7.41506514615699 -6.511470920643026,-14.339433738440803 -2.4117142671505487 -1.9199984116972666,-12.032294507560252 1.9394066060063184 -2.9455479696869022,23.96500651191506 0.3406483539496057 12.60678912050188,13.408475618531234 -1.9771438381269575 -0.41012017354296937,-1.7989256403534406 28.738988082338395 -39.75630718092627,27.6946856696907 114.64419742659248 42.092366584078235,13.425227434066013 9.494055513338909 -0.48439912588126344,-0.09051572802042429 -40.49666238725425 35.49255234837817,27.79092801097612 -114.2110259911901 -41.84265718301914
-18.244053090150175 -6.919516145688796 -5.7544480911615645,-14.401574002133925 -1.7375875282288984 -1.796518957474577,-12.469686182302462 1.974200337776205 -2.1971402039776766,25.10359889599084 0.6513950569054794 12.165809410791384,13.380182379476654 -2.32996463707317 -0.318335334117287,-2.3111248485052975 29.743530162955402 -39.791499083504526,27.897813510254853 113.5725612812415 41.58169157144522,13.366451715431399 9.172345325269509 -0.24526230674837543,-0.6689893494728398 -40.3558683849619 35.27529917927794,27.947823156020874 -113.39337176948452 -41.45671746075391
-18.839707825286506 -6.498239449306571 -5.3467587477032055,-14.493814708592751 -1.2479964482198844 -1.65438752214524,-12.84957822195849 2.0135909601208817 -1.6470524426015356,25.922407517445503 0.8341806373412197 11.464760076938948,13.470371312636619 -2.488280622964004 -0.17556143148826742,-2.65924496437897 30.515343521418675 -40.307977950764744,28.164434608450108 112.1735313913333 40.91437091884318,13.444417055577533 9.005405704805469 -0.030411532757189438,-0.5514066744443977 -40.14426305425778 34.91756949767888,28.065578357011784 -112.75830410657002 -41.166589269677885
-19.55341850099165 -6.163785920118974 -5.274445796910713,-14.550969089215188 -1.0004989510504048 -1.395615590904307,-13.00501350592213 2.072756487011894 -1.3974529298469813,26.202792729404056 0.8023858932099752 10.465290993500782,13.699509985816196 -2.458941686904139 0.047062937494084967,-2.6747588949897216 31.008762461794085 -41.32349686557891,28.399090304393106 110.95752427391768 40.33291309244573,13.669805502064111 8.981727426048572 0.12737924861464567,0.43493286679953247 -39.6971328034603 34.66074382820803,28.135419291317845 -112.39755454764945 -41.014716094199386
-20.258859686921255 -5.890929149139594 -5.457893531192449,-14.57277831094399 -0.9300848745047416 -1.0688723592230511,-12.90348147851454 2.214826576568355 -1.4048985097091036,26.025532218346175 0.558818996878091 9.300993950099638,14.048781814220645 -2.282131507285854 0.4075273893530919,-2.2980516739904093 31.446273437893147 -42.740970702481505,28.490470958286764 110.50143542040414 40.10979951067498,14.002546007222945 9.0721459689962 0.2656916749802716,2.150265231568149 -38.98921106315998 34.651566265821685,28.13909673010327 -112.43387004431322 -41.05358349956921
-20.88434007635996 -5.630688287289349 -5.802500175583875,-14.614512507974847 -0.8934572029342698 -0.8465236608154145,-12.665622068362689 2.506791774131061 -1.5180252240175298,25.71588517300648 0.19623700132555144 8.243525299305222,14.474318091801049 -2.0105811635988715 0.951897632947138,-1.5902933821546164 32.15353965368844 -44.360474525914334,28.35610356386301 111.21015186710024 40.43405027364811,14.377492249087272 9.246112113123981 0.46441350413562654,4.175970533579379 -38.177554809257494 34.867078035105536,28.047426021315708 -113.0032931706565 -41.338294169517596
-21.407978078395594 -5.3270433365902115 -6.235250754436741,-14.735894552120476 -0.7464497579874303 -0.9189342028509575,-12.502924412028928 2.963743115491363 -1.5689317445819162,25.66365121603067 -0.14612617852570264 7.591644963815757,14.931184597309763 -1.6954113309350578 1.6712001803243384,-0.6952938006975073 33.33398086383797 -45.91971771379897,27.97674640038644 113.14132037358812 41.3288522677984,14.740360063148913 9.47672360836998 0.7920942419916668,5.972890820572962 -37.53514399317024 35.13756109893679,27.830813324914406 -114.19729035770987 -41.90222299820397
-21.822627424002818 -4.932582125301552 -6.709095704198975,-14.938327590127358 -0.4152876408468762 -1.3639118764988507,-12.604499603665221 3.5144665671261595 -1.466119477720381,26.112058337605088 -0.3471469864270238 7.5338222795065946,15.393207042041618 -1.3833655767629052 2.482276833442285,0.2255940507273606 34.910055366871795 -47.15329492642534,27.40520651467369 115.97333313456654 42.63817088721099,15.074118439178722 9.733300702066852 1.2542328114587642,7.095598054409317 -37.306806550608314 35.25198729565479,27.4771129142711 -115.99313462789806 -42.72807199864524
