4.425546381414502 88.85814523294647 1.0209546188412895,-7.717468734016875 47.39999778279063 -14.68529394725428,36.465594407429535 -28.989503174949423 -1.2271026869295656,-65.78969898035012 87.31772276572664 -55.18997726026612,-20.788438739280174 0.32296635141379004 -12.147666038711376,41.53419345296549 56.702577500644566 6.083850784781479,21.779247163947904 136.10109484763447 51.135694103535855,-17.83280407949242 9.104540351599187 -26.2731276354614,13.201739180694808 -24.304840024205284 64.99875089204244,22.763923617550198 -46.70294583890205 -10.003332393995954
2.6128253505388277 89.54813604045026 1.439763896618144,-7.811103825883453 49.2842821140479 -14.408171646643606,34.79402451111078 -29.595323200109448 -1.22002987946433,-63.77765715434172 80.4035413735693 -48.5758204311673,-21.089552196022137 0.40606377131678684 -12.74194823842517,44.805280150806524 52.82854749153796 4.445291402979118,20.590136043480022 139.16396453411537 52.22461741521357,-18.06451363270063 9.178012737195086 -26.819001751993305,14.977672464237124 -23.357893335936584 65.32640207460683,22.380683688264742 -45.54994148873077 -9.547719045480267
0.8957864672359868 91.70318242055085 1.770238826145318,-7.107019059546851 54.332367056906264 -14.418724078300775,32.62565737271367 -30.35342675274563 -2.2288481108674754,-63.04546106454238 68.85566753844246 -38.337878684140136,-21.165207818452323 0.25342871667961575 -13.783249127509375,45.42919505662779 48.73876022467288 2.813351071521166,19.538980201634164 141.93570290307986 53.214450024366826,-17.984345968125567 9.184733952194392 -27.207906117331046,17.259505460008548 -22.707433359118333 65.78519961196339,22.10075538437608 -44.68528909847216 -9.197127882131307
-0.19917427973410318 94.5430221391885 1.8913322005093616,-5.882427176101915 60.65832026750487 -14.690459533653932,30.66625591389053 -31.010684500580684 -3.8672608285541505,-63.70894605554259 56.642831510840296 -27.939835861667582,-21.070397674982186 -0.041018161453858476 -14.88979167847818,43.91121323320924 45.533137712385646 1.706855525931192,18.992877749840666 143.43615767946204 53.754709720227055,-17.705303080961546 9.149635517176748 -27.356347063210908,19.37853290065 -22.530471769737243 66.24835154046184,22.00711939645231 -44.37473227333951 -9.062449960756817
-0.3710895254085581 97.03289568756009 1.7810858289138647,-4.600448462734709 65.94845389314972 -15.100589856215963,29.550827849612155 -31.35913218090701 -5.509299537235616,-65.36197366870643 48.04779404919424 -20.974825072279046,-20.932634276840986 -0.3197321059372583 -15.653930940671898,41.55046351616253 44.009564142561054 1.460668971019376,19.08737122866516 143.26767151503853 53.69878573135843,-17.425120181823324 9.115003374067047 -27.301356118265684,20.730923334782013 -22.87491705781147 66.54149452276678,22.118053860525826 -44.69276353911075 -9.180022058323095
0.35981719933111733 98.30502664873754 1.5170474378068037,-3.7122285954253558 68.41138850178095 -15.489203850438443,29.606861986302714 -31.306449718217355 -6.549704775584901,-67.28283330188282 45.96231024082079 -19.750780739479847,-20.874044208381395 -0.44091267826086916 -15.803490073282298,39.74368391753018 44.40783603136608 2.0883801413313563,19.69081018412694 141.73091285844552 53.14827658430443,-17.319544045717066 9.1140698311248 -27.154533040383424,20.9707310097304 -23.628552608407023 66.52209887987033,22.39151305762472 -45.523181465252435 -9.507687168165857
1.6705778801540767 98.00296519840134 1.2327532228850826,-3.4784139953004276 67.47201804260015 -15.726078230892307,30.731951244688798 -30.903808663881698 -6.649955234016722,-68.74368972691322 50.728895875389966 -24.367213247113163,-20.94533139924718 -0.3471225466473685 -15.310074551099792,39.32724510060092 46.35090277771945 3.27915908278012,20.487926452166455 139.62867432060068 52.38696134572393,-17.453976270579744 9.152420248634312 -27.03007369319209,20.120341896759726 -24.540740521264375 66.15881557156388,22.7449057957019 -46.611618807252164 -9.94348094308053
3.064623909785827 96.39327674836633 1.0524409209367191,-3.8883015517865585 63.89904283931002 -15.755557904743197,32.4448527540161 -30.319351285168672 -5.859007273225961,-69.28692722626347 60.07915268280168 -32.72632358669006,-21.106200059812117 -0.08845436046344535 -14.393710120651175,40.274605571695574 49.01330711497181 4.536293341414268,21.1371707293486 137.86461627048263 51.74007767591016,-17.758646384110513 9.207264708197192 -26.98661399889631,18.55149589175483 -25.301627414667475 65.56488696974347,23.080632240352593 -47.6457441634312 -10.358578132721675
4.064432120429531 94.2000484931118 1.0356393437102103,-4.7037123931290035 59.33360682757019 -15.603767291244562,34.093986950583115 -29.7670133838634 -4.558231812363358,-68.85946950179328 70.21579273789871 -41.49933399166274,-21.258979148760908 0.20982622003315948 -13.419437863699114,41.8617067744872 51.453545392039665 5.39553408374647,21.42346214684396 137.03664783827935 51.428463698002226,-18.076798272380984 9.243761999962505 -27.010071863380087,16.83639199013046 -25.65560910616706 64.96026227134966,23.31090091331488 -48.34182963015044 -10.635230525175826
4.392313069288526 92.25010039801332 1.157212950205495,-5.5939602619410875 55.475199642864155 -15.351641405300777,35.13416784986032 -29.41953883448051 -3.2643113403034816,-67.76781022487225 77.53765162875462 -47.61284264049257,-21.312271060465715 0.4159310011058702 -12.732508132675871,43.16403371138223 52.97508285364367 5.620707284009905,21.33499337266722 137.21583110674618 51.485855270324784,-18.25591689281066 9.237712041638064 -27.039622017072872,15.522450629577403 -25.50321051512321 64.57462161362848,23.37913214070853 -48.52220577357482 -10.701183699543575
4.065553699258625 91.10466336159665 1.3299862285530937,-6.2887450857130744 53.33441027794797 -15.0919688516057,35.34738457771611 -29.3424633548675 -2.390268964424105,-66.49690001979589 80.19025995078971 -49.55976670656601,-21.23617568807261 0.45898590864621336 -12.509225250192067,43.58899993223667 53.36542359206584 5.284622694640129,21.034721575605147 137.99892983748725 51.772829293526215,-18.230295045092273 9.190732108188126 -27.01587992563361,14.92193466850488 -24.94328043229145 64.53780029789397,23.27598425247303 -48.16930244101343 -10.552478849390907
3.365790813959254 90.85317089842437 1.4556835731611641,-6.6753737671159055 52.906142691940076 -14.892406874621752,34.906489336583036 -29.477790780013933 -2.080653463258872,-65.48864095932782 78.70681947935054 -47.91532434728383,-21.077824620781087 0.35991918216765056 -12.694026639824799,43.15538385610155 52.91456805511303 4.7006349992263665,20.751285086730455 138.78197111789643 52.07140273187005,-18.05044941938944 9.129107785755311 -26.921208957340024,15.007942522959882 -24.230575271664165 64.81516471865896,23.045703488751627 -47.43925590337396 -10.256962852788154
2.6958355836303434 91.15791181477397 1.4765037902876386,-6.802426208691795 53.38639973354708 -14.779158957185338,34.253429780084595 -29.684371298149244 -2.1950795028142096,-64.97989995256694 75.45373600793738 -44.82382002214334,-20.93046133541212 0.2113207323778841 -13.05176965085071,42.39335768219091 52.2121195875343 4.244662887997112,20.65200725785771 139.09713206398428 52.20593943383237,-17.846081492476504 9.087582029357705 -26.790152978699883,15.465650563781562 -23.66313959750795 65.22527522027565,22.77669443941726 -46.61971069772713 -9.933587715512132
2.3872375984993894 91.50963409058078 1.4008949438021487,-6.802881289008676 53.774118623267654 -14.74311543759752,33.85244397614827 -29.815825615720755 -2.4367999898028785,-64.95908204923508 73.19041729097093 -42.73052961500889,-20.876437119932362 0.11961445066797857 -13.307220673534383,41.957756221026756 51.82191144380673 4.160285779171111,20.763823009241868 138.83776176129604 52.12772828816512,-17.746502129677484 9.08831287719375 -26.687144891415947,15.87756290915618 -23.44962035318474 65.53485760606574,22.573148044032248 -46.03074394887232 -9.709637871875895
2.545294534743298 91.54931985964762 1.2919734166509482,-6.78883562357815 53.512423872253535 -14.75913044920357,33.94008610556712 -29.7985257651262 -2.549542155244992,-65.2381624233953 73.49521800119929 -43.01031943445908,-20.93869556656319 0.1425915923087301 -13.299798087081822,42.200905439050715 51.987832010006215 4.443826694518553,20.97705580952531 138.26977318040736 51.924720642580866,-17.805031437069378 9.127827663310502 -26.667333542697556,15.955700425121854 -23.61907666170701 65.58387933454716,22.513253975605824 -45.89429944346502 -9.668289021484625
3.0026057022134545 91.2827840323193 1.2273626025007403,-6.7785476035353724 52.82290295403092 -14.804993784882182,34.396772844002264 -29.67112520790445 -2.4737030325012017,-65.58485599239032 75.87269972533738 -45.19752871221532,-21.069005633644274 0.2566830442972644 -13.073420882479493,42.958533006344055 52.50844569578165 4.8614055019775195,21.12061781960892 137.8473151180645 51.75970737460018,-17.96991255423833 9.179675860208034 -26.744467482638232,15.705701107136928 -24.016691079695914 65.37477431405541,22.609938651588607 -46.22362232592946 -9.80751488253
3.403181300922021 91.07549094651696 1.2540814103369597,-6.692998767571988 52.5646763038968 -14.870279584799322,34.80577014482739 -29.56502083289744 -2.377922163883266,-65.84061824836628 78.00710100390516 -47.21859088877165,-21.178783693868535 0.37119972978772553 -12.853936258502776,43.66624913001597 52.83825822141487 5.081039508547463,21.061055016313343 137.95025127043561 51.77657977961453,-18.11683499168489 9.210886619484388 -26.88386176831069,15.435522257261043 -24.386663383180803 65.0761359253184,22.794977230533664 -46.791240360172914 -10.03196509040664
3.3784760877640156 91.4325510021375 1.3636827510246943,-6.418371892459753 53.70810572025471 -14.953186887249183,34.67293603155182 -29.634117148439717 -2.550423282138677,-65.96954869231462 77.03864394578693 -46.51896144424434,-21.19327712906444 0.38090315487018833 -12.924289060372361,43.72710030122703 52.36728313853439 4.846703813942962,20.77031992620323 138.68950976529905 52.026641048214834,-18.1231840238578 9.202089787770252 -27.023080100878975,15.595604419557356 -24.500027709345964 64.93525152077332,22.94097146721575 -47.20947271070641 -10.18842922877819
2.732959961559055 92.6824891227755 1.5006197536206851,-5.895182695002418 56.71511256309009 -15.050684583372094,33.699409874624756 -29.968373826990902 -3.2105465552902595,-66.02716547979307 71.21036389322222 -41.51510272551313,-21.09667721099053 0.2277386809550592 -13.46127917094216,42.905645601881716 50.74734871964726 4.105902027576263,20.32983224628216 139.87473568048816 52.45080936441708,-17.941188460055034 9.15913868509579 -27.107346191192853,16.523712972997952 -24.263181769811506 65.1428520306797,22.918420666968927 -47.10586087142814 -10.135543177983125
1.5512774314015694 94.7352255246646 1.5977982548991088,-5.182108420423251 61.16287339217074 -15.150062613883069,31.970296357954286 -30.535442456894884 -4.345047663591081,-66.08198131039384 61.03167595184307 -32.62412731604509,-20.941629539263474 -0.06191107934033734 -14.41967616516827,41.510860791450504 48.11150356493685 3.0326088068948858,19.876311997599853 141.1418593754692 52.920183142834475,-17.628538759566634 9.109346569403213 -27.11937350677814,18.222576568586796 -23.754310104655723 65.72096510840659,22.664728755285566 -46.32080446534651 -9.818565463597242
0.17513947591985524 97.048948013943 1.618066519908294,-4.457528127526722 65.8183255872052 -15.22779220191352,29.960577149530423 -31.182356790662272 -5.663005813620207,-66.14458329446207 49.33398050330684 -22.320841259445533,-20.81769822547371 -0.3846772531159648 -15.527546323362545,40.25293007667079 45.081224989923975 1.9440107083617026,19.52589831602168 142.15290178215673 53.306388397821614,-17.31931764348176 9.084727095838813 -27.08751792729246,20.291070231554354 -23.173449918547 66.49512526948048,22.23024187809012 -45.02782463706207 -9.31175115810305
-0.9407823562328989 98.83574975633623 1.577365754744174,-3.9548744362428447 69.13946935315727 -15.256619529793449,28.347184069667893 -31.69991382256199 -6.702777755840065,-66.14922683590514 40.13980928438946 -14.148728866447652,-20.797144130514916 -0.6088948605364187 -16.40109434641212,39.84598037796232 42.55177464071802 1.1608106821460822,19.320709645410346 142.75205990724123 53.54094091845296,-17.151265531942684 9.102317978461842 -27.068667808710018,22.0593370353904 -22.73683546026577 67.16940016401779,21.772273995534697 -43.700098152378935 -8.801277661103306
-1.4275282383627377 99.41491080990819 1.5359529963671437,-3.861449957464246 69.96558789582383 -15.2172562181605,27.710931629165568 -31.920290064711693 -7.045081515513063,-65.99916272794076 36.8585649111985 -11.131960797823876,-20.889264467474202 -0.639755059759213 -16.725845936389934,40.574726139604614 41.345065576532285 0.8813695268899668,19.224244355232376 143.00064518268795 53.634156021148335,-17.189143447051293 9.15324320407317 -27.1157630394049,22.87696410398818 -22.573300925342334 67.46875284676216,21.491582104449517 -42.91665927252194 -8.508605666007435
-1.1628456643530813 98.54574729537673 1.5624132885689648,-4.228129612431621 68.06694557588166 -15.109086878748313,28.267575199423526 -31.79995314043406 -6.528542793068459,-65.64828555697967 40.6658187438967 -14.341926131504323,-21.029503193819988 -0.4680528492406631 -16.414940692282784,42.06784008671624 41.87776526304614 1.1231351071220947,19.161363490253194 143.0902746349654 53.65007578916531,-17.385690256054687 9.206843509205608 -27.247201187160865,22.421398906688893 -22.675909488574383 67.27672038194864,21.53639736543555 -43.08658046165493 -8.585500932329438
-0.32017641724896007 96.5768049586183 1.6908001181749903,-4.932153894848269 64.29413853552505 -14.955233562072294,29.756321500612206 -31.445178044820707 -5.357689242637945,-65.16902279895481 49.850823798634835 -22.312679637440752,-21.109926048085082 -0.1783398793153073 -15.66363614963782,43.412959969876724 43.9855597402963 1.7446978539316809,19.073790430647332 143.20140352621183 53.6583192635228,-17.601193471712232 9.227301100786137 -27.43349916667878,20.874526090446434 -22.92922418869992 66.6970554699661,21.920509457496358 -44.224316497067974 -9.031128111828075
0.7157852996193985 94.33216985941598 1.8954295759371627,-5.711177317427145 60.25669561733891 -14.799823697806398,31.541649018657548 -31.064766592219765 -4.042442689010858,-64.76145397102121 60.46538176250287 -31.603977042775067,-21.034867760955297 0.08739084224723567 -14.868543982820306,43.56820211173843 46.977405666869494 2.522800382964432,18.956807594047994 143.39529340882635 53.69312726980818,-17.671705806968035 9.193055371639677 -27.607346670240407,18.872054469927566 -23.190644932087856 66.00612763488562,22.50059446101892 -45.89947301681731 -9.676442070594188
1.5259833533132012 92.77799749538207 2.0982688483887326,-6.255999844140429 57.674350591864616 -14.69786021227212,32.884967947379835 -30.87074780993192 -3.188877402230672,-64.68860007531617 67.99703771580035 -38.270930030252906,-20.772304681757724 0.19301763764646346 -14.4464458389965,41.87030987265593 49.89673971487434 3.240544407492815,18.858194373548145 143.5951010942029 53.74074907073884,-17.491174057912186 9.108086920556325 -27.691902625374865,17.237931489360935 -23.376341780729394 65.5188682527894,23.031713444122346 -47.40661510273793 -10.251218258024124
1.8432339625059173 92.61470030710127 2.2058606889636763,-6.325551165767148 57.68323135608633 -14.699932667935782,33.263758144759535 -30.974684374753593 -3.233793642463215,-65.16204671788431 69.31351685550958 -39.57538877031577,-20.37459753223858 0.06913509754660815 -14.63776642989066,38.390503907268695 51.88173656285195 3.7506323879538543,18.845227273025557 143.65129923250095 53.75645096367238,-17.066753085823176 8.999319995800047 -27.634345738570648,16.622048040005758 -23.503194462930324 65.43561473630473,23.280279379680188 -48.089839838540584 -10.507713665121491
1.6623882091068942 93.97500891976264 2.15634488370424,-5.839713325958902 60.38656022501379 -14.835298324732431,32.594361646953885 -31.33072459846946 -4.244796683271445,-66.23035397559588 64.0053185716488 -35.16534756292534,-19.95911468491469 -0.25565121640923594 -15.38872829962434,33.9670276686293 52.478595578404814 4.000127560502948,18.9639113199866 143.43762412039777 53.69505522775256,-16.52133234673522 8.902612082857575 -27.430286122219474,17.210461467852596 -23.66591560251789 65.74702210254281,23.141159991948367 -47.66934751963121 -10.343098620722365
1.2265972140411883 96.36053698907398 1.9514689233716533,-4.914998357398978 64.82315478482579 -15.097964632621629,31.25977457320507 -31.754346173504555 -5.878827711105494,-67.72546551934059 54.53692301577856 -27.199863152465962,-19.65992504432922 -0.6655697125551194 -16.369226990211228,29.90248281090811 51.78444410258243 4.023931236122787,19.215985718426197 142.91474554363677 53.53424290472909,-16.0439135162997 8.846029679457875 -27.12925953184663,18.64608336402626 -23.96639355538896 66.2442236395209,22.698480782141715 -46.40262450222064 -9.85836407379281
0.9004562096669617 98.84316859746141 1.6566141014567604,-3.8298319000676133 69.34803076136272 -15.441048267325234,29.933283681727236 -32.008629382651854 -7.519424697840323,-69.29776205532795 45.161283922284035 -19.382042988459773,-19.57493745409192 -1.0043454997078407 -17.11875588844506,27.469705335040107 50.368495548553035 3.921407092233187,19.5644895801084 142.1307382546063 53.27902952113648,-15.812710412600726 8.839739725056027 -26.819329148366116,20.19818357436949 -24.4385518592405 66.6274956403883,22.194257280765314 -44.98532945568815 -9.319147792375741
0.9922333436355417 100.44211846458954 1.3692050302426633,-2.931591835500142 72.25803781709504 -15.783830022972777,29.280262701122414 -31.916518797802148 -8.53135502091677,-70.53024593517117 40.099284464410836 -15.350504029451601,-19.73231525962372 -1.1368570253012065 -17.25211137512758,27.445747481078556 49.010987814234795 3.824916395145382,19.958732416325837 141.17493894176468 52.9510105327447,-15.926018399406676 8.876848239063182 -26.596459524798497,21.099907711247695 -25.012545309270266 66.6570361152074,21.914523147373774 -44.22478805045199 -9.03172873931018
1.6079960663068344 100.51458006436029 1.1727606934042627,-2.5179184739186904 72.41417323149217 -16.032577832321163,29.672006430910088 -31.44483892114149 -8.519289480243712,-71.08592985238441 41.78829787573256 -17.14733055817218,-20.087582538217696 -1.0005822317264297 -16.629561530991506,29.860353030205893 48.37215844652755 3.8608014989839377,20.35789655243842 140.13145389689913 52.57610233076281,-16.36869316477143 8.942346757222849 -26.529426059787767,20.89342051596904 -25.537976912716488 66.26966914942753,22.0462279757644 -44.63827297842014 -9.191606489547326
2.6021630881774707 98.99783500713384 1.1009924449937836,-2.733855762348562 69.63269477965355 -16.110643739513176,31.035240020944265 -30.720265254527543 -7.478491192055041,-70.82720988300836 49.938606698161976 -24.4166875931948,-20.54673100719653 -0.6278544300623535 -15.41509624870211,34.03180066748769 48.7292706405433 4.103401420927088,20.73643021450639 139.07119202200042 52.18281857431411,-17.02326499138042 9.022657736293919 -26.63258966544823,19.621630788563493 -25.851995357267707 65.6048412316404,22.57647659108441 -46.175508771568325 -9.77928022766188
3.642355757747751 96.41015899497393 1.1300139328602656,-3.521401945613177 64.71892479574295 -15.987698964694165,32.89622136107357 -29.971529111262708 -5.777764989451379,-69.85881642498177 61.75267447557366 -34.63873381746566,-21.000005109173483 -0.13273248261273762 -14.000882130846971,38.83439730941086 49.88868738491787 4.533102769256129,21.070309522844042 138.08410921584135 51.81158205153247,-17.714998243168864 9.109002267935411 -26.856844169031692,17.783174386172924 -25.854243273108207 64.93097336443017,23.287534783929114 -48.211329019011124 -10.55763171886984
4.354456666893753 93.62316267769057 1.2007198335871532,-4.640328486207457 59.15399377461263 -15.695547785020898,34.59085825494279 -29.428294520201796 -3.9918968520732765,-68.48024634191165 73.14844902225131 -44.240777404163666,-21.35066382120018 0.33030525968900837 -12.838613426308406,43.06159299683255 51.30494189126747 5.0211862510584195,21.319433700319625 137.31466949484079 51.52331095890416,-18.268951938555386 9.19323478372262 -27.10379557515958,16.083424756210746 -25.54945816529155 64.51355638500742,23.854235524716735 -49.823337012704904 -11.1764039305209
4.480456540203976 91.51209020592381 1.256850723399805,-5.753862500038603 54.56478276891723 -15.321304335894586,35.54220746496093 -29.226942440471976 -2.665748361406129,-67.07269196689782 80.41655998394596 -50.06373510400876,-21.530987395862873 0.6195657078635222 -12.258637028756713,45.74516064180953 52.35015311585478 5.363653252681716,21.425973517816562 136.95311902684608 51.39240949914764,-18.55768253029628 9.261057452529624 -27.26057744652399,15.11015390840486 -25.039054333240045 64.49332051169539,23.998387956882862 -50.22590260016656 -11.335757733907947
3.9805992092957347 90.63370543861171 1.2764314742381637,-6.548330094023161 52.17340274173063 -14.977647932000975,35.484039348079115 -29.36725276474539 -2.1157605004857256,-65.97099874822207 81.60236955681688 -50.549611702469875,-21.50749901018061 0.6525293593596382 -12.357359970161932,46.3479890124084 52.61169339988361 5.366149840397019,21.337487992562508 137.1634438251667 51.47890438043611,-18.527382783564136 9.290182711154218 -27.24442951655461,15.091135094253147 -24.471831152478956 64.83355258647127,23.62456301894143 -49.14982536733594 -10.930144319857256
3.0403448263245636 91.05877744937582 1.2792907853177635,-6.841476140887549 52.418721059203044 -14.76080410002722,34.540641589930914 -29.735768912395145 -2.3486177769128247,-65.37202431540477 77.07502683808161 -46.184349656854344,-21.282176469450842 0.43048834162826677 -12.995133018370444,44.8212765534674 52.082254099726256 4.949741953697127,21.044057049785685 137.97865518838472 51.791120693091756,-18.201189146088936 9.25794552142984 -27.04024838984973,15.84096225438455 -23.983906537014644 65.35678604834784,22.86953162946503 -46.98033815296724 -10.102059083338318
1.9862364556454986 92.41202666988752 1.3080229118909839,-6.6368902446953655 54.87453094602936 -14.714221301307632,33.140980858490366 -30.176953482187784 -3.1168414278332572,-65.30835205275326 69.12777123275336 -39.08336922156433,-20.89400356246591 0.034418487818985766 -13.891676203649,41.56351289109245 51.15252637611071 4.222370067534371,20.604183013254016 139.2307515759758 52.26235654275054,-17.665376873534804 9.155831967844923 -26.714141250685906,16.9045163022589 -23.65853809095751 65.84441090850308,22.040284099386177 -44.58460231062895 -9.179062024897739
1.1524205419652236 94.08189220545219 1.3954074086485027,-6.1027199772010325 58.48048816617436 -14.814977867906679,31.81730683751624 -30.570569977516136 -4.0677548686675875,-65.6833356415033 60.86643305767416 -31.975804675186797,-20.418703806908283 -0.4054809574627808 -14.762314321605029,37.322279610994116 50.40541793290513 3.463933806274718,20.1360922563384 140.57707832306141 52.76257110443287,-17.04555318389462 9.002042970522393 -26.393507417121803,17.8078310320491 -23.51959914425231 66.14299674486534,21.471285667563798 -42.91361527218297 -8.524801002755659
0.7557540412232422 95.49526839056325 1.5389122515217641,-5.484626788340722 61.988224301974725 -14.99003167080303,30.98272564871283 -30.874560729524497 -4.9056278763173475,-66.33704025222198 54.91021654676979 -27.068229184190336,-19.959987858519234 -0.755675284461844 -15.426443194457823,33.05597304125507 50.304708813005334 3.0108267957254737,19.77034221638516 141.63365072529848 53.148056475372506,-16.478110292234778 8.842178692612405 -26.217891450594905,18.28238819508118 -23.550454201422284 66.22278813779984,21.371704786191927 -42.57394972018558 -8.376576489117458
0.8278080864381752 96.33529922243079 1.698195025517561,-4.9924200992947805 64.4451204480734 -15.154788350977862,30.782389461574805 -31.115488353233843 -5.491834273618272,-67.10539857018146 52.4527684142909 -25.267788422855148,-19.627642610097013 -0.9244794539061274 -15.842848803529167,29.752711606835547 50.9274231645726 3.0830821798061607,19.585416894789436 142.15715758375538 53.32798973708743,-16.08077278417185 8.733909121024807 -26.279440786713213,18.355473811025718 -23.717200552523934 66.16396568273395,21.737182786816412 -43.5758335156925 -8.747158896622377
1.2240014921063043 96.61690987106788 1.8173934642029466,-4.7128037376326155 65.5235850003217 -15.254621099071565,31.07272996739649 -31.339849902106504 -5.848198218842292,-67.84851796315746 53.02606164646053 -26.04165167915869,-19.505863087725082 -0.8902674191713781 -16.06980266512457,28.211431457652488 51.87849189406077 3.642183115424056,19.563617145472282 142.17444820975996 53.31176196565797,-15.926898343575806 8.721175289612342 -26.57983181002819,18.278338088356186 -23.978880478104124 66.08693412800746,22.36670025851151 -45.37143087190552 -9.434989521672014
1.6976630702523328 96.60516498943343 1.858823795829627,-4.589257559151764 65.56534860748775 -15.287734783769185,31.523668820882623 -31.561407895396574 -6.081234289495165,-68.44888419266462 54.982627826353635 -27.891964724176596,-19.624034780657876 -0.7021527327865396 -16.187069594588234,28.823782607884578 52.44766836846715 4.368933166835427,19.598062207226622 141.97365838391426 53.20637827875526,-16.0299528254134 8.811196362368586 -27.026268358351405,18.35033455315593 -24.283015110045678 66.07158594245061,22.971391486573594 -47.15013365647907 -10.132351150550601
2.003702972775832 96.63258610642875 1.8274441273521493,-4.477729061388637 65.32967631034843 -15.297216890269395,31.78729290631743 -31.73990972341969 -6.2823871889743055,-68.80079503847777 56.410616781677476 -29.169233063179043,-19.944971177286465 -0.4530064784803777 -16.231815765831644,31.429207425479394 51.95360836601516 4.7984020294860805,19.554103796148247 141.94339971825343 53.15871544505266,-16.344154560262265 8.968053524956256 -27.472386830629976,18.744820293950212 -24.560200679796644 66.1124594757632,23.31686379709864 -48.23263813220062 -10.57375198204299
1.990299154970125 96.91181172534671 1.7704539275589783,-4.248217578830213 65.56500871599167 -15.336904956801618,31.65424050986195 -31.8054498631719 -6.464063654464042,-68.8163157245668 56.04349458884446 -28.836133768627278,-20.37899182618802 -0.23629151906591703 -16.1849850959543,35.31797395625412 50.12091534770122 4.563946704642056,19.35475109564429 142.33763844138798 53.26987597685038,-16.78262387819968 9.128599940971856 -27.78736181914378,19.429080321647845 -24.734597428402843 66.13257707010617,23.32673944221534 -48.36552389750514 -10.650320400247425
1.6470337673564863 97.43340737694908 1.750905542073473,-3.877041201663384 66.60713153658384 -15.430892855781291,31.132534712797636 -31.71284018116331 -6.563640238742019,-68.45807783225713 53.77183126773064 -26.8594155357508,-20.818924803588903 -0.10599565893743157 -16.00983489518743,39.41345499622223 47.30297576090794 3.6294775754873303,19.04039687623187 143.09943338089647 53.52912208039256,-17.246748991612293 9.233851032460615 -27.919499851155706,20.208237389959375 -24.754874031164192 66.04334756862735,23.098694726848315 -47.779840652459576 -10.437473732469817
1.097586822188297 97.99095922107487 1.8098313240326194,-3.477036176831276 68.19984064819735 -15.551296826832612,30.42345615046909 -31.489486322962083 -6.5048693423250175,-67.7846649493418 50.572447237345116 -24.103373135270708,-21.178861091925707 -0.05859555182487653 -15.710880175287773,42.59057719604797 44.41963734086386 2.3737624081728974,18.762165362801973 143.85779491960903 53.808979448063155,-17.654249197421276 9.259073364942791 -27.91940813760387,20.85037926562103 -24.630869885270155 65.81151537967362,22.83141388944089 -47.004271457651825 -10.129730077658248
0.5456832036123209 98.31093126353564 1.9389791806961378,-3.2440941762074362 69.6315197202885 -15.629721621390134,29.81565297570679 -31.24130917619912 -6.272309407426775,-66.97598628880951 47.940025794079105 -21.828049682122604,-21.416362387130533 -0.04634673660916777 -15.368667034740133,44.02008421884575 42.60567972953857 1.4513273157795985,18.703484574575842 144.12124438427037 53.93151999016741,-17.953286263078777 9.224884062913258 -27.90560380307327,21.20873113949583 -24.449377021249347 65.49108597585425,22.70603481281455 -46.54701509893923 -9.923146931960595
0.19748339959957484 98.2141774651981 2.081132149614704,-3.3437882691554046 70.12571942484104 -15.598858726161236,29.551551697178343 -31.104643739498666 -5.947744686424786,-66.307202369255 47.119519628263035 -21.057870989753866,-21.526939984112076 -0.01578129838103748 -15.120566684506148,43.407117189932094 42.70810217118004 1.4685461857814006,18.967562951811843 143.57589926419095 53.7746019951952,-18.117475281362424 9.181317135697373 -27.985244454342784,21.268175952852197 -24.348827529607064 65.19929580798531,22.785552262444515 -46.61730045499659 -9.908695312637306
0.18864957511753255 97.72306300197138 2.1597463093825517,-3.7978227016756327 69.28997338006394 -15.441974143305803,29.726632066067953 -31.165136607269147 -5.6808967206836,-66.06297154877579 48.50673770228057 -22.118599528167007,-21.516522938810255 0.048676127558375915 -15.091376514319146,41.03377337209691 44.85884457747575 2.62386739298507,19.4941491668485 142.3217828354918 53.35945609756676,-18.128326958970096 9.17229797113239 -28.169764564546732,21.097763649378305 -24.456339363762122 65.0484685254545,22.981546813006652 -47.02274311490273 -10.02886939637177
0.5400972876992847 97.05814242698511 2.122743922630796,-4.436144994290724 67.3853593939493 -15.220546739986766,30.262026967539285 -31.388438565248777 -5.606517406265092,-66.41831761589239 51.48724519735239 -24.539551086399314,-21.372349273785343 0.10095005121748446 -15.310477751182232,37.60085290339473 48.335819580828705 4.505067384996893,20.059954565133342 140.89706953836807 52.865068607969604,-17.96052808741884 9.20061259179711 -28.33416409284905,20.75337013701838 -24.81796639073194 65.07147457756311,23.099292765540536 -47.27751711166315 -10.11322563651106
1.1554651285016915 96.5258895516836 1.97636080067134,-4.950847105317544 65.25878544641323 -15.059377841554035,30.955264412900735 -31.60716447031545 -5.7537726078844695,-67.33924553500454 54.7699129951842 -27.33785054016892,-21.055559462219957 0.04631449502581719 -15.66534197628016,33.95082528015053 51.806387384340816 6.180370784770718,20.375029319086845 140.04595856604965 52.55111211783071,-17.585158740238157 9.215441633642111 -28.251944907058295,20.20686035778397 -25.365587823121707 65.18332073209821,22.931727918004484 -46.84677316514172 -9.967380563420981
1.8591757033720087 96.3554039049941 1.789287113263002,-5.03562329731823 63.948249594574776 -15.090514032203606,31.579455377489005 -31.582216349435598 -6.0024814701862645,-68.55817043736091 57.039781381846296 -29.526126322544286,-20.52652565837777 -0.2103336692433414 -15.925864497527355,30.79778462179464 53.87270955128514 6.5821277541879315,20.233447264241278 140.3288955013885 52.62176428028865,-16.99507306161142 9.133594830719584 -27.70079491649821,19.36029042858231 -25.950001527218628 65.20286727477615,22.351477067672246 -45.392947594876354 -9.466059309925367
2.460550392883523 96.56916841395604 1.662907824459935,-4.546154745359091 64.146067256809 -15.381067994296284,31.982632387596578 -31.116811783028353 -6.118615049664069,-69.65101665742407 57.60982893889591 -30.591450674375405,-19.79256740137487 -0.7024448592405278 -15.837525295022571,28.570206094409066 53.688513558973966 5.026541636808231,19.640909756189426 141.77491077076428 53.099903911214,-16.240576335854993 8.886841748120435 -26.594410648890452,18.146464687207605 -26.433436854108923 64.92719015534742,21.35752162270745 -42.90605128882881 -8.60487345685591
2.8206348901168923 96.95694725160794 1.6818676287298941,-3.5988850180588017 65.79403017149163 -15.882341908234547,32.14305993564395 -30.169479488671577 -5.859526865164108,-70.19549484860067 56.757407569143325 -30.71916396404293,-18.949571665974272 -1.358523738295133 -15.242897734439909,27.403045433031323 51.36641358758206 1.6219345047939002,18.846386389164095 143.7735877381126 53.78261732879592,-15.451857327557303 8.471299561378023 -25.074370422085504,16.655274068609856 -26.795196210432586 64.22363981379974,20.06218045164414 -39.675527965376375 -7.492424621902761
2.897285115950946 97.17033805412925 1.870355444739253,-2.5502173929687775 68.03450938562864 -16.43070717103447,32.15967390381699 -28.906168285074482 -5.099801287140043,-69.94652743009007 55.58441623237625 -30.66404216312798,-18.186005449063252 -2.0049130830492112 -14.171527618999283,27.23748297783753 47.97520284175052 -2.6540144296733836,18.250454435314083 145.29150512083805 54.31103566165903,-14.825806027518368 7.9703803923396235 -23.506486440213983,15.197275499816662 -27.185983531698923 63.09544134308307,18.63650031527234 -36.14796849620273 -6.297033030893833
2.7518078634708543 96.89393763254034 2.1771877652454275,-1.8551532692144255 69.57020173907961 -16.806634022016933,32.187735811378886 -27.656876948439965 -3.9129963176195166,-68.94863449341436 55.46892462341252 -31.341142452647283,-17.73391830723746 -2.4215658471959056 -12.84926895366566,27.941993092962328 45.106681489126494 -6.284188096697971,18.22719976385164 145.32968630740186 54.32851020642238,-14.570586616242549 7.533985654841254 -22.3668754905593,14.241658246592987 -27.8847110421464 61.689878042117634,17.24955350536127 -32.76370121467201 -5.182422305547767
2.5151194528806693 96.00872153931007 2.4980577809943902,-1.8657941555236013 69.2760827438052 -16.828713826375605,32.3540422738864 -26.787802753683867 -2.562577353518476,-67.52778381947681 57.372311742656265 -33.34034097021386,-17.77977641638835 -2.431182058654368 -11.615563499054689,29.37805656375601 44.190443648646095 -7.830662892311427,18.94511519223127 143.40404268326503 53.65219370123983,-14.824665100034952 7.318614258706428 -22.05629301832456,14.23376577641407 -29.161156861195806 60.24612020775131,16.03159644589723 -29.853742834266267 -4.264693029105226
2.3278202998083346 94.66511747476278 2.724043391574563,-2.6640559123418988 66.76857941591427 -16.439770594978985,32.6930791425271 -26.54350330597195 -1.3991910186657381,-66.15883256129473 61.33634338962188 -36.60136637182541,-18.373387094253438 -1.9827760386000726 -10.782686406908267,31.38593992124449 45.85840704106273 -6.573338309953701,20.27783127297156 139.8057164413825 52.371556080195006,-15.585325820383693 7.414607730357483 -22.72108378725365,15.370783436795673 -31.10410014551021 59.00790914285736,15.068967316853703 -27.62212601820249 -3.6031971397378153
2.279932259329488 93.22724304530777 2.791925129071986,-4.010496060339194 62.64518379085159 -15.743119047981688,33.13306910064475 -26.93247403454075 -0.7093830064252824,-65.2644557976436 66.41418207710137 -40.4057836252789,-19.380865203978036 -1.1893389816894988 -10.501610823448198,33.72527943469371 49.64716807376509 -2.8723949757465475,21.85268650939583 135.50162316652873 50.821290147961506,-16.6836879065367 7.796138571075113 -24.164126434194557,17.45078420560574 -33.50547106763212 58.14078031783839,14.415871199557436 -26.17814397502885 -3.2147829138628974
2.376719109603342 92.11408227065472 2.711200854492202,-5.4370355379496464 58.264086096486295 -14.969174880472089,33.535624629593464 -27.712999512293717 -0.5881308026962307,-65.03742208502048 71.0705847344819 -43.68805646893035,-20.511318709640847 -0.2979074922196927 -10.698762577698059,36.03530441203294 54.17797408563441 1.9262404853282156,23.215332543170987 131.71667038250737 49.43897634887377,-17.825516533553166 8.320909785806156 -25.894157045262578,19.88624315576101 -35.87524636607397 57.688339786684374,14.099833552539229 -25.558335831993034 -3.089249036596882
2.54571436672087 91.61524555248135 2.5550687468676934,-6.442168556541454 55.16077799248253 -14.38539243139111,33.767026358797864 -28.490890901064063 -0.8990765816520891,-65.37044500564946 73.86046238911074 -45.514081308235006,-21.413311053110753 0.39908717841448715 -11.115728580069703,37.86461097260484 57.738453534056205 6.016343346077151,24.02854410207681 129.40311409468956 48.5769461995192,-18.687140011741306 8.783401408667112 -27.301379429030433,21.897173936536134 -37.602153346067205 57.58149917254827,14.108330798811892 -25.702815166840338 -3.1900584754956136
2.681168362178128 91.77148369295861 2.4213002658642657,-6.697998746339106 54.380115722459664 -14.189560021295042,33.76511876683335 -28.888173397708854 -1.3449202767487267,-65.92797769055412 74.06241909366454 -45.49693594648901,-21.802822541271343 0.6745342259134103 -11.435107565004978,38.7734098044114 59.007929538029074 7.8618641935245295,24.205657097315616 128.86100052355602 48.36136993736278,-19.028443590774664 8.999264245941962 -27.889290645999896,22.808953998524704 -38.199673671092015 57.68983852828047,14.365591434401773 -26.40459862683977 -3.4425919308459427
2.704148441302415 92.37648084921757 2.3838943878281897,-6.174192559639622 56.04317459249246 -14.434186543836999,33.569644836208504 -28.707477168078317 -1.6159472602061113,-66.32533990695552 71.97032490795124 -43.95398853126588,-21.567372327540212 0.45167031270951563 -11.433902190276472,38.46396511691982 57.604871853989124 6.810937013851952,23.913799901087128 129.69367745154136 48.66660933946696,-18.774803613340346 8.882542031126318 -27.465101089349602,22.322738711551875 -37.52502344385591 57.88745660435798,14.724880963195405 -27.29336644659976 -3.7286129007016986
2.6083222446280336 93.093947618003 2.4599983657593305,-5.126528350522318 59.34683589373378 -15.01427656174425,33.30295505810992 -28.017759409990063 -1.5444449491997279,-66.32658183913271 68.71749429395167 -41.739013983561854,-20.800730189325474 -0.1729056829694298 -11.091758684143173,36.877220890269015 54.21985731263376 3.3271014909249486,23.451138221086097 131.1055864657487 49.212305746748804,-18.033096203426688 8.480171709087605 -26.207920258526514,20.63334300366553 -35.860977359396635 58.10354945237764,14.999619537396502 -27.912330296289397 -3.907454924670154
2.467628439165036 93.62544836180375 2.6074009102578897,-3.9646910328949874 62.97469189135182 -15.72025461988735,33.11250137200194 -27.122907043243465 -1.1878184396069686,-65.96151291471514 65.73722951125647 -39.8419592604493,-19.75487907079907 -0.9760323026476315 -10.602202031799115,34.2143128277865 50.28867301750712 -1.2501902213303142,23.068660549337707 132.37055857712895 49.72685052468627,-17.037464314268984 7.948483636920331 -24.58766862352068,18.338991140170297 -33.810011189427854 58.33937605847021,15.034991531345328 -27.893811587463865 -3.868641588868664
2.4002439712769092 93.84074526903251 2.7513679095594403,-3.070558166941308 65.69646570537658 -16.327750109978997,33.10412683488409 -26.428569007769756 -0.7972621909244495,-65.50152034431527 64.1337416627992 -38.95710518894981,-18.73433751930242 -1.7008369100743685 -10.281007872558003,30.884432589093194 47.366382880814264 -5.289609146651384,22.834744830327494 133.2139716764936 50.088021447863596,-16.052904172853896 7.483998660780889 -23.17322685339839,16.185314550052087 -32.040091111460676 58.650841985182694,14.792316615501422 -27.165549617842473 -3.596278991151846
2.5049441719924364 93.80623911606577 2.824750984957349,-2.655930374160482 66.85463462971876 -16.681293476803184,33.29751755472333 -26.268556393305776 -0.6858139218076484,-65.30487468980954 64.26359831912379 -39.223848594223185,-17.983069857981693 -2.152717528319042 -10.414914664501126,27.415734559495384 46.48797699493493 -7.523486839671732,22.61494789322014 133.90668087819645 50.36706345831129,-15.28233427331906 7.241810723224631 -22.414898847913722,14.763391736520878 -30.99662234914646 59.110608713612926,14.400169284285084 -26.073327728849286 -3.208668832476276
2.800452660438985 93.70518907607217 2.799830904463774,-2.7202751574912005 66.51832196999787 -16.73617421177388,33.62197923248377 -26.768750974050874 -1.061204085029851,-65.60983838546363 65.70115357416752 -40.24445391201774,-17.613630084392565 -2.2576519885584023 -11.12236977431621,24.37120459214961 47.790219719964284 -7.488959476735298,22.17449396866447 135.03176253832734 50.75737542689817,-14.816922893471702 7.278944611694183 -22.492711427856527,14.299915085220064 -30.716072420992823 59.76936257070212,14.133232745787232 -25.32260961675052 -2.9403052029997827
3.1983011375736203 93.70369676742264 2.696515290471284,-3.1120538634756754 65.27543054332158 -16.54670695855198,33.94966166650959 -27.806605092402375 -1.9086350098492284,-66.38328703283089 67.55428232371011 -41.33583909349038,-17.603278059190906 -2.0632602678469176 -12.292196873463306,22.28655795610817 50.53487681297594 -5.588593937604667,21.342639920996643 137.06666101431293 51.43283224931329,-14.644038104903686 7.545858965315927 -23.287044182706108,14.628439664832783 -30.83076257217079 60.631952685605434,14.312306252571206 -25.723397297850347 -3.0592287810297756
3.524826297740068 93.84522944074247 2.565211640982361,-3.6436295326036277 63.825775212017845 -16.216466045873283,34.145972536751316 -29.078487076276822 -2.985404659841782,-67.30745721035628 68.92321688321373 -41.85836633888399,-17.846713279109714 -1.6916203853101046 -13.628787394245377,21.614375155760335 53.485949309044656 -2.7908219016077513,20.144066037791546 140.02347837006516 52.418557003864606,-14.696646117147186 7.924691194993717 -24.470085792790147,15.339958234848215 -30.762813975196316 61.65443459716177,15.161341016044002 -27.82959452593334 -3.748358070699573
3.585355721104073 94.0371900988478 2.456096674540307,-4.188310687776717 62.625106297952954 -15.842310075853375,34.112151146753895 -30.23779066881738 -3.933637229123485,-67.91905659801108 69.24819403173699 -41.44472344183374,-18.228732000940155 -1.2738956592387711 -14.78161229628739,22.646335531118893 55.44400860183894 -0.1493790459002311,18.821287389143155 143.35451703189705 53.54826732632011,-14.909054587706965 8.290820649399778 -25.664188944607478,16.024928006469207 -30.01374161018127 62.75825533147105,16.68658527538515 -31.63766267265467 -5.005026265657283
3.244260342558641 94.1361428222047 2.3924708517099713,-4.708418135633778 61.769236659559894 -15.481689249303875,33.80431830661683 -31.03711097620092 -4.456729833992695,-67.83703275322101 68.39072122895725 -40.03339336067532,-18.675807149769213 -0.9003806938503295 -15.496922972901302,25.407559015074614 55.6954893706518 1.6214372151635812,17.733124881474367 146.17974587228898 54.532605844402156,-15.246250430349107 8.565776092157243 -26.590435288541556,16.479919526567336 -28.41078744889197 63.852143032445824,18.64067378234319 -36.502936618059245 -6.612218832228787
2.4874583911953554 94.0761347335204 2.3618378099553765,-5.21116289728198 61.14161636910646 -15.154815099996732,33.230094281858456 -31.410735041249772 -4.47037526205619,-66.96730662492517 66.4740365132493 -37.74240648902959,-19.163852967900723 -0.6055660827709773 -15.719562598258307,29.561200686842067 54.20448951105611 2.339943106883317,17.183506424938514 147.71203438635555 55.100232163472334,-15.694989918460283 8.737739219062476 -27.145668203966668,16.77779669397012 -26.194428118193514 64.85197587948579,20.598582550864307 -41.34000556115425 -8.20508057075333
1.441914099371982 93.95377799676841 2.3273491845670873,-5.675231778752685 60.6792191573966 -14.871109835961857,32.43717931507459 -31.46600739931715 -4.1488710625402545,-65.57991568669178 63.65895749643573 -34.7189083196258,-19.688273922355076 -0.38561521018748063 -15.597503404572672,34.3945134166873 51.51327928799832 2.2793200315750144,17.27383906288674 147.64555242665082 55.132908298248665,-16.230939048482124 8.845258564930205 -27.38799020040167,17.17526217834855 -23.911011677913997 65.69255874759703,22.119023731166276 -45.037584014452044 -9.410497127755697
0.3450677541248296 94.0044396151385 2.250943683601238,-6.007922056530483 60.54262777292396 -14.65587836590337,31.509556277876342 -31.39691177160018 -3.838398504885096,-64.21394617358338 60.058147724681056 -31.105219702033192,-20.22454768225362 -0.22831662084128296 -15.389101624592582,38.94740581816537 48.45048840743787 1.9144011676728852,17.859356208923483 146.29371754662412 54.71974437433964,-16.79153957695253 8.93921517359021 -27.456225908639347,17.916224704607156 -22.169149651875045 66.33022288815287,22.920980269514132 -46.90706861747339 -9.999174029059258
-0.5232186066726542 94.46708900299045 2.1141622515303147,-6.070864680037469 61.04811179718894 -14.555555554819255,30.5753741821197 -31.368641768643077 -3.8764298330968785,-63.449228271376256 55.87623561086415 -27.166154019042168,-20.710573588057883 -0.1323981245969399 -15.320304587904543,42.28341423182839 45.809512352427475 1.653989012169189,18.63246857776989 144.40305918630958 54.10158654536973,-17.279686988427592 9.047320777064769 -27.47551908842571,19.041088830867096 -21.380517926109988 66.7392549425473,22.994120323905616 -46.95732916188454 -9.979468052069077
-0.9214403226332698 95.40658913136572 1.9256726694732287,-5.765459959285906 62.38789097643992 -14.615797566938921,29.813960166035667 -31.431920466368236 -4.406489144145103,-63.649549568676214 51.67600208267594 -23.483276808692608,-21.065166286283233 -0.10448253156371401 -15.463402140250665,43.81798333768052 44.133545637859044 1.6920256513021164,19.286196177049273 142.74970109715758 53.538245770745476,-17.601805134142072 9.160519651767402 -27.498283919142963,20.306329136959718 -21.605462548731072 66.90721065862252,22.590948528982874 -45.86424319316806 -9.587201486643865
-0.7144147140765689 96.59972912793384 1.713475753511568,-5.125933863433888 64.32484391208361 -14.845903836706944,29.439942891514885 -31.50727320280913 -5.283935441147737,-64.79724411117752 48.533561432823475 -21.030613363789417,-21.23156212847707 -0.13970541777395773 -15.69856109688523,43.559823569010206 43.656326906004594 2.018325544953176,19.667072899643458 141.7450438812623 53.1741731662607,-17.71901710715984 9.245664680506605 -27.50260112064679,21.26070433604685 -22.564622066128045 66.83393454242886,22.104212153697482 -44.64699649728101 -9.174495388564775
0.08869490069314767 97.56957864036627 1.5089021477567481,-4.355492467890216 66.09618099854809 -15.193713990920731,29.649123928440652 -31.442901817075462 -6.126341234483175,-66.49586914445624 47.858504647618375 -20.97346452104709,-21.21674559256371 -0.20446689246770522 -15.779072598656454,42.13172276964345 44.356293481447175 2.532044058212769,19.833648013926137 141.26993930025088 52.97827887725099,-17.67777414483075 9.273040627690895 -27.436059267703797,21.444787767024636 -23.79306138015545 66.53679390016951,21.88768212457568 -44.203166150485664 -9.04916149187926
1.331925174329804 97.77832181795041 1.3334537848441317,-3.7687012738229497 66.65767420146119 -15.550673982268412,30.53297966976562 -31.113582503010065 -6.490982240503925,-68.13784498700507 50.83319701641493 -24.181033358169557,-21.098139830163376 -0.23900635620214516 -15.470105993075144,40.526209648323636 46.03788135413239 3.1541802943739286,19.989998886828406 140.82654114047375 52.79092672453879,-17.595176298964866 9.23971822307946 -27.27075949773484,20.618824216242196 -24.847841462887367 66.06076825451385,22.104559326177487 -44.920674371541324 -9.339892285049348
2.742526813950195 96.89883848027716 1.1963206362821455,-3.6565278686128986 65.19742724957123 -15.789723926234755,31.995326184621767 -30.509125764080373 -6.0968341976687,-69.15704770194151 57.68011319295813 -30.640757109288906,-20.98852780226779 -0.1839911608436755 -14.693278541106833,39.681339280161595 48.37466393517803 3.859571567334534,20.333895392835444 139.91682694823314 52.44971341446191,-17.600151622879654 9.17401350315406 -27.03491794957465,18.909244607154204 -25.465454922434787 65.48774468089273,22.672485225329076 -46.543854056184344 -9.949344422672223
3.9865273581920784 95.0292025031635 1.1024281787885521,-4.139116034435693 61.66213659925731 -15.819038533121816,33.7191662535685 -29.76726214666856 -4.9823060714946825,-69.24994286882918 67.14781536781712 -39.09159811477965,-20.976325439980236 -0.01772506534493734 -13.603768460796816,40.06491283970726 50.91136534861734 4.620647720208934,20.907519720597286 138.4269851803099 51.91993071101005,-17.759694867430095 9.119089653103378 -26.805275032527216,16.80151960754263 -25.605119637749127 64.93659273612538,23.325681725865625 -48.34462116236432 -10.613960737007675
4.741871946581259 92.72660765657216 1.063332775819188,-5.086252634706973 56.98471288829819 -15.624053867904141,35.221453125780286 -29.133085506240608 -3.51712398727195,-68.46945073673437 76.58812844224448 -47.161155426247134,-21.075373505359412 0.2196192965659649 -12.556347484194953,41.47026362805878 53.07807205682205 5.324689572234773,21.53825517309874 136.78989849641172 51.351340638100865,-18.03230669557604 9.106863710817192 -26.669334000702563,14.976788772092537 -25.381677239468488 64.54655651703159,23.75799354876503 -49.50254316103897 -11.03796374971858
4.778936205705053 90.81779558142809 1.1009608637221016,-6.155789068504244 52.826159082149395 -15.275061905255654,35.9981405354871 -28.861832703621094 -2.2553595643125037,-67.16095763917468 82.7534841119954 -52.08427350791907,-21.21531101217368 0.4338998372214564 -11.968276322478072,43.13501144625525 54.279199921766754 5.748418613407736,21.908124620518855 135.818335798123 51.02279469655574,-18.279455100283958 9.139013154843274 -26.682537722507487,14.058615985905387 -24.948802313611985 64.4424000271613,23.773974958019366 -49.50290346775412 -11.0350275003269
4.03283280360326 90.05447621397389 1.2386121252675437,-6.940216348233872 50.89224806043008 -14.8954567735808,35.715755496712305 -29.107780535309082 -1.6936394126226437,-65.78552024814158 83.07693335564504 -51.78528449246862,-21.28130741678996 0.5187011688298895 -12.136629033112161,44.135789856946104 54.07286431540484 5.635253148401682,21.719643174502668 136.28360948210428 51.198579237683674,-18.33509214543264 9.186990302595811 -26.844859082299354,14.373822516210147 -24.40937638282813 64.6893081745332,23.37591850468602 -48.364327036121864 -10.610822768918394
2.6458747333912154 90.76783293187302 1.4822235619357316,-7.153216711640478 52.12686954489409 -14.606519360866715,34.371968613533724 -29.848266141788013 -2.0462381493746733,-64.72341242180318 76.89502199544708 -45.871678970636346,-21.183043613372693 0.4117851674363023 -13.091951221444747,43.86759187442421 52.38185157070543 4.84705035718487,20.871597694938977 138.45903374901116 51.97104612868473,-18.09966580092121 9.210909121189047 -27.106564026580703,15.823400852520958 -23.80020200518932 65.25467166998156,22.750540213212716 -46.60113584425088 -9.951598430508657
0.9577987537861766 92.6893402822994 1.8024544652295837,-6.763638286861318 56.183195328481304 -14.476754829032648,32.34662217995504 -30.876558069436232 -3.1431121870827683,-64.14962529474883 66.01075340655791 -36.050465438112056,-20.914326221132228 0.13580443343535684 -14.557304321403917,42.365182000179686 49.62459135150773 3.501375130239827,19.549842249508675 141.87585279395182 53.175299182008445,-17.608039316816374 9.185485608459283 -27.394722112801393,17.912619991670947 -23.144020182007655 65.99707336065703,22.17004577934314 -44.958908819998626 -9.330779684142993
-0.5685369899752593 95.03453121681665 2.1299822759624116,-6.008448203558117 61.4657306609953 -14.500550673798434,30.30247187523066 -31.868157362799405 -4.500064147912132,-64.02620045351868 54.234930356831796 -25.686648662042053,-20.56801097360759 -0.20169195009591565 -16.036873967445718,40.29887301272808 46.66326249875715 1.9977772121744106,18.180049150640926 145.4357429893988 54.42705702007286,-17.031187893650092 9.116958133429717 -27.641860096357483,19.925821126497887 -22.51710164737655 66.69611741389569,21.862171457901926 -44.06640175660286 -8.98334256157658
-1.4768236535641117 96.82377399432265 2.3709586397121907,-5.277031716960905 65.76588737905982 -14.614362893234704,28.958135067646154 -32.49502116526904 -5.529456169872345,-64.19188534054962 45.99756638556057 -18.59841334240377,-20.294948655675526 -0.45334539565101095 -17.001408131917934,38.64323503730111 44.54178281707247 0.8906487623505928,17.259177098514634 147.84342958063368 55.27252356526539,-16.60522457883849 9.040517996430475 -27.801249636625993,21.177642417772514 -22.07211050120985 67.1207860392891,21.913590126889193 -44.17364433452946 -9.008613141427196
-1.467364313941535 97.29938831619522 2.4394203547315154,-4.92474285514141 67.2162568313821 -14.738310209630963,28.81637281625676 -32.54351858161432 -5.794337028275143,-64.48264353755947 44.57455014978454 -17.552969058994805,-20.22721860187265 -0.5017864213038119 -17.09445389117855,38.188573712358945 44.09406578248511 0.6528289033016952,17.143624783340123 148.1602143559141 55.381875114903195,-16.520535775138473 8.999702397665585 -27.845998683882648,21.248033131647627 -21.987460272039534 67.11485719912473,22.248488393434094 -45.0881498337331 -9.343005609937602
-0.514650210161838 96.24926340480252 2.293855185212258,-5.109039269433621 65.11940154640024 -14.818432519548193,29.959120558650337 -31.99142072825969 -5.190065241983029,-64.810676170639 50.69908519789004 -23.105600651642856,-20.40699090932903 -0.3187444212776568 -16.273227443618264,39.14884057489508 45.585076958818426 1.4432642526193287,17.89346269722637 146.21783400634658 54.69534123520559,-16.82700076833885 9.020170124927205 -27.761711638703257,20.119342873132645 -22.365706143049927 66.66503522846774,22.683431963375064 -46.31524075919955 -9.807159282492016
1.098768663599859 94.08925925106394 1.9612313649947728,-5.728178220858529 60.25740831531546 -14.846752117016365,32.00017010610574 -31.015943123936683 -3.9739026982285934,-65.16476592012253 62.19542654338895 -33.310206524385855,-20.760562256792486 0.018167620592919542 -14.825486508380623,41.068751607954766 48.5551929519715 3.0020500724314636,19.24413907084768 142.70079898449168 53.45369596900302,-17.405005425727747 9.093698369654794 -27.545986328291924,18.1723486769094 -23.142564214668855 65.91902108662316,23.023008622438674 -47.311795445990946 -10.196903546984906
2.8580164791113396 91.67004736185815 1.5359003839990144,-6.487957272320769 54.53649785787811 -14.850980689058396,34.22319880702405 -29.931292979044176 -2.635946898648681,-65.54816648943802 74.83045704671068 -44.4608389531098,-21.13292938964424 0.3613218876277501 -13.256491560939642,43.07296274162448 51.960113205007644 4.738106893040733,20.715579536118494 138.86529863568856 52.100496771493695,-18.018762726303674 9.182112205103346 -27.220068978270973,16.048220119639026 -24.070158400678856 65.13878775515487,23.146059316444262 -47.722029911736236 -10.371375643671087
4.185445538817823 89.90276827891725 1.1511551648715035,-7.055976116935516 50.14115601228434 -14.864208908933094,35.85398353214267 -29.079814337315522 -1.678062084408382,-65.9098187457559 84.03029928448869 -52.56674097889464,-21.36502377822792 0.5642475989425523 -12.094455354007575,44.31748082828307 54.56735965068398 5.97803943101254,21.805582574380107 136.0307358487105 51.1028167977197,-18.42578758984642 9.238922442298081 -26.844455340059326,14.427549080194975 -24.800235303402964 64.60238240311739,23.04429158235369 -47.492401131256756 -10.29995150849366
4.647057781407945 89.37868842779855 0.9330885794583859,-7.22060606153482 48.601809842591706 -14.896202356480176,36.356855714681416 -28.716374161294002 -1.4058761960018549,-66.12722893861175 86.71665123356435 -54.93337015870152,-21.372129463807166 0.551783433200465 -11.695012561978807,44.39819036045674 55.44905608650681 6.2610208184949805,22.180418209265383 135.07383620292532 50.771376361348636,-18.487220671764653 9.235878272111854 -26.521341729997634,13.80237469307863 -25.03622170964503 64.49288492992679,22.804130974798788 -46.83663061500384 -10.054935306377804
4.117345223680919 90.152610837156 0.9543413739060078,-6.974860391237713 50.20507188573749 -14.925514469979701,35.634094700003274 -28.92624400933816 -1.825474530936535,-66.06375688084643 82.47028298587337 -51.1767937832269,-21.181460138496732 0.35320862613637755 -12.122008983971579,43.50158576292575 54.35966095121339 5.5389678075865945,21.78430835915166 136.13580358820883 51.155310951892794,-18.223877425443202 9.178744813669631 -26.370342421647557,14.316587046402397 -24.67974118349675 64.82262637616624,22.55153423431811 -46.09722411801454 -9.764096147701633
2.8343817399735602 91.77387929932867 1.2058997508329665,-6.490131048395547 53.99003950474222 -14.917296695821905,34.048605409025974 -29.603244241181397 -2.680403180325733,-65.67081838485898 73.54777279626747 -43.259774332719545,-20.909781201758726 0.08203068155910484 -13.146346580327,42.23131907711087 51.8334871870067 4.1875569408354165,20.83245495043957 138.6402089958192 52.04756377907303,-17.792250723746474 9.103082015294003 -26.479535752475005,15.72587675275534 -23.893215784616885 65.427985905354,22.393295204425065 -45.58818657499829 -9.552295028440208
1.3173943839109172 93.528245886955 1.5982453394359522,-6.005238080665041 58.28067017886619 -14.854379815696209,32.265841332549925 -30.492981895546116 -3.5959039135893005,-65.06852494123089 63.80385267343679 -34.57836119751031,-20.69538614855028 -0.12550179219846838 -14.35394561601816,41.22710702849126 48.959478161303366 2.826986683307399,19.70525299236232 141.57673626902223 53.0860844151926,-17.397091092889845 9.052730669503257 -26.852818686294878,17.488623016545596 -23.039424729398533 66.03943647325707,22.382386750460515 -45.491761905158846 -9.499178247405371
0.17380085175860027 94.75988038552049 1.9919513094395411,-5.698819142038825 61.45665753330307 -14.759676744565088,30.986034291533844 -31.28370414333384 -4.25058966528705,-64.54063247157342 57.04988359857821 -28.537474159484578,-20.623722492341756 -0.1795186233390441 -15.310990864164024,40.806005297432066 46.93204607582547 2.0426889225741274,18.79844249878394 143.903688989345 53.898680425618956,-17.189470708731395 9.053969111291266 -27.384266106068495,18.956057796489752 -22.52120072172559 66.3969192580984,22.515816675464468 -45.8359282448829 -9.624935411150993
-0.13141496617601428 95.11999488483531 2.2468449586642274,-5.615416569108551 62.585397969416185 -14.692349918694111,30.679093936094976 -31.712181580647275 -4.492619237627743,-64.42332391535535 55.58566747934109 -27.243882053242963,-20.6883734532118 -0.07664971811580817 -15.71733218746394,40.835170139789156 46.571074352959236 2.13905091781751,18.391048103948798 144.9006913301814 54.23055468268536,-17.20408388313214 9.100781036157894 -27.88236372759161,19.597129216374437 -22.59660997664803 66.3589950198106,22.754281101422656 -46.53119974638267 -9.899194598355685
0.5457250845536209 94.64263360456005 2.2721903060926776,-5.678680352353013 61.65251119790805 -14.716249810433487,31.42565131082144 -31.648734853372936 -4.3558945258834765,-64.93002258576644 59.496665850630016 -30.840104270132375,-20.807726545168382 0.10845445667956166 -15.492152063557185,40.901902424782676 48.01001251465533 3.034581958162711,18.572931548867423 144.35674618329617 54.01211676436137,-17.365041319600234 9.159915486999441 -28.14322497650702,19.18161157647333 -23.259034592389625 65.95677486256861,23.044573999554476 -47.422805170989335 -10.259091975327296
1.9714710150846344 93.64494121139104 2.0600771631649195,-5.771907300563038 59.36073945344502 -14.857404029420946,32.91609565297625 -31.13436683413581 -3.9885554666133203,-66.00101861269816 66.90813237302115 -37.67401524288672,-20.884930652099143 0.2724745964047961 -14.770591224889422,40.66414987581765 50.670169423427495 4.331829338118713,19.242133035770294 142.56662683394302 53.35638974727807,-17.54999011996515 9.192475280096668 -28.043952813424497,17.858866170548012 -24.240057949462972 65.36976034055203,23.33114206025846 -48.32532099085858 -10.624753152766235
3.620944718796653 92.53479810518472 1.6900357367593866,-5.8280310548802 56.6833215702883 -15.076609477333381,34.591421313963686 -30.360232579629823 -3.54967049612691,-67.26838370522442 74.94640134250966 -45.11998486868739,-20.873609228237296 0.3436592299533141 -13.828118828594219,40.15035717960117 53.51352625889779 5.51147713384838,20.156379478211797 140.1817985412964 52.502684530997186,-17.670498716678825 9.17877981942393 -27.61103587674021,16.105375969409536 -25.13265569109176 64.83779270842167,23.556389669704107 -49.03709527878981 -10.90965549477714
4.873333740588706 91.63940576675539 1.3026388040934924,-5.869743012726723 54.4445715491394 -15.277129602556244,35.856590615946146 -29.599090222198083 -3.1381201053550414,-68.1774817933717 80.89183961903503 -50.621164464113946,-20.808825853838147 0.31815717852301795 -12.973838338495458,39.80168270017755 55.454542624783855 6.15007072323153,21.012762572225803 137.99208310821945 51.73521740078846,-17.72005130204623 9.131196604798761 -27.025062601332678,14.559759221874693 -25.57437021297005 64.55289651218968,23.660163013592044 -49.35655170431358 -11.031489067929188
5.240158283261389 91.13371111616547 1.0503606852475864,-5.975284208574665 53.125296547976305 -15.3486326520402,36.2799368252051 -29.113374268502362 -2.788581452174988,-68.22803831224206 83.02442138233785 -52.508339084782435,-20.783753551983246 0.25272750440611436 -12.45618477225495,40.202719625587214 55.76040896018407 6.065525725343249,21.532796960774046 136.70391609734136 51.3021565846156,-17.762772200135597 9.086794723524559 -26.55131528865237,13.803110890967906 -25.40397583554044 64.58219399094399,23.589716291572167 -49.123405608622484 -10.929875792478713
4.54145200456502 91.07394765389506 1.0420314738391063,-6.194877068792404 52.91585337647202 -15.227064214484242,35.71265752768296 -29.070524134058438 -2.522417400546991,-67.22957341756612 80.91225594590504 -50.34098043355042,-20.8852625482305 0.2201786253713841 -12.40795827303169,41.642900472766634 54.293272667002924 5.344060979031741,21.537703440234704 136.75514487532183 51.350656316023795,-17.872939086379102 9.083835707893204 -26.42281053483731,14.160785393666583 -24.72215514304822 64.85502297696463,23.322140750693546 -48.28472951579765 -10.590206247078083
2.968093445919094 91.47560157916226 1.3002964255655352,-6.476591047360274 53.87964731996807 -14.938473170385,34.304804724059586 -29.491955493849094 -2.4048442713162537,-65.44510686017232 75.21071385303662 -44.78285438347082,-21.12712924607714 0.2558727903544187 -12.83431229133989,43.774384958532075 51.526235509170355 4.264414327516472,21.00246642324843 138.19010569555107 51.88609295105709,-18.065653938792565 9.136068814114916 -26.728960232418117,15.592497956644143 -23.835787044378826 65.21386945681952,22.88859468937762 -46.95590807708938 -10.063394588193052
1.0133057561863714 92.35587181694852 1.748219859968683,-6.657739808964092 56.04193704981794 -14.600331108453476,32.43518559761527 -30.249831620842734 -2.5557965072409266,-63.53845280635875 67.24479448064506 -37.21797320768264,-21.422709758469207 0.32884293334740333 -13.630362723646618,45.60480421763454 48.35613246535478 3.1761033738000877,20.07573957420658 140.6193748505953 52.76239940542322,-18.264917640555474 9.220574517108219 -27.3643212150277,17.7049835131353 -23.120050302889933 65.4975308891365,22.382988574146076 -45.43262392057458 -9.467083394581636
-0.6964390309242457 93.69736761123838 2.2319538879511605,-6.539341802460262 59.30562108770425 -14.374668220823782,30.594629732565156 -31.11018318109709 -3.092924170861179,-62.32806968180909 58.6464274978923 -29.345283113269954,-21.617397829986352 0.35646429168533483 -14.611646092589437,45.890136636651754 45.801177205922606 2.3911192606985434,19.052173742509424 143.29212350321498 53.711040101108296,-18.33323847092452 9.287317187734724 -28.065565960332513,19.87847233076401 -22.865615404688416 65.61210892424252,21.942601481352256 -44.12518710400164 -8.959212180939659
-1.6088071295475128 95.35699630391721 2.5736665288870455,-6.008820859515337 63.254090543543995 -14.39281785762182,29.26127986006718 -31.80707111697451 -4.032831092046378,-62.44375842328654 51.15046728425463 -22.87958806350481,-21.56691684441325 0.255575018720987 -15.548588112550226,43.76447133417972 44.691291273710384 2.1202069527104994,18.292099175474657 145.29376590179214 54.411467523357125,-18.149562994182773 9.28595011531268 -28.523005437706296,21.461218811609022 -23.1761950229926 65.55667921437768,21.702566393186714 -43.425109740107054 -8.688110899033877
-1.4214641474735847 96.99736411137734 2.6369032976805267,-5.140943571016204 67.02255941484287 -14.68807644493585,28.7922283749519 -32.12429805243468 -5.2121073865651,-64.03589737531149 46.455961605064545 -19.333233485629414,-21.21995175928523 0.0004965966647109132 -16.206421027452336,39.28695991109892 45.43846903410903 2.449829002758385,18.102833100087544 145.83832077191863 54.59218069697692,-17.69154812392834 9.195093945520926 -28.51646385054029,21.96785300721586 -23.950255875853912 65.3982692978458,21.74199346236037 -43.55432736209019 -8.737180653452981
-0.17264302440561669 98.12090597651573 2.3800543661490763,-4.211012039470341 69.41691305493785 -15.170849924109577,29.3423093094128 -31.960324192129598 -6.289937537807522,-66.6723145051456 45.97834575516184 -19.774170291556963,-20.658779248149926 -0.34728051937159116 -16.395066901767503,33.59588226335186 47.934495568610856 3.3377936192797946,18.618770377188408 144.56876681828786 54.13321457508997,-17.072304891058145 9.03734835925622 -28.012659331906324,21.22154445488151 -24.939379498119713 65.21882497975183,22.04704821636747 -44.465383688043595 -9.088408629694229
1.7765889746586756 98.23291991506342 1.876115183576362,-3.5976774627519057 69.32311416409419 -15.661088645062888,30.81739657108814 -31.357938205057522 -6.85551964558883,-69.47930206109876 50.413914717662294 -24.50709363652055,-20.07272473541652 -0.6581984376008307 -16.025778826952305,28.541460313248756 51.584887154759684 4.612790631143513,19.72991331050373 141.7437557173951 53.12919285353687,-16.50495711556825 8.870952549259178 -27.179188470819547,19.402087148529368 -25.846130412731913 65.06946481177097,22.510426063558416 -45.84364379158446 -9.622992052270172
3.857546107580411 97.07752077448725 1.2887248671347178,-3.6129383717537413 66.25631776454267 -15.964800641916712,32.8744563320336 -30.490697263989546 -6.6051085489594525,-71.47557799782842 59.24655825321714 -32.76560363698,-19.675121985803276 -0.7956907000044746 -15.157750702750102,25.93364433055499 55.46138235641868 5.984839084465246,21.098712121664807 138.20748472187665 51.87799229197072,-16.20818567183301 8.761981300794561 -26.309920166373296,16.991939720804712 -26.418122731398956 64.95825165738106,22.969922261858734 -47.2173823229728 -10.161507065520492
5.468691750302877 94.82878338057154 0.8117100487582303,-4.340954383273247 60.76583073610796 -15.959443171350838,34.983309084746324 -29.61032766111603 -5.507034389399323,-71.96073327080556 70.49910793643261 -42.62479532130004,-19.605252311198523 -0.6878507584771034 -14.009083931338356,26.749757080820558 58.538507433950286 7.088653224023525,22.271966683593156 135.11801572599273 50.78635532429322,-16.300085370383577 8.751869238915402 -25.698250170313234,14.639857254966927 -26.509519960466925 64.87350487865668,23.27001922562507 -48.131543789503155 -10.528217965176731
6.157296168268684 92.11854609508585 0.5951238156953561,-5.569946802811682 54.43156828105191 -15.64825983259064,36.55464744929654 -28.970290900025127 -3.866168583454427,-70.79348991572562 81.02684192198146 -51.336592527849675,-19.86542630591201 -0.3706167533739855 -12.911912700009099,30.685605698307143 59.96538781971456 7.574144833530514,22.85102242610951 133.51867483718857 50.221025650853136,-16.736610632525917 8.83769231254535 -25.517694276466283,12.980748064353302 -26.103264773648824 64.82065878651555,23.3196001525532 -48.312033422320866 -10.613330534977061
5.754787832906936 89.85069019081942 0.6878255370403699,-6.859265218261441 49.36735895203269 -15.158501767193794,37.113290423108936 -28.74798624763699 -2.239788791606573,-68.44229013667614 87.4294054590448 -56.12115510633281,-20.32507269159286 0.02276570025963426 -12.2127619495865,36.27601936679497 59.30959942374682 7.2287801975190575,22.65120616815836 133.92352421129044 50.36398404521636,-17.32894278331277 8.975537391844119 -25.762950004699512,12.45902788547679 -25.302823549821014 64.84178464463938,23.121526188894812 -47.75380954580579 -10.408489303423474
