-34.64548110961914 -24.245094299316406 6.65659236907959,-38.20588684082031 -11.778641700744629 -4.779534339904785,-42.121612548828125 -0.01779666543006897 18.043004989624023,79.3263168334961 -2.608752965927124 -5.242053508758545,5.066495895385742 -2.1176421642303467 -6.720259189605713,-6.05161714553833 -15.105542182922363 -48.193878173828125,21.12611198425293 41.94809341430664 8.177682876586914,6.539196968078613 8.897007942199707 -8.541083335876465,28.30623435974121 16.3542423248291 54.34678649902344,21.742328643798828 -43.62469482421875 -8.790410041809082
-31.594030380249023 -21.624771118164062 3.069394826889038,-31.733949661254883 -11.114387512207031 -3.8632447719573975,-36.081520080566406 -0.04416397586464882 13.766365051269531,65.57508850097656 3.440080165863037 0.5699737071990967,6.057269096374512 -1.9367129802703857 -6.289021015167236,-4.9364776611328125 -14.998147964477539 -46.87925720214844,20.199934005737305 39.5323371887207 7.325098991394043,7.412014484405518 9.181732177734375 -7.656881332397461,20.38913345336914 3.835118055343628 48.6561279296875,21.937877655029297 -44.16956329345703 -8.993106842041016
-30.980758666992188 -20.71263313293457 3.1299853324890137,-30.475238800048828 -10.823519706726074 -3.682361602783203,-37.64204025268555 0.5779398083686829 12.085204124450684,66.10211181640625 1.8033751249313354 -0.30939581990242004,6.7478132247924805 -2.369976043701172 -6.120691299438477,-6.529205799102783 -15.738998413085938 -47.53459930419922,21.315710067749023 42.4576530456543 8.362092018127441,7.989699363708496 9.026031494140625 -6.379322052001953,16.333276748657227 3.2862236499786377 45.98596954345703,22.829421997070312 -46.74163818359375 -9.97274112701416
-28.964439392089844 -23.255826950073242 6.026680946350098,-29.09208869934082 -10.874658584594727 -2.9548254013061523,-37.37674331665039 -0.03441745787858963 13.056313514709473,65.75398254394531 0.9299525618553162 -4.654059886932373,6.443839073181152 -3.0607640743255615 -7.232419967651367,-8.953532218933105 -11.120850563049316 -47.097862243652344,20.851055145263672 41.21828079223633 7.916260242462158,7.988283634185791 7.976218223571777 -8.775411605834961,22.059602737426758 3.300772190093994 45.681549072265625,22.244367599487305 -45.036964416503906 -9.31934928894043
-26.849058151245117 -20.58054542541504 2.941645860671997,-24.808250427246094 -9.965657234191895 -1.8365405797958374,-33.536155700683594 0.14538870751857758 9.892889976501465,56.8493537902832 2.686602830886841 -1.3238900899887085,6.210785388946533 -2.758469343185425 -6.616582870483398,-8.934602737426758 -10.968326568603516 -46.18181610107422,21.12883949279785 41.955379486083984 8.180315017700195,7.586686611175537 8.51192855834961 -7.3591814041137695,16.534921646118164 0.5296840667724609 44.06753921508789,23.367855072021484 -48.3730583190918 -10.612831115722656
-26.79953384399414 -21.86930274963379 4.619467258453369,-24.642000198364258 -9.622676849365234 -2.0314815044403076,-31.93256950378418 0.12721864879131317 11.932891845703125,55.00780487060547 3.28918719291687 -3.2523059844970703,5.512300491333008 -2.8541793823242188 -6.31909704208374,-10.037053108215332 -9.617864608764648 -47.24047088623047,20.69070053100586 40.79780578613281 7.767144203186035,6.946885108947754 7.982479095458984 -8.806740760803223,21.764265060424805 1.0506341457366943 43.38395690917969,22.599451065063477 -46.06358337402344 -9.710931777954102
-26.55748176574707 -21.252559661865234 4.271790981292725,-24.90668487548828 -8.641737937927246 -2.938236951828003,-32.568214416503906 0.609577476978302 12.37519359588623,56.0769157409668 2.800553560256958 -2.5011091232299805,5.8443217277526855 -2.885162353515625 -5.791988372802734,-10.304275512695312 -9.830698013305664 -47.68885803222656,20.824337005615234 41.14796829223633 7.89128303527832,7.156512260437012 8.04428482055664 -7.946456432342529,21.178579330444336 0.3103007972240448 44.10044860839844,22.365041732788086 -45.38319396972656 -9.450702667236328
-26.7702579498291 -19.94681739807129 3.035581350326538,-25.619422912597656 -7.84792423248291 -3.6942522525787354,-32.46428298950195 0.535253643989563 13.257791519165039,56.493247985839844 3.3402769565582275 -0.12427426874637604,5.790627479553223 -2.6404263973236084 -5.293970108032227,-8.594802856445312 -11.664678573608398 -47.490901947021484,20.934764862060547 41.439239501953125 7.995051383972168,7.008925914764404 8.30119800567627 -7.453332901000977,20.819921493530273 -1.158259391784668 43.4378776550293,23.305191040039062 -48.17977523803711 -10.536270141601562
-26.168577194213867 -17.614164352416992 0.8601920008659363,-24.156837463378906 -7.11435079574585 -4.077601432800293,-30.91178321838379 1.5863839387893677 11.698212623596191,52.56675338745117 3.0960397720336914 3.549071788787842,6.550482273101807 -2.499863862991333 -4.348111629486084,-5.447793960571289 -14.856244087219238 -47.71894073486328,21.121854782104492 41.93675994873047 8.17359733581543,7.435747146606445 8.959434509277344 -4.523242473602295,14.228550910949707 -3.8817105293273926 45.17965316772461,26.052749633789062 -57.752288818359375 -14.541938781738281
-26.11420249938965 -16.821369171142578 0.44074273109436035,-25.43545913696289 -6.525038719177246 -4.2139387130737305,-33.403778076171875 1.4038243293762207 11.890466690063477,57.10221481323242 2.3721139430999756 4.311100482940674,7.583502769470215 -2.65208101272583 -4.535818099975586,-5.650557518005371 -15.830259323120117 -46.654136657714844,21.194141387939453 42.13031005859375 8.243473052978516,8.44351863861084 8.966653823852539 -3.984642267227173,13.076929092407227 -8.198138236999512 44.51548385620117,25.913875579833984 -57.19927215576172 -14.29964828491211
-26.324167251586914 -17.525108337402344 1.4779438972473145,-25.525745391845703 -6.906435012817383 -3.8981261253356934,-31.654157638549805 1.5716301202774048 13.206966400146484,55.33189010620117 3.0418219566345215 4.191370010375977,6.791713237762451 -2.696112871170044 -4.157960891723633,-6.024755477905273 -14.62203311920166 -47.21822738647461,20.885272979736328 41.308441162109375 7.948400497436523,7.661736488342285 8.684334754943848 -4.626404285430908,14.557433128356934 -7.211029529571533 43.991153717041016,25.552703857421875 -55.80411148071289 -13.693857192993164
-26.014244079589844 -17.468168258666992 2.2931106090545654,-24.54133415222168 -6.773624897003174 -3.8608481884002686,-29.91407012939453 2.0781564712524414 13.815393447875977,52.65691375732422 3.2484610080718994 3.5879454612731934,6.160699367523193 -2.8671927452087402 -3.4100961685180664,-6.944310665130615 -13.243624687194824 -48.36258316040039,20.507442474365234 40.32152557373047 7.599584579467773,6.945127964019775 8.350703239440918 -4.616700172424316,14.874220848083496 -3.5970230102539062 43.91352844238281,24.161067962646484 -50.903053283691406 -11.632511138916016
-25.6124267578125 -16.510404586791992 2.1064224243164062,-23.593425750732422 -6.040048122406006 -4.169660568237305,-28.452390670776367 2.285712480545044 13.981226921081543,50.2310905456543 3.6709933280944824 4.096915245056152,6.334625720977783 -2.9809489250183105 -2.8227438926696777,-7.885491847991943 -11.220317840576172 -48.717750549316406,20.50082015991211 40.30443572998047 7.593597888946533,7.017748832702637 8.197802543640137 -4.196460723876953,13.297772407531738 -5.356771945953369 43.22582244873047,23.5322265625 -48.884246826171875 -10.816231727600098
-24.416677474975586 -15.365318298339844 1.4884965419769287,-22.290935516357422 -4.827925682067871 -4.7031683921813965,-26.167457580566406 2.671830415725708 14.473441123962402,46.37221145629883 4.459272384643555 5.0308074951171875,6.204029083251953 -2.986056327819824 -1.9506440162658691,-8.322244644165039 -9.071634292602539 -48.56825256347656,20.660844802856445 40.720001220703125 7.739682674407959,6.7441205978393555 8.128146171569824 -3.6315155029296875,12.07618236541748 -8.907584190368652 41.36695861816406,24.22655487060547 -51.11949157714844 -11.721229553222656
-22.580476760864258 -13.37285041809082 0.3132849931716919,-20.30173683166504 -3.1927716732025146 -5.159882068634033,-23.07062339782715 3.1179089546203613 14.239876747131348,40.48925018310547 5.228204250335693 6.3234944343566895,5.856950759887695 -3.0338234901428223 -0.9893507957458496,-7.886061191558838 -8.785088539123535 -47.67804718017578,21.204734802246094 42.15884017944336 8.25377368927002,6.184628486633301 8.17818546295166 -2.36653995513916,8.62900161743164 -13.538580894470215 39.72590255737305,24.894508361816406 -53.4019889831543 -12.670086860656738
-20.721900939941406 -10.798067092895508 -1.274781584739685,-18.18746566772461 -1.792486310005188 -5.288679599761963,-19.95220375061035 3.308739423751831 13.14415168762207,34.24653625488281 5.738687038421631 8.150912284851074,5.1802825927734375 -3.0826263427734375 -0.2349117398262024,-5.838205814361572 -10.956048011779785 -46.47305679321289,22.612165451049805 46.10078811645508 9.725194931030273,5.284373760223389 8.36104679107666 -0.8083888292312622,4.103463172912598 -16.945056915283203 39.692604064941406,25.73602867126465 -56.505043029785156 -13.9972562789917
-18.74488639831543 -8.05284309387207 -3.0214858055114746,-15.96743392944336 -0.5944557189941406 -5.186440467834473,-17.128225326538086 3.1527163982391357 11.827492713928223,28.299179077148438 6.102163791656494 10.057512283325195,4.70514440536499 -3.079773426055908 0.36173513531684875,-3.100586175918579 -13.721551895141602 -45.39602279663086,23.57191276550293 49.00858688354492 10.865947723388672,4.619591236114502 8.558073043823242 0.4807930886745453,0.39024630188941956 -19.103994369506836 40.65824508666992,26.37255859375 -59.06454086303711 -15.121572494506836
-17.551698684692383 -6.385473728179932 -3.976496458053589,-14.526958465576172 0.028620770201086998 -4.9333367347717285,-15.82104206085205 2.7837672233581543 11.089706420898438,25.219173431396484 6.277915954589844 11.162424087524414,4.777108192443848 -3.0992519855499268 0.4809049665927887,-1.3839727640151978 -14.953399658203125 -44.53303146362305,23.858959197998047 49.92017364501953 11.232613563537598,4.615344524383545 8.661365509033203 1.0949162244796753,-1.3503261804580688 -20.47581672668457 41.86467361450195,26.6669921875 -60.32526397705078 -15.68454647064209
-17.078699111938477 -6.260809898376465 -3.2294578552246094,-14.189191818237305 0.45712390542030334 -4.835293769836426,-16.843507766723633 3.2406742572784424 11.495755195617676,26.43485450744629 5.521120548248291 10.47974681854248,5.061594009399414 -3.4029088020324707 0.8136836290359497,-2.171067714691162 -14.322236061096191 -44.410587310791016,23.323965072631836 48.23751449584961 10.559115409851074,4.817158222198486 8.381919860839844 1.5629746913909912,-1.6447125673294067 -20.70004653930664 41.307621002197266,26.32789421081543 -58.87784194946289 -15.038744926452637
-16.14532470703125 -5.512385368347168 -3.5172982215881348,-13.124434471130371 0.9614499807357788 -4.640846252441406,-15.119461059570312 3.5626001358032227 11.584368705749512,22.961618423461914 5.789988994598389 10.303966522216797,4.616566181182861 -3.4511964321136475 1.3408221006393433,-1.6169737577438354 -15.707551956176758 -44.5439453125,22.521570205688477 45.836307525634766 9.62370491027832,4.250840187072754 8.375919342041016 2.1995508670806885,-1.589107632637024 -20.085895538330078 41.97591781616211,26.093597412109375 -57.9168815612793 -14.61431884765625
-15.29234504699707 -4.863093376159668 -3.352681875228882,-12.386863708496094 1.8067244291305542 -4.66580867767334,-14.658942222595215 4.34508752822876 11.266134262084961,21.428035736083984 4.949966907501221 9.611802101135254,4.199692726135254 -3.654552459716797 2.1506035327911377,-1.907772421836853 -17.42083740234375 -45.513423919677734,22.184785842895508 44.86705017089844 9.255096435546875,3.650573968887329 8.21733283996582 3.1394193172454834,-0.7804180383682251 -17.394189834594727 42.14100646972656,25.817224502563477 -56.820030212402344 -14.134202003479004
-16.048797607421875 -5.666784286499023 -2.1844465732574463,-13.067300796508789 1.1290699243545532 -3.63045597076416,-17.318342208862305 3.604647636413574 9.502015113830566,25.81608772277832 3.4197516441345215 8.809407234191895,4.785038948059082 -3.9335989952087402 1.2294652462005615,-3.9560017585754395 -15.233599662780762 -45.37059020996094,22.531362533569336 45.864864349365234 9.634661674499512,4.455433368682861 7.858529090881348 1.9716435670852661,-0.7476691007614136 -15.252716064453125 43.26776885986328,25.107593536376953 -54.161521911621094 -12.991098403930664
-15.938519477844238 -7.176784515380859 -1.7936047315597534,-13.644978523254395 -0.09172572195529938 -2.8392670154571533,-18.201406478881836 3.4252591133117676 8.33897590637207,27.178871154785156 2.661787271499634 8.213809967041016,4.717548847198486 -3.8953957557678223 0.40679654479026794,-5.04423713684082 -13.437047004699707 -46.25022506713867,23.987911224365234 50.336669921875 11.401487350463867,4.576130390167236 7.8549275398254395 0.9719934463500977,-1.62615168094635 -19.75092124938965 39.67008972167969,25.3939151763916 -55.20903396606445 -13.437944412231445
-17.096677780151367 -11.264019966125488 0.87631756067276,-14.008607864379883 -3.6700220108032227 0.042331427335739136,-22.547494888305664 2.5334982872009277 4.551173210144043,33.0855598449707 0.05710221081972122 4.31233024597168,5.664335250854492 -4.426978588104248 -2.5487253665924072,-7.762927532196045 -9.541464805603027 -45.363101959228516,25.043415069580078 53.930992126464844 12.89342212677002,6.050597190856934 7.48139762878418 -1.172881007194519,0.9925525188446045 -17.68338966369629 39.37278366088867,24.821537017822266 -53.14558410644531 -12.562273979187012
-16.746946334838867 -13.248455047607422 1.3685780763626099,-14.847599983215332 -4.208094596862793 -0.6939579248428345,-24.47236442565918 3.4504055976867676 6.1121134757995605,36.6944694519043 -0.19856798648834229 3.1494698524475098,5.383821964263916 -4.229478359222412 -2.304713726043701,-10.334554672241211 -11.808938026428223 -46.89615249633789,24.70131492614746 52.726966857910156 12.386945724487305,5.7600297927856445 7.583112716674805 -1.3479775190353394,3.6573972702026367 -14.543763160705566 40.434776306152344,24.132843017578125 -50.81026077270508 -11.594527244567871
-17.477323532104492 -15.737791061401367 2.335732936859131,-15.556048393249512 -5.8606061935424805 -0.299114465713501,-26.60524559020996 3.6599364280700684 6.061636924743652,40.50664520263672 -0.7657409310340881 1.4212093353271484,5.365721225738525 -4.058071136474609 -2.703397750854492,-12.688760757446289 -9.036113739013672 -48.198787689208984,24.43810272216797 51.82716751098633 12.012767791748047,5.88792610168457 7.571463584899902 -2.4458208084106445,6.785192966461182 -10.288907051086426 41.6923828125,23.988264083862305 -50.33786392211914 -11.401951789855957
-18.491121292114258 -18.10803985595703 3.3030459880828857,-15.501486778259277 -8.7252197265625 2.0001678466796875,-26.6720027923584 2.8382017612457275 3.9275407791137695,39.37923049926758 -1.072332739830017 0.7092816829681396,4.133735179901123 -4.0218353271484375 -4.523993968963623,-11.126537322998047 -7.985764980316162 -45.99629211425781,24.494918823242188 52.01955032348633 12.0924654006958,4.997939109802246 7.71729850769043 -3.893970251083374,5.654232501983643 -11.894004821777344 38.06523513793945,25.784557342529297 -56.6928825378418 -14.078887939453125
-19.1265811920166 -18.17449951171875 2.9026379585266113,-15.250672340393066 -9.356958389282227 2.4219982624053955,-26.611671447753906 2.651952028274536 2.6759109497070312,38.711456298828125 -1.222137689590454 0.8884989619255066,4.161372661590576 -3.8289401531219482 -4.739956378936768,-10.719325065612793 -6.37463903427124 -46.56441879272461,23.90341567993164 50.06327819824219 11.29052448272705,5.055858612060547 7.948301315307617 -3.94413685798645,6.013189315795898 -8.617716789245605 39.33181381225586,26.132314682006836 -58.0737190246582 -14.683321952819824
-19.19455337524414 -19.448963165283203 4.308937072753906,-16.140092849731445 -9.241509437561035 2.546055793762207,-27.975154876708984 3.022212505340576 2.3463289737701416,41.29374313354492 -1.9393658638000488 -1.0493383407592773,4.762407302856445 -4.147113800048828 -4.963128566741943,-13.32422161102295 -2.5100958347320557 -47.0299186706543,23.287654876708984 48.12601852416992 10.515022277832031,5.709025859832764 7.577389717102051 -4.274843692779541,7.112743377685547 -11.256007194519043 37.028404235839844,25.18813705444336 -54.45286560058594 -13.114871978759766
-19.62016487121582 -17.80314064025879 2.633087158203125,-16.813962936401367 -7.435658931732178 0.6792866587638855,-28.126697540283203 3.0311191082000732 4.085417747497559,42.236351013183594 -1.0052493810653687 0.4347136616706848,5.552807331085205 -3.794450521469116 -4.316688060760498,-12.490143775939941 -5.9384846687316895 -47.547969818115234,23.081661224365234 47.49784851074219 10.267691612243652,6.3463053703308105 7.972554683685303 -3.4134225845336914,7.589690208435059 -11.375622749328613 39.836456298828125,25.304950714111328 -54.880069732666016 -13.297094345092773
-19.670461654663086 -17.47883415222168 3.315990686416626,-16.243465423583984 -7.3220696449279785 1.9446635246276855,-27.961076736450195 2.5040194988250732 1.9856960773468018,41.1423225402832 -1.4605270624160767 -0.5188189148902893,6.344945907592773 -4.27867317199707 -5.093436241149902,-12.488274574279785 -0.3789610266685486 -46.722293853759766,22.046409606933594 44.47492599487305 9.1074800491333,7.247225284576416 7.597660064697266 -3.6257829666137695,7.2751545906066895 -12.534707069396973 37.07908248901367,24.72881317138672 -52.82225036621094 -12.426783561706543
-20.733844757080078 -15.951379776000977 2.5982441902160645,-17.375965118408203 -5.415095329284668 0.10075432062149048,-29.65896987915039 2.101543426513672 4.000920295715332,44.56333923339844 -0.6556035876274109 0.37456873059272766,7.9421515464782715 -4.280892848968506 -4.892364025115967,-11.02075481414795 -2.6458332538604736 -45.90675354003906,21.489492416381836 42.92963790893555 8.534347534179688,8.780207633972168 7.610662937164307 -3.226942539215088,7.205578804016113 -15.5924072265625 36.94900894165039,23.954792022705078 -50.22938537597656 -11.357889175415039
-21.966150283813477 -14.391963958740234 1.0264394283294678,-18.42865562438965 -3.5737359523773193 -1.891287088394165,-29.720869064331055 2.131071090698242 5.8543853759765625,45.34562301635742 0.33923330903053284 1.8776038885116577,8.93408489227295 -3.8013007640838623 -3.9808297157287598,-9.98406982421875 -2.558419942855835 -45.828643798828125,20.53864288330078 40.402339935302734 7.627938270568848,9.60555648803711 8.014447212219238 -2.5867505073547363,9.335761070251465 -16.24202537536621 37.532981872558594,24.323043823242188 -51.44064712524414 -11.853229522705078
-23.83146095275879 -14.893548965454102 0.8330695629119873,-19.901588439941406 -3.554771900177002 -2.9340333938598633,-28.75627899169922 1.8402248620986938 8.413527488708496,45.26859664916992 2.02939772605896 1.962250828742981,8.967971801757812 -3.3706953525543213 -3.6864776611328125,-9.55032730102539 -0.9695783257484436 -45.76401138305664,20.348026275634766 39.910865783691406 7.45628023147583,9.683218955993652 8.140522003173828 -3.4949376583099365,14.010469436645508 -15.803729057312012 36.845672607421875,24.964405059814453 -53.649288177490234 -12.774308204650879
-26.79474449157715 -18.501707077026367 2.6720199584960938,-23.14482307434082 -5.999828338623047 -3.4389541149139404,-31.110275268554688 1.1813602447509766 13.704193115234375,52.04405975341797 3.3949809074401855 1.3173850774765015,8.987295150756836 -2.9255034923553467 -4.076371669769287,-7.649385929107666 -0.8247856497764587 -45.99462890625,18.447935104370117 35.247005462646484 5.906279563903809,9.980512619018555 7.896411895751953 -6.52414608001709,21.327404022216797 -15.584249496459961 35.409610748291016,24.237266540527344 -51.15502166748047 -11.73580551147461
-26.950727462768555 -12.320671081542969 -2.3576369285583496,-22.24237060546875 -3.0837700366973877 -5.732142925262451,-30.454774856567383 2.1944174766540527 7.848796844482422,48.456298828125 1.9066981077194214 6.486812591552734,9.954425811767578 -2.498589515686035 -2.9134576320648193,-6.635389804840088 4.953465461730957 -46.98458480834961,20.421180725097656 40.098968505859375 7.52178955078125,10.339922904968262 9.490262985229492 -0.8147549629211426,10.370108604431152 -13.137882232666016 43.80282211303711,26.586610794067383 -59.97581481933594 -15.527926445007324
-29.230894088745117 -13.223689079284668 -1.356247901916504,-22.423843383789062 -6.226615905761719 -2.79835844039917,-29.596975326538086 0.5343320965766907 5.175326824188232,46.37950897216797 2.4926748275756836 4.920694351196289,11.007955551147461 -2.9971535205841064 -5.150391101837158,-8.022687911987305 13.407977104187012 -45.885433197021484,19.84977149963379 38.648155212402344 7.022319793701172,11.79761791229248 9.108909606933594 -2.435089349746704,7.759965896606445 -14.021692276000977 39.95236587524414,26.834745407104492 -61.06908416748047 -16.019329071044922
-32.01424026489258 -19.658082962036133 4.533115386962891,-28.718162536621094 -9.14831829071045 -2.2057089805603027,-33.54896926879883 -0.689397931098938 12.385523796081543,57.750431060791016 3.8397023677825928 -1.059411644935608,9.977527618408203 -3.499107837677002 -6.881690979003906,-9.599756240844727 11.279644012451172 -48.22725296020508,19.352914810180664 37.41851806640625 6.609785556793213,11.386178016662598 7.6739821434021 -7.694454193115234,20.4688663482666 -10.224254608154297 35.25162887573242,24.871824264526367 -53.3220329284668 -12.636415481567383
-32.731590270996094 -20.019319534301758 5.670103549957275,-29.164255142211914 -9.096879959106445 -2.873469829559326,-29.96347999572754 -0.2312164157629013 15.525500297546387,55.03303146362305 5.324954986572266 -1.4214822053909302,7.499605655670166 -3.2852108478546143 -6.010231971740723,-8.453055381774902 2.1308040618896484 -48.9575080871582,20.62449836730957 40.62513732910156 7.706252574920654,8.822941780090332 7.683375358581543 -7.845829963684082,21.91163444519043 -4.062578201293945 36.59584045410156,23.488048553466797 -48.7462272644043 -10.761184692382812
-30.21320152282715 -15.5276517868042 1.8636730909347534,-25.028257369995117 -5.989229679107666 -5.006373882293701,-20.89231300354004 2.3632402420043945 14.010455131530762,40.3735237121582 7.066761016845703 3.1343839168548584,5.639247417449951 -2.855280876159668 -2.949911117553711,-2.073582172393799 -10.574566841125488 -50.236080169677734,24.466476440429688 51.9231071472168 12.052517890930176,6.235841274261475 8.689046859741211 -2.9784343242645264,16.32951545715332 -3.5295116901397705 43.47210693359375,26.060325622558594 -57.78285598754883 -14.555367469787598
