-34.259307861328125 -21.94182777404785 -0.20486727356910706,-37.63967514038086 -7.199995517730713 -12.129117965698242,-38.74506759643555 1.4311202764511108 19.487979888916016,77.47381591796875 5.967024326324463 1.0935009717941284,1.659119963645935 0.5274224877357483 -2.9579668045043945,-2.447376251220703 -20.25445556640625 -51.053550720214844,21.111289978027344 41.9085693359375 8.163444519042969,2.6618361473083496 10.868997573852539 -8.096214294433594,36.98513412475586 15.98022174835205 53.43489456176758,21.218463897705078 -42.19563293457031 -8.267082214355469
-34.34132385253906 -22.232393264770508 0.01582190953195095,-37.92856216430664 -7.557515621185303 -11.863638877868652,-39.28720474243164 1.4808634519577026 19.76618766784668,78.18050384521484 5.648007869720459 0.9469401240348816,1.9259718656539917 0.52005535364151 -2.970616102218628,-2.4047560691833496 -18.957778930664062 -50.732872009277344,20.82776641845703 41.15705871582031 7.89448881149292,2.932709217071533 10.838855743408203 -8.15384578704834,37.44313049316406 15.82742977142334 52.77650451660156,21.123868942260742 -41.942108154296875 -8.17553424835205
-34.37760925292969 -22.713592529296875 0.4286736249923706,-38.23490524291992 -7.97275447845459 -11.552742004394531,-40.0302619934082 1.4906755685806274 20.1129150390625,79.3215560913086 4.976123332977295 0.297236829996109,2.2140097618103027 0.48726558685302734 -3.0692200660705566,-2.4186718463897705 -17.60898208618164 -50.32959747314453,20.57061767578125 40.485294342041016 7.657057762145996,3.241858720779419 10.773332595825195 -8.32598876953125,38.41272735595703 17.387256622314453 53.78803253173828,20.88104820251465 -41.2972526550293 -7.944394588470459
-34.351173400878906 -23.274295806884766 0.9375283122062683,-38.526432037353516 -8.364399909973145 -11.285614967346191,-40.84503173828125 1.4684885740280151 20.552501678466797,80.81072235107422 3.9738101959228516 -0.7741566300392151,2.4413959980010986 0.4464668333530426 -3.1833243370056152,-2.4940645694732666 -16.443010330200195 -49.98309326171875,20.389680862426758 40.0179328918457 7.493522644042969,3.499168872833252 10.676947593688965 -8.60737419128418,39.76189041137695 20.485021591186523 56.25923156738281,20.513765335083008 -40.337947845458984 -7.605338096618652
-34.152320861816406 -23.72214126586914 1.3476005792617798,-38.63693618774414 -8.63685131072998 -11.185863494873047,-41.42203903198242 1.4183506965637207 21.051965713500977,82.0821762084961 2.8754098415374756 -1.914541482925415,2.523963212966919 0.3997668921947479 -3.3121092319488525,-2.6252810955047607 -15.948898315429688 -49.74658966064453,20.343477249145508 39.899192810058594 7.452178001403809,3.614292860031128 10.580997467041016 -8.898611068725586,40.82596206665039 23.5412540435791 58.801795959472656,20.0343017578125 -39.112213134765625 -7.180569648742676
-33.62257766723633 -23.986377716064453 1.5693410634994507,-38.35776329040527 -8.714184761047363 -11.480448722839355,-41.826324462890625 1.403526246547699 21.697919845581055,83.16437911987305 1.7036633491516113 -2.839372754096985,2.333083748817444 0.3444104492664337 -3.4442501068115234,-2.897582173347473 -16.874635696411133 -49.63911437988281,20.57587718963623 40.49993133544922 7.662524938583374,3.4514596462249756 10.513594627380371 -9.090766429901123,41.16372108459473 25.10463237762451 60.09444618225098,19.407769203186035 -37.553659439086914 -6.654922962188721
-33.15700149536133 -24.01670265197754 1.681789755821228,-38.03993225097656 -8.672544479370117 -11.744572639465332,-42.40959548950195 1.510765552520752 21.665477752685547,83.99397277832031 0.23332694172859192 -4.051652431488037,2.3825321197509766 0.20631660521030426 -3.6147875785827637,-3.2705771923065186 -18.517805099487305 -49.617977142333984,21.009416580200195 41.63721466064453 8.06593132019043,3.5073986053466797 10.473823547363281 -8.872836112976074,40.27385330200195 23.675519943237305 58.89461135864258,19.338476181030273 -37.38312530517578 -6.5980610847473145
-33.283138275146484 -23.872175216674805 1.7694683074951172,-38.29743194580078 -8.819035530090332 -11.333703994750977,-43.491336822509766 1.3165373802185059 21.020544052124023,85.08829498291016 -1.3183009624481201 -5.595517635345459,2.8669919967651367 0.05361190065741539 -3.9510297775268555,-3.5116214752197266 -18.987728118896484 -49.40703201293945,20.909950256347656 41.37361145019531 7.971634387969971,4.027626037597656 10.392508506774902 -8.847548484802246,39.428367614746094 20.630578994750977 56.203163146972656,19.400358200073242 -37.53460693359375 -6.6483025550842285
-33.55536079406738 -24.166330337524414 2.038020610809326,-38.56850242614746 -9.369758129119873 -10.624622821807861,-44.69852256774902 1.8579381704330444 19.491124153137207,85.42015838623047 -3.307322859764099 -7.850935935974121,3.6754543781280518 -0.14445510506629944 -4.199721574783325,-3.875870108604431 -19.82351589202881 -49.68461227416992,21.03073215484619 41.69801902770996 8.089004516601562,4.793658494949341 10.511010646820068 -7.7805352210998535,36.536582946777344 16.20032024383545 52.22817611694336,21.116982460021973 -41.93613052368164 -8.177037954330444
-33.42804718017578 -25.010845184326172 2.5978283882141113,-37.74979019165039 -10.340143203735352 -9.449433326721191,-42.95399475097656 1.436039686203003 17.961252212524414,81.84514617919922 -0.7396544814109802 -7.877044677734375,3.0920920372009277 -0.26391974091529846 -5.324982166290283,-3.516551971435547 -20.673032760620117 -48.65616989135742,21.159223556518555 42.03672409057617 8.209651947021484,4.375143051147461 10.584874153137207 -8.152665138244629,35.02777862548828 12.181145668029785 47.08723449707031,21.066957473754883 -41.790225982666016 -8.12087345123291
-33.33750534057617 -23.50583839416504 1.633531928062439,-36.641029357910156 -9.867021560668945 -8.982731819152832,-42.33837127685547 1.1212639808654785 15.828263282775879,79.2894058227539 1.8785831928253174 -5.641315460205078,3.658149003982544 -0.43061545491218567 -5.450623989105225,-3.6476242542266846 -20.056560516357422 -48.63874435424805,20.872211456298828 41.27415466308594 7.936154842376709,4.922900199890137 10.553403854370117 -7.682296276092529,31.8792667388916 13.416803359985352 48.290184020996094,20.735580444335938 -40.91510772705078 -7.808664321899414
-33.0856876373291 -22.863048553466797 1.221729815006256,-36.17012596130371 -9.093389511108398 -9.312881469726562,-42.74341011047363 1.1981016397476196 14.88253927230835,79.36164855957031 2.073579967021942 -5.088949918746948,4.191256999969482 -0.5231156647205353 -5.296449899673462,-4.098327398300171 -19.345206260681152 -48.59638786315918,20.628164291381836 40.635358810424805 7.710048675537109,5.409308195114136 10.502513885498047 -7.317671537399292,30.796889305114746 14.49522876739502 49.813140869140625,20.29525375366211 -39.77897071838379 -7.411523818969727
-32.90390586853027 -21.992822647094727 -0.019316434860229492,-34.36362838745117 -7.7394092082977295 -10.221805572509766,-39.8476448059082 1.7315343618392944 15.387638092041016,74.1791877746582 3.783386468887329 -2.217491030693054,3.8114020824432373 -0.09445233270525932 -3.983689785003662,-2.8264636993408203 -21.277928352355957 -49.25082969665527,20.695770263671875 40.811017990112305 7.7718188762664795,4.839545965194702 10.746129035949707 -6.863800048828125,30.68929386138916 10.574186325073242 49.30460739135742,21.130294799804688 -41.96109199523926 -8.182889461517334
-33.25525665283203 -22.794435501098633 0.7526411414146423,-35.37442398071289 -7.627321720123291 -9.81574821472168,-41.57634353637695 1.074177861213684 16.689184188842773,77.97528076171875 3.301131248474121 -3.640200614929199,3.6919567584991455 -0.007767597679048777 -4.126142978668213,-3.8116984367370605 -20.094913482666016 -48.8992805480957,20.68503761291504 40.78302764892578 7.761914253234863,4.848176956176758 10.435820579528809 -8.508736610412598,36.281890869140625 15.810720443725586 53.10551452636719,20.21233367919922 -39.563899993896484 -7.335999965667725
-33.387420654296875 -23.719009399414062 1.3188248872756958,-36.6534538269043 -8.208806991577148 -9.706986427307129,-43.04747772216797 0.8836944103240967 17.689346313476562,81.04952239990234 2.072650671005249 -4.758221626281738,3.282104969024658 0.08642196655273438 -4.417294502258301,-4.020598411560059 -20.226457595825195 -48.93174362182617,20.66156005859375 40.72174072265625 7.740324020385742,4.5188469886779785 10.424981117248535 -9.219775199890137,38.45252990722656 17.368471145629883 53.02339553833008,19.91594123840332 -38.814056396484375 -7.078752517700195
-33.843841552734375 -23.751928329467773 1.5911095142364502,-37.3266487121582 -8.830471992492676 -9.264297485351562,-43.95676040649414 1.0838862657546997 16.986148834228516,81.84037780761719 1.609142780303955 -4.875104904174805,3.671363353729248 -0.09366977214813232 -4.697649002075195,-4.081348419189453 -20.540014266967773 -49.12800598144531,20.740915298461914 40.929073333740234 7.81358003616333,4.897836685180664 10.483593940734863 -8.529742240905762,35.727027893066406 15.565402030944824 51.094383239746094,20.691152572631836 -40.79890441894531 -7.767549991607666
-34.18022537231445 -23.701528549194336 1.6811704635620117,-38.13805389404297 -9.372466087341309 -9.216144561767578,-44.680904388427734 1.2924553155899048 17.021116256713867,82.92945098876953 1.0905801057815552 -4.496106147766113,4.067959785461426 -0.20699135959148407 -4.821566104888916,-3.7165517807006836 -21.71212387084961 -49.499916076660156,20.710773468017578 40.85020446777344 7.785684108734131,5.266406536102295 10.557231903076172 -7.888894081115723,33.81853485107422 16.83144760131836 51.97780990600586,20.719329833984375 -40.872596740722656 -7.793599605560303
-34.63243103027344 -23.4246768951416 1.9009060859680176,-38.764095306396484 -9.400456428527832 -8.890620231628418,-45.8804931640625 1.1057111024856567 17.0093936920166,85.41251373291016 -0.42920807003974915 -5.9839301109313965,5.024368762969971 -0.39018017053604126 -4.867129325866699,-3.8430392742156982 -20.813732147216797 -49.25563430786133,20.58670997619629 40.526954650878906 7.671691417694092,6.222207069396973 10.359901428222656 -7.872427463531494,34.46576690673828 27.93560791015625 62.04135513305664,20.326555252075195 -39.855934143066406 -7.437159061431885
-35.13850402832031 -23.750335693359375 2.1152567863464355,-39.72187042236328 -10.340871810913086 -8.74242115020752,-44.68122100830078 1.0527325868606567 18.877086639404297,84.0220718383789 0.700783908367157 -3.4489409923553467,4.462011337280273 -0.2504948079586029 -4.8143630027771,-2.270759344100952 -20.72667121887207 -49.52065658569336,20.428497314453125 40.1177978515625 7.528317451477051,5.665282726287842 10.467734336853027 -8.008902549743652,35.086177825927734 20.296184539794922 56.534481048583984,21.51190948486328 -42.990745544433594 -8.556757926940918
-35.18993377685547 -23.25883674621582 1.6171865463256836,-40.397544860839844 -10.373287200927734 -9.127643585205078,-44.260311126708984 0.7241622805595398 20.73430633544922,84.29421997070312 2.204024314880371 -0.3796097934246063,4.3536176681518555 -0.1081240251660347 -4.586782932281494,-1.1805357933044434 -21.799211502075195 -49.14224624633789,20.286237716674805 39.75260543823242 7.401309967041016,5.554346561431885 10.45684814453125 -8.392475128173828,36.15522003173828 23.737680435180664 59.34945297241211,20.88483238220215 -41.30733871459961 -7.947986602783203
-35.121734619140625 -21.204832077026367 -0.43087637424468994,-38.41561508178711 -9.53162956237793 -9.51751708984375,-39.9963264465332 0.30281028151512146 20.68102264404297,76.8546142578125 6.956977844238281 4.862627029418945,4.348992824554443 0.16594438254833221 -4.020487308502197,1.065706729888916 -23.12425422668457 -48.71009826660156,19.917816162109375 38.81877899169922 7.080345630645752,5.46225118637085 10.67581844329834 -8.083000183105469,33.3126106262207 20.564027786254883 59.82952117919922,20.646333694458008 -40.6821174621582 -7.726306438446045
-34.843406677246094 -21.015764236450195 -0.3322277069091797,-37.716453552246094 -9.175517082214355 -9.579336166381836,-39.8898811340332 0.4434550702571869 20.426254272460938,76.39389038085938 6.5303874015808105 4.432576656341553,4.9520182609558105 0.0060966224409639835 -3.914904832839966,0.7461919188499451 -21.637279510498047 -47.89889144897461,19.927974700927734 38.84431838989258 7.089017868041992,6.034182071685791 10.536096572875977 -7.841183662414551,33.11980438232422 19.80144691467285 58.25762176513672,20.49054718017578 -40.27800369262695 -7.5843658447265625
-34.045082092285156 -20.777433395385742 -0.7067425847053528,-34.69676208496094 -8.463211059570312 -10.687878608703613,-34.19486999511719 1.3241788148880005 20.98320960998535,67.21869659423828 8.212666511535645 5.858501434326172,3.854811429977417 0.22462792694568634 -2.7911128997802734,0.529109001159668 -19.271007537841797 -49.50628662109375,19.72400665283203 38.33415985107422 6.9160308837890625,4.766784191131592 10.692113876342773 -7.167908668518066,30.549251556396484 11.607321739196777 52.84927749633789,21.37150764465332 -42.60874938964844 -8.417115211486816
-34.37857437133789 -21.713674545288086 1.0405851602554321,-35.33930969238281 -8.416915893554688 -10.66545581817627,-35.74469757080078 0.9736371040344238 22.016983032226562,70.70973205566406 7.133168697357178 4.374528408050537,3.5837581157684326 -0.037289246916770935 -3.0039420127868652,-1.4753973484039307 -16.28087615966797 -49.789485931396484,20.025259017944336 39.08944320678711 7.172786235809326,4.600653171539307 10.172314643859863 -8.371085166931152,33.72591781616211 14.637669563293457 54.086944580078125,20.584890365600586 -40.522315979003906 -7.670055866241455
-34.2901725769043 -21.454788208007812 0.6614614129066467,-35.16982650756836 -8.587906837463379 -10.296797752380371,-35.55978012084961 0.8579278588294983 21.90411376953125,70.19603729248047 7.455233573913574 4.857412338256836,4.0217413902282715 -0.036879897117614746 -3.110443353652954,-0.9793564081192017 -18.688058853149414 -49.14484405517578,20.417543411254883 40.08953094482422 7.518459796905518,5.0409650802612305 10.217663764953613 -8.24683666229248,33.349979400634766 13.698612213134766 54.1365852355957,20.66866683959961 -40.740234375 -7.746845722198486
-34.383663177490234 -20.72718620300293 -0.12179876118898392,-35.524810791015625 -9.074067115783691 -10.060546875,-35.38857650756836 1.056754469871521 21.782228469848633,69.31780242919922 7.815190315246582 6.252636432647705,4.053232669830322 0.00885872170329094 -3.013253688812256,-0.04564530402421951 -20.877073287963867 -49.029380798339844,20.297000885009766 39.78021240234375 7.4108757972717285,5.008508205413818 10.451354026794434 -7.444100379943848,30.61762046813965 14.28725528717041 52.26057815551758,21.142786026000977 -41.992671966552734 -8.193740844726562
-35.39767837524414 -23.776323318481445 3.305474042892456,-37.41860580444336 -11.367485046386719 -7.332291603088379,-38.22169876098633 -0.11898048222064972 21.84625816345215,74.70809173583984 5.143951416015625 1.3336400985717773,4.650274276733398 -0.4875136613845825 -4.812067031860352,-1.873922348022461 -12.60728645324707 -47.21370315551758,19.559715270996094 37.92679977416992 6.7790846824646,5.965128421783447 9.727167129516602 -9.881277084350586,35.85587692260742 12.742667198181152 50.24207305908203,20.130586624145508 -39.35599136352539 -7.264335632324219
-35.76869201660156 -23.931743621826172 3.2356622219085693,-39.090457916259766 -11.67790412902832 -7.689818859100342,-38.24565887451172 -0.6492198705673218 23.85523796081543,76.39678955078125 6.39780855178833 3.9390347003936768,3.742095470428467 -0.23228326439857483 -4.95026969909668,-0.8637327551841736 -15.460230827331543 -47.836116790771484,19.72550392150879 38.33795166015625 6.917277812957764,5.120693683624268 9.839408874511719 -10.64399528503418,38.008338928222656 16.638702392578125 55.316524505615234,19.689178466796875 -38.24762725830078 -6.8868327140808105
-36.30819320678711 -23.017642974853516 2.682238817214966,-40.14052200317383 -12.35466194152832 -7.667064189910889,-38.648033142089844 0.26580485701560974 23.32280731201172,76.0227279663086 6.2525482177734375 6.3128509521484375,3.3690710067749023 -0.29995816946029663 -4.589068412780762,-0.06723426282405853 -18.907487869262695 -48.75458526611328,20.290809631347656 39.76430130004883 7.405365467071533,4.590419292449951 10.23379898071289 -8.632722854614258,29.912134170532227 9.182324409484863 45.44709014892578,23.185930252075195 -47.81458282470703 -10.392151832580566
-36.177001953125 -24.42276954650879 4.498971462249756,-40.44239044189453 -13.157079696655273 -6.722560882568359,-39.19953155517578 0.3958394229412079 22.94563102722168,77.15264892578125 4.091039180755615 3.193518877029419,3.3570170402526855 -0.6544303297996521 -5.148151874542236,-0.6426954865455627 -17.39670181274414 -48.56813430786133,20.38377571105957 40.0026741027832 7.4882121086120605,4.659595489501953 9.960043907165527 -8.83822250366211,30.164459228515625 10.500391006469727 45.543025970458984,23.90052032470703 -50.05391311645508 -11.28669548034668
-36.53761291503906 -23.903547286987305 4.648080825805664,-39.6602783203125 -13.291930198669434 -6.044003963470459,-38.104278564453125 0.32621756196022034 20.813215255737305,73.96233367919922 4.283654689788818 2.553260564804077,3.2262325286865234 -0.9155402183532715 -5.531898498535156,-1.2878655195236206 -15.155552864074707 -48.00394821166992,20.082046508789062 39.232967376708984 7.222022533416748,4.545856952667236 9.930356979370117 -8.332602500915527,25.48052406311035 7.4106879234313965 41.19118118286133,24.26453971862793 -51.24562454223633 -11.77302074432373
-36.445804595947266 -21.249204635620117 2.3804404735565186,-38.72694396972656 -11.06228256225586 -6.851718425750732,-37.644535064697266 0.0597662627696991 17.92717933654785,72.47750091552734 5.568399429321289 4.180639743804932,4.2335309982299805 -1.0025858879089355 -5.412311553955078,-2.023160219192505 -15.065519332885742 -47.90346908569336,20.89792823791504 41.341896057128906 7.960305690765381,5.4496989250183105 10.111627578735352 -7.082281112670898,24.305713653564453 10.060665130615234 49.919986724853516,23.739137649536133 -49.53715515136719 -11.078017234802246
-36.43672561645508 -21.218469619750977 2.432807445526123,-39.377689361572266 -11.19943904876709 -6.6772356033325195,-38.11594772338867 -0.042727574706077576 18.031230926513672,73.20452880859375 5.375940322875977 4.276046276092529,4.038247585296631 -1.017914891242981 -5.496861934661865,-2.485064744949341 -13.313298225402832 -47.893733978271484,20.23527717590332 39.62251281738281 7.356236934661865,5.277082920074463 10.080493927001953 -7.243377208709717,23.802082061767578 9.14810848236084 47.774234771728516,23.168251037597656 -47.76073455810547 -10.370926856994629
-36.196800231933594 -21.435903549194336 2.1208231449127197,-40.31254959106445 -10.862527847290039 -7.732147216796875,-37.29859161376953 0.06512012332677841 20.88845443725586,73.85269165039062 7.14320707321167 7.586695671081543,3.4365766048431396 -0.7122759222984314 -5.0616374015808105,-1.5434964895248413 -18.467620849609375 -49.06111526489258,20.845062255859375 41.202571868896484 7.910661220550537,4.635756969451904 10.258907318115234 -7.406780242919922,25.931102752685547 10.725028991699219 52.662452697753906,23.20427131652832 -47.87051010131836 -10.414141654968262
-36.74749755859375 -20.952077865600586 1.7985230684280396,-40.76763916015625 -11.333313941955566 -6.79290771484375,-37.2375602722168 -0.054005540907382965 20.13968849182129,73.45535278320312 7.39788818359375 7.798696517944336,3.701767921447754 -0.7580918073654175 -5.225647926330566,-0.4473682641983032 -20.656478881835938 -48.554115295410156,21.016447067260742 41.655853271484375 8.072574615478516,4.89528226852417 10.338022232055664 -7.048799514770508,25.059326171875 10.72311782836914 52.2047004699707,23.393653869628906 -48.452823638916016 -10.644487380981445
-36.970848083496094 -22.033273696899414 2.911506175994873,-41.15779113769531 -12.565986633300781 -5.079949378967285,-38.663002014160156 -0.5221560001373291 18.674942016601562,75.37435913085938 5.781976222991943 4.747581958770752,4.340051651000977 -0.9788336753845215 -6.040901184082031,-1.2563227415084839 -14.573390007019043 -47.77206039428711,19.69277572631836 38.25659942626953 6.8898491859436035,5.687748432159424 10.07315444946289 -7.873680114746094,26.25589370727539 10.523144721984863 51.39164733886719,22.760398864746094 -46.53693771362305 -9.893447875976562
-36.31248474121094 -23.564693450927734 4.626608848571777,-40.3133544921875 -13.341017723083496 -3.8740880489349365,-38.623878479003906 -0.559604287147522 17.484577178955078,74.86044311523438 3.8190276622772217 0.7682548761367798,4.091587066650391 -1.3002665042877197 -6.768701553344727,-1.7240750789642334 -13.692912101745605 -47.158512115478516,19.758384704589844 38.41987609863281 6.9449687004089355,5.571374416351318 9.779375076293945 -8.452139854431152,27.28310203552246 11.246267318725586 50.631900787353516,22.427396774291992 -45.56312561035156 -9.519289016723633
-36.72079849243164 -22.910499572753906 4.639492034912109,-39.982669830322266 -13.155492782592773 -3.3413779735565186,-39.83061218261719 -0.6072547435760498 16.45296859741211,75.59579467773438 2.9264612197875977 0.010831757448613644,4.564850807189941 -1.6024378538131714 -7.09373664855957,-2.0848071575164795 -18.1441650390625 -46.52969741821289,21.216157913208008 42.189510345458984 8.264866828918457,6.041057586669922 9.716219902038574 -7.782400608062744,25.04326629638672 11.2429780960083 50.20160675048828,22.905406951904297 -46.96794509887695 -10.060689926147461
-50.8384895324707 -27.80759620666504 9.756340026855469,-38.29747009277344 -13.359132766723633 -2.578688859939575,-40.25690841674805 -0.6604162454605103 15.679859161376953,89.1541976928711 -48.7734375 -50.281898498535156,6.144956588745117 -4.359048366546631 -2.9810712337493896,-4.308670997619629 -13.068283081054688 -46.86397933959961,20.56344985961914 40.466651916503906 7.650500297546387,6.826784610748291 6.925766468048096 -3.9562318325042725,26.363039016723633 12.046906471252441 49.290096282958984,22.14366912841797 -44.75011444091797 -9.210986137390137
-34.64548110961914 -24.245094299316406 6.65659236907959,-38.20588684082031 -11.778641700744629 -4.779534339904785,-42.121612548828125 -0.01779666543006897 18.043004989624023,79.3263168334961 -2.608752965927124 -5.242053508758545,5.066495895385742 -2.1176421642303467 -6.720259189605713,-6.05161714553833 -15.105542182922363 -48.193878173828125,21.12611198425293 41.94809341430664 8.177682876586914,6.539196968078613 8.897007942199707 -8.541083335876465,28.30623435974121 16.3542423248291 54.34678649902344,21.742328643798828 -43.62469482421875 -8.790410041809082
