-36.40567027919242 -23.548824833428615 3.059101804777624,-37.788482310409684 -9.05263684376124 -9.209208523111663,-40.061685024646835 0.8803599273971133 18.833009382850637,80.09583400623512 -4.178956527404566 -8.071897506118807,3.1412127046908727 -0.8124351182471333 -3.8164116526098955,-3.9431441475731983 -17.388546027497448 -49.95460981351408,20.969844761806435 41.535614837450154 8.030591016692375,4.213631926661058 9.776870065836922 -7.749819838499778,34.11148395882824 15.94527056058148 53.39056342211667,21.34960343834726 -42.53316958078737 -8.385218713608074
-33.39792297436823 -22.232181280484138 0.7210739819409175,-37.85097006254144 -7.885779296506185 -11.116218392399714,-39.576532429635954 1.2834327812943425 19.49169026873565,77.56851534647781 7.193489845952395 2.558290530822206,2.17079080835381 0.27061745833330975 -3.7340363369212666,-3.0673052308522113 -19.216226946631267 -50.589045222648224,21.089475590075516 41.847033255979944 8.140292474679907,3.290887421458111 10.684641814066566 -8.462894565330702,36.22128405813754 16.22782580745656 53.60715365331048,21.223515463978504 -42.20992906528238 -8.272486473438674
-32.23054291137857 -21.52966893139063 -0.7177387079181172,-37.89791081231476 -7.202789900764315 -12.2910474228342,-39.16249869720697 1.5319709769244592 19.875154911822484,76.3670397783266 12.460446185887484 7.430721244787417,1.5904478001229747 0.8972352411348258 -3.4523091291223986,-2.3578372592877783 -20.172889062313505 -50.929756939851636,21.075471866925554 41.8084584968476 8.126030182084655,2.6976153112390864 11.198739002018913 -8.70471883792186,37.547831064409024 16.181609172890923 53.39829770388172,21.135753867350147 -41.98687722823068 -8.195289768491747
-32.684846782147275 -21.496536908455813 -1.1036629696466194,-37.9264878848176 -7.045618627560048 -12.653905327677558,-38.96879672446402 1.6203477578183958 20.008569003267006,76.55413708238876 11.847019324266927 6.7845630361273646,1.457126286842156 1.0316912956355686 -3.0810987996635593,-1.9862008728893183 -20.098214135941483 -50.984471927475994,20.939705796308544 41.451363814148266 7.999072071862,2.5093791041976 11.286916827723795 -8.555841688379196,38.09219189889673 16.00955977634101 53.009909584752805,21.080444768271676 -41.841696755028835 -8.1437238815119
-33.971551604397675 -21.94565879603894 -0.6601968558615399,-37.96514503390038 -7.29312735523036 -12.383527374655316,-39.08023056099163 1.5914096380809073 19.99027713807807,77.70023481735777 7.729483516392376 2.8742551221486794,1.67598543285009 0.8140721799988977 -2.7817767632231947,-1.9779460164019582 -19.236267664984474 -50.82730440170781,20.74751432134417 40.94707956259238 7.820166233978433,2.667296576998791 11.073509438397519 -8.23624537888674,38.115084208018395 15.974873867617651 52.75317861539157,21.04293055817244 -41.73532997422938 -8.103720531055796
-35.16446373061419 -22.56400067958754 0.15632537571719318,-38.04645978221839 -7.727677858237534 -11.81671026659141,-39.471836516829086 1.5125544686107855 19.94409221883569,79.13262469981547 3.260468842340468 -1.3359006074680555,2.055279151783658 0.4763770772812392 -2.678297996641211,-2.2194753651467876 -18.074143209185028 -50.565746340428845,20.57772178278603 40.502238971729284 7.6625564342468895,3.013317047268451 10.763035818535425 -7.988301406376297,37.99770713696852 16.289752497742892 52.86685249505527,21.00147484016712 -41.61503415523185 -8.057745678990836
-35.63321116897532 -23.06416268219093 0.8788388843081417,-38.180169398834934 -8.131849304473928 -11.295837633285059,-40.01298012520594 1.4451675355143694 19.967756658947412,80.247965330715 0.8535131510521241 -3.5956009747726734,2.3947188750544255 0.23099992387259716 -2.794268969448024,-2.5232891438943374 -17.095067873621094 -50.3020509185009,20.481048888045134 40.249882550487946 7.573424854593185,3.3623078133764035 10.539993510506282 -7.964943691655176,38.06506879187272 17.02920870711128 53.42411605991049,20.934275887418313 -41.429425478439036 -7.989200590907815
-35.27215369312297 -23.298958481327315 1.2230170090854533,-38.34314504988171 -8.370752340004238 -11.035263216205331,-40.524770489525665 1.4215339891178724 20.099807939277035,80.74895837239697 1.2456331324487442 -3.2369266416218707,2.566587055091863 0.18464869425287478 -3.0471976130364435,-2.7192141456416143 -16.569869358131164 -50.10333767607321,20.459017132727453 40.19407005253913 7.554232836228698,3.5780277467510904 10.493046713695481 -8.175214857593941,38.45766115796878 18.11136168110705 54.32504780098273,20.82835643517997 -41.14853786317552 -7.888622957724496
-34.441818316847474 -23.29289506567817 1.1691482860435731,-38.491601704946106 -8.426191738715644 -11.063295143277902,-40.864372234117674 1.4386853300725453 20.317302286328914,80.71279784918816 3.5034467546926127 -1.152276568011131,2.5545170870496268 0.31381270270283335 -3.2990497905295513,-2.728327612900069 -16.48050830709544 -49.98970571982764,20.472358830063012 40.23170861335322 7.568390645629867,3.619408354311396 10.595554888734446 -8.506587129391592,39.10715568673753 19.350956637075036 55.36970306723516,20.68504935173509 -40.77665411017483 -7.757797526953744
-33.6897496692815 -23.189234537545037 0.9101424186256304,-38.586568294865025 -8.374371991361727 -11.256508243810835,-40.99213431923076 1.469766733852766 20.56166619291398,80.48235866067813 5.838339769894656 0.9816110753606286,2.4366909613176464 0.5049531547173354 -3.4323244916945157,-2.5864893966438727 -16.59609772214873 -49.94159822248148,20.471186978931534 40.23149688423152 7.569195113143081,3.538744836486877 10.744022040466973 -8.803500979724602,39.81487714196557 20.55443667230525 56.366067096658185,20.518454350064978 -40.34883904212728 -7.608681430246498
-33.42074047417111 -23.15133165949244 0.7090280709922863,-38.61555227374578 -8.325669347105793 -11.438047048741424,-40.984208126019425 1.4849805610081916 20.776844119576047,80.45105263181212 6.712561515872519 1.7409513962509957,2.3272721227022886 0.6310806119906478 -3.409156356925431,-2.410296720755734 -16.64459229603329 -49.92008084363706,20.428027187804492 40.12060900083396 7.530584133845549,3.4370003214594114 10.827694836807417 -8.955436515216288,40.3798165536014 21.604046322458423 57.21302347315791,20.34737760874113 -39.911740770113134 -7.457126826881672
-33.69297878154258 -23.273141804838335 0.747443141798154,-38.59634806859169 -8.360262696250174 -11.483877360622643,-40.98237993674505 1.4701976857843917 20.93928070127635,80.85321789263094 5.635196991869859 0.6904773429078948,2.30886522537106 0.6218780442433329 -3.2829083492524984,-2.326742359058003 -16.480894581273375 -49.88957633118896,20.354833123629195 39.92962689612894 7.463164708028038,3.4017631217955113 10.790234879252209 -8.948077129598131,40.70335819747178 22.48694928305342 57.91749659292631,20.185257267560253 -39.4990798615095 -7.314707724059688
-34.231326671797014 -23.54102300601025 1.0408863076192294,-38.56098491714019 -8.490867201800238 -11.383178372572022,-41.10847610177259 1.4337029930272909 21.065138392295246,81.6583490168941 3.2795666768930265 -1.5211433576972337,2.3906661932421853 0.49290672366573907 -3.1595787763789422,-2.4045921139226825 -16.163401715206636 -49.83328239242373,20.295434098010094 39.77312691200282 7.407450957851711,3.4604050500734473 10.653014173633473 -8.85554388286729,40.81898050194241 23.258411434845883 58.54506840600271,20.033902463193527 -39.11595487158072 -7.183341417969311
-34.62418349734876 -23.857149253208938 1.453813004400478,-38.531120580811276 -8.66648395141927 -11.228009128813556,-41.39220712917958 1.3987143683185574 21.19312628177545,82.60975625842008 0.9515856639997836 -3.6693242888437676,2.511496228402546 0.32443904459547146 -3.13397346149837,-2.622368301105362 -15.906535935847598 -49.756216808361316,20.29911968350381 39.78063538391674 7.4094532224414005,3.5713908720682754 10.492912111169643 -8.785348677470594,40.84227167320613 23.966740120080832 59.14131517241508,19.884705322974714 -38.74125518101684 -7.055919028536221
-34.57553720682009 -24.1024340627785 1.7930359146315862,-38.5021524523658 -8.809039300487198 -11.146382880856079,-41.755159793437386 1.3873018308480614 21.354418201675372,83.37613098118972 -0.22201592539812598 -4.713573053398646,2.582588596045982 0.20774601902546702 -3.23775557236068,-2.8870177124980465 -15.945053231196423 -49.6771304150881,20.391198109393848 40.01932271887243 7.493236799425866,3.6557174408436164 10.392168406871432 -8.811821003157831,40.88147395721289 24.589406506449933 59.67548131416593,19.7266666635887 -38.34706930651767 -6.9227284225002705
-34.066958887548125 -24.200380319635464 1.9202882350471027,-38.447891600899 -8.85949974263073 -11.221134892982082,-42.06197585571563 1.4058389834999123 21.547489433526895,83.73240580495707 0.0904817911850051 -4.364217213608284,2.5445251615675435 0.19182495326817597 -3.4273054621298327,-3.0901288135279135 -16.390697471070453 -49.61542800711759,20.55713497750462 40.45201998553543 7.645914952806573,3.649160317131402 10.390844147423882 -8.936094151039436,40.96638810792342 25.021749321724506 60.04151496889017,19.55672241256036 -37.92434504146855 -6.780166913899873
-33.347885330579935 -24.149028737561466 1.821890435431312,-38.343990958248504 -8.808436917426988 -11.440555958093196,-42.20999862089988 1.4408098407092922 21.732174477253377,83.67727760567446 1.3224208963529689 -3.166024086378533,2.4064348051678124 0.25970794940418024 -3.615143708063321,-3.169316700085349 -17.161098578993027 -49.58060543382002,20.748516766633323 40.9523960686085 7.822887088872896,3.5454699727625574 10.467907481992395 -9.091945470022726,41.03605290412049 25.126441709026288 60.114534440967745,19.38670102744357 -37.50082857613811 -6.637036921994163
-32.77519975407071 -24.010091946092746 1.6033096158867959,-38.195001066932754 -8.69734482893753 -11.705592717008201,-42.20397348678703 1.4675199658180802 21.84608054310869,83.43056131839738 2.4197830062784313 -2.105470016362002,2.2461821672353706 0.3443956682486902 -3.723928909717714,-3.1410024778368726 -18.017655042389144 -49.5692199859605,20.906774843628344 41.36690703798685 7.969722556859709,3.4062244078254293 10.558809304610701 -9.189153402167793,40.98614550486264 24.813254226664895 59.82578156175773,19.243281978346204 -37.141965113081795 -6.515171114800573
-32.605299517377155 -23.868602478760497 1.4200945556812377,-38.045683917412475 -8.593962602882716 -11.885524910884065,-42.168199518016635 1.4665701607643338 21.833983863625043,83.31495416593918 2.4847903140592855 -2.010984961693543,2.171693638533025 0.3717170554663467 -3.7307380819218476,-3.087523992670767 -18.68856491499172 -49.569637656505904,20.991307494770822 41.588630398292636 8.048367910641117,3.3315130742999255 10.59655742864727 -9.165810423426295,40.74053140777468 24.098137343606748 59.20706455016931,19.161122939981045 -36.93464438457238 -6.444183497428035
-32.859720891323455 -23.789677632928758 1.389655216353582,-37.96545235788114 -8.557956474893636 -11.887930408563404,-42.28307339258616 1.4381602435288101 21.673858456977154,83.58355629059415 1.2699754875927134 -3.103034557556466,2.2642821327480345 0.30366879802442237 -3.677109839379601,-3.106950281135644 -19.008143006095523 -49.57039617127928,20.99715558133297 41.60399611269056 8.053834627617748,3.407016842444824 10.551281818118555 -9.01899789494119,40.29947747033481 23.10160220984469 58.37404869182875,19.172522575627234 -36.96167319124414 -6.452871966917613
-33.33402984562272 -23.795680468107108 1.533971490439908,-38.01119713523165 -8.616105698246042 -11.703189182162301,-42.67745898385954 1.405135842301869 21.385415061050654,84.27982935445024 -0.7380231102830344 -4.93120670756262,2.5340624819739532 0.1578015552924037 -3.6416300317863506,-3.2542759467516453 -18.997241735124824 -49.566339319588266,20.953919417574834 41.49037390343185 8.013476850782203,3.655937140272285 10.446002167838692 -8.798944762325078,39.73532095660387 21.983393103867655 57.45589373799893,19.29785799442617 -37.27730801734725 -6.560716181547036
-33.73311311419893 -23.871356619469484 1.7810946848554963,-38.18856346345033 -8.758316085459253 -11.400547718831092,-43.33716556513895 1.4018219101635516 21.016987626961168,85.19957043794203 -2.6505257849693535 -6.694228229666594,2.910828093284307 -0.006385231411507153 -3.6936327984332276,-3.5069895648401035 -18.84358640218853 -49.558538905815,20.907995180915957 41.36969020968079 7.970607300384057,4.0218284223984915 10.34118533257765 -8.57460977538609,39.141811046981914 20.851779438193837 56.51391870468669,19.53952858273158 -37.89080637424834 -6.771882645229514
-33.84559299351761 -23.98705842464495 2.017933137243774,-38.4355115403529 -8.952793444704696 -11.08132309290357,-44.08526669054057 1.4538186256212593 20.618591394027554,85.97425536156724 -3.6963513360444598 -7.722464610484514,3.275061873681845 -0.1238662535223396 -3.856219546900328,-3.7742720102920413 -18.795353593574724 -49.548275619768596,20.89857390599978 41.345321877678956 7.962069319727041,4.392114873532823 10.29864533491443 -8.394551130162672,38.57294276208809 19.705738854015717 55.50247332997111,19.879755636053574 -38.75934100843007 -7.072335802757162
-33.654557301573206 -24.121248151190866 2.158944244900126,-38.64145288609269 -9.168263019054542 -10.818670411378996,-44.652796077174166 1.559596642752985 20.21630587237167,86.23641100937752 -3.6175514615954594 -7.831175617557876,3.51314662252773 -0.1610995279184625 -4.099308922423179,-3.94498689435277 -19.02662299121262 -49.5294857526128,20.939929023812788 41.455205673713806 8.00147290033789,4.6506908352082 10.346240574002518 -8.267059752512093,38.01245763902739 18.45261030810893 54.303178621135636,20.28121760983302 -39.788357462838505 -7.429587380507938
-33.326138677127716 -24.26727727413573 2.189824878622586,-38.695617810539815 -9.388789596800732 -10.619380091906347,-44.80815376826995 1.684673511194326 19.80188411128526,85.78853300214837 -2.731772926095852 -7.3547690375388095,3.569019251378818 -0.13268822549378406 -4.364132969448104,-3.948359076740746 -19.54590752177362 -49.48559499223343,21.017866371403308 41.662084995700724 8.075597991942564,4.73287295640854 10.46308717970674 -8.168979545950535,37.39365484970578 16.99913783462248 52.82039153315035,20.690004834743412 -40.8386471704514 -7.79500095317415
-33.09225196468338 -24.422208926196973 2.1633622222452913,-38.54064181390089 -9.613065217908012 -10.428835978642418,-44.47834086868069 1.7731504865051528 19.34261926338181,84.69567660125995 -1.6636697712957225 -6.87456371727381,3.4672122527770974 -0.08972052612778258 -4.601533792652537,-3.7942776373699334 -20.193671622594064 -49.39448407250853,21.100053198096038 41.880442716764506 8.153896294907918,4.654961959684115 10.592421120162065 -8.073394892427874,36.65517273441718 15.365268302981738 51.08569644592043,21.041932684650902 -41.74302135549698 -8.109719594487393
-33.10402092484952 -24.56842583033109 2.154245838645081,-38.20226425255915 -9.840585321314691 -10.174484138892009,-43.795567482815436 1.7724164868525634 18.805199970893206,83.2582917817671 -0.9385596579767186 -6.8302565671721265,3.2974345175658475 -0.08832315009354896 -4.799008678337048,-3.5711172339026724 -20.72664343443123 -49.24050699146542,21.153043111577134 42.02141460649211 8.204499870496704,4.5040509783498806 10.673491143367798 -7.974762633405405,35.79414119449351 13.747350920172325 49.30661666153582,21.273941950419097 -42.33678590673022 -8.315614230711708
-33.344262567654084 -24.663785437164236 2.203173690550103,-37.77733646965077 -10.055440985469904 -9.820941485125969,-43.04014509431744 1.6595457827292408 18.179942808116177,81.87842144083835 -0.6923107177522456 -7.257125691687781,3.170201827410356 -0.15747960813046885 -4.9797347133604415,-3.4017614471242914 -20.942119863304022 -49.02768523628823,21.156677054922763 42.03112369140407 8.207991068866608,4.394170728253502 10.67389365416342 -7.893140588129816,34.87943625123389 12.477427127872565 47.81934818830911,21.340612328370913 -42.50152601505335 -8.370926305355267
-33.646980164040556 -24.650408503496273 2.284994584975484,-37.3844962110357 -10.21975805651629 -9.403672610852079,-42.50547635068182 1.4562291216293393 17.49234200153749,80.88214267011718 -0.657515378526603 -7.796281019271742,3.166482477042859 -0.2841751527386161 -5.1752448374768845,-3.3807833348437653 -20.777431931644653 -48.78629917660009,21.10961222183179 41.90573984758443 8.16291690105701,4.411557890229126 10.604717973850956 -7.854483097140848,34.014173675460725 11.880981609385438 46.95607513785883,21.231955562505203 -42.21174460682587 -8.266790357887606
-33.80579106191797 -24.479794570147426 2.3196037775625125,-37.10277503041425 -10.282690467770143 -9.021000590205443,-42.35362615276217 1.2240512022180217 16.796649343658462,80.38082805728936 -0.405104649010116 -7.950439944299181,3.3054449055919046 -0.4228144376744043 -5.390488174186144,-3.525619705915659 -20.336124742401815 -48.56751617020889,21.025517305178003 41.681728036142765 8.082401326746735,4.576260139768394 10.511488121419102 -7.861358497163823,33.27132207072546 12.097792054789393 46.88753151836026,20.98488970808257 -41.56443783022943 -8.037581958005763
-33.70164051661097 -24.14078270602466 2.2182598429177878,-36.93113686046031 -10.201233939286972 -8.788292489934035,-42.53668635726642 1.0411955234925843 16.156426017204144,80.2346525139751 0.33310939525945393 -7.411830482128439,3.5435025999719505 -0.5216491953012354 -5.5852040885176475,-3.7670237909184334 -19.832552195072 -48.42649766556855,20.924323213480122 41.41264568961328 7.98583710080472,4.837681793686264 10.44760756056099 -7.876441631803984,32.64679151218498 12.96343928958656 47.52262296652903,20.680182233508905 -40.770474818426294 -7.757711340742966
-33.37249073707078 -23.673857301717064 1.9374534474859681,-36.791615955020696 -9.961750577629271 -8.779584911903074,-42.82558841543417 0.9706220546881892 15.623706068940479,80.13337040185915 1.4716733335037047 -6.256818707851496,3.8014180936748088 -0.5499684765658858 -5.685732698851353,-3.983424518889588 -19.488080539332717 -48.40067954999696,20.824277203594637 41.147683794244365 7.891082795981098,5.103681238326869 10.446005259447958 -7.8342148183461715,32.06631291887128 14.030037355365371 48.525026409516805,20.42100963901967 -40.098202878035465 -7.521608080773855
-32.98613427955289 -23.162260733424915 1.5089544053048825,-36.57551109536226 -9.590242575727263 -8.988708114218412,-42.93186640648163 1.0339561130044852 15.227882896709357,79.75488775218273 2.6238330409841053 -4.89573267302735,4.0030704052321635 -0.510801278136016 -5.622574172562,-4.061212624869277 -19.433377217222727 -48.493204802195976,20.738305932312453 40.921474906144425 7.810644981782115,5.286216078667992 10.504312729129053 -7.678378737255511,31.449300470310533 14.738684090115617 49.45043149464961,20.297600371179804 -39.78128327612007 -7.411226131032007
-32.73685428920294 -22.70311935640833 1.0293492911543538,-36.208571714920474 -9.14544269809544 -9.330726512764043,-42.65927312270871 1.2026967243074496 14.978374520238557,78.92710261973941 3.353353210393842 -3.822216215273619,4.105982273938144 -0.433552200174343 -5.372631983396475,-3.9502645322031187 -19.662980716447276 -48.66978894237085,20.674426330932913 40.754838862803396 7.751839767764999,5.33979165553729 10.590118389822674 -7.40457111910982,30.794346615911866 14.674903290344211 49.94536200852605,20.350836654870186 -39.924368590311175 -7.462933897634185
-32.731076921301685 -22.372779693659687 0.6159380716945133,-35.70029601077042 -8.698104512662656 -9.682055383714072,-42.00716099290064 1.4102780220731788 14.876113712837341,77.71873693404291 3.455938448946919 -3.3266632302554253,4.110620349780155 -0.35309715489042404 -4.981092969151448,-3.687447205150829 -20.057437855349907 -48.87120430600043,20.6373542455509 40.65917090117105 7.718402565099413,5.2748904746866225 10.661243400853623 -7.081566165844896,30.231320854541572 13.78519667903568 49.91225604917847,20.55129685162154 -40.44929980237522 -7.648763373134042
-32.930774739055416 -22.203452634987464 0.35436183314563463,-35.1504905685239 -8.307118756245039 -9.936817265306122,-41.1738514748523 1.579039561564144 14.92358053538141,76.41933870023065 3.0877188442230286 -3.351681363443649,4.048068545911755 -0.2891665213972348 -4.548832345309749,-3.377970319065669 -20.45302781654792 -49.036081796013775,20.628588623572057 40.637232796167964 7.7109473990531265,5.143067321743492 10.688305966823755 -6.833967864983369,29.998245921083118 12.43930554852574 49.55628662526234,20.805907565782537 -41.11309924103627 -7.88292936802793
-33.185820769674265 -22.181604805025437 0.266469006430593,-34.70885716727449 -8.004240955309985 -10.049371068948592,-40.4611098559965 1.6498733561417982 15.124724383569525,75.42020768603527 2.6605553986902644 -3.5709839275508064,3.9566781594867955 -0.23838064158196592 -4.190697763547524,-3.145793582849959 -20.718362085246316 -49.12372487102392,20.644590455873367 40.67902523889716 7.725705857290064,5.005158375850112 10.667063778848888 -6.790512177505894,30.341804972191508 11.290677897519346 49.28413711638685,20.992978075597758 -41.599419918552734 -8.054110948267263
-33.331863232063164 -22.266401290896784 0.31372520212585986,-34.50823756918109 -7.79384947428046 -10.042188795704359,-40.131539541466246 1.602034633723965 15.4736403300959,75.05217302871948 2.573766192854667 -3.6304854824332304,3.8620974641258337 -0.18253836889281555 -3.9865768666054837,-3.078698264536528 -20.80022220208815 -49.12676924953928,20.675203226113172 40.75800948271702 7.753300515305511,4.901257362255291 10.615286450919129 -7.022416812170003,31.386001849690036 10.986024212409285 49.49756367267403,21.012837327169727 -41.65006619910145 -8.071702877580762
-33.291895011225776 -22.41596773422523 0.43040598520175166,-34.60572068454691 -7.665521457160244 -9.978464299551394,-40.292360172825184 1.4560466316589724 15.939490557536812,75.45284323056373 2.954752977693717 -3.3912073775043168,3.770582622739587 -0.10641044760138046 -3.9511105023695183,-3.194214843990116 -20.723312455662935 -49.06875705550496,20.705118748737714 40.83483671807933 7.780030463599087,4.837651828089303 10.558373915856482 -7.5037287905722,33.03733354629278 11.854672645500195 50.37894497335441,20.832392356411404 -41.18030617034042 -7.906252466392091
-33.119891548501045 -22.606179808137323 0.5644584970790396,-34.96090039870353 -7.610306631427685 -9.918179240549676,-40.861314266230444 1.2607364467864186 16.45930508490986,76.51885896011964 3.5739449699665107 -3.017714754295967,3.676270573505999 -0.012710745378371358 -4.037086434866773,-3.4401216061282507 -20.555541003132614 -48.98924562019405,20.71934237230728 40.871168256741925 7.792610641005205,4.794735750039607 10.513890118341989 -8.115447882896152,34.98149565813381 13.72749751343145 51.77421383574768,20.50281451074422 -40.32418233176738 -7.605219874110267
-32.96217766467641 -22.832458334277472 0.7014897342779689,-35.46025027209548 -7.630239792106475 -9.883973594254313,-41.62467961726637 1.0720993984009857 16.946994926176664,77.95766684993384 3.988787750835034 -2.8577925264622817,3.5749441239252078 0.07572458030248275 -4.168445025656731,-3.725164354210241 -20.36640508855546 -48.92491603700813,20.710485872920962 40.84819822073269 7.784550701787997,4.747932651152641 10.484442462596974 -8.692646823253712,36.78175411510025 15.980541367758914 53.23520606384235,20.140729253817476 -39.38510221439949 -7.275443891473229
-32.96289329378977 -23.095897093780824 0.8594945137169736,-35.97234191055737 -7.7354250302936745 -9.85533863812892,-42.34951907782181 0.933903319862344 17.317747114518383,79.40888858705218 3.8273475001322836 -3.193368386987355,3.4742507499061404 0.12801155408949583 -4.282701459487642,-3.961729886423306 -20.203410843843823 -48.89623209026993,20.683581025241445 40.77893649533119 7.760404023943547,4.687595528545404 10.461955272607113 -9.091376056979797,38.03666272927043 17.794234696422556 54.20870209757679,19.87990908223574 -38.71011025813582 -7.038847182461385
-33.17310302102881 -23.384493305209663 1.0607642425647574,-36.40379346899646 -7.931010458894919 -9.791626367788137,-42.888114931653995 0.8672499300913296 17.51727003725761,80.57818760105219 3.034218286494797 -4.025146141593911,3.3941217954262566 0.12381270638415919 -4.358712681787183,-4.099086471391698 -20.094246833559822 -48.90514270664164,20.654707304474503 40.704726083474476 7.7345699086020065,4.626461050276157 10.438729641346454 -9.242342590781568,38.52369516626096 18.51537139599208 54.28908515683234,19.81457261064393 -38.54274129660514 -6.980717947686535
-33.51924617056816 -23.66290041185127 1.3014081730136695,-36.72804930020041 -8.202866832037712 -9.6670702306601,-43.22333763607417 0.870773689769717 17.54108577152239,81.32759338261215 1.9238167443954417 -5.033186842438285,3.3582212145362558 0.06654585488006481 -4.415932780004119,-4.133782631143901 -20.063040957921103 -48.94261421802552,20.643039494298485 40.67488650848554 7.724232335057778,4.592080442590804 10.416604705547543 -9.166479568614713,38.2628941554393 17.956797565020896 53.41940893374763,19.95986035921393 -38.9208154110124 -7.1138959764187355
-33.84909132219548 -23.878713957050607 1.5398440449732043,-36.97622719785888 -8.512039170616696 -9.494539764488774,-43.44086229335954 0.9280239352280247 17.433227138256438,81.69216566144257 1.0045082643099832 -5.745876922183843,3.3829083628785703 -0.017359888159163006 -4.489066210232433,-4.09727024959631 -20.140157600264182 -48.99936160124082,20.66004477494634 40.71896675089925 7.739704518745313,4.610896473601903 10.407394070811357 -8.948650325863552,37.47652706831384 16.495487320043452 51.9471000522502,20.247379162264792 -39.6654820679162 -7.375105850623634
-34.02568509843541 -23.983223255285072 1.7132614498341763,-37.200926889210905 -8.803331829141563 -9.322561650120399,-43.65501791425808 1.0164043724450036 17.264373486765603,81.82878745969944 0.6782466745803148 -5.81856627078529,3.471026918724424 -0.09304734685622007 -4.596485897175962,-4.031931427245691 -20.351844680119225 -49.0721258995886,20.701857068213823 40.82707055644816 7.7775538718380846,4.69473989126053 10.424102897235407 -8.687687789112006,36.47353339147825 14.921589665871199 50.505248300267716,20.557427369120795 -40.46548719779325 -7.654771423670735
-34.01105194626792 -23.95572243197001 1.7731305562161253,-37.43760413428312 -9.025359424397834 -9.207202007011023,-43.9365384687719 1.1133940855084488 17.100727716558538,81.93071866264616 0.997887898353575 -5.2516972843071095,3.6137450474080017 -0.13692147030328994 -4.72335112834994,-3.9698840153935775 -20.69341181504839 -49.16166898111045,20.749641560856187 40.95068484696552 7.820855232113478,4.83749743747594 10.469008072817847 -8.451490247101708,35.522167882598545 14.105147055157596 49.7680491063723,20.772533462568504 -41.01654532347588 -7.846136301724353
-33.888597908359806 -23.817851399660395 1.7182126709179166,-37.68655227165969 -9.15253620868145 -9.176327549183078,-44.28221770268818 1.1991255864971622 16.980213895796776,82.14937819080116 1.6308014501057286 -4.410787468397325,3.797743032444151 -0.14945938460758101 -4.829866164814357,-3.9238008347192874 -21.105424816382072 -49.26483666608539,20.77845906215281 41.0254213995546 7.847095680690404,5.0221008514458925 10.527223365937378 -8.25970064845893,34.77262785703518 14.62920706152482 50.18386100130102,20.827515769931093 -41.15128521625466 -7.890946150008791
-33.81123057656404 -23.629336847559173 1.6038363205160548,-37.92355392711492 -9.197610764567578 -9.208974011772302,-44.63601778103988 1.2572700785853015 16.90849096969789,82.55217197377891 2.053420828412954 -3.8279680489527386,4.011398502223823 -0.1532455844980995 -4.8783965455909115,-3.8898659747061117 -21.47539992391303 -49.36760601187829,20.770156237777517 41.004233767393906 7.8397680049488,5.231048894466215 10.57120459938156 -8.09816059362527,34.25668079004451 16.550094307090855 51.79755456953659,20.733805449204546 -40.90193412052786 -7.801340290592128
-33.90752252705069 -23.466030720970522 1.5193447742504689,-38.128505476765255 -9.207567752649185 -9.243905078888561,-44.93855806623586 1.2767387893031859 16.875812622668896,83.12193787042315 1.8623376694393672 -3.896164361134205,4.244738965237944 -0.17727953801744029 -4.860772089967186,-3.8559647432737125 -21.674471062835377 -49.44592442160829,20.72314301138758 40.882732824966695 7.797245115380493,5.451948846665582 10.574726341838812 -7.9502812412165245,33.94523877091454 19.384186048860364 54.233516830788744,20.56864937244976 -40.47148493587594 -7.649458014994742
-34.203265868448405 -23.390038379185548 1.543966192626379,-38.31027119390732 -9.243824452595055 -9.214024127073609,-45.167031391391966 1.2548544804807529 16.883314899383173,83.7835351210226 1.0175560113242499 -4.633178015927834,4.483061680724612 -0.23696977922542922 -4.806832799712424,-3.8072135590652896 -21.616600867930607 -49.47615547765311,20.65333137774167 40.70177965451802 7.7337411374633085,5.674033580666 10.52851482561299 -7.822021580708,33.81480119790092 22.31698661449284 56.841707519058076,20.43636297661355 -40.13221169084247 -7.531474638543838
-34.605685530395306 -23.425377768426316 1.704256846857912,-38.509172098751115 -9.355421445289945 -9.087397397866251,-45.33833638545215 1.199990089327864 16.96114278711051,84.4360353867259 -0.12558094782204465 -5.653995135058292,4.699750392717824 -0.3219625669220024 -4.767310448732178,-3.725633199615399 -21.310495924899058 -49.44999131620113,20.58537360450983 40.525026805073416 7.671511772330069,5.879122187965788 10.447984144379808 -7.743759134700997,33.87625731931675 24.534194090267487 58.94274400176424,20.42089390501373 -40.101861196658106 -7.52386768379015
-34.95904538554599 -23.54948125931207 1.956245244284386,-38.773557479086904 -9.557364899769798 -8.890738677446343,-45.47616034887343 1.1304130204564553 17.164858478145625,84.9757176342206 -1.0128711481789399 -6.36882596415275,4.855929338285392 -0.3994006115562142 -4.780948919443705,-3.587125391063772 -20.873088474903632 -49.38421396674635,20.53891449779212 40.4034796470589 7.628482189448657,6.03580227944319 10.367640022067352 -7.749094267570968,34.15093033298692 25.528954292427194 60.0719381212382,20.55114676792907 -40.45348534915409 -7.651677647535672
-35.13712316255597 -23.703045567063384 2.2024158040670114,-39.124305319610514 -9.823757605707028 -8.700420307047333,-45.56897806332694 1.0675062457347169 17.548973451117718,85.3082224033225 -1.1979703643388726 -6.293675977209146,4.911285684153624 -0.4310842553525974 -4.846703895131635,-3.362111546768223 -20.490848377043907 -49.31698857967924,20.51758764974635 40.346999436111524 7.608255982001854,6.104774978252132 10.324364004691496 -7.846555621200152,34.617699885705065 25.26131049392968 60.12908779464492,20.792644677663564 -41.094264805241586 -7.881222500330603
-35.1162633640156 -23.812534962534574 2.3350312736236196,-39.52993476363913 -10.098277973888496 -8.604341347825594,-45.55311690264787 1.025101475119197 18.13044376626701,85.35760495160594 -0.5782915886795101 -5.296954214821922,4.843237395301853 -0.3947454699299367 -4.919761977801637,-3.0238704045005482 -20.342721820770944 -49.28944756467255,20.5070804779092 40.31912558656746 7.59824633335532,6.056302706475543 10.338456923693808 -8.005080994367853,35.17624285397036 24.119395140704174 59.38405939325913,21.065953698572397 -41.81430336290541 -8.137563999756987
-34.98528124540308 -23.815041986781985 2.2834216974590325,-39.909647647829665 -10.31657484412499 -8.654911164010043,-45.33835417885767 1.0001650733091672 18.862552475697186,85.07943410852417 0.5747807822162829 -3.64615494478625,4.664894498016847 -0.2971367734025963 -4.935838418901454,-2.562392426411496 -20.52088413024123 -49.32054180295289,20.483478470328343 40.258440143840424 7.577087487645738,5.89166249968154 10.402997522568809 -8.164990412888564,35.66129154823261 22.7194544817427 58.34697897141519,21.2807350749547 -42.37615991506246 -8.336339782706993
-34.88729502120986 -23.675885561393557 2.0413572466635017,-40.165129672761026 -10.430151255499467 -8.839230858349232,-44.86368844225805 0.9710011224752766 19.636057870107255,84.47610594468796 1.8004438065636648 -1.837355151995952,4.430411452116138 -0.17133852258598525 -4.850302543603708,-1.9959446781314985 -20.98939863588683 -49.38906756839843,20.427195717549672 40.11444506373706 7.527148733893304,5.655303128816041 10.487656385241815 -8.26892968194877,35.907951293007685 21.64334306933858 57.561561563700856,21.369534587505868 -42.603468538848645 -8.415191830301689
-34.92977818565281 -23.394104611797083 1.6620399539900577,-40.22431465603124 -10.421512964887778 -9.08373024745206,-44.14754802990958 0.9062465797249836 20.311190402857125,83.60317781671901 2.728564849128741 -0.3156400438825997,4.221229255696353 -0.05979284636023353 -4.668291878469306,-1.3718395866876258 -21.60278894340268 -49.43529674727264,20.334545732371843 39.877464772729496 7.444997260887256,5.427022451353745 10.55506445892669 -8.293202939201418,35.83131522962504 21.224246879126383 57.40285024950969,21.30855465909608 -42.435231293125625 -8.35295161381478
-35.11780157541865 -22.99690558948349 1.2259847264614345,-40.07240371486223 -10.30526760106136 -9.291776036209155,-43.295857532726785 0.782257007834481 20.76793654197801,82.55450867383837 3.282728055154611 0.7474084183969756,4.116299095181662 0.007280566534225319 -4.446022583056118,-0.7533021748489201 -22.17536213369896 -49.38552060859239,20.220332562250398 39.58544373882134 7.343808931098419,5.293371985224619 10.580768584476456 -8.25846048385868,35.469504338210314 21.455984838222683 57.95131964104167,21.12063843675259 -41.93330475842475 -8.172173549695552
-35.35060676414425 -22.52818343863664 0.8011875010113079,-39.752354053975026 -10.116738632617274 -9.394483154964162,-42.455254949357 0.6009666039999348 20.95177496017514,81.42443959083077 3.6862265366420104 1.494698373590754,4.158610294114601 0.025968951322661832 -4.2602208701079,-0.1978539940083508 -22.564710322735102 -49.19030487849428,20.110007458641544 39.30381213900453 7.246366615999465,5.309539174229054 10.565761982536772 -8.211378488307147,34.9585892979816 22.04101483398999 58.98148246596995,20.86360661811799 -41.251368082551714 -7.927981374055891
-35.482772686199816 -22.03700498584107 0.41785404392820746,-39.33496725388668 -9.895046003065126 -9.387338967268597,-41.73363297472468 0.3982830627687441 20.893359605952526,80.2618234589172 4.275612832677266 2.232226859547846,4.333924508333622 0.01768280751367346 -4.162290537471524,0.26116151550705125 -22.72474235046338 -48.858062015823265,20.02594673675852 39.090125864217214 7.172720944679418,5.470209504766051 10.53471498430707 -8.18812359529825,34.450010352773035 22.53697002484074 60.05995214706071,20.61114128900833 -40.58432627981494 -7.689982584904367
-35.412185995766855 -21.569883263024742 0.07038221208101758,-38.87696557330723 -9.669084386144478 -9.332610480265519,-41.134389951734285 0.23632363631619685 20.69309057784646,79.04232138655422 5.245746617920785 3.1899658235073023,4.5730595088004575 0.014312617494184166 -4.1444933267549695,0.6188778990385302 -22.700264174924747 -48.465268733811335,19.975766636454953 38.96390660977766 7.129650423738377,5.70560795834456 10.520983512218397 -8.18376472438171,34.01993422365215 22.53299407350483 60.71120745355442,20.432891155443468 -40.11576326384118 -7.523531738390896
-35.14144951270212 -21.167477728318154 -0.25704436431165356,-38.39290770150133 -9.452115096018634 -9.32588317609656,-40.54789152387341 0.18031192092729142 20.47856964265784,77.68211813453955 6.4910731380848095 4.34790561896364,4.778251518868446 0.038558707057538 -4.139987846043681,0.8858638031556882 -22.56823616889825 -48.13448816524089,19.949359858826778 38.89896621530893 7.107971060244758,5.907435748404896 10.546749365638806 -8.150102617008631,33.62966880701188 21.790782488425645 60.59015153618415,20.37755185939568 -39.97338414342124 -7.4738900494514375
-34.776337522255204 -20.863811752896208 -0.5587184602367885,-37.85858349578671 -9.245567699901258 -9.44444090273856,-39.81305640410877 0.26920119083391914 20.35560898663697,76.09637140212791 7.645780518506601 5.434048744545467,4.862452509838131 0.0908476753142583 -4.059443876715152,1.0655115072593664 -22.362390341949734 -47.98702166508044,19.926264663244734 38.84240443344469 7.0891690146922794,5.974382881438413 10.609221140432114 -8.027466177709707,33.16789890904496 20.31134565444119 59.60277652324432,20.460430050675726 -40.19644206653277 -7.554700332405711
-34.4636125798271 -20.68520581471156 -0.7906591260019276,-37.24415294545986 -9.047914348139788 -9.704988927990549,-38.820241510042955 0.4937021958327554 20.375196690653205,74.27837628273122 8.299663399440693 6.091506798309986,4.78395194054106 0.14998891387986726 -3.8449465614881913,1.1369609222245318 -22.029807673609035 -48.09066668123898,19.88904084493056 38.74911804604905 7.057455659850634,5.8562896966667415 10.680390715524151 -7.793510766988545,32.55398064283181 18.32058613315825 57.93682077207065,20.65705472667293 -40.71921931518383 -7.742203784496645
-34.30707565256831 -20.646908195659545 -0.8815570994343894,-36.556213823945086 -8.862466074473927 -10.053166715677621,-37.598328360528164 0.7934846239557634 20.529077439945425,72.3563992724617 8.255245824586655 6.107114143350996,4.560896104235226 0.18652355999650383 -3.5101335603344053,1.0572425050130254 -21.452266549457917 -48.42728707439629,19.834965064707305 38.611955243078064 7.01029441369396,5.57580826833075 10.720451887964279 -7.497983421540755,31.837853572780567 16.19129089871686 55.99551046749264,20.905802071329937 -41.37826658638702 -7.977906546381005
-34.312902714451134 -20.747265785394646 -0.7682797188426242,-35.86090068333231 -8.699412646897308 -10.390210798729244,-36.33231746180254 1.077182480695977 20.771064335241167,70.58803979715492 7.664104079279447 5.557934201921747,4.260042481585062 0.180470059454375 -3.1415903023602674,0.7858803466066311 -20.52865985737285 -48.89679338942613,19.77944240178263 38.47045436981313 6.9614317944784965,5.217113065645746 10.697783578260282 -7.25673653091232,31.225214740257876 14.331018502256128 54.25945421398576,21.122580790920505 -41.95131414978898 -8.182484258849211
-34.396107886868265 -20.96144271599002 -0.43812266516084364,-35.26994595292639 -8.571336796743442 -10.622297543597842,-35.29327911538181 1.2580460364889456 21.04851626678041,69.27943448448337 6.953725046856572 4.785054811463885,3.966398804486207 0.13302815539065066 -2.8578131772560265,0.32101831041016865 -19.276585965406802 -49.35711580151757,19.749302601071538 38.39346591347569 6.934799174526451,4.887471165736559 10.605216877104638 -7.2003016454928295,30.994995522178005 13.067199272758893 53.124945387982585,21.227245172714582 -42.226928368101476 -8.28058823698675
-34.44168383479692 -21.2384148217497 0.04563705513161409,-34.89328771555911 -8.485559764925075 -10.706165960864826,-34.7115829109656 1.2898908025191895 21.325357608870878,68.65692497410444 6.585459996092331 4.211502607282016,3.7489615935319676 0.06577666311024566 -2.746746274114212,-0.2735974624856212 -17.892740769784012 -49.6821481750926,19.769736397157573 38.445427261837956 6.952724896581716,4.670842006887685 10.464590201497847 -7.4003412633096355,31.340982703806553 12.557674926074945 52.77425050728422,21.17502953211634 -42.087283910564054 -8.23029547991726
-34.38049612913795 -21.50547869755836 0.5518088116465789,-34.78286335388148 -8.438786630773508 -10.666855857709287,-34.65920998626101 1.1866995585722258 21.585704183949517,68.7507694411208 6.789253016319716 4.115653027279452,3.638385773782532 0.008392689239449191 -2.816657228242895,-0.8702551764882602 -16.725231391415416 -49.81047950772909,19.85180846912517 38.65427911587218 7.024770800876564,4.596120878464493 10.317781131144052 -7.814739371747822,32.22343442395064 12.749468088945438 53.12229780301633,20.980365189622194 -41.57084048123901 -8.045406839833827
-34.231990228973885 -21.683073661863357 0.9242964030507379,-34.90002185535613 -8.418470193737072 -10.578421036105507,-35.006584864600285 1.0159364136689844 21.820563090229843,69.35449838899768 7.436457402848681 4.495288053998822,3.6251550028365136 -0.01759299309455553 -2.9893705791683844,-1.3141251047151237 -16.152326132220104 -49.762011697915995,19.986611632100818 38.99669823258798 7.142676995153272,4.634418936471136 10.208994033113925 -8.287233563637418,33.32527239215908 13.399485613862007 53.85762044244057,20.719521973159946 -40.87926179089414 -7.797910471646956
-34.08785519999953 -21.708994665567804 1.0442153291950986,-35.12810711712386 -8.411577331645525 -10.5181783395328,-35.481944026101694 0.8675022988440031 22.011012424569177,70.09314673946783 8.127938954467368 5.097617534883599,3.6758531658476374 -0.009708928181424104 -3.14206133182518,-1.483247843172133 -16.412132061581055 -49.61547058897912,20.148039773338283 39.405653508871936 7.283131981849932,4.724358945531637 10.166725049411575 -8.610797543624448,34.1601280106469 14.15578845391553 54.56203342443374,20.50526607815711 -40.310613001126335 -7.5942001873952885
-34.04882570323497 -21.565793924984092 0.8847696594754779,-35.32751998583451 -8.416889116923535 -10.519029440767689,-35.806151176741324 0.811780551712809 22.123182151507457,70.58087152410563 8.442381138191715 5.586543753411029,3.756368069813453 0.015508677773890643 -3.176356046577059,-1.344963078648373 -17.460808739544383 -49.45943576377356,20.301542872810966 39.79327473415858 7.415851013927657,4.810022019706145 10.193088329737972 -8.628798584077622,34.297684844849215 14.678094823405688 54.86507406199694,20.43951454956266 -40.13449819968002 -7.5305904591892805
-34.1567065120974 -21.300451213529144 0.5336321115801589,-35.40630327138439 -8.453982043920567 -10.54546151104672,-35.83336042379931 0.8658220058381337 22.122134271871005,70.59932866823851 8.19114220181837 5.736432628572937,3.8487124505973886 0.03256377455223071 -3.076956683045452,-0.9799928898951228 -18.934376584507387 -49.34280952440918,20.413868808643866 40.07591745620961 7.512307135183345,4.870467972178188 10.264077253118089 -8.323679720886558,33.59930142134846 14.758021887828631 54.5765033829485,20.562889580660734 -40.458868476891446 -7.645809774073365
-34.366516252779526 -21.02424479755829 0.16995855741902244,-35.368940780444014 -8.562401800846066 -10.506660890367906,-35.622340811559916 0.9835266192715436 21.998373906604627,70.20958604306611 7.522733213198175 5.532677202679925,3.953271056723157 0.020605692062609468 -2.9262246789678006,-0.5582407283954955 -20.24879303492215 -49.25066781231904,20.45981651818442 40.19105491662704 7.551457966007845,4.925461816063276 10.339392310297558 -7.844243794856886,32.33645656077772 14.393150695452585 53.74853741647519,20.825724126060177 -41.153236412050006 -7.893537827557786
-34.57747860310413 -20.885552603311616 0.0016506923230348303,-35.31611856010411 -8.788526151804206 -10.301207650045338,-35.398957782537394 1.0749815035869859 21.790433882242176,69.7355082183654 6.814664238564459 5.12705963800418,4.077387611459221 -0.027082079775633455 -2.8644426024244685,-0.27268727031330164 -20.811311338088693 -49.11802225403785,20.42524910719334 40.10416692738182 7.521866008219517,5.01576611837654 10.37713256222886 -7.450855348579846,31.112887583602873 13.781515866635477 52.64621474589636,21.098732894568162 -41.87649253656217 -8.152212210876652
-34.70295407013553 -21.018929281679736 0.18541335536739778,-35.393779279209895 -9.1637120733835 -9.87174381613642,-35.42859717435949 1.0468132262702132 21.586408453356015,69.61639637352259 6.424434243599764 4.694619614679704,4.219051286618932 -0.10205725890345418 -3.015263562976793,-0.2587072523825278 -20.261365204046342 -48.87399990694965,20.308453884730312 39.81133962718218 7.422316140982402,5.170465754936106 10.347956634890782 -7.399434414299589,30.60781015772276 13.23319116405777 51.6391438319713,21.22448783315177 -42.21260413338156 -8.273359135174703
-34.73301448952301 -21.486588559833223 0.7606310357281116,-35.71710934826402 -9.682762681393848 -9.24273683663329,-35.86647355736315 0.8456984806922043 21.497559359537995,70.1927805714312 6.460734688767377 4.302863215204896,4.356785066119496 -0.1870830882214891 -3.4156606443406323,-0.5349350900281606 -18.637970617911254 -48.492667528264086,20.122210658539625 39.344092054591435 7.263342659224416,5.380636904599219 10.24467479090605 -7.818307464146418,31.253409470234846 13.031756699814135 51.05705212758605,21.090464495586023 -41.86369758583988 -8.150521059495963
-34.746589979888974 -22.23707882452599 1.624546783415291,-36.30902644859252 -10.293659807848279 -8.522290972865685,-36.66649398945195 0.4855835182607857 21.612873597988614,71.52755324980075 6.723307067502221 3.890852619600211,4.4526935621878385 -0.2648254723966302 -3.98829334548318,-0.9934398871255513 -16.395126268337396 -48.02270473146093,19.896441497538 38.776415860603684 7.0697596937993366,5.594751232092469 10.085224191644318 -8.638636623059986,33.00306524424732 13.303534256596816 51.06365271504022,20.691074458357225 -40.81457945423154 -7.778150377554711
-34.86178923384079 -23.104418205616682 2.561626600668383,-37.08535990399603 -10.906289792451107 -7.865754904947137,-37.59814314939685 0.0464110015658481 21.95584326559763,73.35315098666098 6.8516145347378625 3.3733474161373795,4.4676408889062165 -0.3236008739911342 -4.572081989559677,-1.4449289092642466 -14.248310885632652 -47.57858311002026,19.67808558380174 38.225392313559446 6.881182532167026,5.738944370178207 9.90854696976975 -9.614684315208443,35.31115183910386 13.95269993430248 51.59417368641423,20.147620944470013 -39.38645051135937 -7.271062350504904
-35.153623807719946 -23.85709906349033 3.31941407808986,-37.894053387488356 -11.420201453064372 -7.416438539270398,-38.36244852519209 -0.35515463463408 22.466291886660837,75.17695132263171 6.585838858969988 2.789000006141882,4.38034101954768 -0.35810439012851913 -4.995905940120983,-1.699423947053445 -12.907702884088971 -47.29555494013563,19.52378806474946 37.83368730148617 6.746347804959594,5.751553218983157 9.76397961036466 -10.426468262886548,37.34541020245524 14.693185261674468 52.37615839148786,19.67234254419717 -38.14278697752731 -6.831093463295895
-35.59198762888475 -24.28430049667245 3.7041302194843575,-38.58691154834722 -11.762254302824285 -7.248978248310103,-38.744380352587406 -0.6102399655319023 23.019054532795213,76.49898240958962 5.9660370732951815 2.3686738951740933,4.1997440641907975 -0.36711078508158806 -5.157569725720476,-1.646545011331791 -12.804933086660052 -47.269521267190804,19.48383299874901 37.72933129566833 6.709453277440796,5.613614095440607 9.69602256877273 -10.816719698489944,38.338262773871655 15.165048036775502 53.021989797414484,19.488326540332658 -37.67796015987278 -6.6717155941682265
-36.04321052811461 -24.286039111801017 3.6592164784752192,-39.085433504475716 -11.918582569602485 -7.339508046401752,-38.71950335172464 -0.6584418747010115 23.472971272901432,77.03772423347297 5.329118999231272 2.4446667973276117,3.9636738355330046 -0.3520528794996564 -5.0678476410213005,-1.3000318964575823 -13.926376757377689 -47.511080580660646,19.581526034809272 37.97311138732782 6.7919591583206405,5.3593183747405 9.72820442946156 -10.697403535269789,37.912879570045774 15.084125045504521 53.157407134946084,19.738814083017242 -38.37681899170179 -6.931999042411992
-36.34017510091012 -23.92594976766234 3.29373870837943,-39.40635232687316 -11.94524922966043 -7.574994197014183,-38.45800402435249 -0.5079147643466029 23.727562230728385,76.85220727130498 5.09158581777414 3.230662133154766,3.7240728571745305 -0.3188127633333363 -4.838513170284726,-0.7880384144222179 -15.82314434477485 -47.93651612354545,19.797499488788834 38.51776130081665 6.978222771184315,5.06122299959518 9.851577324160724 -10.176821317744654,36.23045019487538 14.35844291878186 52.54132767880428,20.426167823878124 -40.25171788784473 -7.617960552711679
-36.381852194024056 -23.41658900457867 2.8450745010430847,-39.635185702046506 -11.949410853337001 -7.797507367509964,-38.225340871797094 -0.22767687182499347 23.75973182950495,76.29782457269803 5.4499787594898645 4.606052304140973,3.5262966032530385 -0.28129137440713203 -4.623009362147224,-0.2957181761725859 -17.79384588715825 -48.400507316850835,20.069204217814452 39.20557630843767 7.214318811173874,4.798269765219495 10.023645958837156 -9.498018955970952,33.892384367119064 13.120914172062847 51.13974396716661,21.408427810272826 -42.93128954397722 -8.597970065640563
-36.20109479261885 -23.035277878142672 2.5860886812726824,-39.86470003434967 -12.045368594127323 -7.8650655278052515,-38.2347883387795 0.08283109469107883 23.622101557204754,75.83605318164012 6.197654605303278 6.0638606075698505,3.3928618845584904 -0.26236730847040535 -4.542445901871496,0.012310659555031411 -19.16294640362814 -48.755106709294544,20.310308500210812 39.81710918401392 7.424621378514589,4.6232346742571675 10.180845055434546 -8.922160024604935,31.6507512652426 11.667434939121188 49.135064261711875,22.45532645065578 -45.80663697871399 -9.654452383956357
-35.95505503710368 -23.00187322934017 2.7113164253655206,-40.133884557302665 -12.30224826861479 -7.7046177734437515,-38.5324266358274 0.3326155900373454 23.403778485229637,75.79309433984618 6.797088411025822 6.900662235196334,3.3194541187830744 -0.28834004085801246 -4.635147414723702,0.054584680145808744 -19.53729745628795 -48.90721665251981,20.444746743860147 40.157964781346806 7.541796999778503,4.545738027034322 10.262135059883356 -8.614911861549832,30.07132744138633 10.332976958869711 46.87368094300922,23.338328602559187 -48.26836505753745 -10.568289685148716
-35.838180271613865 -23.372189151663985 3.2489053649874746,-40.4017153577289 -12.706207632194058 -7.336690875561196,-38.976208604711054 0.4697196147284707 23.173801509001418,76.19042772998097 6.69066026319652 6.57931535518702,3.2844068376828437 -0.37713380813741615 -4.852855282988088,-0.14556354260558035 -18.934183871065713 -48.84844184392248,20.440891540005886 40.14662052587895 7.537383107013717,4.538032462975038 10.235086814461786 -8.588308664629357,29.310672773131174 9.364357126682444 44.77148583676259,23.914060965169263 -49.927340609906906 -11.19775055038372
-35.96649474446497 -23.999206140682617 4.038270171660516,-40.56979755760268 -13.15615670431471 -6.863065016523368,-39.318573727970914 0.49193769957928657 22.937056798623004,76.73561952037724 5.673310414223973 5.069368697071706,3.265875849799387 -0.525864386503477 -5.100208519762402,-0.48511335198497557 -17.731495689719758 -48.64559923972515,20.328471051249256 39.85848428048719 7.4373154705751725,4.558533054285735 10.112483891100485 -8.719548065122307,29.10511103966092 8.845163352363729 43.205786010515254,24.16483592769954 -50.72312753604506 -11.517596181473046
-36.303263275014764 -24.586566743552307 4.788162458796406,-40.540472548065964 -13.498564547957875 -6.423615643649631,-39.345705378184455 0.43584597378961343 22.62691835648942,76.98065435417321 4.090166652144998 2.9506557389443593,3.2571604525137707 -0.7059871161702777 -5.291470314455682,-0.8375060337466358 -16.469239573388457 -48.39971376164098,20.187271440518856 39.49760486252685 7.312317555473723,4.579080027071363 9.949818462710338 -8.82912706724915,28.960323491054353 8.699118631738923 42.4225789783679,24.181532371948038 -50.88075688664458 -11.60419243143028
-36.67495096976456 -24.816266161101773 5.195331326501861,-40.27753345647513 -13.589337218028842 -6.140398754111191,-38.99677375885653 0.3520228009761132 22.140722988295618,76.56835477645234 2.7086622097131454 1.1794257206728487,3.2718592842834666 -0.8715823509858839 -5.391908533430605,-1.111470339030607 -15.596620580056303 -48.19601790143391,20.110179300165363 39.30215099623482 7.245136910918684,4.60079864188525 9.822187496453637 -8.774014841032937,28.432661700341022 8.75915833119872 42.482363383497926,24.101942367834045 -50.75007655924612 -11.578737373281253
-36.87315161190912 -24.494939911949103 5.07499523973704,-39.83584428236968 -13.35702478657657 -6.0716951230968075,-38.39902391107114 0.2795361734938661 21.40236697356616,75.43988940992287 2.306019187484535 0.6086306762221412,3.3359578288190015 -0.9791185787882641 -5.423350481170644,-1.285473036194717 -15.281189545487544 -48.0701137031726,20.157107552813994 39.42595594058604 7.289286148370986,4.65035098244354 9.789623982001302 -8.50965095964657,27.356129504547646 8.860706807297811 43.257597141679405,24.037915196367802 -50.615525267674435 -11.539911634432654
-36.78408024866643 -23.650134071106173 4.44518197359348,-39.34386159845461 -12.838805626422062 -6.194353875816979,-37.80153981239174 0.23147792319616245 20.42168371939322,73.89353925986316 3.1978509512389044 1.5145115891605867,3.470688619518327 -1.0092828847555577 -5.436036723290828,-1.4043046093442593 -15.36583204179622 -48.005259956883854,20.32302047525566 39.85592176197631 7.440150141231607,4.759338845898831 9.867287456731885 -8.09594391522183,25.90767820649085 8.91232372168377 44.48197813573357,24.027464025603607 -50.5717829907441 -11.520022797854544
-36.46607307215051 -22.527983469075274 3.5241126932515936,-38.94898274243967 -12.171220419362173 -6.420998624039834,-37.445503711269474 0.1966715526973829 19.32016126750846,72.45939799796382 4.995210606884227 3.4078022878533067,3.674778911492611 -0.9782695523040854 -5.468255834860643,-1.542894550319457 -15.48930872638232 -47.958527635990386,20.538034310350678 40.41186400411211 7.634800555541415,4.938708440631748 10.016450892823542 -7.653555141781647,24.493413031531396 8.915127665693582 45.83753355862006,24.032745185262424 -50.52034698596281 -11.484270737370949
-36.122773285744046 -21.489124266516132 2.637661319288487,-38.755227186382214 -11.537551509734033 -6.643950748470006,-37.44170696408416 0.1542278340599198 18.307176209222856,71.64922577763531 6.765711788242655 5.268803081104828,3.915339409767543 -0.9301897360943457 -5.520272044447636,-1.7571930605018606 -15.308436423051896 -47.89851692299434,20.702009482503456 40.83538357212101 7.782931698008323,5.162611222801108 10.162900602584617 -7.300269039235808,23.529864255322273 8.932152468656314 47.05311654495005,23.979985001171666 -50.27616808354097 -11.369139714572945
-35.98168424470918 -20.849175146318498 2.0761284011991146,-38.78546043578599 -11.094120947655238 -6.785977235888747,-37.719842866075915 0.09153280229700639 17.613328826125038,71.7067463627569 7.542554069824449 6.10802251657353,4.133008338915619 -0.9125242536294503 -5.557720331053812,-2.046557900080486 -14.710698951881604 -47.83216643597457,20.737693463683378 40.92691407317672 7.814730131310009,5.371251573646096 10.23521829314803 -7.101836895626329,23.240418846250407 9.033359818931174 47.98190393717021,23.816101982812373 -49.71686212400055 -11.135615838244444
-36.14833469003243 -20.738982114873387 1.9658656444906006,-38.985437169177686 -10.908697385221439 -6.834365333042015,-38.073515527001774 0.015303045030361838 17.407138420904694,72.48647336211337 6.905311781123816 5.55112484631149,4.26077519638761 -0.9472298931141597 -5.53977632619903,-2.345380016332168 -13.908721462882193 -47.80521126989943,20.635127981621913 40.66057485308865 7.721097385593935,5.49261078326079 10.20379164106209 -7.057620888919558,23.567313391538868 9.249446419160304 48.63015897702286,23.54972073136429 -48.88845293751161 -10.806300708222048
-36.527480444525544 -21.052400160908906 2.2173844994450262,-39.26347061064435 -10.939687170810647 -6.841608076145448,-38.27321919190136 -0.050311040974821856 17.72930624101237,73.52588425438356 5.284383044590051 4.1036523082462075,4.249829966454663 -1.0145801196947533 -5.4516682721013385,-2.5475750552791023 -13.362758912090836 -47.87593996839199,20.462522990650026 40.212624607130124 7.563718014838802,5.473536113933605 10.099168219150684 -7.119175372037465,24.230210952484008 9.556530262666252 49.125871947770726,23.254451529264372 -48.00910012886341 -10.465461202716762
-36.86819058982611 -21.50781498218005 2.577096404430235,-39.54098993611636 -11.066142436365459 -6.891049213527626,-38.18509657291274 -0.0773622702456136 18.471669969698993,74.27771654543366 3.7747827596432653 2.908609022760219,4.092253522129002 -1.061388352229343 -5.3191442814344665,-2.552744580545335 -13.559928979090154 -48.07686370767493,20.33492100135212 39.88080083962243 7.446931290205348,5.306015932007222 9.99786105192662 -7.223272726385226,24.884186881052862 9.89311309822372 49.639425161059854,23.03360949888396 -47.36956694799989 -10.221795999210459
-36.91621742880746 -21.79363883988264 2.7598483943240497,-39.785684504431494 -11.154303852968486 -7.042991997856712,-37.833721484315845 -0.05187303961765699 19.409467786232245,74.38617932892008 3.5222817048566335 3.093695012046425,3.8307344862632773 -1.03189468409146 -5.195162533295115,-2.3135674104274933 -14.751194457187182 -48.385845320875454,20.354059241170678 39.9289265871682 7.46335449694818,5.036442440392734 9.980841039282295 -7.31837959724449,25.28492251556026 10.193249913546987 50.289702751765006,22.966336637619367 -47.18511279083031 -10.153959299243061
-36.587032133378116 -21.72561984851108 2.5981324191223343,-40.01145306377712 -11.12821489319058 -7.288002466390095,-37.3803080902674 0.014249474752057623 20.274056293690048,73.86599463415949 5.011258063927909 5.058331759554351,3.5497035413020193 -0.905420212755869 -5.127957680419381,-1.863700888119636 -16.774232041025915 -48.72362130340358,20.549401783870092 40.434174520712105 7.640320892718281,4.753009254865468 10.085820568667955 -7.374135998620579,25.377432184123332 10.414733035032766 51.07754866903575,23.064507770425624 -47.47877103150753 -10.268039552771802
-36.050136928259576 -21.33702753668789 2.132827807672482,-40.249879369365104 -11.009266462719959 -7.53319482269509,-37.03385627954376 0.08431544277553293 20.837962594679762,73.09038635358627 7.677493057453346 8.121127755639291,3.348979901738758 -0.7184560127140165 -5.132467484151878,-1.3136735309001641 -19.05729170886393 -48.98103835161997,20.852065690837456 41.219154701241585 7.915945427721185,4.5555831182442486 10.279933015284534 -7.377928567406882,25.276236248041346 10.548955345748103 51.878137324140724,23.263404022854232 -48.058447204630006 -10.48978388654449
-35.658450468642876 -20.856057052644537 1.5971057080737656,-40.514181391144646 -10.904366104560651 -7.633128225576114,-36.94622585864791 0.11154830003519917 20.9809289104963,72.59067561676216 10.11788603432878 10.777655373854161,3.3080293776733996 -0.5550950849033709 -5.185388135728465,-0.815273236738957 -20.818698754886977 -49.063863785459354,21.118378743618358 41.91240221566117 8.160169979221239,4.519505604144473 10.470399068869114 -7.330633315365202,25.16663204578043 10.612868814124575 52.49737676300967,23.45094105843624 -48.60060372197711 -10.696195174830885
-35.74584334340493 -20.58202835028294 1.298160988837533,-40.77934898519775 -10.94799051121943 -7.455082949504307,-37.14597753214953 0.06085395777711094 20.71475587348214,72.76758820501338 10.839504914264012 11.484041147276736,3.453743226369394 -0.506547408433382 -5.248574642072783,-0.5076368306208185 -21.384558178365655 -48.93368043653157,21.194994389093775 42.11665825934538 8.233658507247096,4.667182791875653 10.55091829345502 -7.250022120503615,25.193548784693025 10.633604157139066 52.766426743683006,23.520228782270717 -48.79844199952686 -10.770987153265864
-36.4015340203018 -20.72420884092172 1.4548106834603862,-40.99059366719456 -11.227108887809997 -6.949166705755927,-37.54035372304878 -0.0729142201754146 20.1615718305682,73.6629161006262 9.160792684738169 9.563655614789202,3.745147920177364 -0.6192131133146858 -5.305786334949767,-0.46590184049194594 -20.486480165010597 -48.624853924744656,20.995369693224138 41.60694351340315 8.057253329503299,4.95846138966153 10.460994009200915 -7.178818842042016,25.399072437076992 10.637173504763348 52.628155565823945,23.4188581616512 -48.50093797906029 -10.656685318769098
-37.35967666890615 -21.28725945281171 2.0749482865517415,-41.09386667355482 -11.727674161194638 -6.187281100658636,-37.97626643411384 -0.2596738490398273 19.497469753790043,74.9139145704294 5.742281630820038 5.718064160294103,4.083690101162009 -0.8605473059236213 -5.386697631486179,-0.6730668867382483 -18.40197260559873 -48.22903592668447,20.549702547589806 40.46023640176264 7.65755630606624,5.304020098639382 10.225694745194637 -7.184536408414784,25.730711368140422 10.645533620906772 52.17126771977419,23.170986077688873 -47.77596316971593 -10.378539287193691
-38.09206690009436 -22.064283824024358 2.9402213212846537,-41.06836548048424 -12.331549283621062 -5.34648689726317,-38.32163022176459 -0.4453986478305008 18.884771929180378,75.92327523274469 2.3809063154029872 1.7949425042677158,4.348582666372386 -1.1258303761349486 -5.5576112041136545,-1.0275037247290109 -15.86510410628848 -47.85434361091489,20.00179460786016 39.04782078382698 7.16439442959424,5.597770545428188 9.950963585980142 -7.338827063946374,26.097044292830937 10.677773429103738 51.592667171564756,22.862879715028857 -46.87064010190778 -10.030026696032408
-38.08248927113721 -22.743302785896446 3.7123310991435163,-40.93987762377737 -12.867653864632672 -4.638052052056952,-38.522899163735744 -0.5755702967178603 18.418074135022472,76.16834946383533 1.088444854861184 -0.14666948651354517,4.446052464423199 -1.2885090439499698 -5.878280804180588,-1.3850243114859215 -13.77659160725933 -47.57848896643209,19.551649082126964 37.88694780413766 6.7589080454405845,5.757220353028226 9.771902347949748 -7.6767821894476,26.42367476354047 10.748186027494276 51.104995408359436,22.60094343217759 -46.09305800889689 -9.728611334440053
-37.150521896728804 -23.073651191242483 4.111684884750829,-40.76586346542646 -13.193091213269525 -4.211798776627826,-38.61353010751186 -0.6201467533366641 18.102070466661957,75.49883472842771 2.890951015539117 0.9704614894712011,4.353474991231588 -1.2720045937734814 -6.347186779853489,-1.6202868759644502 -12.8347209975288 -47.41789630194625,19.369410346609047 37.41797514487623 6.595412965669185,5.757128329199668 9.777463191275679 -8.154106095725664,26.672510895857968 10.858645656056316 50.83573280526122,22.463851157629836 -45.6752888541297 -9.563918566393935
-35.64461843290906 -23.005993971756876 4.07751347066102,-40.6008159500653 -13.263367090509185 -4.081809402762653,-38.67797449419596 -0.5880079109379109 17.866391291050217,74.27041220791317 6.998551480947119 4.429410470294038,4.138390461777559 -1.1053969827121155 -6.86923125985421,-1.683100991422678 -13.248196187920534 -47.32709652800051,19.52091894194353 37.81133935874869 6.733645283724246,5.642955112148328 9.950666165266945 -8.63022359533495,26.82115533235904 10.990972937404441 50.770672332745605,22.471364988200598 -45.681603870473246 -9.562322484606284
-34.373098520699116 -22.730910290699367 3.8220834813962155,-40.46287092002244 -13.154569555791468 -4.114107829274734,-38.79861861915862 -0.5232222747548344 17.609126470419486,73.23553571385116 10.865627264949467 7.786869856148711,3.940133595646467 -0.9290082610432655 -7.271668454561533,-1.6251402923796516 -14.659034046132264 -47.228328666812,19.940071617831027 38.89571629881435 7.11349110616372,5.516748526775105 10.15931008101871 -8.898968559682935,26.831956686608066 11.10955179549709 50.77317005698673,22.58227329321908 -45.99860400440074 -9.682145710020924
-34.26966559934724 -22.591355035702893 3.7410813669997527,-40.32234169796767 -13.023434157050747 -4.089891359740582,-39.01689735310632 -0.4838027089686784 17.250880758529473,73.22742272654871 11.231881958991515 7.8949119377030135,3.916451033440376 -0.9387779145427488 -7.369057324656354,-1.5828525275638943 -16.31132019027955 -47.05720053066315,20.46071293126041 40.2405636213083 7.583914027138173,5.497825817783655 10.208679504017514 -8.765876059796895,26.649190375096957 11.180287537696598 50.67126940542206,22.718775439831635 -46.401983259073994 -9.83810730494559
-35.933852604611594 -22.90859254499824 4.214560702573415,-40.1199893691236 -13.02252169973935 -3.8208243072083903,-39.32515918113394 -0.5120799407412191 16.778096586434508,74.77450021636247 5.715434857868398 2.4484206119337655,4.173529807064893 -1.2899649336017398 -7.0494069914429245,-1.7199234134031787 -17.391460735496807 -46.802960720934465,20.89215656500999 41.351946773148704 7.971695573215133,5.670951689123279 9.935968382890803 -8.143244888557847,26.24155941721589 11.200356802108129 50.367780344564615,22.80264124856658 -46.66005559425937 -9.940496247806704
-39.269241610028025 -23.806730056693244 5.391930198566656,-39.80511151382691 -13.211625474446583 -3.263815171192013,-39.684249317185134 -0.6103763631444517 16.25876345429524,77.82132192561757 -5.806357790903752 -8.685443295254476,4.708076299654303 -2.004882266168982 -6.337947021256689,-2.15078307695341 -17.38816895669282 -46.524528334185646,21.101948176533135 41.887270932970765 8.156851849042116,6.041686332258112 9.302277542495812 -7.117159086669371,25.669879265792094 11.221605357905283 49.913756051178865,22.785192069970734 -46.62311566197052 -9.92991858690134
-43.41411131547005 -25.124310619816484 7.069304030097098,-39.371507076881834 -13.510588177014144 -2.5772424477922895,-40.04757124891032 -0.7339514583147401 15.823989194959976,81.68900519759698 -20.752405496485274 -23.0490060842152,5.388734316521539 -2.932468515229679 -5.402277067985399,-2.8773287147549205 -16.311926304772214 -46.334404397705754,21.067192470465848 41.78846160072866 8.119410417389105,6.5186018857111385 8.435209321618805 -5.946517046465573,25.132028142351388 11.347976222931184 49.502579246958064,22.65907471701827 -46.26254117692841 -9.793521054203492
-47.02740199385749 -26.46039960831783 8.728428112512484,-38.87019679636636 -13.720200233876941 -2.0837430773561763,-40.373635085876735 -0.8057378964861704 15.621783287029963,85.30288208631112 -34.63578828498788 -36.37003444432589,5.990113772846204 -3.7861130081583445 -4.490660312783549,-3.7684881377894675 -14.678309514972888 -46.35676775859938,20.872387276593372 41.27620808870891 7.937343550015587,6.933728100182582 7.5961224391745805 -4.9829456282143525,24.93965534707139 11.698309077401134 49.38253253380323,22.450612506348133 -45.653221019385 -9.55948861068969
-48.82015464805454 -27.337494016953354 9.73071898880879,-38.390960708683444 -13.605334406848119 -2.147236006195807,-40.62292830927894 -0.7474690386573637 15.760301770645679,87.59590664362477 -42.8116931956968 -44.23945952927869,6.27085953520568 -4.249540037986725 -3.8296925654648732,-4.5960304634354525 -13.267414021516103 -46.67712357450465,20.65840761547206 40.71724368490196 7.739841074993973,7.097968646631363 7.081585942185178 -4.539226521818366,25.415864167943266 12.345948603682372 49.729505653018045,22.200949636434274 -44.92029114376044 -9.277086944879128
-48.09607858357625 -27.406774443983362 9.584194512316177,-38.02253576907867 -13.00374015843521 -3.0140765684782136,-40.75018395152577 -0.5139860705852695 16.262565077160655,87.91808703755385 -42.40364172026517 -43.9457021834692,6.066784432264067 -4.106506658816798 -3.529934995976318,-5.116085846388167 -12.772429243373915 -47.304224689762734,20.55042496712677 40.436851256306724 7.6413084387479735,6.872785894437452 7.101160214808694 -4.7625493312376825,26.75139411449478 13.264453847492321 50.54503637386575,21.94762204000049 -44.18285998285543 -8.994452497518418
-45.0511260455392 -26.60073464115777 8.162813229458644,-37.81330930436785 -11.910183541387816 -4.6891828559486735,-40.70821094634178 -0.11554253488178795 17.05103125405305,86.27999403119414 -33.52342327390226 -35.62282170188536,5.360809500719562 -3.335964948243081 -3.5456933212001918,-5.164491468706859 -13.497587919032851 -48.159601427013385,20.600786842687558 40.57030707220964 7.689080538125806,6.230091480920913 7.686832171239129 -5.571314932574227,28.889738951252884 14.312297495341396 51.63480655381426,21.71487711711606 -43.520296918145974 -8.744264292676563
-40.6910949110274 -25.163691822025744 5.776657562025168,-37.753672109016975 -10.495876449452208 -6.906076627541787,-40.47035693054843 0.38211368634346193 17.969231626879836,83.33201376802548 -19.218780395581057 -22.182634158910048,4.298686476918087 -2.1281108215944085 -3.7084681953323386,-4.7255500827513774 -15.238274999829361 -49.09862571076159,20.772883135273187 41.02104464441726 7.848737390724892,5.274212544818103 8.676094619780955 -6.687169426108573,31.5072504265448 15.273835976495748 52.68319528336939,21.51409109518106 -42.96814890668238 -8.540809468409073
