-23.5 -16.7 -6.4,-15.1 -9.3 -9.9,-25.6 5.5 4.7,47.1 2.4 7.6,5.1 0.6 1.3,-5.3 -11.1 -56.3,24.0 50.5 11.5,5.1 11.3 -2.1,4.8 6.3 47.3,23.3 -48.1 -10.5
-23.895083549549856 -15.010576076134724 -7.133240110415249,-15.204981108179522 -8.217242761044126 -9.295088445558445,-25.012374965426805 5.438659204081069 5.33735498583511,46.80355754770915 3.1040246281139217 6.677355700568102,4.718133147615943 0.5187189101652369 1.8509676629583054,-4.984424140184746 -11.050789082186157 -58.868402507897066,24.160107328241658 51.026951330781166 11.717382202694107,4.636631080043924 11.265449588595567 -1.6997155459474786,10.580866762834185 16.342843032826586 45.292636782630126,22.985043719839744 -47.32758101170044 -10.179816236697107
-23.421603326216847 -14.595959715788032 -7.522048014732522,-15.500158282252503 -7.408840103781361 -9.685435576412786,-24.93280922272796 5.60802252566224 6.066437536358937,47.18390975534047 3.4692029501473494 6.949520282871231,4.198385613029436 0.49890319894202556 2.11104587421431,-5.418660905992294 -11.467485463340099 -59.384367944499765,24.353401851265275 51.60084668040843 11.945779244739201,4.086042090552448 11.312276439876346 -1.3989401788870233,12.233184989091054 18.84038241869918 44.56718808168636,22.96557651442393 -47.320349310956004 -10.161268437864171
-22.455859054529576 -15.059835557780907 -7.603431316891848,-15.971352798015516 -6.824822151417263 -10.64345014595568,-25.18169347731174 5.885149459739593 6.858238835369659,47.86399411143013 3.597889053978812 7.938746894289748,3.628918724259409 0.5001162465346161 2.106848516524083,-6.252885014015453 -12.342876537390014 -58.38244435840758,24.495635201417628 51.98935588524196 12.096043410170722,3.5274056824532436 11.39557301442199 -1.2067605813844033,11.198884589469342 16.135742100873983 44.77099901119904,23.092311335953337 -47.67909547577703 -10.292072946960777
-21.37415045901667 -16.005888240934343 -7.414397620833262,-16.604385931265142 -6.415219027157386 -11.741540907579768,-25.579418434586415 6.147099501309212 7.683750066665455,48.46674810451429 3.5924370274868402 9.167288682204008,3.0978938093247947 0.4819214331472586 1.8649894726436917,-7.137271180847037 -13.669749698264095 -56.397179798219994,24.502559011045484 51.960148781641905 12.079026983024123,3.039894506673984 11.470431772812145 -1.132263436005388,8.919895474667786 10.572046022607234 45.551414685198544,23.215961136628735 -48.004610084173834 -10.419946107446515
-20.55277726420674 -17.037802404069325 -6.991954530496802,-17.38507895779796 -6.130060854207291 -12.552116614677711,-25.946374799960267 6.27093214536718 8.513962414044503,48.615109223129075 3.555200958549966 10.157398793994373,2.6934721962445254 0.403882138984203 1.412082625329206,-7.7219941230798606 -15.440892339890544 -53.963122312536484,24.28992491249563 51.28089520596841 11.80558224733485,2.7026812141423413 11.49194517562646 -1.184535425315747,6.8381475553851185 4.4924181271551475 46.55578021771521,23.187238868650898 -47.89768371415676 -10.392604262780969
-20.368039194628405 -17.759262686006842 -6.373109649822494,-18.299253153410547 -5.919377755772532 -12.647586020642159,-26.10295327884156 6.133706886909575 9.31986706130498,47.93201495581066 3.588534935046718 10.431330377041197,2.5038152130375297 0.22556174424969921 0.774741857336693,-7.657228557306732 -17.649091856197547 -51.61481994995654,23.773484538114825 49.71926499458165 11.186561487138356,2.594938455785985 11.415205683444583 -1.3726632318812486,6.395570742320077 0.23998235777394505 47.43144072277939,22.856857484220605 -46.959106943736124 -10.057763756423727
-21.09217327885724 -17.882306381582712 -5.611374564157897,-19.312446747300253 -5.766773160364581 -11.736404877805798,-25.945934157263643 5.663178960918686 10.02218281798539,46.2645975237564 3.7513440879219133 9.635294260169559,2.5940706538315723 -0.06679357944245977 0.006141749326690158,-6.73150619148376 -20.073541572686675 -49.83884434751285,22.93497168285159 47.23375163051718 10.207428874776703,2.771689436369256 11.217587259773845 -1.694077261943929,8.592334593285013 -0.3399097442199766 47.9127138292653,22.137635802330554 -44.95608874304017 -9.324868438061527
-22.430140754240156 -17.709632387368284 -4.850228825042764,-20.279629227361657 -5.838868273971765 -10.268660396933054,-25.788519373551708 5.063460713339727 10.267579271432592,44.68213934516684 3.865680743213663 8.09123037163278,2.903932897123404 -0.3414820630579773 -0.6957530875557394,-5.4875826274304655 -21.329071898266033 -48.86023387536837,22.115807954410755 44.82308337221735 9.260379520961108,3.156311759371852 10.99792677168472 -2.0826661951571777,12.020445477333897 1.8845923275980447 48.208029447315134,21.28094964745625 -42.56303277092879 -8.439856610219252
-23.89455130787394 -17.74422079741204 -4.26365827044315,-21.01827849604244 -6.364341865703095 -8.945911758770796,-26.085110881287342 4.632371500955159 9.609801555758382,44.66832882677043 3.6732853135850654 6.350204475536674,3.3305576491203563 -0.4174809369328731 -1.0838827215911404,-4.72395527273973 -19.635701731245998 -48.81534635341022,21.77937769795139 43.83871068973209 8.875522629934874,3.627544713220639 10.89624665799164 -2.4507730189310686,14.455351169314314 5.125246703532951 48.686579207744984,20.65297255950477 -40.7619537415094 -7.762764921684366
-25.07591777053889 -18.36691610008564 -3.9895331211225824,-21.41384561654978 -7.463625942783087 -8.361400337236375,-27.1812580856626 4.600200383322663 7.762538876341518,47.35431461239237 2.9953963628247853 4.884815824447405,3.7906451914844363 -0.16480155961049447 -0.9831377699252415,-5.0846763601202785 -13.692538904704206 -49.76247306456941,22.272439196854997 45.28901568165103 9.4480839377792,4.0896114238566925 11.018417519123657 -2.7178152111471916,14.131444654088062 7.735049657514018 49.603092160704996,20.569556336940476 -40.41220192322774 -7.610973928432678
-26.063248144803715 -19.17755043830108 -3.934925589198913,-21.78606355945146 -8.56554961560529 -8.415334051161102,-28.726630680469672 4.76549280142415 5.461390629393846,51.617727255772465 2.1613558108144058 3.6653810796978825,4.325930282328657 0.22037743593727854 -0.6781508998375487,-6.226165164748441 -5.260273548506881 -51.26181600764609,23.196327210937124 47.98966644450325 10.511188385310739,4.609709493682568 11.251997908158824 -2.848500305574154,12.218234890284913 8.973714202961393 50.48049010842259,21.02459725275988 -41.588184449709125 -8.028866447613929
-27.141605651976988 -19.46878839369135 -3.9161363876249924,-22.625465814880766 -8.826938643491976 -8.73535483815831,-30.09721296241727 4.756991970724029 3.843867477945449,55.44990190180871 1.7003396385435847 2.4646721140924566,5.027323003857292 0.4135977463368503 -0.6343686225601841,-7.416410729208683 2.6963018994604226 -52.67768159592865,23.859205813039082 49.893949556125065 11.258901741749739,5.319133428019728 11.398685534140572 -2.825348148548837,11.03959468362949 8.45755971330911 50.553879367265615,21.885368365649033 -44.055594936966465 -8.953456891566624
-28.537278608414386 -18.67364044043011 -3.778066424996945,-24.30352235057229 -7.605386900277405 -8.973341306124995,-30.737920927067417 4.2770753008937215 3.8815823962209524,57.05884560012272 2.049795362210406 1.1253569712794051,5.949294574045174 0.15075073380018697 -1.2300005007900388,-7.99265154974136 7.406213127368823 -53.43958337019695,23.67815173955008 49.280174362955464 11.013322202939241,6.304471212363641 11.297738806894422 -2.634950586093387,12.513005112573017 5.938703906757255 49.2022079462935,23.001428827078616 -47.498308267400354 -10.286005617170598
-30.031422330829077 -17.285135126282423 -3.5821375530957504,-26.29404302176308 -5.771859113161791 -8.96817619564451,-30.616512909959216 3.5844270918430645 5.292442203908762,56.29647528137128 2.9543715197753513 0.018823602156614216,6.871646997888504 -0.376525834939066 -2.1845463160343024,-7.8194190812098405 7.576397108179499 -53.4704937899807,22.893833171179185 46.88422913412808 10.064621688669437,7.315253926751278 11.072173936906893 -2.2941743426420595,15.48174910407765 2.1831794768425508 46.890359820312334,24.091520292294 -50.99100142025044 -11.661063822538617
-31.202796582767583 -16.278275924582864 -3.4882205729001914,-27.66268458075129 -4.885427903523787 -8.643770328592574,-29.93847611576441 3.1906763608375366 7.22431161898923,53.76216998303201 3.843710948551407 -0.2431387282001094,7.449294151794248 -0.769372877897732 -2.91800001525799,-7.000997279700962 2.5857757547628086 -52.91775396621402,22.1213934367156 44.559427820334705 9.1431412749642,7.947757738904174 10.974027712955177 -1.8336516930785156,17.391316035954386 -1.5819683709927452 44.576978381352795,24.814903588263018 -53.331357876864146 -12.591913899007427
-31.671758022966507 -16.50332127535107 -3.6317064013568,-27.598145886833578 -6.272783568481851 -7.967262601810991,-28.90564095256434 3.5409550589326853 8.883707287547054,50.105990065203216 4.2129127303743 0.855011108685766,7.37781751425131 -0.6789701389722711 -2.9134082059688313,-5.681561221194221 -7.762560979487228 -51.965975745997895,21.91232213636396 43.96487344218917 8.902956719075009,7.846022585733291 11.217747026542396 -1.2921273437581278,16.027874869518097 -4.179347057433011 43.163438610184805,24.881245781858333 -53.48802624681333 -12.659775451556278
-31.437612415026393 -17.67968959358728 -3.925897678334098,-26.401520363330203 -9.163404480713677 -7.286388206319689,-27.6766854676832 4.477763199548264 10.02420124226419,46.39523530266089 4.153228804792571 2.9621859201414864,6.7200167649811675 -0.21073111392399596 -2.2279034117179957,-4.349287258752395 -19.923725360931602 -51.121159027959436,22.235324291338745 44.98268575469682 9.300273465120048,7.085677330295368 11.677743791662772 -0.7798689389614738,12.269573444766072 -4.893716844785166 43.0197753412982,24.451105719008435 -51.962331506315245 -12.05541583885622
-30.698245295407343 -18.93420796097947 -4.167716666887868,-24.95682683704875 -11.687772175991215 -7.148325278586915,-26.387674682348784 5.527805055310341 10.686037612464892,43.915850420469205 4.0683116357382945 5.273161393341326,5.731124039817924 0.2918996991356407 -1.219454994952711,-3.6726178935562612 -28.39202451415876 -51.05771990554633,22.753709744883384 46.563796317059165 9.925593683377688,5.968515325344224 12.050242224460568 -0.44462411325050344,8.61484173334402 -3.2520188189491495 44.23758653149892,23.92132196215225 -50.05876328047826 -11.28902223855004
-29.652976920757204 -19.46168665883544 -4.181941476892908,-24.08294734746813 -12.147614225684642 -8.0209809416389,-25.178036640947383 6.234184879398856 10.925249007598486,43.80451197622559 4.338713971758217 7.0506069981853745,4.657021028750776 0.5159331763711912 -0.23952433792859681,-4.2285896937916885 -28.2358090964235 -52.33704412271188,23.14810759858541 47.715507982516385 10.390753997508293,4.786914290863528 12.060643387927385 -0.43621178939531036,7.350280823046402 1.0102937791860225 46.809528301609845,23.669447593611967 -49.03222778858696 -10.85446983908189
-28.497812147656564 -19.233290534640982 -4.09965918144652,-23.853501373429836 -10.763510788392717 -9.512876331961191,-24.224979018128142 6.343421887960864 10.938571835441937,45.59430699533336 5.070830992881666 8.319677127191778,3.6264569064696714 0.4936136141879233 0.45752847579904177,-5.607936199828784 -20.794905868499733 -54.305965029007716,23.311341428142033 48.12991830314674 10.568000170734457,3.7122799916934754 11.760436421635227 -0.9229217893006926,8.364555916113524 5.968824713066075 49.70483415016777,23.846437074756842 -49.536778814597696 -11.04281391187975
-27.426758960193393 -18.687784437781925 -4.236447391893193,-23.893235172760324 -8.911771005994556 -10.714922583540648,-23.72846423998023 5.724552560792915 11.007488699945498,47.85247712665316 6.2059321941165555 9.564772459044278,2.697631685255283 0.4651201302612845 0.6758276808393302,-6.807338546380915 -11.18646495045897 -55.57978849070453,23.264039991082978 47.91157813062623 10.486422943379319,2.8431565275031336 11.397514005331349 -2.0841689965980805,10.102050344761679 8.380772736978269 51.27632795957063,24.46676403692802 -51.86457544622746 -12.022950862160496
-26.64086842484004 -18.244579326784713 -4.8718050181099075,-23.850580568545872 -7.896864765884424 -10.794281497653774,-23.884274731733303 4.291084382865825 11.39986903898327,49.26219931138186 7.662803511286836 11.226669828254153,1.9363865804780525 0.6529281543894564 0.2548445109319571,-6.897586539297223 -4.292843876233519 -54.90302152653168,23.03208331844381 47.179019620850504 10.18203799433952,2.277573176735018 11.205901359756176 -4.048041082551337,11.093929824390173 5.326137877347503 50.03686635146023,25.522748256651532 -56.197948460865106 -13.913071341209907
-26.43153323207135 -17.993689504660413 -5.791850154328313,-23.755424466205337 -7.90241706807032 -9.983275395369022,-24.830788544164974 2.5032271667154133 12.194762993159925,50.15757753335456 9.10194868767885 13.108113841402286,1.5185841280847892 1.0167971400882307 -0.5245830598121564,-6.00068459332029 -1.3331288144178357 -52.79945411343995,22.686006258487726 46.156992698873616 9.751801382480764,2.11977531590808 11.207948879444938 -6.284853343885112,11.233804731541897 -1.759074090810047 46.6523167289228,26.747610153704173 -61.37947517319723 -16.204938008693624
-27.152548149517287 -17.79760363782582 -6.441905740113202,-23.901137959556642 -8.33784667137364 -9.249969724719959,-26.666732545741773 1.198816887815235 13.340796698788719,52.01306805399473 10.005467043540268 14.571138228389891,1.6960823866966679 1.335019550403772 -1.0767498192787748,-4.964747328262787 -0.996057991512145 -51.02188836609361,22.327188282659677 45.143615568208794 9.334762790008824,2.47830199498419 11.279795852120106 -7.810575000200109,11.356372984666141 -8.430013907392327 43.27570533664233,27.69560128130482 -65.32631894978218 -17.957618094049423
-29.10174149370647 -17.529118257788735 -6.294343947053773,-24.565661337219804 -8.622829094018739 -9.513343443786999,-29.449851813019816 1.1625516879349385 14.77273330317291,56.187940425102894 9.88969410673308 15.005015508704897,2.685651677650467 1.3944312727909822 -0.8559902385616852,-4.604461774852812 -1.9594431826954484 -51.222887366915174,22.05169822387861 44.41959320057854 9.061715141865102,3.4362663715683808 11.299831888331672 -7.706930730050882,12.265642281163137 -10.437579397391488 41.96884704920551,27.942517457037045 -66.06274731633303 -18.278516942645194
-31.68517718351119 -17.29228269012881 -5.348888820636811,-25.704671866096255 -8.577063501066336 -10.699001813321685,-32.611363408205065 2.233682873770268 16.249693229615445,61.892215647658794 8.85997853618915 14.360316423240738,4.133540327550858 1.1713304599082734 -0.035342677684040494,-4.988221154238861 -3.515628456079225 -53.111270822725544,21.86325505267876 43.97143484203386 8.92168803122469,4.679109316335709 11.22687603296639 -6.221573139815012,13.995315858837168 -7.517259507411676 42.91046611144888,27.455499856621106 -63.56961619391889 -17.162749611199736
-33.60367483869552 -17.374030568322052 -4.022316156416443,-27.018987839710924 -8.336604360817876 -11.946948943405639,-35.08700003517599 3.503763153263566 17.391891345078793,66.63619976225952 7.48748502238256 13.031509643539565,5.234804189566556 0.7918498875298402 0.6437736375479992,-5.59421856739303 -5.442955523712713 -54.85866550219389,21.692543635360753 43.552987547920296 8.791598724493946,5.577775949729684 11.083354265876745 -4.524219034025223,15.969908216700693 -2.555723226879473 44.790060538920535,26.511181808114475 -59.37513281652582 -15.307468841316581
-33.61535630131806 -18.049041812827987 -2.7264254199131175,-28.21309432908708 -8.045836177791152 -12.412634774152762,-35.86299714385115 4.08562303564359 17.83133616483843,68.020900880381 6.329424327127278 11.4045038326362,5.221902446940825 0.3822788085510117 0.46133587363409767,-5.9084392294544985 -7.526334020438708 -54.69069154137303,21.475977121019 42.936801162333914 8.556425876229484,5.535736109975056 10.893584520319905 -3.755986834347407,17.61915379917871 1.5751332031416787 46.29906796438446,25.391231991876545 -55.01442437340258 -13.412170149808855
-31.95778352203223 -19.258703141771942 -1.5567791919738334,-29.19681965425622 -7.843170702031168 -11.964536461419764,-35.162950520669064 3.897814020078895 17.501231918019325,66.29695041684766 5.427557990367014 9.465554545123114,4.288153932337439 -0.007136828831498479 -0.5892913090870662,-5.878885929481815 -9.42113097951918 -52.68748543256348,21.29919953574105 42.3796057381418 8.316084437681468,4.750912656330159 10.684879036069857 -4.0188019849897625,18.795121227987316 3.9517389647494876 46.95226393990547,24.31130278140494 -51.33980677710668 -11.851158037773013
-30.206666226238923 -20.642938879194574 -0.3229050317773202,-30.06572429846715 -7.861617350591937 -11.1160614806738,-34.3296435225929 3.587659080494987 16.607213175407292,64.11155367054766 4.357425752843298 6.839432666746683,3.495971262106944 -0.39493194722185065 -1.869487060541614,-5.871454539763257 -10.665542659249743 -50.60658643748423,21.382833648459055 42.576070427725625 8.364898397317562,4.139808089136068 10.48725839139914 -4.474643958546292,19.7318787314902 5.412775942493555 47.00912993580554,23.427335059606452 -48.5859958189277 -10.704603008233494
-29.92853002335273 -21.840577180456904 1.164066180597635,-30.91525852823454 -8.227766274675941 -10.390703557605837,-34.69636347476817 3.805749322274143 15.368050037997001,64.10421975717172 2.7004880802462132 3.1703094778468617,3.896656472462101 -0.8001623543742158 -2.7368579144718193,-6.253781353131596 -10.812751894612903 -50.203359950003104,21.940152953510854 44.199509039480276 8.98898868711691,4.607406440880148 10.330322144387946 -4.281270518450397,20.66926587666775 6.828335277574384 46.74791746074036,22.886644320096472 -46.95134963027462 -10.036629275935992
-31.286751041785617 -22.729175582395733 2.801870459652507,-31.674586342642666 -8.916039769254333 -9.990475021339291,-36.37848206215163 4.640671001584018 14.083670288747324,66.61542645852602 0.5935899096407897 -1.1049854281373244,5.504407771025479 -1.1940356609710003 -3.025122739142507,-7.067971217649477 -9.885508701377413 -51.70258133157312,22.885881075179334 47.0154454701294 10.102708821451333,6.144188690587618 10.230992049061427 -3.3211343597822167,21.65174591160201 8.284160111690536 46.249799819578776,22.678282236906156 -46.289401172719536 -9.778163070254552
-32.99383197626346 -23.433140672581892 4.187208688536821,-32.100929740961774 -9.743516736412392 -9.78497257171558,-38.232031554516595 5.599890603414625 13.137919729542135,69.60842551549524 -1.2521496010145685 -4.730004231742806,7.261045537363516 -1.498283866634557 -3.0603062811027266,-8.019525553561612 -8.392101205939301 -53.74637744755945,23.826037482589488 49.85073793320015 11.236000335057284,7.795028664762076 10.193080857624183 -2.226031450087713,22.521760621588015 9.054968324692446 45.39216908496582,22.627653791781004 -46.09713003632549 -9.72240230222458
-33.72762075018351 -24.082559113616043 4.912004532545704,-31.954804814647552 -10.521104752385272 -9.627898914112443,-39.079743490054426 6.172532011767062 12.903650943104415,70.97984481280457 -2.114777662030718 -6.444888047630477,8.084401271152931 -1.634418603599943 -3.1843788608485992,-8.800851188680543 -6.856349600462925 -54.92678499315577,24.36171694197555 51.51585473312276 11.91162481831499,8.5844402882976 10.219159296563426 -1.6496593098457235,23.116737009140234 8.40133400565218 44.05342140700169,22.557813943546403 -45.87020046851383 -9.66206976217638
-33.191047812812 -24.626254028133495 4.857476995973342,-31.353155602322392 -11.094274391769458 -9.35531356270629,-38.53186179416066 6.116640255391709 13.281813880551395,69.9934295470546 -1.7696089082450446 -6.08204990931871,7.701568366785093 -1.5894265722383163 -3.524388055449288,-9.18171342656304 -5.583937708822303 -54.5639447874663,24.38986102049973 51.67589837149257 11.987492621395361,8.275711307202013 10.291571525813808 -1.843364156206572,23.41082307295058 6.322804265888134 42.44232131590937,22.456921463905264 -45.584791621617086 -9.57654653365287
-32.29895111682925 -24.798749066643566 4.2468655382363165,-30.834314365212233 -11.349358458296729 -8.782417305413498,-37.12966974467251 5.508193353723861 13.615449909358208,67.52920427430989 -0.5798541758044347 -4.765245255279812,6.7963930045798815 -1.4277026077375234 -3.9532882554837845,-9.023334906971769 -4.622656848847162 -52.8388013690675,24.157177229877504 51.00636570360899 11.717744921256601,7.505547474852502 10.368748774248603 -2.58281093070924,23.539805701225045 3.69257973034361 41.15821254764188,22.508329701210755 -45.785173122703505 -9.665891138754484
-32.019927818857454 -24.329071787292474 3.3216038928912686,-30.94726182453169 -11.18092863508514 -7.730603535866335,-35.46321790985817 4.4457863582034385 13.23016229006921,64.55075562236534 1.0573458534838651 -3.67309233674711,6.099053761609218 -1.2174129006754055 -4.329368245744035,-8.196682392701572 -4.0138343528237055 -49.99205146639915,23.925592672007046 50.228257059186575 11.37490086323538,6.952203183159881 10.408946208034232 -3.614404782739993,23.63990283067474 1.4269920799441385 40.812383891591814,22.900164811628457 -47.028789287724706 -10.135638451296666
-32.63046442235012 -23.239687283065138 2.2567298063375247,-31.65720371050754 -10.734339276155247 -6.336798247041684,-33.90936705408575 3.209609577342657 12.081997489482564,61.60475100957693 2.74568989029096 -3.143504164431359,5.95933729019 -0.9969169388169764 -4.51124250213537,-6.7630832528490235 -4.158330331780957 -46.69278365736997,23.744671060754566 49.51468831940422 11.039384133118505,6.914761509215745 10.421813023312042 -4.608179668721675,23.467557927264984 0.13012116246383532 41.563547763230446,23.54332363049069 -49.03570005323875 -10.881333058434473
-33.47077696164848 -21.95001581176102 1.1374621473739568,-32.13962913483762 -10.494197437181697 -5.164772262950335,-32.55657995681503 2.325510969552958 10.979850220215765,58.673859681441805 4.090012155030286 -2.3771081339102507,6.212445292665721 -0.7642524268460551 -4.3579660875850275,-5.041380057796248 -5.943372101000001 -44.189604601325165,23.376696080377354 48.297610600383 10.531756348100625,7.179371791591221 10.486523010786204 -5.130856451520232,22.265464783763406 -0.01635986459347305 42.95818225974403,23.973673906263524 -50.39317212088861 -11.379172222176352
-33.82131036005188 -20.902464873576715 0.042361258906415705,-31.526202685939428 -10.959262725154792 -4.802098427110905,-31.470726875367127 2.328421363426423 10.783218944606466,55.704170790648945 4.7020506568094715 -0.5069212233533258,6.656357406490995 -0.5151009617293584 -3.731893732215981,-3.367979017230154 -10.268186119768467 -43.75618827787747,22.568313690442686 45.96838372498175 9.658139749720016,7.49612731171505 10.685506058371121 -4.749675115617709,19.257847046364816 1.1334182260110677 44.50376712642138,23.707889348827706 -49.63050812264044 -11.083927285939852
-33.36379712916204 -20.228053656151666 -0.9669875495844154,-29.682502349698275 -12.032578424254861 -5.446548500723503,-30.590407079292923 3.2519935550969374 11.755566174946123,52.849023081556844 4.602934616684429 2.546991529873294,7.047334763724271 -0.27550721799446726 -2.691483747969492,-2.036353419006405 -16.680520825545095 -45.70209379122786,21.351425363929373 42.639493494782585 8.465040573771786,7.636330839061001 11.00045424803005 -3.5030310159490643,14.748767530380304 3.3761091596507184 45.97537278143859,22.70824155099192 -46.623706670199994 -9.950805026489167
-32.40196554244933 -19.575149462661713 -1.8553102704268358,-27.611671878074553 -12.693827518306824 -6.691702567394613,-29.65694980709953 4.3528993903882185 13.236498700954664,50.58299216561183 4.4483496342308655 5.644640596648796,7.076974813059911 -0.11857864038830788 -1.5991549986051599,-1.27343052214228 -22.63333372195382 -48.84250218868915,20.20007861960412 39.541170978388834 7.371560247149152,7.404159849572633 11.256916062501965 -2.1596103316512343,10.716039763251207 5.967082633807085 47.5628351859469,21.627678824103207 -43.33614514386911 -8.710687142275779
-31.29224447057812 -18.55438295463236 -2.5897184895017915,-26.408158099065002 -11.853868910521546 -8.07990896609601,-28.39771897331687 4.826192315283398 14.489705159043757,49.4039289903406 4.943161077907547 7.549472935014768,6.434302800694251 -0.1205993251697349 -0.8413159755082917,-1.2969119544376573 -25.421184377392475 -51.869247458947505,19.623037113886703 37.99113944783111 6.8258946316676035,6.608873793165056 11.268627168932246 -1.5455501398405156,9.265365025253715 8.121158693493108 49.48796812557843,21.173712436469838 -41.89633673357373 -8.155839753474217
-30.318734370059563 -17.116422884996023 -3.1483163401354974,-26.57728509611502 -9.377081825860571 -9.22020847715017,-26.81019388342625 4.336159201017632 15.09836744811999,49.41784290777288 6.306181972094213 7.7780786349765245,5.077211696904089 -0.27946973998585106 -0.6103834656112421,-2.0096874770509516 -24.298687358465422 -53.941861303507295,19.83073491143089 38.528650289383926 7.0103840475912165,5.262402862189897 10.994884844550695 -2.0041638146502736,11.055650497862912 9.59375972131373 51.63981849899208,21.617760597784738 -43.13590112288995 -8.598359131496489
-29.636832386498824 -15.817011803900604 -3.528768418413686,-27.57607458572992 -6.824567640079314 -9.840316375747744,-25.372505127043226 3.3820546991207188 15.214183190498238,50.03348879143765 7.891329481237586 7.1872128628064,3.442025620914657 -0.4536122145863157 -0.7535797020362662,-2.7544613414257895 -22.00823683790584 -55.05211051222184,20.502749612649282 40.307719082383436 7.634297632565375,3.73731553867727 10.654002983749523 -3.0196140093615393,14.171335321257617 11.102271825281704 53.31529800300709,22.455244682139565 -45.57872748430791 -9.4959131732834
-29.38851449717809 -15.27194121565713 -3.730610249400567,-28.755432848754158 -5.925499599072212 -9.681879948745506,-24.61116778911657 2.5475081091640543 15.047205222461495,50.59112978500152 8.96558967605015 6.768422392622099,2.0135602819237155 -0.4877317427580487 -1.0830275672467882,-2.819168730233251 -21.63920253493849 -55.27780296010441,21.264609975814867 42.341309901785195 8.358701847224147,2.4427129081616843 10.490125766365434 -3.989001447750276,16.438563323852847 13.457409593595223 53.75318729130061,23.103526161588952 -47.51641133819889 -10.220146729381922
-29.693000079094844 -15.753775601113423 -3.7318985062795673,-29.753774234622025 -7.400084213370225 -8.737452411425437,-24.8810076303716 2.1656169903436577 14.770710395129269,50.93074340911198 9.124560220562678 7.017504933294479,1.1545634808528007 -0.32408608366618447 -1.4823790459656154,-1.9313742961128961 -24.426596324536497 -54.73396089936445,21.841298742543383 43.89975999291591 8.927795266078665,1.6927218181665329 10.61891353495322 -4.531239680414772,16.730415562423783 16.608266236500047 52.62177726288577,23.26533494442628 -48.06675779426408 -10.446063269904002
-30.622905411321405 -16.8321869886037 -3.466703457191422,-30.798299049681845 -9.90227139177055 -7.513415644427788,-26.18524892935371 2.0564165338400233 14.482662251990611,51.915669099362155 8.636800384280052 7.41501681559227,0.9778009206063512 -0.10471068826219798 -1.9817701194432427,-0.7189571052531305 -27.80790237003709 -53.611817670115215,22.161469838492778 44.78047949037531 9.256022194340662,1.6069719743302937 10.89290539358185 -4.719491344377123,16.06398922815336 18.73942598888157 50.46895013414256,23.22780515628744 -48.03956135941085 -10.46991246505869
-32.24419261993918 -17.991413090627162 -2.8639313221192966,-32.18734366594534 -11.835276975842008 -6.578263563840867,-28.48344254603208 1.9774210163154662 14.27159983161235,54.53207468596428 7.852856887465295 7.318146453116743,1.5648709123873885 0.004121961451438503 -2.629100615570081,0.08096069117747771 -28.760767028509367 -52.112097917129724,22.178832506676915 44.84575124058282 9.278822991477572,2.2807064683514784 11.132584359697526 -4.682623189712111,15.71720033202039 17.8243913328223 47.95010516587593,23.34884941052967 -48.449559631660684 -10.663171357764554
-34.35762630616539 -18.892129654393134 -1.9145494497120725,-33.95143176828089 -12.236467810251003 -6.275774196922813,-31.56113588691191 1.7702138713090751 14.169310896201278,59.07336496043442 7.007826479717226 6.3477118002396455,2.841090834084354 -0.10103776384790719 -3.4240821161873476,0.009635568257972751 -25.702746551261857 -50.480211262490265,21.879831909063256 44.051810068155234 8.973741617894198,3.6492444072975863 11.203624810399399 -4.573016265010496,16.491487422392005 13.227653753717801 45.66926901240178,23.76863110054664 -49.68735267010316 -11.162167209025634
-36.13709910524377 -19.612075360665266 -0.7562248297903919,-35.48803337415131 -11.64221223388734 -6.418543799576388,-34.7925682702536 1.4751005893476696 14.073434956763393,64.19539651981141 6.063906115966898 4.747696387995232,4.362362338603891 -0.37513929466827983 -4.252519180236479,-0.7336466420968645 -20.45504564630975 -49.06719335020256,21.328294132961272 42.57697379531593 8.417846217366563,5.269877755247892 11.078524127583409 -4.59863454538827,18.061995113020576 7.6017143501786375 44.10903413726291,24.11259960919348 -50.668208792822966 -11.547381948474703
-36.66665243114599 -20.289115376950477 0.4521338590295671,-36.10367609934759 -10.805123442790988 -6.742522696355792,-37.492779351414285 1.1611016184057807 13.86231933668889,68.31815210775315 4.944046584064611 2.852150596660879,5.631400293196618 -0.7516497765051285 -4.983774207122906,-1.8545796696994825 -15.329465598582448 -48.23901748879785,20.599330437081377 40.63192106626152 7.70267378168009,6.645455257861433 10.7453025176315 -4.975239568209624,19.94124232114619 4.07206121901716 43.733864245189736,23.93224665110171 -50.09543534127354 -11.319453159505187
-35.50692376166412 -20.979622907600355 1.5176020194832731,-35.447206318547714 -10.279166054067243 -7.041833336238964,-39.12300499173446 0.9030548663271284 13.47269698268174,70.32092067556876 3.690121686174528 1.0273332390008112,6.2709118560104296 -1.143233251891237 -5.495519145904498,-3.082644630693244 -11.908140137589692 -48.144507190018174,19.84062240331622 38.61692087280439 6.9821525942443685,7.390368907498173 10.254118185517008 -5.761647942794533,21.69117364776789 4.421413771040564 44.6105485777782,23.04685589503018 -47.45677741671022 -10.284031981480037
-33.523111580088425 -21.51690754930297 2.1541450930548143,-34.10448130138903 -10.074554516600323 -7.2698296241287235,-39.544656135724196 0.7917220638161819 13.001116696504178,70.34022557822979 2.6695268535875587 -0.27233444650999244,6.232052688124973 -1.405610538312739 -5.6881712330485685,-4.212434586085818 -9.775922880732443 -48.33809339976627,19.39849449159869 37.451197761143696 6.580991295912826,7.424332081059592 9.825216368137665 -6.587079291244842,23.009023983915803 6.757002255175964 45.71734326258804,22.008723653905147 -44.38717979399641 -9.081666904941699
-31.801494905745127 -21.69650428269577 2.060011323600638,-32.820164348568625 -10.109297022191331 -7.406884107283282,-38.68709033703112 0.9205451158445721 12.571215106942597,68.72584286813584 2.304779996598987 -0.5775816957848683,5.521713079139036 -1.3848769899969058 -5.466037781378894,-5.049606881645021 -8.179093386007418 -48.27350723201338,19.652862350158085 38.14172899748314 6.852769305264798,6.718878361126902 9.707641439105503 -7.007976462378852,23.61504056631595 8.563133072121184 45.848110728225436,21.49433128957987 -42.88535588355232 -8.494350023738471
-31.100021955023486 -21.44513489794732 1.1264986135114523,-32.13939596791538 -10.278399262042814 -7.486740862349499,-36.73511143165788 1.328557913337472 12.278059026353363,66.03851486196058 2.819148745732942 0.30897819482944944,4.2650196731630965 -1.008742591503245 -4.824949902464044,-5.4654508088309015 -6.591971779126259 -47.63715026104131,20.735545742544723 41.035189450746934 7.913757752940133,5.382940256840859 10.038946810851785 -6.759876369003644,23.4284706689096 8.116736062196326 44.28208260400036,21.895163094445117 -44.10364312055593 -8.972664877032697
-31.13257295672507 -21.106685663855636 -0.1412113118991148,-31.972848749644864 -10.403720654468605 -7.712861533698045,-34.6858237877817 1.8817808339402278 12.125865336233451,63.509841197771614 3.8022993856573786 1.720160462359971,2.9630820912639027 -0.46444589457546825 -4.051777707311708,-5.53996045575181 -5.214030545837207 -46.85529914167416,21.98943762821851 44.37854056376593 9.125604735704002,3.962368834682744 10.602152777279276 -6.147821974851175,23.001367158432394 6.215225747994834 41.841929149051836,22.69643348270678 -46.502965118183006 -9.913339990490893
-31.405965959754546 -21.107774506094007 -1.116191180715204,-32.1053661966383 -10.292615265770946 -8.322365276416122,-33.697425470969975 2.4119220227089824 12.100833427099635,62.504463117550664 4.718240216768054 2.8173173462329544,2.1915734095292474 0.009304679176068573 -3.491109879721346,-5.394521298537174 -4.38855572265895 -46.500962991666825,22.60097218208119 46.002331771715745 9.700302731430359,3.0896634008716877 11.10996822500341 -5.589801498449022,23.011280619523223 4.155885967244217 39.65641815180651,23.203624777040403 -48.01048246672674 -10.504102659593958
-31.549745532328675 -21.73331652227486 -1.3352934296411763,-32.40790100180082 -9.83783965013866 -9.449056936539849,-34.590732763665336 2.7864474560917576 12.205920890286432,64.02009727103959 5.068502185151749 2.9262988981447506,2.326381503619072 0.23540922481385945 -3.388626680147176,-5.159885155854787 -4.342708623210856 -46.9694806042982,22.051316360436672 44.52285080740288 9.137728063301576,3.1831886016839186 11.348089083625668 -5.3976624619328994,23.94150217435987 2.9702022834743813 38.6032716514852,22.932547478812733 -47.18403213554039 -10.180531285420702
-31.648042588222225 -22.743351085313748 -0.9420203020862947,-33.07035943246733 -9.248486269334059 -10.84405899887947,-36.93687970596997 3.005272250206085 12.506158692227425,67.69534973907743 4.4936023539624514 1.9822648752353704,3.0033779538712944 0.2649694567940921 -3.62364567118924,-5.001497337637643 -4.8735176631237405 -47.99808929673248,20.91334491644306 41.46680691063337 8.004095983669611,3.868141534389889 11.372559642092261 -5.490100918968405,25.55577431271957 2.7051276033744354 38.63032326271155,22.17808020486425 -44.91751400844548 -9.29625954323053
-31.89021726753183 -23.776417512164038 -0.2203034459758857,-34.356480237299536 -8.806874119829622 -12.169909305982435,-40.017719551630314 3.098971308095807 13.08094675984233,72.8542149670043 2.6662307755153365 0.06142016176036447,3.6871327980605813 0.2019119931118212 -3.9906775055500767,-5.092834123688176 -5.6784426006915165 -49.171686770460255,20.012644916232674 39.03462380129954 7.11246158424768,4.586114116867775 11.302005366653143 -5.694804855647925,27.451275907525932 3.179711794353309 39.47015279752109,21.415442965577913 -42.64558792725755 -8.417435732108846
-32.395694662035794 -24.530876936623567 0.5672001457109621,-36.346842979991635 -8.71810500203944 -13.133633985929215,-43.13846515777676 3.1004965422091635 13.927813132688069,78.68856082947019 -0.45482005418692995 -2.6178410141986026,3.9740893379706326 0.1329023911086487 -4.311361650622203,-5.552617312934129 -6.443118794305241 -50.13097988037888,19.96339050657919 38.86599937994164 7.06693085554286,4.913011018247063 11.233950025031884 -5.868774100099499,29.271691458087066 4.217610254429503 40.8288471748576,21.00713184009632 -41.46592117427885 -7.97810774491602
-32.981783054782454 -24.96351851723675 1.2497391984258364,-38.33078635456581 -8.853705300142312 -13.634446906342726,-45.70524199970808 3.053068457250321 14.690602340700638,83.81947332786982 -3.674805718965403 -5.2228717454654285,4.030378473194975 0.07003906782516418 -4.524533044679176,-6.263031382555467 -6.8021006343763775 -50.75776894926184,20.466459882416014 40.17831685384433 7.568957439042451,5.00496299965981 11.174758831825036 -5.995634548306145,30.861608040732406 5.662374102632965 42.29804500044579,20.828679715389878 -41.02038570323189 -7.841654630774011
-33.3842270287148 -25.100900274458947 1.6813745971541287,-39.384034548534785 -8.995144690361183 -13.623447638318888,-47.15141934150706 3.002679811419657 14.917673542339301,86.71394216643544 -5.465306850275126 -6.7551928379508634,4.1759319745095755 0.005289247023449926 -4.600666362561459,-7.042401869688819 -6.3761519752290665 -50.998943281173936,20.976165026632504 41.53499730871363 8.076302260808943,5.174746813437204 11.106186557342523 -6.093197849329195,32.11985121528211 7.362925786483357 43.43848680473874,20.624152050530284 -40.55782649891844 -7.717389656679492
-33.406860699173166 -24.96633284863661 1.746601860424028,-38.84899379581478 -8.949826539066907 -13.108643993966902,-47.05473658561768 2.975013125477354 14.310105384817284,86.25958770859485 -4.678136016909548 -6.484840540744656,4.624398656450347 -0.06389527170040339 -4.526070613089214,-7.680801069610748 -5.060418991088127 -50.82970813308207,21.05228817740068 41.773295893553986 8.151578734528652,5.631020821428523 11.01747068509832 -6.181883471107473,32.9813062609091 9.15803554171373 43.959452007535496,20.201537956171745 -39.50676759186264 -7.381102053668181
-33.19684873740361 -24.56674729570671 1.4833734418934859,-37.412763474849 -8.655925337283906 -12.38498501210594,-45.72088064971643 2.8933415010537544 13.339033173775835,83.46496545298734 -2.082354803625547 -5.035784919105758,5.05351047153063 -0.11240652550594216 -4.366892909389439,-7.825846531077273 -4.1335519249654125 -50.36803961601947,20.786437906256882 41.1112578209666 7.8861114447318945,6.057440570966256 10.935580313674329 -6.295257450745804,33.562676136298876 10.83528323796983 44.31919199021896,19.69115563753725 -38.201749815632304 -6.943781313536739
-33.009323876534665 -23.903923740666013 0.977899800758784,-36.18531214989547 -8.092739515156401 -11.837654892944506,-43.68445801899238 2.6487330807047353 12.717753955254786,80.00560694214968 0.9500528699480213 -3.457771162395445,4.972468188751555 -0.10643944524150428 -4.214387262993902,-7.0803576844619425 -5.309275179000155 -49.776811366572254,20.437467608956222 40.20114898233785 7.537490166826135,5.972562595062213 10.899350101767924 -6.471020061492115,34.0378404834681 12.166150775991285 45.211489314562264,19.324686977012473 -37.262231488053246 -6.621828234690921
-33.07404301573264 -23.022372836777905 0.3408905347946412,-36.111060590817395 -7.300793409223815 -11.754191906204571,-41.49939518508029 2.16399545227062 13.04420003407424,77.41936636808524 3.2112779833773817 -2.625132160336345,4.0538087890081 -0.02530138053819446 -4.150003597961525,-5.214211643161258 -9.728216150314989 -49.21180562123464,20.216577413340445 39.580095405331406 7.318300449286877,5.058569214887657 10.932853470765622 -6.740415335952457,34.54949666011035 12.939031172478444 47.137870977216686,19.29714305501925 -37.20956450807029 -6.5979193333958985
-33.47087302597088 -22.21862576818898 -0.17256143217135847,-37.15717741607749 -6.681611439683265 -11.846059160592048,-39.833068427659775 1.5491934715709008 14.235402305590203,76.43069030590998 4.463054371351762 -2.3767650562160783,2.9337308348868696 0.07434922107100046 -4.1973167799243,-2.98262868803964 -15.15014365529409 -48.786885424708366,20.053565455479145 39.10523456314345 7.175351058069598,3.9630047635463344 10.973081779584728 -7.096601799179504,35.056316943184534 13.042087835475225 49.46550213047187,19.587045438898464 -37.98589077792908 -6.855610425591194
-34.224921363261295 -21.881284532533783 -0.25461552818472405,-38.933811122615325 -6.768602406369899 -11.614261876643774,-39.394300706324735 0.9828028057742347 15.959637540029586,77.4668626324408 4.821319548196 -2.1732906237160527,2.6004879594184014 0.10759518851556389 -4.358758144297254,-1.500805117294722 -18.099695393323632 -48.60059945791876,19.77542511101713 38.38528329771091 6.958354365883319,3.6860898637977337 10.925212644414346 -7.518824174639018,35.449743615227966 12.399933350641401 51.14713082562172,20.093825450799063 -39.32174906028376 -7.30571244092865
-35.31647849409149 -22.301642499547533 0.3268531745243472,-41.02307930575468 -7.96052976366429 -10.662485260973293,-40.70309639274185 0.6237266208972121 17.87478383839407,80.72451181393754 4.4285898161932815 -1.5605493828579076,3.837050773304983 0.004085080523697033 -4.623331599399196,-1.6777140512456572 -15.790043480235326 -48.718344947875806,19.253204474441766 37.12937033279961 6.552684516801959,5.016392301475792 10.715027642950975 -7.96906534545151,35.6045707627581 11.031842531309948 51.33754011904154,20.714590012221432 -40.94256420578373 -7.856774281153814
-36.416145373631 -23.096425776475527 1.2792832454491427,-42.81670160882798 -9.72271657993461 -9.3073751312357,-42.97192515023701 0.49467689988585123 19.56927554561178,84.80657298083267 3.607755840253034 -0.6781874232227207,6.001704992018016 -0.20541140483247988 -4.887304706683831,-2.991054477682221 -10.213413357018815 -48.976182118338656,18.663974303962082 35.74427178985776 6.091579164741806,7.273693087995673 10.41126594167219 -8.289953952113155,35.28103102778299 9.612024295077674 50.59435054385411,21.331163366159483 -42.54052182930116 -8.402429111159764
-37.063509135510024 -23.596985500749312 2.0881452429135936,-43.625850022140995 -11.125594951523523 -8.167194540561415,-44.86010546111692 0.560750089150652 20.602168898755238,87.64177097661786 2.758015469389088 0.08294034491533092,7.850024886850729 -0.4473453780014305 -5.007713013751134,-4.313026370317968 -5.383803939663252 -49.113150415422496,18.31426792331324 34.931902787028065 5.813134360360938,9.156404537060425 10.143144764399217 -8.273625948504488,34.19089195388881 9.091756742448952 50.06865154998468,21.81890443456354 -43.79374572202639 -8.830000009076219
-36.86485796689559 -23.238004874170848 2.315690785836005,-42.86655050384428 -11.361768775431692 -7.768387645614672,-45.17445477266033 0.7753913441246976 20.614346534623266,87.41230797535455 2.245058848858332 0.3746258389229949,8.28811521558354 -0.6551054406389475 -4.868312316970678,-4.668564186913226 -4.7451011186958265 -48.90671007689529,18.460645535122374 35.278470882066344 5.916835148754211,9.524588646268114 10.019028533705121 -7.773298566969136,32.172997772019 10.232851833670189 50.72396049001589,22.063210657568735 -44.407523035780834 -9.036253538897524
-35.9750519780236 -22.3064104367353 2.157721873684033,-40.81352263055436 -10.633146290027817 -7.8787091798613185,-43.94256159142611 0.9985715794795055 19.915824871663162,84.39021635337828 2.1586912276027452 0.2042906433997641,7.469056943003492 -0.8199874506311433 -4.572227904443698,-4.347660012137261 -7.026060203071434 -48.450936075303304,18.947757725740512 36.41658459727902 6.283769575628459,8.57663872853934 9.975211431996069 -7.142513770903886,30.105442761368614 12.241663646889446 51.974569471886475,22.03165278223417 -44.309394566750385 -8.995265411145967
-34.81682256959157 -21.505284775054143 2.1194073380094594,-38.160791739931504 -9.634485704707474 -7.895440824273603,-41.78812498897997 1.0446176212179012 19.143362770003982,79.86800636711197 2.454001438927734 -0.2469873434850943,6.154837745486125 -0.9615637612536834 -4.329704634863594,-4.258041918918589 -8.653007120171294 -47.99450844775721,19.41911689739856 37.513203752465834 6.639550330554917,7.164464110692973 9.86396460778753 -6.979125391887298,29.373793858464502 13.565005910823023 52.478273692106285,21.731927323711655 -43.535429032478405 -8.71886190281299
-33.790375798390144 -21.464445112595655 2.643282674487129,-35.59044248422816 -9.007625853574405 -7.292760383069633,-39.3440428461879 0.7558036376351831 18.865085113272556,75.12629081513509 3.062935158551801 -0.8029437559210241,5.061618072922936 -1.096746327345896 -4.3306500993517085,-5.188672078599798 -6.477392679306019 -47.75752180349531,19.552281027198397 37.81508135498544 6.735983806281376,6.084483983642626 9.559108580637398 -7.793962006260403,31.15709931155008 12.85275046128079 51.079707959712046,21.181142176051416 -42.14265984510088 -8.226258017230833
-33.05980739771959 -22.07563344676082 3.5439625358969566,-33.641184343312695 -8.848668387826432 -6.315142282114447,-37.29329855651216 0.24851707267488884 18.96184289536281,71.26324266708605 3.7017756703131792 -1.3454154725573302,4.42099927361008 -1.2147815882581574 -4.560645870137934,-6.735800073484322 -1.62599779380043 -47.672611067973236,19.36829254518862 37.37362225781471 6.589191264699638,5.551889281304594 9.149031487240325 -9.237579543973865,34.59765231645571 10.774508696487898 48.48571214119935,20.48506904534202 -40.38436969089708 -7.605866941251222
-32.65652432121289 -22.81580982216789 4.283183949256098,-32.7711531212523 -8.947022732127826 -5.639950611719709,-36.34702246373553 -0.2068090314640071 18.928254384815002,69.27450774382386 3.9656087636936794 -1.7888909863842444,4.192271197909771 -1.2893685755239015 -4.890446815984973,-7.825397390475743 2.371755663531136 -47.510865182206906,19.081224547008464 36.6924278544025 6.363833078216307,5.455233512390739 8.842703719455024 -10.477079734656979,37.69313477717707 9.134940977462794 46.44964415831723,19.79930673902917 -38.62412900770123 -6.9849897103834975
-32.60191895253703 -23.197468296201432 4.374390407415909,-33.35911395637711 -9.099752514893426 -5.873391767496256,-37.11116346498327 -0.36266508887082133 18.310343866618332,70.00027097356309 3.5006834136440306 -2.0594726201394598,4.3276079407122605 -1.2995941783079172 -5.197781326092726,-7.488467451350308 2.2996632172048677 -47.07160727953452,18.89452662259841 36.2500697583872 6.216489602482926,5.680165790481024 8.827734074187957 -10.750393855057606,38.6040026034887 9.551666686106676 46.554971682468704,19.280691977488114 -37.234970837597494 -6.494685659189098
-32.81811959297633 -23.1998128618848 3.977736513465348,-34.8715653447776 -9.232553631310294 -6.7384957661878815,-38.965297029022345 -0.25794320328133363 17.30166648295589,72.48674011257464 2.563690214750563 -2.214051949716514,4.731670013384066 -1.2891892505439289 -5.4562908756145605,-6.063669979481193 -1.1066906181166878 -46.50326921206988,18.86319322991413 36.1756840347909 6.190606420265722,6.120802492815625 9.027812762560968 -10.181352319184723,37.53094598113174 11.321203674015639 48.274884211832834,19.094010087554587 -36.68567192596879 -6.304676550143203
-33.16321320034259 -23.103150696524494 3.6706098448402327,-36.18644665851869 -9.354110535773387 -7.3885014123661055,-40.49778996116279 -0.11631076207420633 16.513539219361757,74.62271829006903 1.8051530645903289 -2.393900714335305,5.278464002437692 -1.3435904298875574 -5.701496349996406,-4.733313925078326 -4.56218004380554 -46.17951426339499,18.946441322404986 36.3729644592059 6.256638938275885,6.676722747383243 9.196359940350991 -9.465333371538382,35.9909352738903 12.242584934524409 49.721101455411926,19.40917452926464 -37.506779149358515 -6.60962764760084
-33.50031576833135 -23.168554819121294 3.9941495895065944,-36.25253226626825 -9.47100359854617 -7.027370671642835,-40.37785136316457 -0.15237870172268367 16.514826489898976,74.41494264899258 1.8384181492869263 -2.7304209479519925,5.848064002729338 -1.5438949665335988 -5.970381971410919,-4.617461705731707 -4.943775713230488 -46.442956625048645,19.106645671913775 36.75464997544617 6.38826230995024,7.253503542236525 9.100437416682684 -9.260328689267554,35.41795018239647 10.239937366406519 49.10146098738762,20.3735113698871 -40.164967120833516 -7.581461224273743
-33.778428588823346 -23.31543105141771 4.880866047451916,-35.15470483068663 -9.540685520361116 -5.707433792457744,-38.59936211892046 -0.40978676912434847 17.178235805723162,71.80334831535139 2.6606047807028292 -3.19615904773508,6.413219988703503 -1.9002748527574405 -6.306018117048743,-5.761166095137219 -2.0106730120658245 -47.145910346328925,19.373156433887548 37.413840306512526 6.621649088719144,7.839936418075318 8.739268219594491 -9.56343368911991,35.76774683556397 5.351303841041929 46.29756897835015,21.814933881554534 -44.212581477436316 -9.065842085345793
-34.01004115693285 -23.210617698757908 5.813358354002433,-33.817681954620994 -9.484292804260509 -4.108152547448132,-36.13542811472615 -0.8057892428810067 17.8618609796255,68.15693067380583 3.8133045161517267 -3.6462320118025175,7.0151898774034835 -2.370472651300823 -6.755974176793699,-7.414810322939205 2.347332053931882 -47.77824938802327,19.824833363853415 38.57696162412679 7.039171209236517,8.486326848042983 8.2836937909954 -9.883195491647346,35.903347675296615 -0.8226220054678419 42.42831624550698,23.325238738081726 -48.52607681223875 -10.667258713131318
-34.205631211607134 -22.5439488662566 6.2910493802563785,-33.14291238781466 -9.229942453166595 -2.90044267242196,-33.958515588615946 -1.2518685366458249 17.941141884903022,64.84713082383888 4.83434177779949 -3.945132900643101,7.688523612079176 -2.908611289752743 -7.359699942500735,-8.835566271110155 6.231348533204498 -47.84972651088018,20.530362905221963 40.442221462105984 7.712720206697077,9.234628299214613 7.903152609741595 -9.742413099543766,34.73063078156612 -6.655396069859979 38.62879172206511,24.50073281807609 -51.9897999659273 -11.991328137903299
-34.315065482377285 -21.506004863670373 6.287342260724636,-33.28796121591263 -8.841374248220632 -2.3526377014833177,-32.632484662213535 -1.6108648577956108 17.300810495178315,62.707595648715255 5.381233941219114 -4.1673899528734815,8.323798961225284 -3.42741772244601 -8.014213534959776,-9.72077009220555 8.449936148847591 -47.361468540422244,21.362163480152866 42.66504595123662 8.513945660780312,9.957192041897766 7.673117573823596 -9.109014832906517,32.34120543459185 -10.7090382073845 35.81229120772907,25.111679880895117 -53.89915303990398 -12.761118949360617
-34.236943348376215 -20.7109182791497 6.176552645322486,-33.78118531914935 -8.497043441563495 -2.3925501479239792,-32.37557915497773 -1.704474782255844 16.256379541793724,62.11708298116892 5.2127397346955515 -4.565188027199027,8.689815950285118 -3.804604442043164 -8.496058354961319,-10.140067459941212 8.410046268912518 -46.73022722903017,22.026641733170734 44.44175379864002 9.14512405217409,10.382912648784435 7.589581526271299 -8.327438179188444,29.829622418237246 -11.704979045222416 34.70450850710811,25.07548375905322 -53.897226027377364 -12.799045224266616
-33.87761368899138 -20.757921295108254 6.330620346468791,-34.14661265259002 -8.371267428939733 -2.9333549791991724,-33.37462355236747 -1.3642910703968802 15.129838163152183,63.40551855061057 4.11101442887075 -5.381574454883078,8.566071111314992 -3.9230806803716014 -8.589633424208076,-10.176308671897479 5.593392122435831 -46.372457251645,22.237770558962566 44.98924431668485 9.316391102570268,10.252686542358287 7.644733788767668 -7.741857482561289,28.280936015811324 -8.468898835654553 35.96932835603175,24.327497536559004 -51.682139380268936 -11.949304840587514
-33.34637559896069 -21.63416043650737 6.796292789460429,-34.24401253743021 -8.470370358305933 -3.8034699475622484,-35.37146245898831 -0.6644689956597963 14.08944127194647,66.15507247308975 2.296154621219149 -6.540278749779601,8.047017153211382 -3.8022856673249246 -8.331835629207177,-9.944344459164276 0.6934329872060626 -46.414428423329134,21.986837443499116 44.28387933101735 9.023841701156794,9.665456397120712 7.802593251005759 -7.433701928837383,27.889682196681537 -1.9769853155661095 39.05916176137779,23.091624909425747 -47.907288309306864 -10.460379376558917
-32.948802694787204 -22.73483006167354 7.305821649226196,-34.25785203396471 -8.638208974899241 -4.749343530924292,-37.6775974361594 0.08625232651705415 13.154766374550379,69.22475536883503 0.4117929194468909 -7.656216011355968,7.531703027252187 -3.5936977145526026 -8.003754244119115,-9.589973387858599 -4.424484084398867 -46.70177082443082,21.533322683922563 43.03650198495403 8.54012377623868,9.066433832216498 7.999934987947104 -7.230298089480876,27.98917066400966 4.714803488857844 42.25479531774967,21.8708288162422 -44.14992068590886 -8.971735903044534
-32.98349012514285 -23.4455155787041 7.586937971045348,-34.377385835540096 -8.716810732102713 -5.51571314162314,-39.59327432319735 0.5771024735141779 12.3438856607173,71.46471334284149 -0.8946797983847264 -8.340649353486599,7.417001521972487 -3.450978871199025 -7.887417832638396,-9.260720817538296 -7.884021342715273 -47.067911569465565,21.143912945271516 41.977736084071786 8.145088340162639,8.899178772792284 8.17260643500387 -6.9556621039434265,27.8902347249673 8.542367234541585 43.83763254539948,21.166308388840427 -41.983560297788664 -8.121907896763972
-33.33251024356969 -23.55717557754535 7.598963506372503,-34.55610580011992 -8.681887249436857 -5.892889067022904,-40.59492555412786 0.7072648923723244 11.801890986254811,72.30009192113448 -1.352419956418038 -8.454091251285348,7.693567018915463 -3.4384909695516397 -8.01368359242793,-9.11690235408914 -8.834287517995287 -47.326210048409024,20.980815362485682 41.55332553132768 8.004524045031872,9.168276552890712 8.261639684992684 -6.630422757520086,27.257666907498436 8.576861699506475 43.43638971456505,21.113482276699983 -41.82948495020055 -8.07961642395625
-33.417432803756355 -23.308944369460363 7.557263910003401,-34.48684722638178 -8.656949754955743 -5.721566417786054,-40.3537733460843 0.6080455068808297 11.814305624252784,71.79174908388227 -1.1068901537753422 -8.132621280165399,7.902943707540527 -3.521866594637217 -8.135716675436289,-9.332974346126104 -7.558112653064807 -47.267839015998916,21.090725756827396 41.89405443075232 8.158113567354272,9.392987470718369 8.213798925688721 -6.492581415430857,26.14759280297962 6.250156184814493 42.16935589063071,21.4433666210381 -42.83506312867562 -8.494163592284107
-32.65440345157977 -22.96088404853465 7.685390800119338,-33.86172878934374 -8.771373380871896 -4.854104213708207,-38.572723641095074 0.4210960780165623 12.663479830409253,70.04929552697612 -0.32892709144338916 -7.525422626336146,7.5732908643413195 -3.66087989635305 -7.9981585505802375,-10.072594839883093 -4.4149213136909236 -46.69170980869357,21.510608204807838 43.10366868264556 8.635053062413057,9.077665885479197 7.97920246088255 -6.78474340993149,24.643475512141826 3.107007604531729 41.21651505407834,21.870006334868354 -44.0946178205853 -8.993404507575088
-31.1336108062133 -22.690101052667504 8.02144498744948,-32.84058008687031 -9.089177761439382 -3.474500031826662,-35.74577227489473 0.22704165727578585 14.249449236327772,67.76291625189329 0.670375033717439 -6.73930937937077,6.59370584580401 -3.7878708179173324 -7.55975852669506,-11.077202784468488 -0.42050519852737667 -45.72215650112056,22.13995882885157 44.89266434804201 9.319508888239762,8.100534280511804 7.619930110026862 -7.506177962474382,23.088258328150925 0.35236167132838175 41.19426066969041,22.252334949859286 -45.174105139539925 -9.404145019970459
-29.797554560930696 -22.568806394350894 8.369029211896285,-32.17463989222348 -9.591742080866641 -2.18610040189227,-33.367229163664746 0.029340494679404763 15.988821857249892,66.35691845942607 1.4025698059309912 -5.8275209285736285,5.309683500606846 -3.8004894102296674 -7.050000109460841,-11.55435126943358 2.579383593326108 -44.89500236740066,22.704448840741414 46.474282555913476 9.91226072402015,6.812562360143918 7.339634327335667 -8.34846165445378,22.152990985874133 -1.2385189661540186 42.006339595402714,22.63249415959649 -46.23584990608877 -9.804759394826657
-29.628178019499664 -22.66021483118755 8.520485628854209,-32.63620990233651 -10.254077969712705 -1.6086048159069686,-32.96889406173434 -0.173407129083755 17.27591916370875,67.27050026340045 1.378455645963173 -4.841503024002441,4.09503407023266 -3.5971932364915165 -6.712955044797252,-10.693206107940972 2.7143645468303963 -44.76397555284757,22.92228740488079 47.04067457989858 10.106565775580124,5.594018854707214 7.34683953490529 -8.986995975608552,22.515204489892568 -0.9318729677853365 43.50801500024086,23.062745164955054 -47.47506243035231 -10.28739977423192
-30.841855700860773 -22.913609900510096 8.458265348381634,-34.149433085146335 -10.997623059422748 -1.8315698248942456,-34.74165285947026 -0.3779569503585519 17.943598339503,70.32442118421778 0.6426582191620575 -3.91528449629425,3.2751589814121154 -3.2288609596418727 -6.652994810724797,-8.480104266403398 -0.4478874693598552 -45.45599278275476,22.69708141209692 46.327246448723045 9.808869098735553,4.773485580388379 7.638487163719786 -9.276287659127007,24.12034356180733 1.305678946095008 45.415531346532276,23.51325200172334 -48.81695347387145 -10.825582752432542
-32.54662197792201 -23.11333301059043 8.44004672432,-35.410543972162735 -11.666254068329721 -2.1770458899383542,-36.935104527949676 -0.5743414523203326 18.459599737800538,72.99637176855421 0.01264317330786946 -3.3024525298267324,3.105376562041386 -2.9670364882379965 -6.772242023512011,-6.055474688227996 -5.257775562658255 -46.48006127386599,22.200844390545026 44.855892703339805 9.234255100165647,4.604715437792973 7.905202703054138 -9.330140232442798,25.853986541690144 4.493548962230102 47.24387095434254,23.835323828447525 -49.79584620580833 -11.221072178492706
-33.77120029477187 -23.03338106888134 8.74216814674464,-35.03526564885404 -12.098754674794993 -1.9144879453170627,-37.66481460125776 -0.7520067964644239 19.335568605093258,72.6110029583543 0.35578183048541584 -3.263325700234114,3.8306094594717446 -3.097311905548646 -6.957424255845506,-4.640306180523245 -9.910061795442545 -47.30073125676691,21.62586045346817 43.207666230304184 8.620844633174398,5.33070956375486 7.817005867633208 -9.282014312882893,26.53031783830408 7.576357684991369 48.4962915887365,23.873003271776454 -49.92172511148512 -11.264818678071961
-34.08514813090654 -22.63436433524206 9.431371409144836,-32.773734460876895 -12.205015956386417 -0.8571144776572287,-36.34885658821438 -0.8960236812867373 20.66228835454625,68.70060729609355 1.7695769030977841 -3.867157453060405,5.338451975408734 -3.670825643643951 -7.126836564152261,-4.745078585417137 -13.130635196212388 -47.666577240656956,21.110852734212067 41.78930000162512 8.125333863605956,6.838257326955021 7.288978729952704 -9.219048290835747,25.804385431562224 9.83096286576201 48.96908457457097,23.61845198074501 -49.159641002477755 -10.939065465617148
-33.955967728925536 -22.18672653330823 10.226405845313991,-30.2595489243361 -12.01298834447571 0.2790473970898967,-34.56785320542341 -0.984198240131477 21.831787042811097,64.46281656738836 3.0733210777675404 -4.8659764999312225,6.923227471353144 -4.349453598397324 -7.251185382200978,-5.700616319392447 -14.527212945078825 -47.797738201611665,20.70561726786895 40.71810427527398 7.769229847697556,8.422731005381081 6.643079495272879 -9.15147193339398,24.72732000099814 11.085834371169943 48.945063780038026,23.30975307337866 -48.230189640887104 -10.543658138332978
-33.93354528302588 -21.98845503167736 10.813930622898493,-29.294897150997684 -11.56266880614281 0.697106456497239,-34.096683392955214 -0.9938838874393511 22.174189111730392,63.42121919576644 2.974307161416299 -5.981328946273626,7.826852855475453 -4.759917093356354 -7.306305521468289,-6.728745641270344 -13.79587635523933 -47.957502203003784,20.45139110924753 40.0836305659964 7.561210377351108,9.327259462019642 6.23823248796567 -9.082141889292364,24.475215129410152 11.223970872335796 48.75213664366721,23.206848440574053 -47.92116944106227 -10.406722360672447
-34.30894037730761 -22.147909576234348 10.962407179550693,-30.660284957929512 -10.998098485957872 0.0838443882053647,-35.61504993305941 -0.9288244383358807 21.47165606619061,66.86911423891243 1.1474618712270908 -6.869577638488043,7.692335731405806 -4.704691186674174 -7.28926708196941,-7.304034696386105 -11.226214896898812 -48.2600884865756,20.369565644251452 39.92190652936182 7.500501931742608,9.194726983458324 6.274755125217687 -9.000060495000035,25.466732912969306 10.41486712183989 48.62985117806556,23.418803737354523 -48.562058773191644 -10.667204114604012
-34.87929465650125 -22.411584165665012 10.596399946436446,-33.186545315584276 -10.66186567837684 -0.9509657515995906,-37.71273467244241 -0.8431244197779302 20.368970200391953,71.84374714641399 -0.885755577118471 -7.062696431565752,6.928083712176232 -4.3216411902352565 -7.237663392582936,-7.383358112134961 -8.240407636819626 -48.53524876897081,20.44366083633924 40.166820422593005 7.568295082132037,8.43086977094216 6.6502958029067285 -8.867791950030025,26.675131519138187 9.374737369685882 48.64913940400223,23.766768011195026 -49.607725426663144 -11.10303843771015
-35.386662397265965 -22.486082769331677 9.658956947649768,-35.48765714012182 -10.917451217253916 -1.695425953734823,-38.748718521107456 -0.7963978011880648 19.60619784188564,74.9118247135069 -1.4011767405197737 -6.081048888178733,6.0279705008477915 -3.7862633792244083 -7.193528629791786,-6.978324573805064 -6.383983557187894 -48.581423728852776,20.652693166770433 40.74020032347828 7.7435552196398705,7.526623082796275 7.228381758237968 -8.645213694137356,26.91460509990142 8.87901572122925 48.86142865914571,24.03995703024277 -50.416044565766185 -11.452096277239907
-35.66387058884709 -22.237814534014603 8.277768331755698,-36.6543294132753 -11.843033564849003 -1.7697850189328679,-37.92145522358775 -0.8176624400993631 19.580944275375817,74.24618327447921 0.3425288792739478 -3.91769411340198,5.365070207554657 -3.2570242997735432 -7.175792608382223,-6.199100867185213 -6.404066382854666 -48.33203159658155,20.927054755172364 41.449776033913764 7.966101194396133,6.856001862990467 7.855798714445791 -8.3491268911616,25.69115522718676 9.253494798022373 49.21024710581696,24.115975922300855 -50.615738544456555 -11.558345840889801
-35.74338464735764 -21.88465165432033 6.986611740054065,-36.825754054215466 -12.889319391251206 -1.524789545462214,-36.27566962625743 -0.8686454910147315 19.93763266828115,71.55205524815175 2.9251146326537505 -1.605300934042812,5.046779736020804 -2.854936639677151 -7.152571211381923,-5.372614780114408 -7.291829564233474 -48.01734970604554,21.090197091250488 41.85233850359612 8.089656006379672,6.53587563192238 8.34251241420789 -8.12152630557298,24.032290774817316 9.835060798934629 49.40181787255575,24.066826481425785 -50.431209908743135 -11.499097378994815
-35.68419250669005 -21.69100360561027 6.3726274906485445,-36.28072959079413 -13.4241509659128 -1.4080095043702139,-35.10066383202257 -0.9021483221090594 20.22070938786011,69.00307912749925 4.640251282502645 -0.31375696217286136,5.144925158584816 -2.6958644118942696 -7.085296218235449,-4.85435184131653 -7.805905574144046 -47.90684105193072,20.951635310300876 41.472030381355715 7.95673165052096,6.648661022164219 8.493865058618512 -8.120842899086485,23.16680641366611 9.829948857452703 49.11114658327965,23.990214530603698 -50.16564952471281 -11.382547904816358
-35.52524284956875 -21.820996877591625 6.736829679628621,-35.32349951502692 -13.086023719776222 -1.6995493320995878,-35.205825523749816 -0.8835644561322358 20.08596417981067,68.04953381367685 4.453616936397976 -0.7340778560136215,5.643135604292337 -2.827211476430658 -6.968358863829176,-4.877934129482557 -7.191197590538729 -48.13449289732953,20.44486495965188 40.146358137749814 7.513367863028868,7.181232804183475 8.230924862005962 -8.410987656272672,23.815301473404777 8.847825740250807 48.1662351035252,23.91330756965072 -49.91643183036526 -11.246096124884104
-35.254532029992866 -22.18377579483221 7.652720321982671,-34.32300435613912 -12.201602952963295 -2.2537111784823844,-36.1802993180971 -0.8103045602815045 19.47229140147776,68.30246502492943 3.0395533064348075 -2.339686809614599,6.300788327229413 -3.122313102175422 -6.879953964041167,-5.367130500066835 -5.929013515757431 -48.4898283358622,19.81861745330087 38.50959536408912 6.9688367465095755,7.877538489132646 7.769008053203344 -8.815542574047981,25.40622440120047 7.524134128479357 46.78409757934376,23.683920496843864 -49.25761698349024 -10.947127103125327
-34.852092812538025 -22.64856670597588 8.580007327319732,-33.65819414354041 -11.205222568070237 -2.858148401872649,-37.42225058835053 -0.6848067186803481 18.362982925949588,69.08501974040497 1.3397759865585073 -4.41345023767988,6.842224624413694 -3.4272890334398713 -6.911377006182723,-6.197204445342119 -4.69409698547854 -48.708495317203145,19.370919831210898 37.3206162219844 6.573576962833004,8.44357228439558 7.369435802690031 -9.120514539232198,27.16582842404943 6.65464555594312 45.24261964170819,23.121886406178564 -47.68160837432466 -10.314941583483117
-34.316465318655666 -23.09602710739337 9.134086644221297,-33.557820057370265 -10.418899321633235 -3.3337467401060463,-38.449297010463205 -0.5267322118724002 16.82388069915528,69.84855734229525 0.06971829560465116 -6.366863790271323,7.089918706339508 -3.6397336848175867 -7.126701470347847,-7.260763347257183 -3.9498136620798094 -48.60525964181504,19.31732596426201 37.13547784487128 6.512976389452966,8.692127877488199 7.205813675008087 -9.183214012297963,28.49423139470202 6.669106354239618 43.766116227396,22.174215305600406 -45.03755292718554 -9.30725001148613
-33.70077085462077 -23.440526796515677 9.389503395674234,-33.80767261043486 -9.83340856445558 -3.5993995859621917,-39.131340395459645 -0.4065363086172616 15.164280165713775,70.42255629884852 -0.7225294270837318 -7.990771509329275,7.155754596240757 -3.8090485879991474 -7.509718740318163,-8.501564519883285 -3.5361414218956657 -48.22821843162802,19.630163026248326 37.91209719012174 6.780577633266841,8.750967873598004 7.193059744546898 -9.071237209713953,29.30430603070217 6.917795411518425 42.42091364300806,21.162982464516435 -42.226691871311466 -8.260463783987122
-33.068143255585554 -23.602619851840142 9.505030344328551,-34.11228434198215 -9.378761775120356 -3.5919791371603664,-39.402906565125676 -0.40399207235869417 13.73813657735132,70.70585832648014 -1.1112961497475 -9.145606192342397,7.204706482337435 -4.012483207046357 -8.029493022181095,-9.872748367345496 -3.1787021002608684 -47.66827177449756,20.23713998899256 39.49866666799781 7.334730655251548,8.805633678314534 7.198637711560978 -8.890755769336158,29.602986270640947 6.5529710162567 41.24435630830946,20.47906619817055 -40.3432656286792 -7.580464285037569
-32.4817163567022 -23.50286035186411 9.63944025283427,-34.176187791260126 -8.984970432210638 -3.2483575914198686,-39.19852134124717 -0.5988725665404537 12.899405185794073,70.59730514160563 -1.1709108406275481 -9.691800636799421,7.401748552849535 -4.327287006021028 -8.655088522024084,-11.327455293768942 -2.603117532510162 -47.0163197582791,21.06596582431743 41.74337868876151 8.13378541638402,9.041666697227342 7.090011276304846 -8.74794132902057,29.39720605310945 4.726891456931625 40.27378864306523,20.513344821806594 -40.481514621265376 -7.673132898688895
-32.00462399312295 -23.061802375084945 9.951505883841419,-33.70391549751675 -8.58204601430949 -2.505407146459976,-38.45271054560999 -1.0709508546063073 13.002041242768238,69.99573846064041 -0.9757024679647526 -9.489787640189054,7.911854995997064 -4.830709448984978 -9.35556944593458,-12.818825703278756 -1.5350095539782795 -46.36326247082809,22.044349504045684 44.49442566267493 9.136091877641205,9.644608335925987 6.73464413903301 -8.748965526623188,28.69389931669877 0.5918150220202971 39.54655506704039,21.656696650668465 -43.735679271046784 -8.94435100899257
-31.7 -22.2 10.6,-32.4 -8.1 -1.3,-37.1 -1.9 14.4,68.8 -0.6 -8.4,8.9 -5.6 -10.1,-14.3 0.3 -45.8,23.1 47.6 10.3,10.8 6.0 -9.0,27.5 -6.7 39.1,24.3 -51.2 -11.8
