-27.0199326899016 -17.91326678363057 -0.6576765928681485,-21.73523239602728 -8.836487955174114 -5.926434897362837,-29.3514728897181 2.6070846707715907 8.382549170318276,54.00967878856747 1.9450651717908458 1.0121001167618453,6.298932491950604 -1.636620473933084 -2.818660841693029,-7.983049724420235 -8.430607130195012 -53.43101918959573,23.736983383853623 49.59906859982109 11.111518846946467,6.964425242242708 9.45928990555255 -4.5241244650906225,16.24924400021404 7.237327073566464 42.781297561182996,23.116753094726793 -47.8479897483608 -10.464853681951157
-24.90134650435919 -16.143310231574628 -4.7223681808163045,-17.223637412093872 -8.813941110914831 -7.873318683716738,-26.386027771627358 4.517254113268562 6.877060960817296,49.26537320279799 2.8365132416461947 5.143657162816235,5.529086700001157 -0.34237489470492666 0.1883164566374682,-6.66926678726292 -10.202348918749275 -56.79948688392046,24.431739151710786 51.762761518119696 11.985543988286594,5.723414018822845 10.561549260418358 -2.565861411921827,11.502201153048127 11.7741639379873 44.054859249561325,23.386739521421553 -48.46361733099428 -10.641024177979176
-22.980512078560068 -15.13463405845755 -7.578443592373645,-14.502987440031568 -8.23196027319765 -10.010038046516959,-24.76171054071391 6.056564786487293 5.97489710776185,47.029263779081916 3.2948782323132084 8.188468814203787,4.582173718816446 0.6024356157839538 2.4081263518195977,-6.085739577059069 -11.078567367996452 -59.02414098750823,24.807746301736106 52.95932510645726 12.483004661462944,4.434962733756427 11.385299817290019 -1.1067078028829735,8.333633868843767 14.883107564444678 45.28849869567445,23.44180746727034 -48.48579075959067 -10.592321940890205
-21.496979415351973 -14.969992217376985 -8.846702350616061,-13.98173624996732 -7.168891815766621 -11.826384579452203,-24.426288748834967 6.852116677952734 5.9491222077542645,46.887732130326 3.4774970675877315 9.849502295560885,3.5950988123419156 1.0205821324912137 3.324530560878965,-6.196918528548945 -11.699855846135264 -59.34239894235512,24.804028151758274 52.96458757469487 12.498569530827528,3.3091134165452316 11.799927334776672 -0.426679908841197,7.120883702881052 15.118727177396815 46.20834492898531,23.357192895804776 -48.207924996995345 -10.455331744230765
-20.622820233334416 -15.478196046872263 -8.650358949362635,-15.266575478502466 -5.986430742675818 -12.859621008277134,-24.905492845191475 6.826627124124651 6.818186818983342,47.638759157888856 3.59132635314373 10.28224090831025,2.7730900217400882 0.9210662147914721 2.9119730455109054,-6.6584850343751025 -12.959958758328876 -57.65850411620289,24.449099093835084 51.85939209212398 12.057797759228542,2.549124087257492 11.812826770812306 -0.5203125995950915,7.54825767573215 12.194105262646456 46.65693113861749,23.190352941237933 -47.82238444479443 -10.316755765905919
-20.416586145008385 -16.342782809661212 -7.506892037272033,-17.405514462357438 -5.162981816738075 -12.900257477258744,-25.597324102112196 6.223349929778907 8.273076155965432,48.033996992257826 3.7474758528614514 9.93176501648771,2.301786664456264 0.4848378340453072 1.6233464568242404,-7.025123568351732 -15.379158693469087 -54.60732719526531,23.86357958193102 50.03522741538384 11.320627903071639,2.267187743678349 11.557117703756846 -1.1138673895498448,8.823648762639632 7.216737158768437 46.7050699396117,22.939048738841898 -47.27660467753821 -10.151434262733424
-20.80882460665322 -17.244159061471624 -6.08310700416128,-19.358824999677687 -5.051647400876546 -12.089197855647727,-26.073089148068192 5.472728968771268 9.748458098386843,47.4693492387573 3.9047391674805807 9.275521981424683,2.2583804583347895 -0.020370566081691743 0.16338044455810374,-6.990554562927048 -18.608740239973827 -51.30184091608106,23.227825263583675 48.076283232254085 10.5298591910684,2.431821039092119 11.227794043904801 -1.8086486708941152,10.089746207647844 2.255631490113519 46.655312780735564,22.55849303783871 -46.34121406106964 -9.85039436448361
-21.629434562861157 -17.96674977471231 -4.92853343738331,-20.46255192513419 -5.68873944933208 -10.852164910668213,-26.238599826255673 4.969720918878309 10.624155504018738,46.258180884111965 3.924734401362779 8.599295242589536,2.575332575432467 -0.3569188882429748 -0.8406955756111385,-6.537557458779321 -21.376701721039645 -48.87318324256681,22.723552602932394 46.557288318172255 9.92342306700976,2.882644319155392 10.99589006938764 -2.2764000693515225,10.820270880018027 -0.593457980152885 46.90309549168616,22.026158851378952 -44.85134261233028 -9.323627953156995
-22.6715165846677 -18.431431627301055 -4.3015716193490405,-20.66688758005348 -6.758910886283576 -9.701294347540813,-26.297045993396836 4.879943834926463 10.476328102608125,45.36555171620668 3.6925872625800933 7.9102595058645955,3.0813548566602553 -0.412072702551179 -1.1098842136832285,-5.925205715628102 -21.97777775903345 -48.012705735509996,22.471773661668397 45.83949241112011 9.647475655979168,3.41180669841655 10.941233120444382 -2.4037211064262993,11.006015428399632 -0.20654675309612536 47.70802451652053,21.409502255241843 -42.96338573898904 -8.612181192316587
-23.76850458148028 -18.658312955664897 -4.149283685547074,-20.455152149262332 -7.743487426082964 -9.003849856754021,-26.56249388887909 5.078094845122088 9.266205353852005,45.77922692084526 3.220775619209259 7.017243221588318,3.5987849932060674 -0.22866110220316016 -0.7967185076621889,-5.526600449889926 -19.124055220737226 -48.72470516624777,22.49285555074444 45.95211396851227 9.70809257621061,3.8713217746031257 11.034748772245429 -2.309860252597302,11.051203858745797 3.0033750276810434 48.9965420621929,20.8852894799644 -41.24266593904128 -7.931661527135273
-24.850477612321445 -18.700035888657233 -4.224598360794509,-20.51159492705777 -8.180662321721243 -8.835239801546084,-27.241872048147478 5.250076187665136 7.376085963446968,47.88091567298963 2.668951231839578 5.72203076042458,4.041059696317761 0.038387105097964724 -0.3499816565196978,-5.608173101256578 -12.752630460561608 -50.39558020243961,22.70595158430943 46.6099115611312 9.981988661522674,4.246168753266922 11.1755960120642 -2.232501056668237,11.455358329744023 7.2551518970972975 50.32178756133744,20.684950559644502 -40.485004371048454 -7.604403822846149
-25.949915786297613 -18.593185643098128 -4.2632442861597575,-21.324352915774245 -7.903331694392294 -8.987793185987819,-28.302377265684576 5.09992363850479 5.469007549152741,51.16340646194448 2.2674339813122684 4.010670880584819,4.4507117940671685 0.21345200391907282 -0.2412515452733324,-6.170583782420953 -4.357654266074144 -52.13140355404325,22.968201307832103 47.35674709950242 10.27976241718159,4.6477314203822395 11.260120990392089 -2.3506963110774826,12.466219264778228 10.2426737904762 51.03462251908382,20.984800925680325 -41.332173345738255 -7.902477372398618
-27.148454395565516 -18.35416561763508 -4.125806699758098,-22.927049462051087 -7.128369925559812 -9.122890884838387,-29.479997463832643 4.543999910476577 4.228610286582375,54.43625107474477 2.1921771288223457 2.1378711295012485,4.951035818220235 0.19164532906005705 -0.700815461551934,-6.936565256122272 3.3913576283353373 -53.189154147331635,23.13685241352171 47.76947804590469 10.431856011716704,5.225202355771701 11.243943358685106 -2.650612822810108,13.896817741531255 10.250507122919043 50.60466905309692,21.797562087396635 -43.878412120585516 -8.881894807189159
-28.486510939048422 -18.011495643342442 -3.8421128014862322,-24.8965107537353 -6.347663116854773 -8.978177732055824,-30.404080290576776 3.781194553157689 4.090760231543733,56.39407069315344 2.468299686749348 0.5574124540077454,5.635837523538861 -0.014418583412046715 -1.5991171441815566,-7.4916096182925385 7.64720011858528 -53.29069968297879,23.127833735869775 47.632419009250185 10.358734546857601,6.040973993815715 11.163911458819468 -2.9163366753695263,15.202767775777026 6.993823688860266 48.93472935911811,22.929367289697332 -47.499307657049634 -10.304812377416944
-29.88193076622276 -17.640836945986898 -3.554567335719482,-26.585467395191937 -6.075875796359464 -8.515338313927428,-30.758588646217287 3.1964256632126498 5.0821052431112275,56.23609342790683 2.961292939137116 -0.26519306210518656,6.462042874383394 -0.29155796228974395 -2.5279895864232698,-7.501674554769734 6.585721193829947 -52.67912551590795,22.946550356322785 47.01002474351629 10.096144207138277,6.981922196300057 11.110064543815524 -2.8564095960166105,15.769630241567164 1.764400607530614 46.49404629264711,24.037373795424486 -51.03662573417204 -11.708132480278342
-31.107154089866757 -17.367440448283244 -3.410379286927453,-27.452187317211944 -6.586128900537988 -7.931053167428048,-30.397872404562168 3.148037405493705 6.83166400045084,54.0179650163323 3.4617362532650215 -0.05910028683289781,7.214637547113067 -0.49203704589898933 -3.028714120703306,-6.891547814694567 0.26413911441539684 -51.91464678942348,22.679381661557933 46.19417906600885 9.768247753431039,7.765042720349814 11.166013865190962 -2.2967176432177867,15.246110026903558 -3.192311652826957 44.174104806555846,24.771057462829223 -53.28851590286757 -12.601311341831218
-31.851015035414388 -17.32320117109912 -3.4723011539890694,-27.311982905861953 -7.770908137286802 -7.532483772470291,-29.375940940736307 3.755928589203978 8.743794738709335,50.57922292192569 3.8132894178581065 1.134105239881233,7.577125948663666 -0.5102325356293882 -2.838957048880547,-5.889306584449148 -9.280991390432284 -51.53859472124679,22.451450169845895 45.558260267817396 9.524873226683068,8.047724760043485 11.35349684682108 -1.3275568695033426,13.738701452367222 -5.761520612352262 42.9103358577326,24.932968801239028 -53.581413650851516 -12.703173279874012
-31.849419091398296 -17.577465712892096 -3.696499520576922,-26.391352025957822 -9.198213323378784 -7.554158914700252,-27.901892732886413 4.80925068010472 10.251290617484415,47.12197154074438 4.008129921307761 2.990641929750857,7.281680512726379 -0.3295154921540162 -2.0265524542135624,-4.9140990222620475 -18.77729956699389 -51.79090014833685,22.370014036997464 45.38732060103941 9.473168718957192,7.594715624618268 11.613673511281476 -0.31291869513188875,11.76551918207068 -4.970312211400914 43.24201995749648,24.578748520866807 -52.13503215012721 -12.097902612851893
-31.028846610935915 -18.08203289727448 -3.9802916103403922,-25.17788147148318 -10.329082717898668 -8.023138017461225,-26.26667391911243 5.848652220654943 11.037327052053875,44.68713574196108 4.193377734541162 5.063265094102915,6.263892405584051 -0.018356508495330548 -0.944427966986539,-4.3673173378930725 -24.995085533693725 -52.52283385680131,22.477642494919955 45.757469726096005 9.633194307234891,6.417468022302956 11.836068827492877 0.25617753254022624,10.002688727763624 -1.4339489488553756 45.029506355982065,24.002034690777684 -50.017437499869814 -11.223112139763295
-29.59014535560498 -18.66782240270344 -4.240034765519416,-24.16477601800559 -10.778884847564491 -8.74793874859941,-24.78251641538654 6.383348196633021 11.135839994047423,43.79687622401988 4.5841656832048745 6.9822678712572,4.736381961037713 0.31629447606163286 -0.03941017285094173,-4.436808931641312 -26.00408618400911 -53.330897941157616,22.733824615965077 46.509786962695955 9.933446592569535,4.808687907153941 11.91843539433881 -0.004706135598500971,8.968522963777344 2.9674901742196664 47.48180131797477,23.60561020251977 -48.68525785901703 -10.683776649654083
-27.979676443787596 -19.104404148141118 -4.464614162010728,-23.63300534431776 -10.486174979285515 -9.43321663548885,-23.74674613695231 6.129977902533901 10.87872993994928,44.4074004529873 5.332802573738734 8.593339830622112,3.1320830872093643 0.5880588924466987 0.37601882014368293,-5.014333798771894 -21.862529818153682 -53.81586303851611,23.030986725495243 47.32056487815031 10.243673589190113,3.2442826049381672 11.823049000000868 -1.173683112618797,8.817078494004564 6.00508369177414 49.497605638425405,23.717274447623687 -49.314137252646546 -10.974054106489447
-26.744742310204227 -19.19878020259793 -4.709370454459986,-23.578428059111225 -9.707947163594305 -9.849553766842655,-23.41259626856477 5.14857084218337 10.725799661540936,46.129293017499535 6.427720789177874 9.964430639958467,1.9343211363596005 0.7685826650221892 0.2659021969758735,-5.764441671891431 -14.459142094826213 -53.809793015072586,23.236849241946814 47.83098795804254 10.427519710466795,2.1921096908686746 11.597142650929156 -2.963938081054829,9.341977787669052 6.150368490574631 50.16451153502077,24.43758676819146 -52.23660324208423 -12.23849730682591
-26.327516671502558 -18.886425896414448 -5.03528903400481,-23.801672097505175 -8.856539761402232 -9.957703398919078,-23.944255710497593 3.8069160196542136 11.058964494692383,48.5345192454332 7.6774602698759065 11.266503765893047,1.4719738411559362 0.8849106325189167 -0.14314896575607428,-6.302836193678458 -6.620032055486822 -53.4441870282174,23.245358079119175 47.780872804103765 10.392334387510527,1.9167780599794337 11.345917548888316 -4.840818616268278,10.167480924878197 3.2535848721330343 49.17708765369829,25.59159275559221 -56.75810267863445 -14.188178027505842
-26.887238015326908 -18.26914693133829 -5.433854383532531,-24.087918618148148 -8.277002316776803 -9.915771417615318,-25.355326044337474 2.596744659225817 12.028388008731458,51.354164778848684 8.785870153330904 12.600931897761527,1.7804354567886493 0.9830763260533333 -0.5139481403209714,-6.38744205002393 -0.91713724261745 -53.03275567008224,23.01642084750831 47.0970755420231 10.118362016643443,2.3751261047753633 11.173786523221393 -6.256612194279041,10.999603676296026 -1.44925468481624 46.97064325029588,26.805586001133666 -61.43917574849158 -16.213053867283925
-28.23390978235853 -17.580221881605375 -5.787894131937641,-24.361581677198696 -8.088892262183094 -9.968142853698094,-27.46127480920892 1.9023652375388076 13.50675498649806,54.47433902827013 9.474409551260255 13.872850079695521,2.5990832468184064 1.0835241326536642 -0.5970807186371472,-6.024170505980152 1.280799090777856 -52.85279723658073,22.590346288247915 45.910904099575426 9.660435640440097,3.2537203180845067 11.127500592610467 -6.883368805917455,11.784912313186249 -5.961338155997496 44.50684383202331,27.669337969351282 -64.70600821411273 -17.63714404023471
-29.90839369594987 -17.093421763028893 -5.897709711187366,-24.726631229089197 -8.171810812949682 -10.284814404236531,-29.890630901607757 1.842833353217217 15.157141460745077,57.78501393950227 9.584879487977915 14.78194885438971,3.5078084594731607 1.1570909943742305 -0.3644623980026145,-5.4401501253726465 0.12987190022495243 -52.96569947617024,22.073328225433315 44.50784008021758 9.126422474102158,4.129345482169308 11.173304391867969 -6.7272866516776935,12.690151233124107 -8.445046114390948 42.81898748401748,27.905079968467486 -65.49809831655696 -17.995925713754474
-31.37571190121486 -17.0193038182867 -5.563005441815673,-25.3776157632911 -8.287709830079002 -10.848223257160065,-32.180144776509756 2.2628432653216897 16.57395773984518,61.03236801884915 9.112709407394096 14.936736212137085,4.134229873170843 1.1362877015826518 -0.009527841511057566,-4.950084984175129 -3.0538896050642035 -53.188302343319556,21.601213303613388 43.23528401850629 8.643541464899704,4.672233120463462 11.220320066185014 -6.073989809980741,13.930280365469336 -7.988140426837576 42.54058747871576,27.46595898269353 -63.65649429536933 -17.209150175039518
-32.24420413088614 -17.435785228848793 -4.677907131158452,-26.44423409103988 -8.255849473921407 -11.455315883702891,-33.93264279818859 2.86282197693522 17.433543427281258,63.8119185276009 8.165061739190897 14.031883484451601,4.3270208957271095 0.9545821149698869 0.17666864760776413,-4.795661696536985 -6.5807049415536465 -53.23124569266375,21.296112962276663 42.403362380022244 8.324828207825433,4.791495228984452 11.175686478427297 -5.305553316476685,15.566011960018827 -4.882542708274764 43.64246116462713,26.526119653745397 -59.89655237955685 -15.578266196053223
-32.410801372195905 -18.27967359103031 -3.28816248328769,-27.869280934779198 -8.071952365623364 -11.833164809459639,-34.97036973663694 3.383603677485108 17.596676779938115,65.73126339975789 6.881869792929411 11.996772459381468,4.208890326060073 0.5896074299566942 -0.023971314526079368,-5.044831861714756 -9.166132162242173 -52.91533544867623,21.231765126501546 42.209819943239324 8.24478254387786,4.65334810102996 10.999086388200217 -4.696441230358836,17.408359451140136 -0.34759680486632893 45.49249682119911,25.37977415064523 -55.41783074063561 -13.625104449344146
-32.06923607087078 -19.393806278615337 -1.5807233011435078,-29.397009317272282 -7.903319237823643 -11.798181466057136,-35.402919677165016 3.7371609399506145 17.1322132423986,66.6417556233014 5.375197851507032 9.042213465443611,4.085916347849595 0.08435058680646601 -0.6377193015204057,-5.596280143744606 -10.340587014565166 -52.32522321407385,21.418814932170584 42.70684805909271 8.428188955357877,4.568764252897427 10.725433294103265 -4.300393879383864,19.097785923046033 4.100650206695385 47.18874052643474,24.308329587789288 -51.37109220953335 -11.861778561293917
-31.58546545173877 -20.598528858575836 0.18665570473977855,-30.68208574716811 -7.9702890342436925 -11.362477214864374,-35.56238738463451 4.013616453356513 16.264900682432593,66.7744691599315 3.723789919049672 5.588746240944081,4.26484367266824 -0.4660820370628733 -1.4948349932868528,-6.270686771521954 -10.36692318372332 -51.79318131378022,21.81247189101749 43.8112243719483 8.851493740404324,4.81357425366226 10.443725106912144 -3.9825225823148274,20.312336315704904 7.293465255702193 47.985973452836014,23.48240354229037 -48.44604418290592 -10.604806092691474
-31.308592418147686 -21.749600733307485 1.7765437901509262,-31.458203391255463 -8.393573905915567 -10.72220624210264,-35.82567167363658 4.371665326403064 15.27719038413512,66.66188049221711 2.018322909454726 2.1211799851703406,4.877021310692897 -0.9541744864883133 -2.3342224216207583,-6.922257619336929 -9.816666334574906 -51.70661365750264,22.3358775649021 45.34483957024365 9.453074545146919,5.476382148011897 10.245900381394708 -3.564625329183767,20.972362284433032 8.771987560105465 47.6037638463371,22.938242480624798 -46.75043720605808 -9.911241835344597
-31.413382663454883 -22.758783307468505 3.0366385913521037,-31.67069383389023 -9.10564794667279 -10.133650544942972,-36.408553508179914 4.888967684179989 14.406481056110511,66.85722627792828 0.41551014700443745 -0.9536501296077975,5.802194009574004 -1.303381293013871 -2.9495646867507936,-7.498702488408072 -9.113554909407885 -52.24327084878185,22.906752030778783 47.08471368517085 10.147436822232857,6.411907697930557 10.17669885166583 -2.9868602049851583,21.303720731172973 8.758412513392628 46.28120265559134,22.623377346167697 -45.98127382310935 -9.644025202104809
-31.848374128029285 -23.578196031012116 3.9106383666276594,-31.49780889178246 -9.882425807357102 -9.7515143760063,-37.23942073114666 5.470852485975983 13.77485135765568,67.59822965771943 -0.8501171611798053 -3.3812466940960517,6.730741773769591 -1.4915855921664982 -3.2900270746794016,-8.01667204615531 -8.32174510596292 -53.19277759439542,23.454993679223172 48.802317046200066 10.838690275099399,7.3199518511892405 10.214021685380207 -2.3823370786159206,21.703008958927224 7.837100088143188 44.583391283310036,22.47010962374237 -45.73860837889193 -9.607658757458015
-32.40429225622373 -24.169821995435832 4.40142638453298,-31.247903715708176 -10.475331605114423 -9.529220303760123,-37.984637026711276 5.8781177874167945 13.372415237297972,68.61493213955947 -1.522613153689555 -5.047829475839311,7.3286696698944835 -1.5441960355564948 -3.4601663697504135,-8.477669883538061 -7.270255221235212 -53.987044354535584,23.92495962783279 50.28128163523882 11.4304668983571,7.904016450946395 10.290232098384609 -2.0158962297662337,22.47072661592036 6.571933334356006 43.089958311493916,22.446838574420887 -45.78057386262925 -9.668276521443872
-32.85341936684357 -24.486165252244522 4.520151055713411,-31.188580863045793 -10.76031394636155 -9.246755645322,-38.2184273020171 5.860889510637954 13.09462835595809,69.21430111389607 -1.4301396592475264 -5.916036321006728,7.415320392292305 -1.505036686094603 -3.625755503013274,-8.790520545866013 -5.883557540771894 -53.951458145894726,24.265445306082647 51.31702286012006 11.832363075461991,8.023413374648223 10.33979404673083 -2.121859403484077,23.56804948556522 5.272291661901182 42.14141728669749,22.558649064889185 -46.084069891533375 -9.794957909166591
-33.07623710108237 -24.476086770535787 4.259338608711868,-31.400683413642117 -10.808447416798352 -8.656536472603426,-37.650168071309075 5.319381198749191 12.814686294218973,68.62103726005466 -0.5836249569440862 -5.966935381538445,7.057976844076103 -1.4057085805315284 -3.8875500706437784,-8.764826754783673 -4.46225529250639 -52.662763232017866,24.418312901897764 51.714882134152184 11.965952905512811,7.758680716719077 10.342726674510994 -2.7387804471928994,24.55360743637274 3.9953790750253586 41.76667781846769,22.805075945266065 -46.71156194665584 -10.014509292685124
-33.1049057895936 -24.110356506496984 3.6080782946673837,-31.73549250667613 -10.830293000941701 -7.665137271952896,-36.286736756469125 4.393092022458824 12.459925989841137,66.4023518786298 0.7926917866049981 -5.193516304393679,6.532679729071756 -1.2530994136722602 -4.201702079661171,-8.195516343642593 -3.6970597133794447 -50.228584999834766,24.318809386368418 51.307621841351896 11.774696045411854,7.357800318305067 10.336197367997812 -3.644868011676714,24.762619921241242 2.7217472750265777 41.80035795441833,23.131799081369607 -47.606939934649176 -10.325756061703967
-33.065395532167805 -23.407390252167612 2.5960188499627774,-31.897021275131006 -11.024881855664157 -6.441608152886933,-34.43941969015954 3.4190586354032697 12.059628303615277,62.74477350161929 2.3283955292692924 -3.6481861606784776,6.1721280609182525 -1.0412660627532877 -4.395280673059659,-6.997727668125246 -4.374134173373278 -47.32989004714332,23.91486386678099 50.00377140598367 11.240105171741634,7.094008667196344 10.386548925721208 -4.441832315624861,23.652355794824192 1.551019710368009 42.08943935170038,23.417069149948098 -48.4815167470823 -10.640766046715992
-33.06117179523434 -22.439654554495956 1.3307445555047521,-31.604759396686244 -11.426314392811733 -5.3791402675403495,-32.56872835507532 2.7747202564674263 11.742184782884365,58.422432601776976 3.6492210657105817 -1.5035037084005773,6.181360363502186 -0.7768436929980462 -4.267461240393524,-5.311121976758835 -6.9317826760934365 -44.98139456737322,23.20105598308914 47.85738149232921 10.401296772822615,7.1115801162634185 10.539117993196168 -4.749204658379686,21.133978044378523 0.7775362857396431 42.6459515394428,23.511124131978487 -48.8867620291081 -10.79892584822896
-33.07630031711915 -21.314580099860798 -0.005332525847123293,-30.75155189179011 -11.847828362473843 -4.917543633956018,-31.050889482767506 2.68837834340941 11.679906025233741,54.46229391952499 4.528805655463206 0.9302619670092349,6.518801845877739 -0.4974924445160657 -3.7161086403750363,-3.499585502854119 -11.13495343935347 -44.10824912214906,22.251141380387878 45.12681649163851 9.368787953130854,7.3408553670652585 10.778029661222826 -4.40504679612364,17.70363832830157 0.7989441162160267 43.64613279784207,23.311851150916684 -48.445808010609774 -10.65035618822695
-32.964490640559504 -20.1412351848955 -1.2074038278619996,-29.476852583995004 -11.968555433466284 -5.314574888924768,-29.995860537799636 3.121059616111845 12.003095461385046,51.679995976720306 4.974586941100735 3.2641191699032057,6.906116056964674 -0.2670419484378501 -2.815192394706533,-2.025604598369556 -16.080157159526316 -45.135179464212705,21.2278556693498 42.279153813063125 8.320118365279535,7.526855381181455 11.023331139007727 -3.560992025701089,14.284189647566368 1.919641694506968 45.27741495396305,22.8338837781286 -47.107695772480106 -10.1584197910301
-32.539008832585786 -19.003769244305516 -2.1256615858584604,-28.1219934339481 -11.522756981996073 -6.4886392304944644,-29.221014223098585 3.7855923337218544 12.721641543441569,50.33447201264481 5.203242787150892 5.150755692041287,6.9637902695008265 -0.14657057588640554 -1.797999235404689,-1.2500899311441942 -20.558951546885893 -47.784511090598365,20.354668896674312 39.90843816364582 7.468219533188319,7.357400106829816 11.170662127073637 -2.6153088804403226,11.841965814284453 4.170056086392194 47.531924112148396,22.22725119746982 -45.26198106376796 -9.455150247017556
-31.715736993628635 -17.958120312626303 -2.723082565956867,-27.094605206196885 -10.485311147188083 -8.022832418901338,-28.399426631324857 4.293402773973638 13.693362625679276,50.086338045414294 5.51611326273516 6.407163650474731,6.405406560803248 -0.15788629870828919 -0.9559592787120917,-1.257470003724472 -23.599832276651686 -51.18087396286691,19.85038384447974 38.570897821317224 7.004126548336003,6.627072917652764 11.152089155265637 -2.0163181323692343,10.96697457980153 7.244200484588686 50.082406787856286,21.727000965644464 -43.62306639213483 -8.807741229965153
-30.624094349598558 -17.05237781785003 -3.075802826997146,-26.711489451545823 -9.140982740464459 -9.336998792505378,-27.303122148276984 4.349663351213957 14.66050290833512,50.27777037494251 6.135269648792595 7.069355304632349,5.194574784722707 -0.26352380767537253 -0.5104010377460053,-1.8024863349879254 -24.89784866651518 -54.21307833720495,19.84726975529225 38.58515417268675 7.0299133858582,5.356949165379845 10.981839435009814 -2.040224635654853,11.629881583003884 10.583146502209729 52.332864583986876,21.552914241529944 -42.9224526743928 -8.504574339839452
-29.610905529878096 -16.353863657488613 -3.309958796403565,-27.09275175658493 -7.984935182660549 -9.94536178455021,-26.004411275364234 3.8923098746579003 15.344933199230953,50.37305576424647 7.0800201725316025 7.340985803116145,3.5879483873283315 -0.37975462675140337 -0.5273571437369355,-2.417604372240562 -24.894806042141102 -55.9825671504324,20.326867721153064 39.87802342641691 7.508460961564935,3.813090534428956 10.757117945601205 -2.6617767149177194,13.23931095333638 13.552449287656646 53.637416204326684,21.80726817311955 -43.55908749384834 -8.716465950663684
-29.11698145039883 -15.959003326326831 -3.5076567839095327,-28.146654033894315 -7.49578431277562 -9.67099298800291,-24.915451586550255 3.1036189494331357 15.56244327062246,50.30893015765451 8.142514498660777 7.456500876635072,2.0439949264821906 -0.4198946926646079 -0.9174889091576403,-2.637026682151957 -24.463011630662166 -56.133103389933794,21.106362386155062 41.9557193005417 8.25662004559696,2.4158188214889074 10.609204558784974 -3.5849880698517076,14.965783329614016 15.62399390825364 53.583400751651666,22.422192457184988 -45.38902026828813 -9.40572965569894
-29.476474347011614 -15.970850574913522 -3.6372476973964223,-29.635639545483514 -7.897207842955018 -8.71031839277288,-24.629741583137818 2.2948382075517064 15.302683973553645,50.552820387448804 8.971979294451128 7.531575128917394,1.0408455240762797 -0.34558784649769114 -1.512266631251589,-2.2291454735730203 -24.366113035543265 -54.92243895762098,21.89049459227039 44.03875712460061 8.994543359868041,1.581528848429294 10.629591877748862 -4.413209712440787,16.159329635557032 16.49140451757389 52.19325735532167,23.18420024269321 -47.76758759471832 -10.332542687214902
-30.73658702650332 -16.449363128500696 -3.554186047823338,-31.276877735878372 -9.036202443118906 -7.519107927501797,-25.63519136394759 1.7336471290943694 14.733207035198959,51.82844742533109 9.226006612002397 7.487235980554033,0.8863472490028399 -0.19595428030380427 -2.1645670059190296,-1.3195422045955523 -24.797110686101583 -53.02645643752564,22.375775383709 45.32977595023412 9.4404487064639,1.5659422772556288 10.812678564503413 -4.862409999219373,16.642286112295217 16.100323170337333 49.93705067694399,23.824824298450544 -49.82771806946037 -11.157799765303153
-32.592849524935176 -17.359357863633072 -3.0811150014979534,-32.823798508326725 -10.44686617690906 -6.583493001206879,-28.04003450485326 1.5121653992298856 14.120579447727758,54.653262313766476 8.719364642185305 7.097987912104154,1.6020888245079794 -0.07432127168846583 -2.8119284314775626,-0.33858288913729684 -25.25363357840959 -51.192007907333235,22.367856131823366 45.31707543024949 9.417046671284652,2.3720122436841122 11.049891215410351 -4.900484552929074,16.731226603878273 14.620469876736635 47.54283619030256,24.13364829401263 -50.85751267007853 -11.591851468342028
-34.482185842083226 -18.54808963000388 -2.129364567156298,-34.09826457259897 -11.56985817865727 -6.1960907123229845,-31.451945995295937 1.5253722602717592 13.703065285195741,58.93985259200127 7.507188247906461 6.145720305549828,2.9248007774696396 -0.0952171838735146 -3.468465698664263,0.1844916304030586 -24.824828029314958 -49.91446168238634,21.862397692984615 43.986802623403946 8.925231806390782,3.753519914054943 11.18272827654237 -4.739681359476462,16.99167080390281 12.396981461171116 45.693699054956994,24.040376616547377 -50.59329159712316 -11.51607684567899
-35.7988520442404 -19.773107462384825 -0.7952182871633073,-34.97927311615589 -12.014069239175576 -6.349046582403522,-35.0779776659537 1.5637881454609694 13.576611235153706,63.8859572649837 5.873008179376484 4.5974781281974355,4.414680377060069 -0.31776752218729987 -4.158783020912701,-0.11924865066728119 -22.735303373731526 -49.28511311756318,21.051553563157253 41.84349224865569 8.149788189918725,5.304482058354637 11.088940816444218 -4.692905232004243,17.87326085376876 9.895586594237441 44.754821080216175,23.63010852486762 -49.293374999923934 -11.020297141092051
-36.136781390616896 -20.776440362706854 0.6289483022825502,-35.38053517140321 -11.725126127060701 -6.78921769266577,-38.00668737105658 1.4589740141101408 13.653004050341757,68.23091983895503 4.233475205872452 2.7032079769850865,5.617333193775395 -0.7018602546734398 -4.8446263841789134,-1.2740418071283965 -18.8465163777253 -49.055042724185014,20.24875329565832 39.71589693211289 7.389008077829502,6.593732731078099 10.75573202548385 -4.980148461172853,19.43278251227604 7.6272328352265 44.65486150025425,23.090304115783272 -47.573114962456344 -10.343581491497103
-35.447790992412365 -21.37620805850504 1.747486644103455,-35.25075108381736 -10.977253866838225 -7.19353827028751,-39.54864910002334 1.1931380281359496 13.71496617875513,70.76920960689012 3.0010452996280628 0.9448105459573282,6.211973294818707 -1.1136560211186857 -5.399511260921553,-2.940672316212628 -13.83531876561267 -48.85116541849411,19.76075517491904 38.42039763555909 6.934003032226451,7.2943601060836665 10.298596194971521 -5.596426665887752,21.296688860602583 6.033878181210423 44.96648388783479,22.62043125301088 -46.09942254198469 -9.754228491333562
-34.045600658696664 -21.535155577015527 2.2223378739961137,-34.60764504580246 -10.201451207790788 -7.362304244454861,-39.48865360983016 0.9092526082473675 13.543297099719055,70.88166927102714 2.4535132525517866 -0.1555939660574473,6.094887629516948 -1.3816218001424692 -5.655511689774986,-4.571162088233624 -8.942631776558365 -48.4140043179337,19.761009160561198 38.42313388851585 6.948154911002122,7.268360518004199 9.912493059180555 -6.314411821829964,22.876920298687615 5.347987922789963 45.13460269976323,22.34955507261819 -45.30201628639721 -9.431281779716418
-32.45952799985445 -21.374127006029703 1.9268443866175857,-33.58532466379411 -9.749898410291973 -7.325659679934915,-38.14951079877332 0.8192776836372909 13.051369898735022,68.83634867292373 2.648259809972121 -0.28206209525880754,5.381052728328906 -1.3767980704157088 -5.498957908061033,-5.659007940998114 -5.4171030572128185 -47.73389113381157,20.219648850355547 39.649111538393115 7.399786822003376,6.588544393728678 9.778489613511207 -6.816496318506727,23.71190785062219 5.482792690392732 44.73692417158502,22.29760441208074 -45.23306807044523 -9.402716162758725
-31.211197120325682 -21.1231127485241 1.0157047958057448,-32.45490679997028 -9.725989896798264 -7.312211216606275,-36.25522423581754 1.068614078439609 12.354418761942513,65.7219307248407 3.4003681525792473 0.4974875612833687,4.339679757213196 -1.0767076754713836 -4.957279000264154,-5.962216521396688 -3.942416247094064 -47.03096136197869,20.921193977431958 41.52473204560502 8.078918947898451,5.50110990870506 9.973762940980203 -6.877639723726241,23.737480077168076 6.030204612336069 43.65822250858347,22.390130388029295 -45.61796523898774 -9.561161621866408
-30.618261285362166 -21.0307046734619 -0.12761983308179348,-31.584173065289164 -9.966427749962838 -7.606343190025607,-34.6645585965097 1.6394147108050985 11.731497728278123,63.04653956757768 4.327327313447182 1.7197026278033734,3.297540691926993 -0.5795223459490944 -4.219417024827235,-5.593985823810114 -4.344487633241021 -46.61197187297663,21.561851696425645 43.23577901059352 8.691300031490101,4.346279915850742 10.432040795970908 -6.493528840367981,23.33557660760799 6.4106949423094655 42.11272295176671,22.509337067970385 -46.04050422082901 -9.73726767274131
-30.707879455939164 -21.27046951257343 -1.0456817211491876,-31.331969741875415 -10.172608564147056 -8.379040649611811,-34.086781116604314 2.350439888158947 11.492877940085563,62.178036679922656 4.951706503278604 2.6994357122958164,2.544033331912126 -0.060396416255363294 -3.568165537762859,-4.944765510919541 -5.724245100151559 -46.695881222446445,21.882303654502472 44.084386610759964 8.987342454421519,3.460131238274916 10.975275031274279 -5.882435558492189,23.13564193422001 6.1407670496628635 40.525654256591906,22.550146932627104 -46.14924661052712 -9.78558984993477
-31.26354377871285 -21.881790619166342 -1.393843640765295,-31.91157621020442 -10.104877796421675 -9.585515719389447,-34.87838589862807 2.952623221230006 11.81705709807055,63.85517506049115 4.843203920047466 2.8160926152878507,2.2605775787423257 0.3082262277008463 -3.2539159055115014,-4.482677011969463 -6.936966452886343 -47.303167481625835,21.77611432593543 43.78324015526745 8.867391275954489,3.0813791297089224 11.399797018349295 -5.362936754449214,23.68168428818773 5.10134184133725 39.34545303252372,22.454474415661135 -45.78239249314037 -9.639562915337484
-31.96429554764293 -22.76497294885517 -1.0738740887679066,-33.282994956496665 -9.722527143611671 -10.980389895771747,-36.97018284576315 3.262671356564158 12.641821479200107,67.94929127552773 3.7687067281651228 1.7822598769358713,2.48404419995707 0.4321644855830503 -3.3755484616011704,-4.534418028455655 -7.162328444826638 -48.256769575110056,21.325961937879704 42.55571290379494 8.416127667992958,3.285339880873377 11.571840679524573 -5.180294909808497,25.150036804151064 3.6595208068643763 38.87602302640052,22.214394208699492 -44.97126416328837 -9.316185021406847
-32.538194273699204 -23.72595527521548 -0.2560435224923774,-35.131477881573204 -9.190603154446805 -12.234387690908568,-39.91983216728589 3.255432207719897 13.670506722888296,73.54050322865204 1.8055674011406853 -0.2299233458618537,3.106000089800488 0.3297563268714687 -3.8337058164617916,-5.150046535018865 -6.273187455036302 -49.27720261059996,20.75400280045825 41.002640859018584 7.8525943873080255,3.9634956569687776 11.48346811525573 -5.381464053241912,27.270322199921228 2.548957952062062 39.19288038716984,21.8536775025202 -43.85531780418781 -8.881216286808097
-32.85798699425338 -24.547123470716244 0.7141597564712727,-36.957140693472766 -8.757483081125152 -13.083724917099687,-43.051374353873506 3.0616140328565695 14.498004364163364,79.25091099068248 -0.6310277583082389 -2.6620340850296365,3.9064740820702744 0.11014195909543334 -4.383759103114419,-6.1057641067600015 -4.8296383530611955 -50.10847084372945,20.312458314207092 39.8056175260096 7.422015359712499,4.858534265567544 11.242323690098894 -5.807844078054828,29.48577848187422 2.534277944303947 40.15857723408023,21.406398935253236 -42.58222744999412 -8.40440336671733
-32.94805533263477 -25.055252891130134 1.4748187195829594,-38.251930352103344 -8.585070410856472 -13.432386933789045,-45.63681581434683 2.874666576040117 14.799555691743375,83.69970014628032 -2.879501344388479 -4.805153702703139,4.617958080432932 -0.08967150539691149 -4.761540881948058,-7.0278419187345715 -3.728275627822818 -50.60693358726418,20.16701750762628 39.41039767865629 7.281972927423267,5.6498730114435265 11.004562884833707 -6.2051351018918375,31.256001799326654 4.010973358268117 41.50912909126664,20.907302997379166 -41.256761085157166 -7.932711403996987
-32.92195966768728 -25.165295152575183 1.7955619263598166,-38.6977960285473 -8.640441674528496 -13.360755156448999,-47.083212697703594 2.8248270736087626 14.490978906543923,85.92891337740383 -4.235059027001661 -6.086565830799081,5.008333439730207 -0.17387766558051698 -4.815110792348463,-7.565723661121329 -3.7123381949514993 -50.75832928926886,20.326659791112796 39.837500803524534 7.436042468192096,6.066213936569618 10.889841849227576 -6.38202531904389,32.32996720047972 6.7493414660937905 42.963093551944056,20.39612140951269 -39.95562655356456 -7.491889910834184
-32.90118682436781 -24.89273360414894 1.650624644755713,-38.30394015613698 -8.71846218302768 -13.049166593628755,-47.094488109344994 2.8972716057422034 13.780360869863443,85.68044316402555 -4.205659643509211 -6.2774941178556585,4.96127324793723 -0.1273844629981027 -4.573027043708475,-7.529116932259688 -5.004383637856733 -50.63420746011994,20.6493996993676 40.70070248809512 7.743100635550172,5.987065823580304 10.924488663437803 -6.323008219782551,32.84019883403593 9.93624103584647 44.31054502751482,19.92637953337648 -38.77622944283297 -7.106021546660351
-32.96352020446967 -24.33913394896065 1.194741046103021,-37.420283117780585 -8.583233119575235 -12.66924933881317,-45.77298705200974 2.9440145205440995 13.083484486298818,83.45784995815019 -2.7228676796106 -5.53673509839884,4.525732648694982 -0.008646497142266618 -4.2152463083909915,-6.934346367303362 -7.2367712432735525 -50.329534284193045,20.916716148472922 41.412355195929045 7.9932332162013715,5.493201039020457 11.040759386331871 -6.189872671222259,33.17446486352895 12.52037863348675 45.45904997898795,19.566036111160958 -37.86690259264429 -6.814235307027426
-33.13979140526664 -23.660486986185955 0.6676080003480149,-36.6120765094383 -8.141262851634371 -12.305615619977214,-43.62047754953036 2.782230319881795 12.842014616493888,80.36117613142804 -0.20913043113049246 -4.287604197678931,3.909977984741762 0.09474494967570513 -3.966444162073934,-5.958213843327043 -9.68258210028235 -49.92282465790681,20.938130421497185 41.46809886013844 8.01020714041067,4.841336606876889 11.12750426340835 -6.213361140536671,33.70796287308031 13.701176024664058 46.43335348898637,19.383836431835107 -37.40448843131019 -6.668781279574558
-33.44198579266063 -23.026913100377847 0.2821999695583961,-36.43769496131198 -7.536176974047048 -11.943978670141323,-41.40995084554454 2.319136187603272 13.330644844033454,77.73410259607921 2.548640897844361 -3.0031441170062316,3.4131665883622846 0.11885600189448198 -3.9728828546305857,-4.842465928467545 -11.630482357539098 -49.474136630978855,20.63612439586231 40.6735095201336 7.730657352905132,4.367291710412578 11.09938775743555 -6.54158711549923,34.55519249932945 13.311288198169786 47.33695456446432,19.426211117950732 -37.526162451586664 -6.714011304380804
-33.886740516129194 -22.579998937090334 0.15054814933132699,-37.21437184891535 -7.098318915233437 -11.518367723736521,-39.93908180489251 1.6268155914869782 14.543121730353292,76.7128218624609 4.686882011888453 -2.009230401401677,3.3135016710007235 0.053933372126762746 -4.230153813795161,-3.806140633640368 -12.687557121875766 -49.0451395114062,20.074430563004437 39.212767083279005 7.225026706202478,4.352768399258759 10.943666367849591 -7.137106877348182,35.48536675619997 11.88584852347295 48.2885920515728,19.69703052706673 -38.25659607029582 -6.9601666483885865
-34.48692863448746 -22.3945837456898 0.2725391146650984,-38.86671146712171 -7.168119548045956 -10.977205558158984,-39.73408402738894 0.9194297288222706 16.206160461114667,77.80968195919516 5.602562396054427 -1.3933407215962057,3.7544492276209045 -0.06217304836663095 -4.597813562327553,-3.0036197963200797 -12.859580655350856 -48.710630748761226,19.42182476953201 37.54168378353782 6.6558925960869635,4.90909909902304 10.719187593336361 -7.785678608575708,36.04945391376251 10.372417747084631 49.350878110205585,20.151487406762406 -39.47616182988431 -7.369587652072956
-35.212853227190806 -22.455137066939887 0.5769882866169267,-40.9246591230532 -7.889771074340668 -10.323987894663098,-40.8190801506398 0.44302082202576626 17.9067141441709,80.68210654707053 5.192560140524494 -1.0442317391638634,4.676844472066552 -0.17919248063254378 -4.887043762741589,-2.5294759751288747 -12.402110914933616 -48.540991453192,18.873733178294295 36.170987036409464 6.19933530939992,5.926830083591883 10.511778483995617 -8.213929942662215,35.846453941775934 9.630467207054675 50.474550222798406,20.70688946551619 -40.949369781765384 -7.864272688714569
-35.95328346697446 -22.65858068624106 0.9800603734521572,-42.68084398755897 -9.095379987170542 -9.61221507689369,-42.666561339903986 0.34042646802304255 19.2649832593941,84.20285959068153 3.881547516307994 -0.7798681864850359,5.829188660347919 -0.2729675955577934 -4.967843355855925,-2.4415313300455335 -11.570083816524214 -48.56140005882783,18.570748452599663 35.44978049771498 5.969658076831565,7.113353755017255 10.375934893921203 -8.248882904008497,34.77900715195627 9.98944753005618 51.485315187654415,21.263387070975917 -42.39480052453812 -8.349448942751788
-36.51496214320425 -22.850313550268552 1.425251894106756,-43.453245267623835 -10.35395252596674 -8.907838446609261,-44.38303965985828 0.5697277352793662 20.069484695339014,86.85122308812839 2.4175084902444945 -0.48265684366218853,6.856295863774254 -0.3615976567349295 -4.8348462009523185,-2.7683877260017007 -10.440734454456189 -48.71669445460691,18.549895771768057 35.44594107298526 5.981264883076413,8.103468244890072 10.299768729728498 -7.926847133937216,33.15553761198254 11.108210705407231 52.132188429966085,21.72351493986418 -43.55521588273342 -8.738325060428753
-36.679994302607554 -22.887058196996144 1.8884440438332792,-42.853358546507074 -11.16891489245759 -8.252899315316489,-45.0788047196476 0.9245792068223926 20.317526428063857,87.31003379123915 1.524230321303535 -0.16889634142499643,7.432126445296525 -0.4889638775677393 -4.59831908452758,-3.487750736554004 -8.921879044127827 -48.873615298301864,18.745027556097625 35.96249813113306 6.159359616329234,8.596893517298758 10.214855174953868 -7.487184250637794,31.581236472054183 12.21416392449686 52.19216813097417,22.003589848542507 -44.23448443529572 -8.96506908907118
-36.30412395297672 -22.704168485229165 2.356770887586392,-40.95212377575502 -11.223350056181385 -7.658597234055595,-44.270785238358805 1.1461593140473976 20.15768394577372,85.03851299542389 1.5727352554833507 0.035646812583304044,7.38262437513975 -0.6870727385688432 -4.411764848489915,-4.4918084339563915 -6.927774080066549 -48.87152655432304,19.0284318911343 36.660612208363375 6.38635152290872,8.466661325985143 10.044479648013443 -7.251598230090165,30.694011822838146 12.58603285339367 51.59317218404749,22.039026209790702 -44.29957775413063 -8.984535488923786
-35.40751404230395 -22.355887372907308 2.805342962015283,-38.27158721482243 -10.542018222826869 -7.13006917187455,-42.129115985808774 1.0635193702883183 19.780498094667884,80.56191682166215 2.428951919305133 -0.012394861602805118,6.748581222172084 -0.9430117712090081 -4.383080612055829,-5.574578695789107 -4.589371996350501 -48.60121891292188,19.268982292528765 37.216062212199894 6.556377517934966,7.79706973417345 9.759787464680393 -7.4544658443379195,30.88120314731936 12.000298048402868 50.49352135135607,21.79222312380897 -43.676839708940534 -8.769428130520991
-34.20391756887534 -22.003059019044667 3.1931450168644777,-35.597968850199905 -9.481472535495989 -6.697959475814946,-39.432449332937225 0.6826798495729225 19.32348917863799,75.31258613201885 3.5511097103093157 -0.37519140074387564,5.765034676478573 -1.1944098792286404 -4.522270942822617,-6.4698758506950655 -2.336038896088965 -48.0694820946711,19.379856551503167 37.43544080375367 6.612145301448315,6.841675383943177 9.407870063914125 -8.117361543245112,32.11721063713148 10.87384038903993 49.26119594825274,21.2698871434847 -42.37711442843139 -8.318578213394668
-33.04043504421778 -21.84482975106726 3.4825046625908,-33.68555110496315 -8.551409189203047 -6.423497591630947,-37.228544963234874 0.1744576441895107 18.838392654718305,71.04923761244697 4.286886484627839 -0.9860145243511341,4.769646915828186 -1.3600358933611898 -4.753293953367715,-6.939707560900249 -0.7609384645534769 -47.409929841060816,19.33956806776033 37.29381579473336 6.552827984057643,5.92503574324858 9.092239437514827 -9.03604688473696,33.99323561452776 10.003661051824624 48.3364635761022,20.546439438607297 -40.55674812193215 -7.680216420397496
-32.26590065249649 -22.0198876951494 3.66776647141461,-32.969761729857964 -8.161060283958342 -6.361540639105183,-36.34468525551182 -0.2305897186032143 18.325492483418852,69.08886635209832 4.21942736409035 -1.6767148094723625,4.080916618303922 -1.3898270203228007 -4.9773421042420125,-6.87847397482402 -0.3186417614240704 -46.82812845768389,19.185850047316613 36.902260036400556 6.418946770987741,5.3315226607672725 8.914833928544349 -9.885495430508444,35.90961786970004 10.038704707404438 48.02307328682389,19.7781571922033 -38.578015661056696 -6.977359337242171
-32.086423136291394 -22.523492227764766 3.7908321810694674,-33.40902710016341 -8.423850418541608 -6.498975517209074,-36.98020616664564 -0.37847979603874404 17.798434475733984,69.70179089854197 3.385800066883764 -2.260650755872653,3.8955330607654792 -1.304786165971458 -5.14444001468177,-6.3797973428858 -1.0200792804546843 -46.505945402106526,18.993580885272213 36.44396152642954 6.269906301762168,5.223329672632645 8.91271075945554 -10.38385146282109,37.324503710550296 10.986907429797883 48.304509594898455,19.18837487528364 -37.00509820843536 -6.4108294740014715
-32.478368695858755 -23.18559274321483 3.929023377838155,-34.52433967472891 -9.12036134756555 -6.711490255313857,-38.58877703875344 -0.28042367408455426 17.326997541079415,71.97194960495004 2.2562289937219235 -2.6225395872417288,4.240740645997786 -1.200628211940944 -5.28750057417715,-5.723321119211229 -2.3153177008661476 -46.51442824866184,18.85023284159578 36.11787267332595 6.167775696144977,5.611318048863218 9.027533787727469 -10.425796592257928,37.938057106473316 12.062475478919415 48.789927360089514,19.013363024937576 -36.486316070605696 -6.2195250781866545
-33.20379985695919 -23.729703382566324 4.158860027405377,-35.621778715450446 -9.833011055076122 -6.7804197509505055,-40.124627080796344 -0.10307969777065273 17.023079880619633,74.21770194671382 1.4854400485734058 -2.767149450816487,4.990882456838613 -1.2084986602480328 -5.49843286250724,-5.275147672573225 -3.26842555113683 -46.781564525980755,18.83649540473639 36.10549508613221 6.170564616530787,6.377796175081356 9.128481519983051 -10.115705552783687,37.74028192327095 12.004126790411418 48.84527256409376,19.41905040372254 -37.530817013432646 -6.598655072071908
-33.92308075665755 -23.892510737218114 4.515821859901379,-36.10194731503489 -10.174160536777816 -6.47988294242929,-40.54680548288992 -0.06694229325640211 16.974636758544417,74.79535716447955 1.5652576705470915 -2.805287032457328,5.931130407400215 -1.4307084045931309 -5.862994257891986,-5.3394488927412995 -2.973940708407338 -47.13204490927153,19.01178147216963 36.54990687279554 6.328112881789196,7.331848315264018 9.07896418920088 -9.688575206687604,36.92934142291648 9.734179348257724 47.875649835038416,20.420004338811538 -40.25970861541378 -7.604502081147414
-34.35023358239602 -23.55040114440182 4.974184230652066,-35.7188567085302 -9.9828428776081 -5.699421380523887,-39.33999054660448 -0.3121721228011629 17.168948506767173,72.90558111827436 2.5586290079832263 -2.890959831844695,6.83720090300527 -1.885031390670647 -6.396715434874599,-6.026771843667356 -1.0244697346860145 -47.377172771208144,19.40064907461924 37.52669042939144 6.671419691872346,8.272119684915758 8.811794583617594 -9.368609027302359,35.76987583309623 5.023408328312377 45.63849710298037,21.840763315183086 -44.253968440301634 -9.092106654158107
-34.37489941759417 -22.79020080073467 5.459829778879266,-34.67094853885244 -9.388027852464152 -4.536386920514156,-36.792311831603556 -0.8093186861201198 17.457914886474473,69.00293101768402 4.052542164679795 -3.147538328211311,7.541261295502991 -2.4883444576577487 -7.022929192823854,-7.200970014930809 2.2083054353762157 -47.40650855761929,19.97921230184544 39.00048608528839 7.193493978704295,9.037778858671995 8.371124625104871 -9.246880818306717,34.47551288484331 -1.2051547680579047 42.43207998442599,23.34769688004001 -48.60144847760629 -10.726677961431701
-34.09225663836736 -21.88463079260864 5.889411585276491,-33.48278031812917 -8.713443646156026 -3.2972295474010087,-33.88467786368896 -1.3659770493496561 17.59678792516423,64.59334778299339 5.353273969365669 -3.621287046096271,7.966701518278373 -3.090236713374282 -7.60711724546091,-8.532126251258903 5.641487732289169 -47.23349235391568,20.667383052971598 40.78717181816813 7.831262843390954,9.538901926204153 7.896547802582161 -9.244390168571751,33.165805376892386 -7.13293205584052 39.04679626749336,24.549975271871567 -52.16293190625156 -12.079395427886451
-33.7298768832894 -21.178568685494913 6.213482619644493,-32.734182435615395 -8.286070616638645 -2.38942151352491,-31.837839610186773 -1.7253560121499212 17.34594986001701,61.50805828926274 5.822201661106858 -4.280138996151019,8.129300519343627 -3.5405917132420304 -8.026540119560634,-9.633948237396947 7.896346000410064 -46.97405707179901,21.337024634841963 42.55871147781786 8.464812954972324,9.765626447346886 7.556015321552432 -9.175637705093505,31.892547791502924 -10.778595948481861 36.474497845014305,25.13456528163407 -53.969666310790124 -12.776972149584712
-33.513108568039 -20.9375372875611 6.438929831879097,-32.76793943956311 -8.259189914567429 -2.144945525866169,-31.535874389770978 -1.7010600570211016 16.58731093764531,61.01113880648881 5.179876687910868 -5.047990728685749,8.112422912479673 -3.756776983815213 -8.232426491959831,-10.224850880267617 7.889125889797379 -46.77419361446235,21.84271710178563 43.91853005545009 8.945737314491568,9.778212298397362 7.462289783540566 -8.87098355635141,30.690082630278898 -10.870692902552813 35.49316767147637,24.980039640292755 -53.588534145900724 -12.643501802316067
-33.54060473183064 -21.230911775628268 6.618592108299678,-33.51962500424549 -8.546159374777668 -2.6590250986959143,-33.108551328171046 -1.2734728278348544 15.39497644758802,63.18922232394379 3.6264835043725134 -5.846609326970855,8.027269689493648 -3.7561895996577883 -8.267153256528712,-10.241199341679826 5.332728816010889 -46.728503690999,22.07075324657091 44.53963724711501 9.151197714047058,9.679954007999527 7.616935743567059 -8.285657761469185,29.601254027359875 -7.438765267387149 36.31753356958711,24.199377657612974 -51.290811498828916 -11.770691867121382
-33.733857514046285 -21.90687696880582 6.815523147850211,-34.55499770831787 -8.894081897456987 -3.7279283235717244,-35.87593099586677 -0.5967952780425614 14.021431538256694,66.93179066149138 1.725702258935304 -6.617921317676234,7.96869507882178 -3.6384645649476623 -8.22732389590081,-9.853560767092212 0.9167475500743789 -46.83317414205558,21.988878180228156 44.314251759828345 9.042575111756108,9.576364630866273 7.911170674846329 -7.5349667438186945,28.661353822514634 -1.8311010276678088 38.48785533806013,23.092019722588017 -47.94284978073495 -10.482340182397824
-33.88411436444577 -22.67095411358996 7.0640184910487065,-35.29741683163187 -9.047037728405494 -4.923849277406558,-38.67660186510424 0.08284954493861618 12.803858621772683,70.50739043350268 0.12230193071122707 -7.316627238227505,7.976704731951746 -3.528403778794041 -8.1974602224312,-9.38093707004945 -3.9252941944762867 -46.99457152172003,21.67255940862441 43.43981758747914 8.698445937203294,9.529637793362472 8.182421137066898 -6.8399784408154245,27.8616036273873 3.8542823966277973 41.061995280542476,22.02618191878782 -44.66396242628404 -9.207227680670893
-33.76894702896264 -23.227922153691594 7.350535083708463,-35.330396287532174 -8.901486807761874 -5.775752332859091,-40.410069874794885 0.5490568536970939 12.036214572284921,72.43249987112172 -0.7544410823801592 -7.884962440151321,8.014780850590483 -3.510967721711975 -8.19697002944716,-9.142846498961244 -7.569357992101412 -47.08316478373038,21.28923529678461 42.381693834294545 8.29860102124414,9.524566472220164 8.295935470851369 -6.418549715820941,27.132834784288235 7.655008419452605 43.02997796205872,21.303581868376117 -42.40443926115363 -8.317155864683896
-33.27596261501155 -23.41543466660563 7.62480083441964,-34.61886671761941 -8.566376467803858 -5.969635277327345,-40.522342567526096 0.7087955059690465 11.868726591611736,72.17975204588414 -0.8512089168771644 -8.234367177728325,7.975989425170587 -3.5926279652087585 -8.173956074958175,-9.314715290935263 -8.842625087566958 -47.000158289511525,21.03946438841908 41.70594004340164 8.05763685115798,9.46453381679158 8.20830241550733 -6.384081273392876,26.376058285860708 8.531302897456806 43.75875925239749,21.064542327555735 -41.629392075594374 -8.001636362818584
-32.4700234347582 -23.2634170753553 7.832998987278817,-33.53089572567803 -8.298753845755593 -5.47067404040798,-39.202441545076475 0.6111095368063622 12.279239197915356,70.36240218916225 -0.4459145048837665 -8.255349127912883,7.722174462024443 -3.7078868357660846 -8.049087880849996,-9.848314398575095 -7.48578316319996 -46.72242229052632,21.07544461734222 41.842163452349965 8.1329926195044,9.208351434122685 7.980615061638697 -6.704923979632486,25.530142800758497 6.70411081705579 43.256351484790486,21.26929559684276 -42.235451617330035 -8.230187461637078
-31.571856830800385 -22.95344100041783 7.952303647397563,-32.64310084485625 -8.35691083157748 -4.510049646790648,-37.2130540726072 0.3898506868403315 13.120902238509476,68.31522516942897 0.057718027527061455 -7.859418494863642,7.148908066499059 -3.7648314975806834 -7.780353752850763,-10.489490372326202 -4.248700846237561 -46.30826317471241,21.431734895546864 42.88097346304554 8.548979466586093,8.640796929330715 7.736790576295789 -7.239092569947603,24.63425192544308 3.426055454236978 42.13090906151442,21.753199384459975 -43.70909893676439 -8.808547619552145
-30.862106940536783 -22.705205741777725 8.006601519283302,-32.4272781899018 -8.856573794375759 -3.4495387333346126,-35.466589979579034 0.17245020959694202 14.21101408467019,67.31608944983157 0.36893258489107783 -7.03602292707405,6.253395333465548 -3.703049925402696 -7.405643511400046,-10.884293057205774 -0.5884005877277648 -45.869708193250034,22.001492015566676 44.50611409436694 9.175079677718907,7.749356577007645 7.591712059842398 -7.816040160212363,23.838162879534686 0.34128398981112973 41.26970910884265,22.319581087252175 -45.42068646827509 -9.490284289180407
-30.561119815413484 -22.654500338291207 8.055837140444563,-32.98303882563588 -9.708710658279658 -2.5990959594545164,-34.579344612621036 0.011833044243205637 15.408452694425351,67.88151381059433 0.44673062958974885 -5.894836227877604,5.1730625534892045 -3.531981494581472 -7.033826654254279,-10.729209342795425 1.9002809745714409 -45.53175340194886,22.573126675903026 46.10506992347994 9.773392334800507,6.668766484372842 7.588691029239932 -8.314772908746647,23.342456977910665 -1.2335471189937817 41.39969153209423,22.821249256308302 -46.89640111061173 -10.08359154666829
-30.74317218409496 -22.788635549674694 8.167455534677785,-33.963580332804284 -10.667388116335577 -2.0831253797007863,-34.63036848423088 -0.12141727429392324 16.640535914070586,69.52060166208474 0.4672471745265714 -4.666462157802852,4.167596014503192 -3.329856415916158 -6.787913849773135,-9.904842634885915 2.090669059850937 -45.39829239308175,22.91488682682314 47.01887846624105 10.097301210532349,5.662637308946515 7.678925421121581 -8.696728802876882,23.295334338186933 -0.7772539836546932 42.74577643586478,23.19535590186844 -47.94469395931248 -10.504430460983283
-31.322221312720078 -22.970979384435786 8.38755350168945,-34.74449735744569 -11.454003186751022 -1.8197088505744654,-35.22709226125617 -0.2903705678459223 17.874821087925955,71.07211945218468 0.6568340423411443 -3.6512663077995953,3.5387559559387305 -3.2053035931068132 -6.735245088993464,-8.539722882774754 -0.2672670930399268 -45.53227886032171,22.87169077972632 46.82298645664201 9.997688384173365,5.037741172243532 7.75183635810902 -8.984230448949681,23.70416073499694 1.3861342320014882 44.94848972511883,23.446712161467566 -48.60905826845105 -10.762889081641886
-32.10806437776333 -23.035400464702136 8.726304054160456,-34.75685639694941 -11.885989194070824 -1.6124277894875885,-35.809003655048215 -0.5257154016183725 19.065788218216348,71.4227158124095 1.103556495234311 -3.1285496959835255,3.512639123029259 -3.243083735946316 -6.849194120908459,-6.977787611470053 -4.482806761591558 -45.94543138290291,22.431356442832378 45.51199331112724 9.487863503095994,5.020426368436778 7.697988180116566 -9.209325843541626,24.415878963912846 4.400134815689961 47.268168454571025,23.603606809913533 -49.01790567230145 -10.90795246965384
-32.89798729752952 -22.892654743746476 9.160128593936085,-33.812967096554054 -11.943294515339458 -1.2933455279200299,-35.99811256926078 -0.7898352926405263 20.120006885771197,70.19166258063098 1.6686012645894608 -3.2564671010986026,4.133214815497381 -3.462076440120989 -7.027818744746776,-5.659133256064775 -9.213980286304103 -46.59034680009773,21.730374296559397 43.503366029707955 8.737114126969248,5.648750352519851 7.470346361862255 -9.372539258482078,25.181459480260997 7.33374614375595 48.959615968966204,23.68137495540752 -49.248381274407656 -10.97480520511623
-33.55632367520358 -22.585678479525743 9.641257341196955,-32.24786900618626 -11.747586052372794 -0.8320085678985681,-35.7949564705936 -0.9955237368626333 20.908780291270684,67.98764731875883 2.0555536175771625 -3.999651891476303,5.219268277878527 -3.80515584573503 -7.158615848950616,-4.956442741350113 -12.986868193232622 -47.35625266783197,20.996686235214657 41.458956687975814 7.996410098244983,6.73373991886473 7.112563337186235 -9.43903238824964,25.769015783841162 9.542460362151393 49.6221599046925,23.677391005223832 -49.29169043961144 -10.96890360577378
-34.04698957556251 -22.261941490137747 10.102702109131977,-30.788762812896667 -11.47974041174798 -0.3506987622206932,-35.52147660504544 -1.0655019034096593 21.32415911484181,66.0854866264871 1.9977694363078027 -5.114523842741656,6.413823311971314 -4.162940961646125 -7.1879945866139145,-5.028038577334429 -14.740582390946384 -48.08011218560105,20.455471613263057 40.007345533560766 7.491559520984989,7.91565609447108 6.741817564549293 -9.370795252391886,26.060189191759235 10.79462009105167 49.35366183770414,23.59558881558343 -49.1261222589378 -10.890585007303937
-34.41256453772594 -22.080453534797265 10.455424396887137,-30.20537379721292 -11.290466438642053 -0.04407926813217067,-35.564817908068996 -0.9904296446622924 21.343535014532765,65.70032937575846 1.4496741603149554 -6.204758637722133,7.313970641947082 -4.417008673208416 -7.149487991703227,-5.745945518848134 -14.19202463196335 -48.58557690409822,20.239988733445088 39.49338025254152 7.333222648299445,8.797749962373235 6.49726006428866 -9.167796067499953,26.075140859256834 11.180871278866864 48.6464637222778,23.475986145231428 -48.82436141866681 -10.773386505563538
-34.72118108807655 -22.11020574110591 10.58794934790043,-30.913816388634213 -11.252072460420461 -0.057186630989706444,-36.09067593052672 -0.843243165088661 21.059096984052264,67.26924786302502 0.6605743933224277 -6.837084066912781,7.629139766992764 -4.481532062024838 -7.130463773074244,-6.732953026436512 -11.888540372871951 -48.74794983064265,20.345656311682923 39.86350877561181 7.483038007933445,9.101828229329463 6.4806909530277785 -8.88548487565302,25.917510352663914 10.934629272034691 48.09773322978802,23.399706152873836 -48.59521326614949 -10.698494026168664
-35.015086729977725 -22.282923622289665 10.385472250533452,-32.74012257532141 -11.364972225100129 -0.39716680833128315,-36.90714089044801 -0.7365762075492865 20.647300264684624,70.15336083180966 0.07450364657905617 -6.686592557373022,7.2981212274781555 -4.32742273249312 -7.198033394843599,-7.502923677371985 -8.938160104787885 -48.56059477851378,20.644292222710128 40.72740851785253 7.786590869380086,8.776931769588558 6.7166132254571185 -8.613670968943682,25.68312968555343 10.299744834094845 48.09514217843832,23.45608963410951 -48.70378951658963 -10.763959759773705
-35.28771391830931 -22.431919486829752 9.777458416075522,-34.97534573831732 -11.595392963585411 -0.9300750112440905,-37.56562928118911 -0.749061255837649 20.289147538686844,72.9432915721223 0.10014181494334196 -5.666696486611836,6.510636848377018 -3.984912839686335 -7.334923287042106,-7.656570596955924 -6.531988461793289 -48.16321800512826,20.94766390664443 41.553536808807465 8.05208558053538,8.012462030853735 7.146067808890332 -8.429979165267957,25.40047631841604 9.50111026021585 48.63819560592819,23.685669949938745 -49.30091958319163 -11.020278751694718
-35.49592066917583 -22.397839628723574 8.801553615088897,-36.70670029680422 -11.905387219617735 -1.4604545448491706,-37.640922736619665 -0.8696704356391995 20.082964972529517,74.21324235955939 0.8735512660379633 -3.996466616721961,5.622275395513709 -3.530943075373478 -7.434327586065275,-7.0570309676561624 -5.455042545024499 -47.800299517242564,21.088781826121632 41.89976615095927 8.134422113310944,7.151150216333136 7.651269010006308 -8.360153274896312,25.048821147044354 8.772913731627394 49.372324323022035,24.033564282488026 -50.26619749578227 -11.412159290335213
-35.59342066178331 -22.140357830930725 7.64957429151952,-37.26357429366609 -12.25100657084012 -1.8413874965516142,-37.021924152835965 -1.0005155510790944 19.998312223380488,73.31212165510966 2.1477708779933 -2.170686172151924,5.001592200040495 -3.070818207375821 -7.367276467048958,-5.90960266840114 -5.7873847810842305 -47.71118121044289,20.984952392657757 41.57571578525202 7.986579346676364,6.54357872407372 8.095819112828632 -8.373802761799343,24.64343252460019 8.352596853044478 49.79697058854633,24.347956742180884 -51.1797743433235 -11.77042999994282
-35.561530355316556 -21.78699816651081 6.6547526363366645,-36.550529841512486 -12.556783794960678 -2.0464381036212584,-36.03253736624403 -1.0216060409736474 19.8976088122025,70.74893338403093 3.3793043535909297 -0.8255197937105022,4.879911134979249 -2.7192701154125856 -7.086701079507161,-4.7024005837868295 -6.920433700486713 -47.99689253787467,20.659110255289136 40.67828493504666 7.660850222341199,6.411274691418208 8.363405620572042 -8.419508840951986,24.321930750408175 8.388001819175145 49.52415984784464,24.435764755771377 -51.47333514141619 -11.872960368164396
-35.41809168935344 -21.582249953583823 6.198237311474312,-35.08983195680485 -12.699933448132768 -2.1615332748916654,-35.295685440865384 -0.8786166798321909 19.613385362380342,67.94480683712109 3.976612781537571 -0.529642285458247,5.271383553708187 -2.579596813087222 -6.700064483994782,-4.020125486086708 -7.880361326609914 -48.5364700919362,20.217616261646754 39.50886818882512 7.269236710495662,6.777323196207561 8.384665232986226 -8.473893475362885,24.350539854927888 8.798863244102293 48.45264920153474,24.154312129083298 -50.70510692878601 -11.55248604354752
-35.200192313945436 -21.755435454216418 6.552693210367876,-33.74138699325223 -12.536206860781503 -2.3071379229390194,-35.40018751398135 -0.6344924555636862 19.036611204371948,66.46958649293835 3.5873604004560224 -1.5651403348085522,5.994544587166784 -2.7174583561546672 -6.4505155335542295,-4.299995842356203 -7.814609281734476 -49.01506396201357,19.80199923431691 38.433579557287885 6.930619362612707,7.487132501500813 8.150816767369102 -8.565877158775915,25.009782118536034 9.208441490238418 46.78361482816838,23.493341284541867 -48.81959630334999 -10.796642175754084
-34.93175044378922 -22.374122774638593 7.722784527493431,-33.23526535186699 -11.969997435441448 -2.5461263717368876,-36.54707242719595 -0.4430172130845535 18.165085977168584,67.16736348204957 2.277928685222336 -3.779267254156133,6.775900198051254 -3.1310847181062247 -6.595360257235181,-5.631266233146541 -6.419155877401565 -49.074730252847736,19.539943713603314 37.76127887196342 6.733352047327015,8.29721856001441 7.717294672322837 -8.75096877225575,26.39709075620586 9.05235763894567 44.89640350135172,22.601486866669987 -46.24355249096907 -9.782320480816582
-34.59484005065213 -23.263831789149002 9.361868620087186,-33.754459742364034 -11.033157697610413 -2.841993757523743,-38.37251864427841 -0.4495465276684185 17.085103931715064,69.64429963260515 0.5133840373592253 -6.575107141479096,7.3774990271469285 -3.7288711817236964 -7.2350191668460955,-7.68946757367465 -4.104099257574891 -48.52883651007557,19.515010143541588 37.68662986910001 6.727097571923714,8.980228841021201 7.198967119514926 -9.044457012951172,28.253037943522752 7.870304145754771 43.17270985772581,21.73744494661716 -43.74704749802203 -8.817304570930002
-34.12084775788814 -24.04514059009936 10.825074320247609,-34.787855896297145 -9.917422307636427 -3.099022903615306,-40.056179187306086 -0.6734685044220325 15.900774897345787,72.4038292883955 -1.0511105855401626 -9.064894418413582,7.683785503868635 -4.331098107591991 -8.187680702149448,-9.84342790410182 -1.8122229148998201 -47.5307233528291,19.760324616816913 38.29771376232757 6.937199402727823,9.39436627017854 6.754026628594284 -9.35558571150736,29.931895804500066 5.649649207630828 41.868309078532235,21.165201378441488 -42.12314427295061 -8.211462705247182
-33.407219598973654 -24.28050936073287 11.363921102719527,-35.34146886711239 -8.921819770752588 -3.2606937383589045,-40.67379920295488 -0.9472751083653858 14.658950654946747,73.56995675972092 -1.8609820538764978 -10.347293498226811,7.710594389401915 -4.708080645067129 -8.995806243608012,-11.397915759645665 -0.5708394581568434 -46.59025225302747,20.26783717113386 39.60987049534351 7.381362714579328,9.492602902918176 6.552236703717897 -9.474176770248754,30.578032150208678 3.0096651861532258 41.08439121088993,21.04328871435671 -41.84187062474058 -8.140044682722442
-32.3539124547531 -23.66581198855255 10.400001135995215,-34.4152256010673 -8.323772262787653 -3.3996756608295353,-39.62302201742199 -0.9625212803105226 13.322605704651979,71.82541841311588 -1.6908877264727447 -9.814270489675241,7.544587554272944 -4.651600598934074 -9.089038676148839,-11.871155314606142 -0.993287177557292 -46.39608334473192,20.99926476898098 41.58084283854245 8.06965123281918,9.284344182225427 6.728622134963583 -9.13690063386278,29.461959552378175 1.0590202004096492 40.82074825037452,21.362557530979704 -42.85425130520916 -8.569030725876758
-30.906140430349144 -22.176069459217967 7.768432943100843,-31.514894746697 -8.233931483208309 -3.730537026604516,-36.911042806291526 -0.41400964137787244 11.817034968539911,67.07752660722156 -0.7053416474798433 -7.370827572539918,7.258995065913378 -4.056826058544972 -8.043308029841558,-11.18587097706203 -2.9817269923885643 -47.500667463717406,21.889463884946323 44.08795717777201 8.983302127900398,8.787553449808861 7.33411505544671 -8.15356462058948,26.330883873339825 0.9231486793222352 41.04610890218592,21.962084376183178 -44.645316756547196 -9.281177008482024
-29.08861801754473 -20.094973634115807 3.8223528757879213,-26.94532309545974 -8.517127598726363 -4.51908286849892,-33.162961459186256 0.8271603165267082 10.126630773275267,60.51068230030377 0.663797459154484 -3.476792066307527,6.860540481749682 -2.9794315066726162 -5.81393307711643,-9.687809411180698 -5.790882856801721 -50.00883220841226,22.843443424734804 46.8871116685967 10.046032820233927,8.008821663632556 8.303354579682797 -6.531341469191117,21.59708074155058 3.139383277995698 41.72424429743338,22.61189030100895 -46.502106240425476 -9.987753570532062
