-30.195731666945274 -20.460116721227397 1.5224788375626248,-26.354907745312566 -13.187771764021768 -4.468988919995508,-29.301299917984444 2.5409745482880988 10.040763702590134,55.72106206034134 3.108328045485135 1.187251319665493,7.260188926816154 -1.6812337138507285 -4.23344415293674,-8.432546952958033 5.038863189679747 -50.05092785528848,24.96395649224404 53.62052313779006 12.782044546763547,8.096328797606578 9.692354170676767 -4.301110981958801,9.263642601010101 -3.3444577090355776 39.5094905468009,25.294815908351396 -55.56669455801825 -13.665484979965774
-34.00777135664323 -21.14432732085966 4.448821484419446,-30.924365597208777 -13.849763546922038 -1.6436312985078825,-31.838893089283424 1.433538930228889 11.646658034534232,60.245247930853694 2.826218735279312 -2.2576377524822346,8.454507738044523 -2.5322751271421904 -5.8174761745919525,-10.599101895580823 13.3073819651798 -47.516692766117515,25.747045088741864 56.50988437312573 14.01337051420067,9.525304682147837 8.997993540872798 -5.043398408138431,13.195216901446507 -5.798792319896847 36.77784274956994,26.32914047450992 -59.66736403113236 -15.44856468291796
-36.748579649468 -20.98834233840629 5.5960052255934984,-34.19514365322681 -13.737932305352771 0.2055503750993175,-32.633949614954005 0.8208521742110908 13.310518546784957,61.97235076085185 3.429040429334471 -3.8525476912550363,8.971401392857283 -2.8750576646536707 -6.3365144910919176,-12.550015456368918 20.67453887142949 -45.91194697502647,26.626146951042248 59.949865671461026 15.504393386960672,10.113060161643856 8.700135515792478 -5.34216994103158,15.840163036706272 -8.265426731233383 34.47407939599681,27.379133526900866 -63.856797979006345 -17.288063351145986
-37.942691907286786 -20.16668280566828 4.960362778496187,-35.72071105073179 -13.009875145659429 0.7839032493550411,-31.796188004343676 0.6893402028888667 14.587056123719941,61.00528896052804 4.680723489316877 -3.6405964385436564,8.827776856774788 -2.700625571958831 -5.918883881764183,-13.887909570652543 26.113001045603475 -45.322279417185506,27.37002324454943 63.0760908445675 16.889836223415394,9.901567611974837 8.822374255346487 -5.2613885970389696,16.788848448935596 -10.37800282611572 33.00744682123166,28.218066008263833 -67.24994306997212 -18.79502462932049
-37.583288151028626 -19.13052068728426 3.2004703016992138,-35.694763096196624 -11.961806812049048 0.18194525442574605,-30.106248524010166 0.8800904489746464 15.057158269386887,58.53270545814557 5.970486505911132 -2.405395910462855,8.245520744499334 -2.2058371877072953 -5.063809724228719,-14.447319876061467 28.601531710738374 -45.379678269973354,27.78049011483126 65.04072907850338 17.794745064834167,9.188171084002375 9.23531112839685 -4.960914218638788,16.30448436527699 -11.760728542330028 32.53258537128699,28.607625307594198 -68.91935521887801 -19.557939761079126
-36.13183784824413 -18.3991806446639 1.3286067638724752,-34.80753125472893 -10.926232543115116 -1.1878873306601259,-28.645796713514112 1.1645511604519991 14.554245639471727,56.30646612390136 6.621180977115095 -1.2321274355342355,7.538566736614392 -1.6929160699582637 -4.385388831235388,-14.278691396980186 27.45112145576431 -45.5111024058796,27.767105931343266 65.32951726771617 17.97326605864897,8.37649001488142 9.71516287431245 -4.63910768279081,15.182355658747365 -12.058805117468145 32.953879796923616,28.416818251433355 -68.32071675630016 -19.32637317912664
-34.328028224964726 -18.327380873830315 0.2572336718722159,-33.90861684838002 -10.170262867837135 -2.770213442365698,-28.319486196817365 1.338568080838495 13.295408963698954,55.8905401880781 6.236260503500462 -0.9382785879995685,6.9681493409460185 -1.4237912011725866 -4.317627950168368,-13.536373842633243 22.630998350179446 -45.26501182166949,27.36541588805091 63.916493077255524 17.38724076114583,7.791749654780663 10.042704457752635 -4.471726282357397,14.391174809428666 -11.031172716924555 34.02194434556813,27.70163272911047 -65.59406449862648 -18.144834315062475
-32.89163671614864 -18.959703217852102 0.4129235611209654,-33.63672032057918 -9.82926533192796 -4.080856784044887,-29.48527278511372 1.2974055535096491 11.83525153962826,58.01009154372475 4.906577873772445 -1.6697483268817663,6.6352572488681565 -1.5009211697297882 -4.924323602740879,-12.354168851847575 14.907265936293367 -44.545874367936676,26.697262148084207 61.20640407520946 16.197032582606642,7.547771158132246 10.09721146295027 -4.562771155163322,14.657730730393219 -8.67258622288994 35.46277170037614,26.69705468467747 -61.56629052869353 -16.361207335012985
-32.24937296528407 -20.035109990348417 1.5923278574732787,-34.17990844889295 -9.892922183805219 -4.865881883916215,-31.842631194276677 1.0639363356418015 10.850277532272468,62.271375906147846 3.1751719870518094 -2.8633948794191344,6.45960206559258 -1.8314032118615833 -5.8993521590892115,-10.789638348096608 5.691578308410657 -43.64438628587182,25.902281923940173 57.82138643020029 14.6799465279429,7.525434613863289 9.902323259455343 -4.918101387846504,16.172556532266398 -5.2942903841408295 37.0767217688218,25.720535163935832 -57.434282357692304 -14.4971891628824
-32.40648448648459 -21.127414714577064 3.113590694871725,-35.25790491042842 -10.239679702692598 -5.145581863589555,-34.600474052329105 0.7623673879214383 10.850279396108043,67.34962175441787 1.7843131384788133 -3.5801631956241255,6.250186689879377 -2.188147362665451 -6.744884957880359,-8.866740610560857 -3.355152028869977 -43.06212683057821,25.08158443024979 54.35501821925683 13.12243221771419,7.465932577437358 9.603873597193708 -5.447343535047475,18.531816663315258 -1.4970667172577026 38.771332588653294,25.034654808167357 -54.27630258518407 -13.03950272894637
-33.01153089946017 -21.84344675931581 4.1742312163478275,-36.30949423279101 -10.69984556917385 -5.138293471453979,-36.8236735232702 0.5523929132157246 11.953235702754458,71.53852036316468 1.3365455394552415 -3.0207936599336946,5.826720371614359 -2.3332507720890066 -7.028342689353875,-6.678117146665078 -10.794523774506427 -43.2335598863158,24.282169232516335 51.21205366890366 11.736671081337946,7.125630770921629 9.392401506587964 -5.99375498236959,20.92259703602414 1.9818381726365528 40.53057628828264,24.739069237707362 -52.629373434153166 -12.251492521571246
-33.56974972639724 -21.980908087295177 4.233909663375509,-36.77758429297135 -11.121792762856678 -5.11214505167872,-37.79482370951463 0.5542498600671992 13.83089451958344,73.41344133155388 2.036163426346319 -0.9500530981669967,5.127348842570635 -2.139335656313185 -6.5867496399413294,-4.46567795659734 -15.757626239692293 -44.29299732258538,23.522587977436675 48.58586561399409 10.630889615588005,6.411577017275624 9.409063657851133 -6.384822008089686,22.457182647086327 4.5004438727594955 42.352566110040975,24.745596369755095 -52.33411680166262 -12.09341434302728
-33.69313267595538 -21.57880701885609 3.2410743063916785,-36.35317633333193 -11.41931812574689 -5.240487174183492,-37.246247021758606 0.7973283130806034 15.849501704121403,72.33721274508298 3.626654705532229 2.1833540329874106,4.248253565903531 -1.6488306706207425 -5.58281220893245,-2.607582911009859 -18.043781092479733 -46.00088102045998,22.83412016760906 46.540788758708175 9.830076052548577,5.430969135915921 9.68021950539153 -6.489440791534425,22.51096591441357 5.7275761669816685 44.19529284718551,24.84514565132332 -52.70740730700535 -12.28319257749188
-33.26661396514452 -20.854141081603526 1.6109914098320903,-35.07655320309425 -11.587445780941184 -5.5277988766824455,-35.39539287991443 1.2129688373853567 17.33724359894837,68.63004602250086 5.5355405637042505 5.474495978174381,3.3983986871060714 -1.0455405469106824 -4.398402640947741,-1.4964325229970403 -17.982743928452507 -47.855466870631275,22.283153872231477 45.11307989959663 9.318685816473215,4.435361932671238 10.11020107749174 -6.263294001198842,20.934813331666255 5.746136778575923 45.95665300696286,24.826659640189 -52.9355429050579 -12.4586442282953
-32.46117527253833 -20.074729800787193 -0.010108358412909801,-33.27419238028844 -11.684844294692404 -5.8337373168202635,-32.808990113989736 1.6713252228044118 17.853629779798265,63.38046104711382 7.137975512941992 7.998088925698282,2.797408062833642 -0.558481297929345 -3.4338405042396425,-1.363896937941047 -16.184583490584288 -49.32203542118445,21.95438280830161 44.35014231880625 9.072249262229132,3.6951844438992687 10.532181719181095 -5.76569736823458,18.080006825633728 4.995797575682779 47.49213201616398,24.583076728315408 -52.47656998477073 -12.354742980526941
-31.606533727317697 -19.441231775787625 -1.059964062906169,-31.389194733503707 -11.791049185781272 -5.973741526909604,-30.183206889717653 2.042185781595852 17.342151514283636,58.01740841344654 8.004528938470607 9.214790053568525,2.572484174643154 -0.3508895522578195 -2.9230086140375917,-2.148508397904227 -13.328316595122317 -50.060118700920974,21.90194305373937 44.26414071880701 9.06053286025557,3.373461182316788 10.788892148244337 -5.140054239328794,14.655331387755933 4.080000629715174 48.65464244974551,24.15040465090432 -51.272190242606946 -11.909019033600607
-31.004455521996825 -19.033611929150076 -1.2945517674467486,-29.802475566776902 -11.954668309932595 -5.838868210905323,-28.137148489855928 2.2497059756967803 16.109193498009375,53.83618295317807 8.02408240811 9.143769842857042,2.7074045266571116 -0.4512025690690653 -2.856322774313652,-3.4893766243475834 -10.073856938664585 -50.04185883654645,22.099432248171752 44.74437116483701 9.22916103627375,3.4631409198112393 10.802257571986807 -4.5638126045675325,11.494019922779906 3.5236275225121347 49.33443516706744,23.66559059389339 -49.6846444441427 -11.252141773490681
-30.784383101935102 -18.833688605278542 -0.8386164196202026,-28.727198337375224 -12.153393801396618 -5.471409648306776,-27.08311731657209 2.2957234185623263 14.655429577061726,51.65314215274399 7.368427141744041 8.236877693477068,3.0659141443456983 -0.7572032709532396 -3.039424660435314,-4.864636695789302 -7.072285633344045 -49.51846900538526,22.424612797978522 45.50834965449325 9.483365685394807,3.814513258466257 10.59946832917295 -4.186844491169946,9.322964982782729 3.586817062785683 49.48250767664132,23.27376798215021 -48.22437909562576 -10.603115670106867
-30.869168558743162 -18.793016754298826 -0.05207789487123993,-28.20511109454577 -12.285642493694414 -5.057690137719527,-27.18657280516011 2.243232464831972 13.449166608921283,51.68011262465316 6.346190167147602 7.053355793166636,3.4710892839900302 -1.1044506381682582 -3.2418459525514174,-5.814424155403044 -4.972232439293428 -48.86914548467149,22.696527847268364 46.151556880335455 9.6964265292684,4.229821028030012 10.287097043854647 -4.083033371541137,8.601738429349782 4.208925957632262 49.112253941442894,23.040608690274922 -47.23725793942383 -10.135189506339156
-31.052919798912534 -18.89703418348636 0.6957888857541965,-28.174379396604028 -12.204662981264432 -4.841978262698351,-28.3904508831315 2.17212742963007 12.746502919011027,53.606966044114884 5.23818925448314 5.932028188815684,3.7939501829486737 -1.3574409420662814 -3.3459821013262543,-6.138740506424153 -4.327442702415917 -48.41752296241581,22.751752153272687 46.292298940708164 9.747696876517464,4.568413947319676 9.9913762839083 -4.2348195631470436,9.455882729961894 5.092228428427082 48.28408178302825,22.918188621970497 -46.72384900352849 -9.886202553689841
-31.13327247891651 -19.18828137719511 1.2169009635809598,-28.546768746098294 -11.789163758633858 -5.0046561971032855,-30.46721353263052 2.1329857252010114 12.529088365209352,56.80704261899158 4.196914938284192 4.8416203997693215,4.003440959301851 -1.4734776802353806 -3.4135092741000443,-5.969571746826938 -5.39790205597736 -48.3033516871959,22.520903976835502 45.741029334898 9.572692805017756,4.804919447076057 9.797865347683482 -4.555932709687928,11.69213869091985 5.870943889746379 47.08258036793011,22.779143235116727 -46.3739151812282 -9.75508541217416
-31.018392337761348 -19.741770231661825 1.5660429758209675,-29.24145050839273 -11.024827589945964 -5.565075259867237,-33.073816033868425 2.1243967939435073 12.568924137267853,60.55939726134642 3.243023877365517 3.476236602493202,4.1550157445030855 -1.5079914059092492 -3.6368191627293376,-5.680433511163551 -7.945160126304954 -48.45738939423516,22.062312057413354 44.59597667441447 9.195433026290033,5.013457269328157 9.720448881482996 -4.939968338213952,14.867028206013211 6.278579075591986 45.59596111635352,22.494533301457324 -45.773355246476804 -9.575455150642949
-30.753010005254303 -20.61367261987342 1.9587822861164144,-30.162568299606228 -10.057673174025854 -6.357377967574302,-35.80392826836159 2.1053404515338556 12.573052442053745,64.20982896144307 2.334393732550023 1.521157569826613,4.331147114924491 -1.564318083870687 -4.207570570747427,-5.6808222259258025 -11.174988749619324 -48.67196194401585,21.53080143559504 43.199228517236435 8.719753710518017,5.294295115612326 9.711070438901267 -5.310354069062763,18.383393224592538 6.238474521795094 43.90527927791139,22.008310960684728 -44.65088460276618 -9.216942993636996
-30.459971602626158 -21.794571227822864 2.608303702315191,-31.150923302099116 -9.182674402549583 -7.092589405029692,-38.24279539161772 2.0339313106170174 12.33399712777889,67.24433331197355 1.450223771886325 -1.0759686417249146,4.573389993530439 -1.7212516571908787 -5.178061780450971,-6.202026988234428 -13.932015265680262 -48.718308915226885,21.095036210690264 41.96366825122092 8.27874681689948,5.690796619377709 9.698894196940884 -5.646869426773576,21.600169602892002 5.848772693218689 42.08779638825034,21.367120821567223 -43.0242297601081 -8.655925464013512
-30.242162671139607 -23.188424994545453 3.579393662992156,-31.95997151625925 -8.75339253984515 -7.479566135556384,-40.02746877558394 1.9085287795996022 11.821311951277183,69.29466295422773 0.6373162702406985 -3.9858390237383534,4.847861440727403 -1.9817254638804058 -6.392172172671548,-7.182697293008821 -15.119060811766616 -48.451993066571035,20.846817629661537 41.15781033502097 7.9667482818761,6.147135706440105 9.63329531052734 -5.975850082949594,23.946248063467046 5.28756503231908 40.23428347326999,20.69295439613677 -41.176919497753396 -7.981292648964339
-30.107249796172656 -24.61915262875926 4.736979954213549,-32.2917184746278 -9.034674354875143 -7.350137613872249,-40.904461486269994 1.7853868021945056 11.184563165498998,70.11704987510194 -0.001514801678196953 -6.59340845989405,5.063993554471971 -2.27131842014771 -7.523281426277145,-8.307383566108474 -14.172161306140223 -47.866966686760584,20.752522627645988 40.76656326937109 7.790981382479977,6.531024011709672 9.506328716797714 -6.329899230390883,25.025217037972396 4.699087428463254 38.473308643987664,20.119618724626818 -39.49901350241289 -7.340886425394887
-29.957517783849234 -25.853451967234527 5.806887786889055,-31.889156871972496 -10.055176471832539 -6.732278550806534,-40.769019304523724 1.760028709454608 10.67852787365083,69.57932242064685 -0.3595878038419862 -8.250377734418308,5.133793191956478 -2.485265879893393 -8.199990299967991,-9.170072410493791 -11.358118189407659 -47.09046043432067,20.67541957269815 40.51003672448595 7.6714566151733745,6.706797290734487 9.345140638245331 -6.699136073375271,24.68966414242312 4.1224827146761385 36.98806995908797,19.73234549279665 -38.29700089385174 -6.866063101819896
-29.644635207326704 -26.629406308483674 6.504527593028575,-30.642962264501172 -11.530769483414003 -5.839364852799485,-39.672566454331 1.9204378248883267 10.549732587312992,67.66944481958835 -0.38175603414026105 -8.545337912331092,5.034766593458537 -2.554684823551971 -8.15705005087688,-9.471951051890853 -7.723218881101216 -46.33563415719803,20.45884395630905 40.01682998968478 7.491738704444069,6.61526083338115 9.183678210600048 -7.001529858644921,23.06193815284013 3.4945903407238084 36.00770472575995,19.54360349716295 -37.681311314819574 -6.618397501615592
-29.051549964330317 -26.691494559463017 6.65703092967346,-28.655050445167838 -12.911484605191173 -4.981603514269765,-37.796498225887326 2.2973027283788268 10.93179312445983,64.51535722933828 -0.09113501031083437 -7.454817633954516,4.837776993184936 -2.4923629153477043 -7.3398778334752866,-9.151099763651791 -4.68648492372161 -45.83697828592844,20.025391652931564 39.059760788275696 7.1739689699808995,6.313773357901589 9.03476833500045 -7.091657333126939,20.4896377918414 2.7159945032940898 35.76059485728251,19.512955530219003 -37.57962322448577 -6.583080758144046
-28.152665765162727 -25.841023723032734 6.258529609720927,-26.219742320915568 -13.556131484294838 -4.4398130109331575,-35.40349390645249 2.839967898764865 11.787546563227693,60.393553340017746 0.4224149651497168 -5.314363885042815,4.681895521455974 -2.390919031965068 -5.918130610789953,-8.385029861228626 -3.4532359844909193 -45.787590598420465,19.436195950661904 37.72139424699437 6.735914989531364,5.953831764265994 8.881686398390146 -6.80898008945889,17.44607464025048 1.7375020309222233 36.393696919760934,19.591262680559375 -37.842719539264394 -6.702571460981355
-27.022770866005146 -24.00539385492268 5.4432213682636865,-23.72465718172083 -12.978950731266753 -4.3566190378668725,-32.783481841534716 3.4338275350404857 12.916265776668837,55.70585565575063 1.0389892492139776 -2.6489334034079217,4.709236334603606 -2.3737604844817257 -4.2101128688892375,-7.478323766460835 -4.5240452792249375 -46.288123722040076,18.87413068801098 36.389381123943515 6.295527318071936,5.709381779326425 8.694561017392001 -6.047098438257999,14.407581548946277 0.6169764146776557 37.88399305932563,19.756688225924236 -38.358380235461865 -6.9213699115641605
-25.799722144852318 -21.30969958939866 4.407129833117167,-21.514802949011486 -11.06973398112024 -4.689985345509878,-30.207495073493305 3.952258586828438 14.021881294137902,50.91698524269205 1.647956424770482 0.032315290925982953,4.995798559198202 -2.5261801336926593 -2.5602764891274115,-6.706440547783766 -7.531649654483915 -47.313287045903046,18.555520110529145 35.57226962748885 6.01626734100442,5.696307162261343 8.46018841046197 -4.813745007525977,11.74823666245534 -0.48515688835378634 39.98416325392681,20.018803228143714 -39.09645935644947 -7.211225177625171
-24.632252380463406 -18.112853337163173 3.3303152624165278,-19.781712414532045 -8.18660103650727 -5.244629231660573,-27.893391393479064 4.316263363768166 14.818223792066913,46.46284883542058 2.1732333209111383 2.3734190150297936,5.516423153970132 -2.845127199602066 -1.227382989592096,-6.201725085480809 -11.473005589715072 -48.70408418694499,18.614788834049826 35.62667345080532 6.019557043448303,5.926880017662697 8.20448771931931 -3.2531142051489894,9.682489054831048 -1.3708942496688854 42.24237039837657,20.39081452665862 -40.06493053783594 -7.564275568677841
-23.646193182829226 -14.966199556461156 2.338096344791272,-18.525219670567722 -5.065681637370549 -5.762489617484517,-25.980710487215433 4.529267312522148 15.133508115813271,42.6539610530309 2.581006558871792 4.197456184933545,6.162398778206541 -3.23573677601327 -0.32675843940866933,-5.93395937518001 -15.203517341724801 -50.19564424472775,19.023521072576198 36.54113417021484 6.310811144918167,6.3214255516271445 7.990722095436241 -1.6167711933514415,8.262413185164807 -1.8992537649361134 44.11086636779639,20.852610868405478 -41.22215708345662 -7.965935920571948
-22.940902842608747 -12.476736676150937 1.505511459409278,-17.597227332227977 -2.56811603613672 -6.0296860435639665,-24.512863885489928 4.6669444581867765 14.972692042352351,39.60488578729125 2.8757239387226385 5.451788644069577,6.800711365666823 -3.556822832964132 0.16228236008708094,-5.7783634488464 -17.93414118328157 -51.48374303108746,19.589694959167975 37.899163967145114 6.761010363739487,6.766350418552389 7.89148677338559 -0.19038730884475458,7.412249833673317 -2.0654604623435544 45.11777817122848,21.334186268374946 -42.42134497464127 -8.373286531849063
-22.599774234348818 -11.103657798728827 0.87849517010063,-16.796116007871277 -1.3587992826457262 -5.9541764363705525,-23.43152920808192 4.826349250645209 14.50713467035118,37.216280566648145 3.0902466078634507 6.145473268455415,7.341477376636444 -3.6907980898196877 0.3443706276937476,-5.614907384420107 -19.487470870290856 -52.316701465182526,20.04211815039072 39.0539121966532 7.158266080941853,7.18240734322883 7.949351783498279 0.7981366290706289,6.972013148892948 -2.0261987745466548 45.03964987978753,21.735696167484807 -43.43980159110618 -8.71957450945073
-22.685625139564987 -10.96306495845872 0.47832873390269315,-15.959252717253293 -1.6479434200754985 -5.585443269091022,-22.593061982327733 5.061770170074324 13.98701302563066,35.22120200250013 3.2703340744994716 6.3375446625139595,7.777199055109324 -3.6005740199509915 0.3470239228609331,-5.39189371065775 -20.214375158880834 -52.581416298235965,20.160634627663264 39.43648753280546 7.307483342468643,7.563760001392969 8.149566333466048 1.2555031115506499,6.729449317731577 -2.055274177662522 43.999911936872806,21.97559911085682 -44.08487583840554 -8.945496193201048
-23.204396563266087 -11.73304823093866 0.2760383113410336,-15.009525435567028 -3.106076399647688 -5.0755806967508725,-21.812740722630465 5.343459506768366 13.606726391244088,33.28545235814995 3.4506492433142153 6.17950732618019,8.174997314402653 -3.343670215897893 0.28020879497217566,-5.117681316272453 -20.66362682521263 -52.34570481320519,19.887983221367183 38.84756925838809 7.130203187296369,7.967967599425148 8.42279019899744 1.2562145329514895,6.43903470994972 -2.4430967189457706 42.441503348428725,22.03814985335275 -44.31135320864195 -9.0372168352738
-24.05137689708259 -12.722921311232772 0.15530439560887244,-13.943194010906009 -4.992040840965327 -4.606416357723165,-20.92905029017871 5.564165110269105 13.38253720057227,31.130231959418204 3.624926311370311 5.959796901906577,8.63005435900892 -3.037370384443523 0.22625050979790884,-4.795731805220446 -21.22417248799237 -51.83248072661476,19.36729777670849 37.58603245272618 6.714817050156558,8.467017272942305 8.679044266821938 1.0193018865107466,5.843847976520392 -3.377379513258249 40.973708975603365,21.98927667465658 -44.27028466524359 -9.043948074127762
-24.981320372479743 -13.103027463633817 -0.09729648809169111,-12.781459828636038 -6.442830061680607 -4.318525121537709,-19.864691369456196 5.592644935004237 13.107865067131385,28.63344748408741 3.7240630168689126 6.082297751500768,9.209217939450738 -2.7951052292518432 0.24957578498082517,-4.357158811752857 -21.95267163410403 -51.33136975192768,18.885835041011788 36.34693266280842 6.290711286436422,9.091951109200984 8.855474360570694 0.8358585781857042,4.718295036426327 -4.852659041702033 40.15066288905699,21.947663827647283 -44.24794785118471 -9.05956525259167
-25.645253319876566 -12.21515948379375 -0.7434695963011841,-11.526818543992459 -6.804916693716138 -4.271505199729097,-18.655223539692674 5.346923306075353 12.425059890838815,25.87097300045006 3.622550531000791 6.948260078085415,9.91652456249755 -2.669008891004021 0.40659635030488805,-3.647630838301617 -22.66634988951664 -51.085233690952045,18.751455231493303 35.93343439509941 6.136474142284656,9.80553601640685 8.951072233839357 0.9716861957211121,2.933975650695385 -6.648740505531562 40.27305554347237,22.025003535986652 -44.522160487519756 -9.175861925812715
-25.705402023948757 -9.837235732876906 -1.9881194847944799,-10.15766291546327 -5.870846918650404 -4.445770061148554,-17.42758907915508 4.847703005840495 10.999103681974177,23.081699583064847 3.185977270701775 8.778491553152683,10.69669036419188 -2.6291517966369042 0.7412165867640815,-2.4906692533202692 -23.20565298077544 -51.20396833728399,19.1600903729435 36.91559088759317 6.463457013463355,10.518468014169102 9.0272416515647 1.5776222771824873,0.5270181906902685 -8.39448370233087 41.29628072584644,22.268997846012454 -45.21770919957529 -9.43443437613967
-24.990195053467158 -6.2864641316116385 -3.8604440325645935,-8.666467648038768 -3.929115211118355 -4.775047064869852,-16.33592658075642 4.2214860777520204 8.721532560183377,20.572229658851008 2.3495807596761287 11.466360737074366,11.468737433630128 -2.5892544479276394 1.2655179894559312,-0.7989561777140235 -23.66045736835934 -51.6451189469844,20.114428564379757 39.38977562379977 7.326421592017878,11.136917329050394 9.171471307257708 2.6373168029356613,-2.270487547318992 -9.700418054223103 42.87959970594152,22.642186459497875 -46.24723699843353 -9.806724243745458
-23.613189160586 -2.311938487847825 -6.144735957532042,-7.1156535895486615 -1.6182961490385162 -5.186357051403938,-15.487337738552425 3.649230925274938 5.842675348460365,18.603959889489772 1.1916336006899844 14.554294379608157,12.16466978355373 -2.4633326998255765 1.9382960281845671,1.329533161900149 -24.3767105800216 -52.265443430276605,21.42673257948411 42.938733837619736 8.598536085133741,11.609913359587752 9.442404259284093 3.9697374815603843,-5.066556067364525 -10.312802872643951 44.54541496990528,23.048753242022176 -47.37369400537048 -10.214999778868924
-21.980175465017076 1.1797939420882777 -8.410469953419721,-5.669754141767155 0.34089863014076194 -5.625684532158246,-14.899146251991894 3.2857479772286347 2.9492053767945063,17.312829011101712 -0.045772540048243826 17.370280443386406,12.747747981573117 -2.2214271736777382 2.6583119442407943,3.5912722408139266 -25.70568897173032 -52.909015086515794,22.79748973664735 46.79470436023674 10.017143205477812,11.945887046459738 9.826378557679838 5.2857394251733565,-7.416320679341041 -10.225803813221274 45.86877350517277,23.39259430161482 -48.35562662188945 -10.581221342091432
-20.654856192522566 3.44910046969797 -10.146185621729266,-4.572296277919925 1.4169402094764045 -6.0604034504242446,-14.513294189659586 3.1913628686519804 0.7707900186442771,16.69456664097148 -1.0191432557268687 19.275980037879975,13.201033302146978 -1.9137370885859086 3.2825367020058183,5.554546985143319 -27.63850033681257 -53.47870213891012,23.927988445131724 50.11796151409828 11.27561743870323,12.18799396797252 10.230961620551412 6.280296323680814,-8.966256263539353 -9.697178379590355 46.6100115075843,23.63088120485953 -49.08417240920856 -10.872392181316881
-20.125602826615864 4.162189162300451 -10.948179761495568,-4.06579090950965 1.433959420889651 -6.46551935025694,-14.259507298358757 3.3113693985677077 -0.11397771730255579,16.653476561005135 -1.417891709479533 19.913401962263226,13.498794048217023 -1.6499374521892767 3.6668186248529286,6.803341597216629 -29.57172939069204 -53.95114173633852,24.614966823616957 52.26375297075923 12.120138701892063,12.365031033936082 10.521977907235225 6.730018508673842,-9.576424564010097 -9.147477231587072 46.740950272378576,23.790232290421493 -49.62495780700714 -11.112534654339683
-20.575922744172313 3.454411457806679 -10.682213852424635,-4.286808021426417 0.5817850358007428 -6.810547057970384,-14.126275170069345 3.513383757538568 0.459988063970016,17.07888961112185 -1.1130497050442099 19.331817851712643,13.586733618473126 -1.5444563464283894 3.714744837061213,7.080533009558907 -30.405325462270923 -54.33368108399782,24.791685870695712 52.935554503114346 12.414465024001721,12.451856414431267 10.58705533306858 6.5633710215624035,-9.364223135969167 -8.972743137854357 46.37570217557109,23.936152370403047 -50.138453079750015 -11.35282092911776
-21.77362286943141 1.8121853201058915 -9.543461672936658,-5.1865263222639815 -0.709675433377851 -7.06201679724371,-14.188963542084833 3.661659221236767 2.146738343894155,17.899914222909896 -0.2408623017591607 17.93601716873375,13.392671116649636 -1.656212064852568 3.4158543165828803,6.364260542396072 -28.99575887671664 -54.601921075762895,24.51085956340019 52.19118619763657 12.155867804877314,12.369130804521104 10.393567824852745 5.879740570629213,-8.64570977107077 -9.34556493293588 45.66658317588139,24.11637732747918 -50.73210211802217 -11.619602498629806
-23.14578055007076 -0.15212779036848723 -7.984871232213714,-6.5197603391187435 -1.9578660002478574 -7.204675291455731,-14.567042390893258 3.68782470521285 4.221146393769397,19.085178727921587 0.837128868377036 16.28873137395861,12.869162049581668 -1.9537570973527494 2.8582375880488256,4.8480542323798685 -24.772027893451774 -54.67236751157293,23.892936527237087 50.339951649044544 11.449082451374865,12.028541692454283 10.0105358795756 4.910856242878485,-7.798124394980918 -10.096520075884218 44.73610137236975,24.31641669440409 -51.346002269533265 -11.87688472415458
-24.01854729387825 -1.9216373127412636 -6.5447174295035655,-7.915386066996274 -2.791297228809203 -7.269767739995931,-15.327262708074485 3.6202820397643163 5.894662656816954,20.59200807803869 1.6960583925737727 14.87264094232734,12.045687285006359 -2.3232853736905543 2.2100893042429846,2.845557943160987 -18.194030509383428 -54.44373053119835,23.074009408386697 47.80664525720102 10.460188983936192,11.40013249147246 9.582037793398815 3.93845253487802,-7.1054216276223885 -10.743967297730514 43.68254495225297,24.459211846737713 -51.75787983533044 -12.033228957980427
-23.916396548576373 -3.2033543608156245 -5.6497070437148285,-9.003253479299447 -3.0330008134556223 -7.350391103945531,-16.39057396611623 3.5581437643811444 6.672408796029628,22.306809215267943 2.0608100143594146 13.93046379726654,11.055722980764061 -2.615126931436418 1.6752942355878442,0.6754551834325317 -10.774617765162729 -53.89285341826131,22.17793621535244 45.02844061971612 9.373029747913812,10.560819346930575 9.264589611448294 3.198147144023762,-6.656972350815334 -10.679434220282092 42.64053719770896,24.453331534342034 -51.71890155423858 -11.995567138300306
-22.779676716234633 -3.9363323147932903 -5.478017084817532,-9.545817712340687 -2.696004503006323 -7.587433381265313,-17.51029545570623 3.6068918311338996 6.577493053776908,24.031065042322876 1.9597688521615275 13.449613345288077,10.112432202440798 -2.7056554636720818 1.4358836595548556,-1.417065823118291 -4.58896739953227 -53.165763527739045,21.31567504953342 42.40788975735138 8.360066614584431,9.68919946792171 9.159550442071444 2.804839124612064,-6.342991440568884 -9.44252139338665 41.834470890145525,24.261861097362125 -51.143439916762794 -11.740189203594793
-20.993712655476962 -4.2168493369053985 -5.934468433075873,-9.519705973681383 -1.9238434305521808 -8.124019738624236,-18.356194502298862 3.8142423443833633 6.124615276361889,25.543693311822384 1.7270755514774287 13.272948113754339,9.433080271162462 -2.545197660079886 1.5977114735496023,-3.2767873649221446 -1.457450317260153 -52.59164250610644,20.595744958272476 40.30073095969602 7.566257485664095,8.9994945807023 9.274003000586628 2.7267501801427487,-5.942233938243304 -6.967767612995479 41.56069623995101,23.947350207935497 -50.22931317760949 -11.35481011185993
-19.212343309795934 -4.209391412040269 -6.735632621193083,-9.114135005459932 -0.922323411019107 -9.04431947770707,-18.677709652126865 4.1438797165870955 6.046041505429345,26.72070769836776 1.8345086070879295 13.249624009556552,9.14269567017919 -2.17096876546624 2.1551982223487136,-4.808551526171082 -2.171847307964251 -52.581143553687625,20.124501635369935 38.99878652051933 7.097291280379007,8.642243956358874 9.52852173240541 2.816143350389418,-5.253119600294426 -3.68485304123206 42.07790605046742,23.65863229684672 -49.4138755719504 -11.017376250970392
-18.059108557525064 -4.0968866744375845 -7.554213227810229,-8.648652629241095 0.08694781555592601 -10.324192247591743,-18.463627976460902 4.502127503596627 6.899641298775997,27.645517743212558 2.627226263151777 13.32850278719763,9.204538908932365 -1.6820973370386056 2.987033757149929,-5.942029177141447 -6.13719118869504 -53.43633323670169,19.985481025486976 38.684195678837206 7.005798934653693,8.621626523894571 9.805851284941445 2.882222975269241,-4.201624930654366 -0.40970673573624605 43.45000976750349,23.558571103335503 -49.16433803522955 -10.912653116811548
-17.84903152522987 -4.077139305055937 -8.152580017518634,-8.445538985968485 0.8899343320806834 -11.819455774803062,-18.000686672931103 4.801081223958075 8.75477730397466,28.629357890990644 4.099556020256518 13.544806214989833,9.417505838059434 -1.1918578442872025 3.8874492827208678,-6.626985157184636 -11.613883336198166 -55.161419304334096,20.205417150354606 39.36694247360158 7.2776372217557626,8.775640236091364 10.013753316307636 2.7751722528747176,-2.876325168043259 1.9438381015633226 45.432052120586334,23.728982193982503 -49.70558866851853 -11.126948254975218
-18.462282550189293 -4.3685833935415594 -8.451164198082513,-8.708328521804853 1.3003806513886378 -13.30229145729213,-17.775333764143806 5.019425324476927 11.119567635411759,30.09675973990724 5.839221953208616 13.926265494909789,9.490600651957884 -0.7814561359718628 4.627410473605465,-6.864422110372498 -16.45874774683299 -57.38270731731589,20.72818087158215 40.846348977109095 7.827736241214816,8.836270067925733 10.129008192721347 2.4469287686183137,-1.4822259774222695 2.7161286111939402 47.48523302648826,24.107551303232057 -50.84170330401327 -11.580640207189289
-19.424155903057095 -5.177934203238566 -8.516304475763897,-9.451934651823242 1.1961733991734724 -14.534407520401762,-18.244698427791196 5.222311775635742 13.154755456075586,32.36320241419617 7.188214452474533 14.399478139996532,9.16657060655195 -0.47636067484571876 5.028788334582718,-6.74520800162691 -19.0239298441335 -59.444893312034,21.417643190536197 42.73760982782361 8.515117065829543,8.546710849193385 10.200758678870073 1.9656212701986213,-0.2471707820595874 1.7646354640993245 48.94757477033587,24.498702532476965 -51.99106330306073 -12.043679792535604
-20.143712025159946 -6.612999454620377 -8.491583383052797,-10.50644666874703 0.5704748150176684 -15.3477859574038,-19.58206586144622 5.524839653506094 14.073557668183888,35.40402330234869 7.554184588550076 14.776130627621473,8.340316124757802 -0.2530111075549065 5.02640052592443,-6.454641554463665 -18.800337128984218 -60.664453391085324,22.096013016767706 44.574127695373235 9.178504389700834,7.782524558420333 10.313694372910755 1.4813889276259422,0.6650958948357165 -0.48159594016398044 49.30099916400547,24.661263695383315 -52.44327942242146 -12.236317207998367
-20.188579023865763 -8.575690748292288 -8.517021129338309,-11.587142047263933 -0.42874188983714845 -15.699191838019013,-21.53236210724361 6.017081523824427 13.528734288142658,38.74231277147285 6.718630331198108 14.843055241154817,7.117038209158829 -0.06809523935050674 4.692839227058149,-6.219324777981235 -16.522230609005415 -60.63311797844768,22.604070240630254 45.9531443665972 9.6822523530947,6.619328887158966 10.532886717799219 1.161971693395981,1.19219422691822 -3.2033873011236125 48.41110074210779,24.43159130082019 -51.718799977974626 -11.968777181382363
-19.462889005576606 -10.707054576462165 -8.674938101090055,-12.399790558990698 -1.5069510088343874 -15.675760078974312,-23.470874154484715 6.693140954204548 11.790350419299774,41.54448831601178 4.977925688272186 14.505523106671063,5.781431315824575 0.10767125403647367 4.212108782976736,-6.211412398151411 -13.712704504678824 -59.42430291549634,22.856013300017093 46.662692583507464 9.954534296429518,5.313845311169954 10.861125591527813 1.1275825951462002,1.3515365006783433 -5.528211448518394 46.612808051752204,23.817017769385096 -49.8424443981759 -11.247271857040552
-18.21175882294073 -12.448539749011061 -8.97788628260153,-12.740850901513335 -2.299551651952911 -15.450681542182917,-24.65925975111724 7.4277099157849795 9.621476783356997,42.9166501038516 3.0315733034315286 13.88833308849963,4.6898855247260345 0.26969364774530924 3.8080676787739884,-6.459774565441561 -11.9118550949546 -57.58997316322675,22.862733093685797 46.73134768264598 10.001299757685922,4.205741026364705 11.231937315792113 1.411556860978001,1.186293270195465 -6.870288279409915 44.58200259386288,23.006121887602898 -47.3745357959006 -10.286412424428192
-16.86687294509137 -13.228671971734851 -9.388988542454639,-12.55809518412725 -2.501508288012217 -15.209827431921374,-24.586374231104582 8.019320920816474 7.912133313328716,42.28748896061014 1.6615980646064994 13.315235188159726,4.13267078341905 0.38318426825913815 3.654612999808804,-6.823759869467726 -11.962021986328885 -55.93270754278243,22.71290801656258 46.378370109409246 9.890225815318482,3.5843234165458693 11.541644233729913 1.9585844773424204,0.7215420148854903 -7.122923758313185 43.039559143029436,22.28478967162401 -45.16582312356769 -9.415118253232757
-15.82480664670624 -12.709439908410674 -9.852297578842846,-11.954299332465137 -1.9995383163148572 -15.081684552434576,-23.22589643724062 8.282646473147615 7.255055551536344,39.70170622891128 1.3598421925222723 13.15753181735966,4.225555241093621 0.4070476322430446 3.805922439877765,-7.055683242307358 -13.670475508139926 -55.150416154704686,22.522693317965448 45.89099471671751 9.71309953568446,3.578932608270141 11.70273922604118 2.6540825034050894,-0.03840705439658365 -6.6256842376134095 42.424967872850786,21.897868015604292 -43.95077474685291 -8.92000448200181
-15.27396737763058 -10.97594772582106 -10.314456774546645,-11.13773393680949 -0.9428131683679689 -15.099135140574806,-21.073063962833892 8.143151022989132 7.676022105148759,35.87064037979022 2.0937745852846885 13.625985213917874,4.874967538872538 0.32415031687553936 4.179248334027325,-6.928038978296379 -15.968723114771494 -55.52047229619445,22.380054667274095 45.49053359019529 9.544926930254183,4.1185337804743725 11.689721164023192 3.365824791993447,-1.0716440281080635 -5.938723452187867 42.70103513606242,21.927303898969527 -43.98622903826816 -8.90568911194925
-15.148799437331103 -8.56104158030464 -10.732415227730502,-10.341082232619927 0.29165299830370817 -15.205050744247838,-18.929054884934718 7.682918116130418 8.651210636931447,31.931352377998692 3.334503668419957 14.624648661972836,5.82619979252542 0.16104968500328903 4.600095342494193,-6.36032499752473 -17.448763334946154 -56.77721228350509,22.310788907122227 45.25065755210864 9.418243184014061,4.972472214268393 11.552978735226967 3.9779489244371997,-2.2899088180275635 -5.547084209571947 43.391597026609595,22.251060991861795 -44.92529891118794 -9.245022970286998
-15.215681744223904 -6.267379791443204 -11.073850105961206,-9.739851601759769 1.235894198061592 -15.293153667532593,-17.5312134865704 7.110162636625177 9.396466742854187,29.004810989057113 4.33558106850731 15.760400892294207,6.7677007169865515 -0.014394531915707443 4.889740483631436,-5.474590268833966 -16.998811407761636 -58.24506358873842,22.280074478751374 45.099923450254224 9.321867307204505,5.847958248465972 11.393535889650657 4.406907407254797,-3.5205367324916415 -5.64372958136998 43.83797586030045,22.605468571299625 -45.99593918860726 -9.646180603330585
-15.226232227044257 -4.850303721555319 -11.319282376908939,-9.399924168399977 1.5164197585042842 -15.26130473199305,-17.211825825506292 6.664788397112515 9.275752387319532,27.74844335102615 4.518974865404156 16.51825624604058,7.443327474008387 -0.11815236149113746 4.952891522425963,-4.5448213899546115 -14.251002961588206 -59.16407441266357,22.22398420665716 44.8950300765985 9.220254476271288,6.497977748276565 11.312069186772035 4.602069069294662,-4.543407538960703 -6.089850219316842 43.54648741976342,22.719187343651505 -46.39351226683772 -9.802216300714338
-15.046824993719305 -4.702926958263266 -11.467968588468153,-9.272285359731107 1.0066527424187948 -15.052597226034914,-17.759739450381893 6.5069764183705505 8.119722758973875,28.111654161976574 3.7668793480029907 16.516823987479032,7.726838434120933 -0.08721428911632467 4.8213326562835315,-3.864345063081606 -9.677420555245881 -59.049387042749764,22.09074595060833 44.51716330516974 9.080052709553039,6.794718184099044 11.358724212644345 4.542134771007944,-5.172892948426656 -6.552996667006729 42.44923536469669,22.449276677917887 -45.68389399261367 -9.545333950241249
-14.698709318085081 -5.695313898895869 -11.540967803106838,-9.234855575123703 -0.12387493807837215 -14.66977979136517,-18.558192733339894 6.64604489793195 6.297969435801454,29.412590520700107 2.4674569893859895 15.707034797196213,7.635151271281504 0.0883347735373024 4.630425304764994,-3.603581325615771 -4.350063622864239 -57.9104981921875,21.86921605937054 43.93879798840662 8.889319766621519,6.744844098030574 11.509334074682549 4.23735726435505,-5.343682071622278 -6.7308390830755656 40.942465902499606,21.849451168958574 -44.009787459497325 -8.92641600018797
-14.302068899721778 -7.251635803454177 -11.572763441893912,-9.162838972443275 -1.4873282438535784 -14.16390616808956,-18.92934672831522 6.946466638043004 4.519771479124587,30.701391897935093 1.2938871953285345 14.402864756883032,7.286208694802072 0.35425512068974063 4.539725299448293,-3.7383291980292874 0.47950529614250564 -56.228110422747925,21.592099528853574 43.23233101012193 8.66172615762467,6.451508481856889 11.679635750488071 3.738204557307114,-5.150931084922785 -6.529960480327995 39.68110101071146,21.13750611504195 -41.99977455222955 -8.181113439657073
-13.973433807567075 -8.633991626979693 -11.590303739132445,-8.997121513255001 -2.6468299359696434 -13.60996678321675,-18.506329795719182 7.20736724101478 3.477311951428083,31.234802665622198 0.8387373765917079 13.123408096581503,6.829280074342486 0.6093720016977688 4.63903659345454,-4.0895207289355655 3.7838095115098245 -54.70844742353131,21.316959758511075 42.52822638947515 8.427950725870769,6.049544885034718 11.769627047179807 3.140551104048585,-4.81593826881438 -6.103663600958956 39.23560834849153,20.582560145523654 -40.43809838024198 -7.604444587166997
-13.747274821221836 -9.29748087750556 -11.590151999080165,-8.780418478523199 -3.299083356342723 -13.08473180700005,-17.436690980118044 7.272724140820874 3.519310662254062,30.83102144353152 1.3021086408958866 12.330705736924752,6.381422597308629 0.7459064811671199 4.890377751511709,-4.450201992737266 5.005825189704879 -53.94379917505174,21.099596216152495 41.95664982673254 8.22308828776035,5.646132303912559 11.715371922853885 2.5738566316137845,-4.587836426340688 -5.738616490854809 39.790599047402715,20.373769623519685 -39.876307150827145 -7.403080302564254
-13.569863170678472 -9.14298748089972 -11.530985478471544,-8.64417118110529 -3.3877333983809237 -12.655226069142387,-16.308118185748214 7.113083069769894 4.515928112868326,29.93234019023479 2.40034377794516 12.206712223667193,5.993978080699036 0.6967729149955464 5.1385407159946785,-4.722222705902469 4.110754599822219 -54.148435362972485,20.975757662017365 41.608622689838036 8.07864249724749,5.289696974712816 11.522573197831285 2.1661027104861756,-4.627693904660373 -5.667675343328637 41.04380937424432,20.538645501901915 -40.389671150016426 -7.602927897530758
-13.363411909402034 -8.54367442709193 -11.35296166671189,-8.75092122961957 -3.1001857395418035 -12.375752082411443,-15.833451767560895 6.8350768731068605 5.966741272363387,29.34848445169528 3.539661183837612 12.590646206880086,5.655125366412959 0.4690982247561668 5.186718641764164,-4.976387559892289 1.4920600698800346 -55.09256076379204,20.95887358587028 41.53238520541683 8.021724707039684,4.972555346725439 11.265990151504965 1.9943541161991187,-4.933285588855615 -5.925818418697824 42.35944026706759,20.948798788350906 -41.59312560341028 -8.055885617938443
-13.112982174367431 -8.134409466841609 -11.018877978395144,-9.217735263979742 -2.75745356641948 -12.284598705998008,-16.46005165318879 6.614291578381999 7.274614549939021,29.812676523941118 4.153375260813641 13.106351001774483,5.318508397957119 0.14753063871599048 4.898254860481843,-5.393274568971496 -2.1887912244119017 -56.25119449133511,21.04982475519814 41.7535580028262 8.077256564039962,4.65749651358418 11.055808735724414 2.043670961898578,-5.343238788403729 -6.33614099200893 43.09618070652422,21.40202384470138 -42.885970377692665 -8.533845969227075
-12.915004854384348 -8.472483721560735 -10.554555093087478,-10.056191022413437 -2.6561729214611485 -12.393116521664163,-18.109820642425916 6.588948352322577 8.029181072729003,31.574759821365028 4.012863916807774 13.400565796397778,4.940397908785991 -0.13696936724110964 4.270488426250861,-6.114311666359795 -6.170270678559139 -57.0771084645044,21.247537289264464 42.29248399444395 8.26638958702575,4.3115124972668415 10.987688333377815 2.1999403337172962,-5.618506693130407 -6.631766867335484 42.93845345510575,21.729930428883645 -43.77446530627734 -8.85197252717876
-12.951456855945297 -9.741753850350946 -10.060046714302938,-11.157789100479391 -2.940086909442461 -12.668593976501366,-20.188084881933428 6.773668148418206 8.153720545423568,34.2348397996206 3.339920408812451 13.350232146159108,4.509447159774302 -0.261883557205534 3.44088252951166,-7.092127951370741 -9.74515549044396 -57.252941323760204,21.550680063073 43.15831608934121 8.597897056724383,3.9317737529144794 11.100034923224603 2.289642991327361,-5.55931630183445 -6.635378664196622 42.05822117952212,21.87135354797757 -44.09226532917694 -8.952157129079657
-13.400989430487675 -11.64824502584281 -9.675738802228288,-12.332627340943812 -3.557775906187615 -13.022134610489996,-21.858247520446614 7.042207919580049 7.857120983219515,36.898609239593846 2.661344995695292 13.117012320735627,4.059956436329919 -0.16863802631555558 2.621945438353092,-8.03901116563118 -12.397856504041245 -56.80172491952383,21.94923848696301 44.32147645505001 9.0563397517495,3.555771333641338 11.35750226034778 2.156156214412877,-5.098431426007621 -6.380939182027241 41.02447458455555,21.87668541730264 -44.01181286121904 -8.90583006846995
-14.338128172330244 -13.556615192260075 -9.513309145153919,-13.383569581861577 -4.316810895839179 -13.316065930069113,-22.440241382715058 7.190836240106792 7.444856565939691,38.57533172835744 2.4919314502690035 13.018767161303867,3.6666876676883486 0.10648083290858745 2.0000838263131695,-8.52306595741965 -13.908834688553762 -56.018945750536766,22.41386767209798 45.68759176961571 9.595997360977785,3.25442862114448 11.666814925750149 1.7398565055713502,-4.325664420203504 -6.095122461042422 40.51015613271865,21.850793438053472 -43.86794626090271 -8.844706009909594
-15.679913549073824 -14.795396165062726 -9.586165772938738,-14.180841223889749 -4.9968533379874325 -13.398409912563524,-21.728355340594003 7.049898390358425 7.115500464469078,38.62298306390029 3.027868462555926 13.29740905485329,3.4239117887098205 0.4423324321431903 1.652879911255221,-8.178173662720248 -14.38775578378122 -55.28398417485158,22.894063037426587 47.10073764170016 10.148490213831822,3.1113112737658337 11.916362073402638 1.121228755359762,-3.4355786442787983 -6.041076814126579 40.95107730018283,21.87666937036864 -43.92105893176282 -8.868898024350054
-17.211607575142093 -14.976998504752876 -9.781173582610956,-14.70223413974317 -5.459406578803581 -13.157165203414804,-20.070318771254517 6.583945217814167 6.864023252223019,37.029404734474525 4.025366947435085 13.925746653580077,3.4139204888095986 0.6825873376785742 1.5282554180597772,-6.9224822465375535 -14.197313478319392 -54.863191913280886,23.330873804991917 48.386999687774455 10.644442123399386,3.1932997346318297 12.02136339016532 0.49927944797848434,-2.629558249210742 -6.314997573274734 42.33321992758486,21.968692189091616 -44.21028059172161 -8.99061141848764
-18.676793970491236 -14.176403973823282 -9.895886181690136,-15.02219120975628 -5.700482606521233 -12.572684374892777,-18.17790109357809 5.925425323980258 6.538056960464404,34.407154048052874 4.933465061424111 14.574889560176945,3.6725784987136945 0.7050274143208695 1.4935968075871644,-5.063084452001025 -13.770048105257716 -54.80572125619284,23.679523200575304 49.42120693709231 11.039884469986049,3.520076468976774 11.955490227964079 0.10756207436534582,-2.0239019130249702 -6.723693076942244 44.21351396390585,22.08101481807933 -44.577957312744424 -9.144695880594016
-19.880607554202385 -12.888168888303316 -9.73048266240158,-15.259593320857896 -5.827073606794036 -11.741492355666118,-16.779131765917835 5.321195688915852 5.996193669804526,31.72314873962717 5.205480440098171 14.770049271153441,4.1623801326372325 0.47945672661099203 1.4232609397912708,-3.215264724084436 -13.385175452076261 -54.96929177586396,23.928954142381823 50.1791929003204 11.332851727450013,4.042179901289112 11.757065291669157 0.10283111489338004,-1.6077116252981716 -6.8333430534850645 45.954480941863636,22.158944598095527 -44.831471591231434 -9.252595592708024
-20.749730740753918 -11.792985607033222 -9.19030090287355,-15.514778120038692 -5.978974331637234 -10.854287181562414,-16.29821727819223 5.016917386805762 5.256665709494747,29.906930041562656 4.612250551152232 14.150760888039251,4.76511429389649 0.08613417425975227 1.2718217588150342,-2.0589775361990625 -13.018802367395917 -55.13735036020357,24.105071534618506 50.7404265109266 11.559070059279748,4.638423259432477 11.50935511396779 0.47940861538554863,-1.2646033641812584 -6.183833564290846 47.0425252368667,22.193303215065747 -44.92010864746868 -9.29195688984679
-21.321448316952356 -11.454521291050762 -8.343550538566701,-15.829781194971202 -6.242851826771876 -10.131540645391532,-16.72255936430635 5.1374697657759025 4.535202219485242,29.523301553502872 3.3794308096106045 12.687496379153393,5.3033772304290805 -0.31653423775437073 1.0903384786454986,-2.0432248753241558 -12.367404471214606 -55.145471940232916,24.25326534444384 51.232426240187415 11.766792172825964,5.140156745167414 11.30482497155808 1.0545920415564214,-0.8386588251165079 -4.562198841078033 47.32159287637336,22.237028553742807 -44.99813774142946 -9.321649917082294
-21.67815502584951 -12.091247056914579 -7.398557048255212,-16.190148287552738 -6.604089086873498 -9.742037194556984,-17.70541129830526 5.624300472302409 4.143908764270781,30.642019935000466 2.071070056391763 10.728632383044559,5.590961266979658 -0.5625900393123293 0.9782132506765799,-3.1823148163770076 -11.062164321472203 -54.94477827587446,24.40860626165734 51.7440895423982 11.983489930092993,5.380732335144895 11.208554562600822 1.5385046924926384,-0.20611152479753397 -2.1815964943782302 47.02646880210443,22.369857384615628 -45.32390488840005 -9.442584670416379
-21.87584713763284 -13.519521263013226 -6.607012603146524,-16.561040385778554 -6.957408920760616 -9.740867502646891,-18.821908978097937 6.261665726991571 4.312807105945381,32.92543984020968 1.285615042908367 8.847620180478453,5.4987403690627525 -0.5555403831485196 1.0030968407665575,-5.046624160177769 -8.977795938998135 -54.581621445075186,24.570813377945793 52.257578268886085 12.193410849019042,5.256081551196215 11.234920734810112 1.6603587876942212,0.6814866838173722 0.3498907268118989 46.61197378664759,22.633617048347165 -46.05826867292459 -9.718957159197293
-21.91562225887179 -15.27384100436426 -6.141402391615085,-16.929899217862072 -7.16485043813422 -10.056534164805017,-19.818797201011954 6.778291059409563 5.046880509397422,35.84854968368336 1.3365654895810226 7.574128115554171,5.011312724573629 -0.31491694066510323 1.141761334367521,-6.954660076413883 -6.460501849700837 -54.12976512823449,24.699694524627695 52.641920391445716 12.340295300009162,4.77270089617504 11.345392796950579 1.2929774721217266,1.7950519918266574 2.279076426915481 46.48340227545395,22.983546099877856 -47.10100844038078 -10.11399204301723
-21.776139991112537 -16.827195977542807 -6.011743942286206,-17.325075567889588 -7.127007492779768 -10.53390458146735,-20.715251225407403 6.972900611576583 6.112422490241832,38.91971677405162 2.0978449659974943 7.1580434268735385,4.2476820670066715 0.031487855776190884 1.2828314690250595,-8.272924004641402 -4.313059916717183 -53.63708348210261,24.735358470850958 52.717503312265826 12.355685142521388,4.059259526448249 11.466773867767584 0.5149079568864339,3.054914744042798 3.063769498799194 46.78083995895948,23.29442555504919 -48.090110233331366 -10.489022698364975
-21.482108897508876 -17.799473309256754 -6.067612615413451,-17.796618303915928 -6.831048811995059 -11.011744404937696,-21.710184629276288 6.8009969987961245 7.168063444444098,41.801285610831265 3.0990894463029353 7.493258624689985,3.4304933750228948 0.3078134322276859 1.2939213431206336,-8.678113542724098 -3.4899676356919 -53.128771672773446,24.632608947714765 52.35822304170661 12.197973406112942,3.3303217052878824 11.521709636724093 -0.4225450697277773,4.363222457995012 2.6550703743364803 47.33209292296599,23.42673347057567 -48.59010760053936 -10.676336125670819
-21.156470328000868 -18.066271767321673 -6.08524038830077,-18.37182946891436 -6.355465389747604 -11.395156188900547,-22.970861860018264 6.381489663622219 7.965139284686773,44.30893158942547 3.8125952135268344 8.232397015324398,2.8097709874948036 0.3746422665498116 1.1135691197129816,-8.259391934355426 -4.619771901645623 -52.65916198026363,24.389695900331322 51.57304334083857 11.879924827670395,2.8114205890092983 11.45926458471462 -1.2102889823995,5.623730616298848 1.5517306935965332 47.78971533778889,23.317552718631077 -48.37029603759245 -10.587288808023285
-21.010115335852745 -17.743396489688696 -5.891741467728153,-19.017559963365184 -5.835526190059271 -11.685001436849896,-24.447973660785934 5.923622005869374 8.494502646408698,46.34431699031708 3.963653620879439 9.011355723587657,2.569242214082237 0.1964469743368602 0.8084340857201351,-7.423228256648915 -7.594685469451095 -52.36011873288309,24.05413307370254 50.51785294977471 11.467984386540893,2.654277098551238 11.273959287013808 -1.624356738883036,6.747287231258248 0.5830606980953315 47.8638275410286,23.039265040768328 -47.600413674595835 -10.288495328961138
-21.260221707328093 -17.085311531328678 -5.456899596824717,-19.64025587609517 -5.411399240684078 -11.948657658005805,-25.842846740010245 5.61502002381549 8.983166771362221,47.841963942569635 3.682689940032853 9.641176739260082,2.7546232503957873 -0.1421702875716535 0.5525095047657493,-6.663483905146814 -11.47051184069653 -52.42775402036907,23.701638929364005 49.428309491175696 11.052778376789199,2.878666596634018 11.006469441224048 -1.6274705746221276,7.654963334228882 0.5165106451603125 47.51167081051949,22.781796673020622 -46.821534356870835 -9.990497804868848
-22.01470288138349 -16.365987980525382 -4.901024795111563,-20.132154659195336 -5.184462696252625 -12.248467868461574,-26.755618316775912 5.5297820023640405 9.731429781601822,48.777631719037075 3.4092441979593273 10.151377662970232,3.2564411240177207 -0.48051874768115904 0.5303661408821343,-6.321856056025024 -14.784262997253197 -53.02821200751353,23.40060686340452 48.51196289989966 10.707612375757193,3.367730526735947 10.72644852811553 -1.3790065208571518,8.291151846976097 1.681169417273864 46.97377804891205,22.756618437781963 -46.67392383443352 -9.94165346301906
-23.187377488682326 -15.798040711294593 -4.415895766678576,-20.440335904915834 -5.197321087173359 -12.569150824134455,-26.927289038811935 5.602679838877477 10.879450849574662,49.22030317436824 3.602509481272083 10.667393693865419,3.8567327766920134 -0.6645020301430538 0.8151929466956593,-6.45744222360417 -16.182412103452293 -54.16424861483968,23.183729933675743 47.864136197607294 10.459803941093288,3.9197947022970734 10.504996358327434 -1.1477281013509577,8.645895346335664 3.796916539311014 46.636970721661505,23.069354522798946 -47.513250894914925 -10.27846862290207
-24.498469522289035 -15.506679412412778 -4.147078574181199,-20.61441399725202 -5.437644685334037 -12.789133687579035,-26.423645310253495 5.679376138031618 12.243221142998058,49.36132691506117 4.428079769471802 11.21476342509877,4.31987950906024 -0.625773369129358 1.2950148560899524,-6.876366893503067 -15.07112778230789 -55.58698543570305,23.04429601424276 47.459069552707504 10.292686796592154,4.3333374950141526 10.388390342491736 -1.1699242012649753,8.769769557109989 6.098852742817799 46.80413907365076,23.633522190123657 -49.13262131512286 -10.9173734850659
-25.571773556721027 -15.537863438163615 -4.109500434203438,-20.79391389412982 -5.854888011566073 -12.719679003933177,-25.635881925177575 5.612552344810541 13.33067431740947,49.45882398059109 5.609063802638329 11.595214540114384,4.48731095531952 -0.4160666069395298 1.700640314254483,-7.2834062382110725 -11.9556242918509 -56.82936638655047,22.95910085463232 47.2213224931352 10.1773287844483,4.4862409897058395 10.383980551266786 -1.5232962472898017,8.759884589818533 7.698218584051521 47.50384239950011,24.18292212307281 -50.77255426497728 -11.559223229049366
-26.087049722686796 -15.868202719781692 -4.188899056670433,-21.128510011031743 -6.377511483442289 -12.199438985866479,-25.07834641798768 5.350836407589609 13.552083565576705,49.69383815438138 6.539454527003944 11.439439770461771,4.334475833488291 -0.17806361696831496 1.734372319578826,-7.457122453730394 -8.266400705297134 -57.37694879330912,22.92215757947859 47.12949554717546 10.113274892244217,4.374230128968813 10.4636377686054 -2.0799102188988625,8.709267334026322 8.000930985262114 48.45021522568642,24.3896551511562 -51.45423208591999 -11.820383961997285
-25.91404862688758 -16.400879182295533 -4.229619173140557,-21.667105184070536 -6.924869072270575 -11.199208168018608,-25.08786663195167 4.972788399084273 12.527288788836572,50.00994218180879 6.608274004349157 10.429081986260659,3.9672360957812614 -0.0673696061343565 1.2383555488535953,-7.349349907200728 -5.719602121203304 -56.90909121125917,22.96471305790944 47.27825493565787 10.149352560911977,4.094670174205092 10.582036069871833 -2.5629224625952833,8.638207367320124 6.975733119316372 49.179160202042354,24.035043439943692 -50.48934564276642 -11.432882968450734
-25.161861651344548 -16.960389730546744 -4.154527920619957,-22.279906547368032 -7.415919036579097 -9.880224483564099,-25.5981685027491 4.648299348293759 10.328785963102295,50.047688258536226 5.558713473264062 8.563126439466771,3.5640941644652333 -0.16657210705719305 0.31052266104352233,-7.064890415611399 -5.501898872240559 -55.48810238651906,23.143891216712817 47.84459595881987 10.365176885900013,3.7893206571465976 10.700046775256828 -2.680639287932675,8.44823257942441 5.1411352214047055 49.28823958090043,23.14544546036437 -47.90462490512489 -10.410786488161223
-24.12052701382824 -17.31498180704726 -4.039063320038774,-22.67121982572104 -7.779959452226917 -8.567307659552595,-26.132916165900973 4.548313991072218 7.522412958636314,49.25477321666043 3.678599110797877 6.295435310270715,3.295314922953009 -0.43755304162309705 -0.7047506586423757,-6.752534784748888 -7.677424288557422 -53.583116187915216,23.501654356356674 48.96225286504755 10.817427214313295,3.578479366197059 10.80118395212883 -2.2731314458140743,7.939497188986705 3.283747943911548 48.64995666044814,22.01586683763496 -44.54104824322536 -9.088462198430056
-23.127013320452605 -17.244574453307024 -4.0851854546803485,-22.497743609021146 -7.9708156721099215 -7.638324127561286,-26.0439293373559 4.750718541253427 4.967227320759987,47.15949042527399 1.7050221258374294 4.426707759717086,3.2576413493180043 -0.7386861487029922 -1.3613782805160353,-6.488869717693527 -11.121623115726129 -51.89198389501272,24.01658771451295 50.57158532076669 11.479231166556696,3.5193036840524807 10.892907070105313 -1.4000243734693383,6.904134985271522 2.0559378691255437 47.482672142367036,21.098355391518542 -41.74363573445496 -7.997634718317928
-22.424271770522175 -16.639011279205604 -4.500854601497269,-21.547438927079206 -7.9790054342373375 -7.374597354803864,-24.880278423776172 5.1920423137327445 3.461003522567524,43.688214520570035 0.4807194448453205 3.7699750889743004,3.4509563318950573 -0.8990254633693053 -1.327277158855616,-6.233400399498945 -14.033992274133293 -51.03130659158051,24.580185621515632 52.341867434972364 12.211164659662735,3.603641055377432 10.993029831785236 -0.3263077336387563,5.263028944153262 1.6585415020637972 46.2412724628196,20.802129614149717 -40.76935022891916 -7.6334806377423945
-22.080489528393198 -15.579020746278358 -5.3523165272503865,-19.89007270106356 -7.832737192098763 -7.84075158286683,-22.6890692637145 5.691002320206563 3.4005408288770083,39.35224544273525 0.5376853400276334 4.748090740831856,3.7988716597470003 -0.8103272551460601 -0.5614997529662331,-5.881757660317461 -14.794322559613388 -51.243714125644864,25.01970493467358 53.73606390282871 12.790418196894388,3.78633349282014 11.11018323163683 0.5880573709558231,3.176589395906803 1.7663518862828327 45.38729485157218,21.30094771549438 -42.195283965324265 -8.221074430527295
-21.998616828532047 -14.345190259234451 -6.481925304093164,-17.91017162018346 -7.582415205134097 -8.853422687161737,-20.07142278636683 6.033394204474616 4.621612790881086,35.16784413151818 1.8277350047425425 7.1411501728034885,4.19301002224746 -0.48690374011432724 0.6450474180981339,-5.376780276211712 -12.75228320404213 -52.27550879494912,25.164927877137064 54.21417396878502 12.994898862027217,4.0184431733923205 11.231292661138163 1.0433361316484953,1.0566314200058295 1.7271214411213254 45.16193755676329,22.443465616985304 -45.621395947836234 -9.598411798551302
-21.996413492667717 -13.329147957343167 -7.55443951071943,-16.182990333889876 -7.273402685930863 -10.058711279880868,-17.940532877910357 6.076950681659098 6.4936804097046,32.297714626894894 3.7446883913828737 10.139466026804666,4.532867354655794 -0.059522441891936666 1.7968695321044077,-4.797142716239797 -8.568954823417494 -53.49856625030426,24.92953982148552 53.48858916240765 12.706727539569144,4.2610012432163415 11.325544298144303 0.9282084468106464,-0.5543093256604084 0.9258216054453166 45.48125762109123,23.812804351370847 -49.8210405364592 -11.276633061756609
-21.903695390974327 -12.873602555430097 -8.222524575315184,-15.233241492322447 -6.921761567860256 -11.08631943337162,-17.08911457668522 5.824662054096141 8.217068879879804,31.553206224881713 5.428544768409326 12.70041043768206,4.742791744564763 0.2950848647643989 2.4326736517088148,-4.355078654563976 -3.9473166919604648 -54.225723775717654,24.364895852474078 51.701239497380925 11.98312572098509,4.472550366167384 11.36457461151026 0.363000769610552,-1.2025710694897733 -0.8739576435336798 46.00459462281141,24.907555491872046 -53.27026028274422 -12.650168592554596
-21.624184986747174 -13.114299281238903 -8.327139358648097,-15.284897281151581 -6.510021919339167 -11.70939018448146,-17.784213907459623 5.430093288126282 9.172509186505561,32.99250618609058 6.192269494836851 14.038916099272921,4.76734047569266 0.45177552467120785 2.35617314543989,-4.291792569724793 -0.8850420327592072 -54.06409858567467,23.653707449184953 49.41716343386804 11.053191925581586,4.586239887480487 11.34772039825891 -0.3595377944930298,-0.7466066072342721 -3.3818659459257496 46.33328889716506,25.35662945078347 -54.79955179886757 -13.255275561450208
-21.14098947307612 -13.907617213079993 -8.015492115305584,-16.129722755766792 -6.0112148041229965 -11.93327218233754,-19.60551973740245 5.130533775057424 9.155105629387219,35.83138671001999 5.847974422363416 13.997068936625098,4.562683739768682 0.4077777075557325 1.7370169501877402,-4.726647914295184 -0.8068612743767059 -53.123742993777626,23.040205017867507 47.41545842980434 10.233459982875223,4.504252566252036 11.315593463774135 -0.9064450526063251,0.5314408468764973 -5.894023882346163 46.228412921253664,25.065803732151426 -54.057361626631085 -12.953694702557886
-20.485108986051895 -14.89123756371586 -7.692485782529134,-17.19630635621379 -5.432881860073964 -11.968227785183172,-21.625473857651855 5.137600737759717 8.393364724422405,38.747274083054066 4.7655435666153725 13.090687123375263,4.103781923664493 0.2854890235751708 1.022742884694117,-5.5523585043277865 -3.9752885304655208 -51.967885737236934,22.72688540249306 46.36384438463474 9.796728901009452,4.1295132592406265 11.339207360688077 -1.0489357137495423,2.0019747403927166 -7.6045065749020315 45.72953805943861,24.231369138866924 -51.57936251484494 -11.95963851807054
-19.708735803670415 -15.657874506623035 -7.80855154135291,-17.80764353534445 -4.8576684232977225 -12.096432273139802,-22.85469029604373 5.534442538082792 7.369095175810385,40.46549907611569 3.6416700798269486 12.197863281998828,3.4130772227522113 0.26210233895026613 0.7000145264791738,-6.449393848173617 -9.424611070019138 -51.32259146013978,22.78768845443767 46.53089276385488 9.855495909685127,3.4298734022231385 11.484527948540412 -0.7559960574507592,2.9426201936426395 -7.95927003466579 45.113268186507725,23.22498274172283 -48.462888301949576 -10.709919058039752
-18.89493962105908 -15.959153723738467 -8.58257703581277,-17.518274481299645 -4.453113780474759 -12.496196769854919,-22.735555990381794 6.22557387678992 6.552624890169851,40.36456229713458 3.1114507990727343 12.04836497426139,2.5954103851214825 0.4614901812384251 1.0247687221475659,-7.027478805428488 -15.40119690278294 -51.68993263281054,23.141615975390614 47.6807515410125 10.317955665597633,2.5026892519155135 11.767514720889439 -0.20023615429763586,2.8698301169007863 -6.886513253691556 44.718068822461895,22.416792701541056 -45.840825106427566 -9.654676514314323
-18.199766628227966 -15.834365459454947 -9.809151018296003,-16.37158671865382 -4.4347105766434085 -13.110291849674915,-21.435218761950495 6.9619463932515355 6.198498097026287,38.807041027305466 3.4147375687646977 12.787059761666592,1.8502381036363102 0.8669065233578724 1.862295416433928,-7.027317600287914 -20.061544949734042 -53.06263895547926,23.601229529035784 49.20914009216141 10.940849926091106,1.5958148457040444 12.123912119631541 0.3206450084890329,1.7949270043840642 -4.808861448250746 44.732999667637706,22.028453294071422 -44.43169667912917 -9.079101096700592
-17.88643314916637 -15.592477064631534 -10.871390844187129,-14.943738910347314 -4.988977314278523 -13.627808283814339,-19.785039890739093 7.431321729633552 6.297542913665887,37.01803203759576 4.293530394149978 13.853063116886121,1.436933055298085 1.3052472180219443 2.726177589863038,-6.4752231662895925 -22.091953782151663 -54.889764406835,23.972130861531028 50.45843766521125 11.455576332567272,1.0550713428414493 12.414892986832882 0.5081000108758946,0.27299053722103706 -2.4533945739102045 45.06520253978371,22.082965714700922 -44.374679544926096 -9.039359325708835
-18.300926677756223 -15.650304674061848 -10.982298107798695,-14.135052342154705 -6.185988705934449 -13.597180643809073,-18.889083987842312 7.376815146432866 6.684181258542562,36.543744326070495 5.166684542118017 14.251639538214443,1.5921448696573144 1.5176873285902468 3.0045538322550573,-5.702187497322324 -21.001110310565988 -56.31611542552211,24.152780845556066 51.05642981806199 11.706267879811765,1.2041273030464108 12.473956164912522 0.17873031676487106,-0.7982861698296833 -0.5665710451072261 45.35730397455153,22.460508477833663 -45.38487298768464 -9.426417662070637
-19.76543571885481 -16.306364365221476 -9.556752255578544,-14.789488574164722 -7.921202323620762 -12.625656859701579,-19.589921021372124 6.6957817718526895 7.20998677909106,38.527985996109 5.476602333991748 13.084480201205636,2.428104169436476 1.2856674735915612 2.26471751633152,-5.208421123898696 -17.036068868002573 -56.57859408614918,24.183468127381474 51.1077214709353 11.730945857744645,2.2025025869453705 12.179106472619871 -0.6727526618802235,-0.5555423059193254 0.33093245094150703 45.146573707683466,23.01187713790195 -47.08603164465799 -10.099871295679575
-22.418162258934842 -17.567050012527456 -6.5367120820086395,-17.30972843332866 -9.91781837349425 -10.577095555271065,-22.05169085472162 5.4804761673833156 7.864679324763625,43.14173163158759 5.012043498373972 10.060173747184997,3.859762256210372 0.5496604571191009 0.48360900321849676,-5.436634609692548 -10.866081728585687 -55.36282444230263,24.219604785055814 51.139044490101185 11.744053202122481,3.9484897544754367 11.518245029569172 -1.8818966820779377,1.4406723192393276 0.05609493956829237 44.08548339153739,23.655328988410673 -49.29402157472911 -11.000087220444438
-26.074657492723084 -19.11801383009076 -2.4997439274208,-21.445110660228217 -11.796235165607982 -7.676541032537375,-25.66248534593515 3.986158548278616 8.767822550097133,49.43938121474595 4.029310495091201 5.710198161794834,5.603495764099055 -0.5416604231712285 -1.9140991833693142,-6.566622430561441 -3.2643396453443057 -52.94459877035892,24.443960033000305 51.82351168783279 12.02738643001705,6.081603251919367 10.614288134535894 -3.182397147700333,4.9820750106192655 -1.270425914382725 42.115003961485385,24.40081837691208 -52.076547630489905 -12.16821401404116
