-19.226464593936008 -9.96740409851701 -1.7741750237867957,-17.90586386864099 -1.1106898461650339 -4.325479064594535,-19.604895296500963 4.266351687996236 1.0962608561487839,31.80759983744129 -1.3593271463065122 9.020060520207224,6.135424574631347 -2.7461574697013402 1.4759189170805813,-13.606949892195832 27.321359787017474 -32.511063202837946,28.62104349294876 70.2744637708441 20.32119302952851,6.071676344943048 8.234732568351353 -0.8154233154080028,-12.456549095146531 -33.10206748970799 18.11110119356492,29.594576512958653 -78.76944045410495 -24.46198422979941
-20.02290821695054 -11.270854104841588 -0.33151971955845827,-19.38859374894495 -1.960297160236393 -3.330485983950155,-20.03572855045708 3.581838639681223 2.7018499073235587,33.01128403110486 -0.1976832092720313 7.120981742060314,5.173594189762907 -3.2116153208975193 0.1591862999899587,-13.68911349689757 23.669086707025535 -34.265876949997484,28.438650704356714 69.00949082435481 19.72445601159437,5.352380214685312 7.875591462115698 -1.934827244462792,-9.814947045648836 -31.445974136752582 17.88914223936802,29.526732603272027 -78.45500857470756 -24.321788076344387
-21.238386591918626 -12.422465363042187 0.9220561477653277,-20.60657398406518 -3.108583960424685 -2.4323571273466746,-20.946260538081056 2.9852110615418574 4.114203722696669,34.79868072308289 0.6654494788708423 5.331599959450816,4.871663018905455 -3.5859553360495657 -1.0346727193230596,-13.448701120257098 20.540889767403296 -35.737420260729934,28.122098723658947 67.23215946039267 18.89527465963061,5.255061649595051 7.611010803322012 -2.8004241001127004,-7.3483646940246885 -29.64306071053036 18.122914730396044,29.292727363176432 -76.67735110392661 -23.460943301541484
-22.50334620012959 -13.204820065457227 1.8972351131635175,-21.231556124077578 -4.29933264617956 -1.7541735091813178,-22.24409749158364 2.5496060589387612 5.254938107073713,36.95225632353826 1.1146457816848168 3.9365459881940996,5.370081813268444 -3.8821876041156727 -1.9397745594179605,-13.009025977997863 18.781144443985113 -36.54635980207536,27.69600390829429 65.09953363300096 17.90885673568653,5.896300291870062 7.402833830850525 -3.3261470889882663,-5.541164304279157 -28.150517494062207 18.521677711198137,28.971677084526416 -74.05574579167065 -22.179045566385007
-23.457176860707552 -13.437386328168447 2.613533834060267,-21.129111097059766 -5.153062126990157 -1.3300728829602408,-23.702929136089853 2.286954628923911 6.114838166509213,39.11397139872417 1.16682601887481 3.0925860673990284,6.636132779767532 -4.158688482322786 -2.4600831930614526,-12.642916469872054 18.96478034040556 -36.51314012974103,27.22897379382897 62.90573612491951 16.900750202077486,7.234997618371396 7.17106567059984 -3.5236679700635376,-4.6302974933537575 -27.436950261319055 18.622868374823454,28.680622463354858 -71.57478084817866 -20.95548316206343
-23.890814642620864 -13.081801117704833 3.147220156142689,-20.409564696361176 -5.380196862923867 -1.0952964276403887,-25.004518146024 2.1580652372148417 6.704584254648244,40.846528277656724 0.9488410404374665 2.7956517835836143,8.422144804470776 -4.467801084526865 -2.6005821663783966,-12.575576852596306 21.012234875795976 -35.71676940086556,26.812808325449097 61.00574361754482 16.03125039003212,9.032202781468616 6.856016190902981 -3.480393973895468,-4.53941984213099 -27.752241192837015 18.102373473480228,28.514681910829225 -70.07117884412254 -20.199978886238778
-23.82565425014605 -12.30392793549826 3.5594245754809037,-19.39463741065739 -4.963581037182541 -0.9293423444600104,-25.843984941316545 2.1006871675707774 7.019642710976461,41.77865740371101 0.6394292584927932 2.910716616292108,10.29366722244204 -4.806638277687547 -2.4657079058836735,-12.838267868547298 24.10023622729777 -34.46645866653091,26.531952779674942 59.717907591387544 15.441939270167975,10.875804655183316 6.472800052357926 -3.317081456833127,-4.955918120947135 -28.964256212794606 17.026127890328084,28.50367099490393 -69.84700686983948 -20.064220577577974
-23.488038652398977 -11.441538074916707 3.8479074818229546,-18.506083845946886 -4.194567798312768 -0.7330021859826994,-26.0515525720182 2.0623664552770706 7.0459326006429475,41.76868358650022 0.4021557397839608 3.2437600385453518,11.739124255519403 -5.10187941770177 -2.218448908967615,-13.25464740989563 26.954342215585367 -33.20188358398084,26.435175380737448 59.233038414404994 15.216434153015404,12.281974819186953 6.12226499981329 -3.1433169082638437,-5.497265434342471 -30.56366365694657 15.881489231545839,28.60641969132655 -70.59807226824819 -20.406189051565264
-23.187441928767196 -10.874928533488943 3.9501825738548426,-18.112684228851688 -3.5298421213674303 -0.49629556413969095,-25.667125858737045 2.023338982438415 6.79795491204104,40.99075404792053 0.3341257319705875 3.6188227203491845,12.334183248689751 -5.241607284901532 -2.013381229610932,-13.560127453299039 28.401756267398056 -32.356708448118525,26.52032955561933 59.556616085561366 15.356123709825711,12.849243331886495 5.946451822342443 -3.026705094006872,-5.878632644152313 -31.859632587067782 15.348123231145456,28.741881551307493 -71.66163121618443 -20.90919969690993
-23.155598677559624 -10.855811798325897 3.7943749676393685,-18.391942909069083 -3.3428020646284695 -0.31451432632397225,-24.92344360557555 1.9996436459948062 6.353365535562379,39.8774709422187 0.4447232734520883 3.926645521364071,11.899970398543008 -5.139305997985039 -1.933460006104808,-13.575872048596997 27.909846663490136 -32.22640557020236,26.737658041753413 60.50397091168621 15.778701657554482,12.408561601968614 6.04979703295171 -2.9836958969801746,-6.004977973744232 -32.28727670144476 15.921764476095952,28.83622295304198 -72.41434440371754 -21.273767742461132
-23.427299078022237 -11.382677366538843 3.365285089383571,-19.262461727101353 -3.710698889642865 -0.3364955848546489,-24.140168501153347 2.0261146018162037 5.847776454567503,38.929374449713215 0.6662395252356772 4.13098478641796,10.584489002805848 -4.794057576412375 -1.962443049675251,-13.327774712080812 25.82610345723373 -32.87793823296552,27.00973948197316 61.75510214345248 16.34212127031389,11.102568007111028 6.430172413824556 -2.990698607758273,-5.9563607419467255 -31.677644566177563 17.601126775996736,28.858431802210877 -72.58554255933291 -21.368622166851566
-23.826592031007927 -12.195728739993019 2.74336497393577,-20.418762523446436 -4.365341746123162 -0.6690532772930697,-23.57973671583103 2.1286901984731963 5.422070159057679,38.48223471735034 0.8890808503220082 4.242461010726689,8.821128052675054 -4.309723945357508 -2.0087580544540313,-13.034309047872949 23.18204609364411 -34.12836968396385,27.25979971346715 62.9565908978943 16.88886637745,9.349261810353628 6.962141582792743 -3.0072666485335624,-5.889435919090483 -30.345850492194785 19.827887666585294,28.82639288130688 -72.32242718754352 -21.262016115060387
-24.070360816196864 -12.905393937976358 2.089602000950413,-21.459384972338412 -4.845940322511939 -1.2909930991327943,-23.338349711621987 2.3008657717645704 5.152465834869505,38.55741270567872 1.0094513280290438 4.284441482207525,7.1695619602801335 -3.8566402782184244 -1.969683294669867,-12.965997526834334 21.15297197999203 -35.60278212531697,27.43712353655887 63.837704988050945 17.296786146607595,7.693057400677628 7.447836395469314 -3.0006583903980926,-5.915279465888408 -28.93743085315638 21.73691124118232,28.784248293835514 -72.00289026191615 -21.131567061163224
-23.93953220769517 -13.195697455661405 1.581135693086646,-22.05772910551297 -4.777017426702818 -2.030280682678881,-23.328173727298367 2.497248976190972 5.013665719451848,38.88298258718902 0.9754520518859012 4.273850983801292,6.099593471223525 -3.5914916697448005 -1.8016742619575312,-13.25791971015447 20.454074633524506 -36.859532644515845,27.529785946255682 64.2957231802848 17.51712957623939,6.598635975051231 7.712791875748556 -2.9628135809096783,-6.019296903224859 -28.097580256761166 22.59929099347778,28.76853463297846 -71.94041477763443 -21.12273339546248
-23.428760090154128 -12.9982029405171 1.3324567978291422,-22.102532494559057 -4.118338952519603 -2.6259088687424827,-23.357941351973075 2.6486254837236842 4.910612034809864,39.08028887671391 0.8170832256995366 4.2247090170084105,5.809757117306342 -3.576678734866081 -1.5574387480951453,-13.789386915653632 20.99537467966759 -37.546483127012316,27.560286807797755 64.41133319886558 17.582331308103377,6.274029183876825 7.696428457835201 -2.9150858616755224,-6.063849735644633 -28.127169167951237 22.22285680412543,28.785410257007154 -72.17717607097767 -21.250653348609617
-22.790898218300168 -12.541650709628605 1.3474362379451987,-21.743848953551844 -3.2423005686337456 -2.848199544619537,-23.26526518620059 2.6917423536349236 4.770501641169787,38.9135916427129 0.647498182577193 4.16416160305987,6.161750421564805 -3.7443040119587847 -1.3673713744352007,-14.211467347598148 21.984306083602277 -37.534002339091614,27.566867269283787 64.38160008036189 17.577344761680273,6.601337007928414 7.486301270776713 -2.900909536569597,-5.871895975784567 -28.80699208251102 21.08421708189921,28.812192360168957 -72.49054958982981 -21.405289029121143
-22.442982313688958 -12.244872711290544 1.531290854269718,-21.319870098698352 -2.784651735143715 -2.6148046803747977,-23.025168613073337 2.598848136300544 4.6405159090397365,38.45706879022499 0.6293694954092626 4.141554609894883,6.761257197110738 -3.9282448513977917 -1.3737355167547594,-14.120673746939564 22.423144168388582 -36.97008371106298,27.579467551794167 64.39691171438481 17.585524418111493,7.2073685874824935 7.273666684828822 -2.9703828317555057,-5.3494960896386505 -29.49240545375188 20.10425779233747,28.819801907464317 -72.59356640095804 -21.449545835333552
-22.771703108922708 -12.503868379057668 1.7573129845811284,-21.193763843148005 -3.3377506659080325 -2.0369232710916174,-22.772231727932176 2.3913622081031596 4.720051454701043,38.07320027990185 0.9123532267453038 4.216448426421874,7.148331433866787 -3.9513188481343056 -1.6533583039055355,-13.291349775003297 21.728558164287055 -36.2263359877757,27.60182583081756 64.52104541232302 17.6350867735358,7.642775341960876 7.25069854840123 -3.162721615541754,-4.583591187555998 -29.441631684972165 20.173162738321288,28.799207473495 -72.38318560926703 -21.33891463600773
-23.93179691462668 -13.482644139040467 1.9501879416389667,-21.573164583247305 -5.143477561404901 -1.3652476788298449,-22.721815813807716 2.1296646894757885 5.28530356929902,38.20146134433809 1.5622624492065609 4.427711580702804,7.0089482307210424 -3.723043161274058 -2.1724575579319474,-11.838850718782505 20.124738372366338 -35.74650220971155,27.6087663528107 64.6403989754763 17.6759283501568,7.58749909156529 7.503261283834799 -3.492530441098221,-3.858325330522267 -28.214629900491275 21.674376851694582,28.772870961050128 -72.06005579317797 -21.177219632481247
-25.740205248999942 -15.018218517596845 2.135588380785346,-22.39639359185998 -7.946459795205961 -0.8600382700954471,-23.032723089099534 1.8833060112528253 6.527056046507088,39.068744464104746 2.5124820433137014 4.762109708970556,6.309626745170398 -3.2949670084077347 -2.8001362752874615,-10.215191416534399 18.576550417317808 -35.85487312353242,27.560943284742187 64.52035183205767 17.604457691285713,6.987986588266475 7.958127113480384 -3.944119701826622,-3.5668646382608316 -25.934575340894476 24.26702345865617,28.782515281376167 -72.02765980950869 -21.16467769855314
-27.72511086977244 -16.691094173628628 2.4228428973172873,-23.34153602419363 -11.085136205064629 -0.653973895600287,-23.687795257957912 1.6965838920476948 8.384035005369572,40.48770739804719 3.5656315871281716 5.1458535169855,5.294764039472069 -2.8410235566160837 -3.3741063475727917,-9.024754490919848 18.27784133596997 -36.607771992443936,27.430874000423636 63.95290853145414 17.329894416745653,6.0645678717663145 8.41589440929009 -4.475228592335732,-4.043899965908075 -23.268423805984987 27.052747639685915,28.860503353451996 -72.62443612191315 -21.465618799825577
-29.312846362708875 -18.0248537658046 2.925578686342367,-23.95875298912632 -13.774057127817565 -0.6839763015394427,-24.4612163232389 1.5675827190975713 10.474924240022155,41.87115963237954 4.455567856089646 5.471824208241829,4.35315615895443 -2.569838517252095 -3.7821091805353193,-8.744631888351915 19.959573611293226 -37.760211754261455,27.227793319895277 62.92602259228075 16.850806704440686,5.189996967019027 8.65482342705079 -5.0283335546456005,-5.387107819709432 -21.126276733700823 29.045667181861138,29.003537980819534 -73.8582661014606 -22.07925173379018
-30.065926221016323 -18.710126039597252 3.6633836257401877,-23.86850520928668 -15.433418157770552 -0.7328279882659219,-24.995707552501408 1.452297859122597 12.193124833126111,42.47657309875489 4.952010245018592 5.654027546897021,3.8228899352110908 -2.613413688625764 -4.013027091047379,-9.489623125657051 23.39542714451437 -38.87160198726245,27.00795626962333 61.7214691940963 16.29944934122519,4.701645709795632 8.551370038046793 -5.545266489309045,-7.353298072286235 -20.227009567529826 29.69618452764334,29.166940780677997 -75.32445957906236 -22.801777938348724
-29.858632796892294 -18.73662293881981 4.503470780055639,-22.936480089340193 -15.903081101257644 -0.5612310796602404,-24.954344168633593 1.2923780089905486 12.944737118117224,41.766251940647564 4.9652713710216245 5.681754501573739,3.8311948032300314 -2.9512948088446183 -4.148953559100429,-10.944589373073459 27.392262099598938 -39.508738040209515,26.862598406503537 60.8725409706578 15.922198507414985,4.739860787507285 8.152456844576616 -5.980061754422245,-9.394244538755805 -20.750886039910498 29.184881798565126,29.285507507648003 -76.38468344647077 -23.316739999988336
-28.907460453425738 -18.36850512636272 5.184199990494575,-21.345793267980213 -15.445888044269937 -0.05911038911619415,-24.172264018525592 1.0521038415577668 12.425732896894225,39.6978434490063 4.601007538072745 5.641285301468004,4.244892401567298 -3.4123065182547445 -4.303967235570974,-12.504189424126794 30.30210628363553 -39.45314058918994,26.885870030113125 60.978390322345966 15.994271448341879,5.189078821430755 7.659169621561262 -6.3061556327736845,-10.841276266164387 -22.257874052653936 28.323500018489522,29.31028674131719 -76.52466141530152 -23.372137630404318
-27.646845993729134 -17.98410553957832 5.419472063798626,-19.534161981297153 -14.559141896140034 0.6688403323591579,-22.734117135312648 0.7445511610466898 10.79782232236758,36.78869007644253 4.131925827668484 5.687301823305081,4.74946194256649 -3.7554804501651833 -4.546966060173557,-13.554570154529722 30.812595757224056 -38.81125291032841,27.135231625530263 62.447806649773405 16.70196301733378,5.74525205374054 7.328791497672614 -6.5167510086572715,-11.177344238594785 -23.91363267946724 28.112198555304698,29.23985198242533 -75.68881801323934 -22.94458227212259
-26.518006395244313 -17.873153844324467 5.036862840736742,-18.025583516082175 -13.709954587040617 1.3349296521407066,-20.942442182927262 0.4319305429491951 8.660048905199275,33.912896669715984 3.8899284877032763 5.972865783346302,5.010558959694866 -3.7893503073572736 -4.855702483542572,-13.75851221952297 28.614594985450566 -37.968478398301265,27.601988730693872 65.29139057072283 18.047179989656552,6.07036317120089 7.346306567624307 -6.620041908816771,-10.282619765136552 -24.905505464390266 29.19029563906098,29.126584965237736 -74.38566251528141 -22.28933921324618
-25.7798614912017 -18.103235793518614 4.078564155491259,-17.232842837198497 -13.138248079173922 1.6056576962115203,-19.197861319712075 0.19860631086234531 6.810669868740234,31.92987040252937 4.121655625525228 6.571286127401672,4.83371726470392 -3.467430688182429 -5.130651996263201,-13.203211563392607 24.59714598489385 -37.4035976927335,28.206730418097372 69.06932203067281 19.82385564425654,5.95400713154397 7.733387682815018 -6.632629065900893,-8.534256709564417 -24.833242660526125 31.477719716718273,29.05238654360667 -73.47751073243113 -21.834591503099475
-25.434618322187017 -18.522976562036344 2.8075005699308244,-17.31693253354595 -12.819495421434159 1.27361059941824,-17.853569615124545 0.11024795134930104 5.902488752857163,31.330770965857017 4.8724377483355426 7.430966889460425,4.244125586897218 -2.9094839666590033 -5.260891748185102,-12.33952182893818 20.457682069275016 -37.451704866752166,28.824044019258125 73.0330555232094 21.684043506749653,5.402866500756332 8.34289229494229 -6.574088036771235,-6.693645933608517 -23.875595032142524 34.20227646140108,29.08605234843895 -73.74725151626504 -21.966543555535935
-25.296097448926538 -18.888754881912654 1.6065255841975252,-18.15885174979112 -12.581705053644292 0.37213843201709496,-17.112688173928753 0.180786831903766 6.1560556696293185,32.07658402211078 5.955010285741682 8.389565946445899,3.453534989446955 -2.3372579565495264 -5.201320459200569,-11.746692210871457 17.91588194799322 -38.13382381554337,29.327480718125567 76.4053011821164 23.267868437072835,4.619240679537365 8.940748312032879 -6.463708963341125,-5.608083265900598 -22.65504128417131 36.29863009433922,29.24575130478695 -75.47072471538927 -22.81857999006882
-25.151530667061834 -19.03149360933575 0.813635012645991,-19.44479650578854 -12.285412659055538 -0.8300940493675686,-17.006950325298085 0.3654942013783139 7.2732596176876685,33.69611375881872 7.021816316090266 9.243272381532226,2.7403418941612085 -1.958891992966903 -5.011532227787698,-11.842914504779447 17.924023386859286 -39.1418646292489,29.63574104706847 78.6715630177885 24.338422187887954,3.8873696055793605 9.33003321050521 -6.318347009971027,-5.84689480281561 -21.88298167444856 36.963075299289684,29.487849512072668 -78.23471070873768 -24.182783547379934
-24.919288732516495 -18.960552482372968 0.5717035408061562,-20.81494776671384 -11.949281458047032 -1.9535861235653122,-17.448302944350914 0.5848890628371449 8.5966935004797,35.57342330518242 7.710625956032244 9.836949549797374,2.310560832491651 -1.863516325886579 -4.828092891829052,-12.685572323210751 20.26676784897651 -39.99115494476152,29.73963710304713 79.747084374887 24.858316881211326,3.4309851681881964 9.44985028605534 -6.149659415371104,-7.4371662283666975 -21.980432046810733 36.06451343772172,29.728787345265456 -81.11561843299614 -25.600031291219317
-24.71157895784504 -18.843504116484375 0.7675985266979168,-22.00306959259066 -11.748249275984918 -2.6863682382572405,-18.3088213042303 0.7673865291423483 9.436763560600502,37.259357687896575 7.7970596742575475 10.128212970603629,2.2112647110493975 -1.9817800331600925 -4.782291176202767,-13.95555737852677 23.739153969299302 -40.26743121457218,29.697787446174857 79.94305283480719 24.972673578774717,3.3152253299317103 9.396395894418001 -5.960357749177747,-9.832048843315391 -22.87483893605451 34.19231171503944,29.888164264929106 -83.13872187709453 -26.588338767920863
-24.768098576454836 -18.878289943845928 1.093041572609627,-22.907760101646954 -11.895518653574964 -2.9223942062670334,-19.478226039814718 0.8877579697039156 9.403425931811615,38.64192200484643 7.283420573312185 10.191234733409946,2.3346198350429628 -2.132177100740559 -4.9109985169603405,-15.124910009235283 26.79204670467753 -39.84508829773181,29.603525453900183 79.75617900468279 24.910214424303298,3.4378431000802676 9.357059305576374 -5.741558650216986,-12.14253222468503 -24.071381360141125 32.321296617476065,29.929323502754038 -83.78013206094076 -26.891383913405043
-25.301696688642043 -19.14149247883256 1.199184245565676,-23.576347046363054 -12.49171641134132 -2.7886550557611143,-20.872668627385707 0.9798571206052352 8.578021526098713,39.901723434023225 6.3840408696430035 10.15831961105944,2.500038722494674 -2.126565914704215 -5.116977567778925,-15.716358807726515 28.29829322826073 -38.965658223417805,29.53915661235158 79.59443185065595 24.855527816249452,3.6054503069387818 9.496357158106218 -5.47487661097902,-13.536508722851165 -24.945136543067186 31.282776102148265,29.875373320467002 -83.24278244327053 -26.614192513956596
-26.348128650656978 -19.512783018614115 0.8693705780516388,-24.126501024740413 -13.441612009665054 -2.5510660056413164,-22.405526829256125 1.1154491229246073 7.444126651674663,41.305750641290956 5.417957308009462 10.131981094745921,2.5622433467451424 -1.8764926031371738 -5.209655679336059,-15.52283134203754 28.043893531824207 -38.134806378477904,29.539622836474283 79.58166543971838 24.859350694527134,3.6472500103281646 9.858448995095529 -5.14177108281223,-13.619894569002222 -25.08306038347169 31.33349145320168,29.792681315182058 -82.3533470761536 -26.170500690980674
-27.710322104439538 -19.730416489533326 0.12465299128391759,-24.656169489638767 -14.492786879879073 -2.4552669491621613,-23.95632973666432 1.359491697175766 6.620587631047179,42.980857583239285 4.664374407537769 10.118116654738685,2.484576190580529 -1.4421106573929348 -5.0108979454196,-14.682675079017757 26.70877433392277 -37.887359348468664,29.58266762739082 79.53860405398605 24.83212665414009,3.503515300387149 10.34073652287462 -4.7386322054862315,-12.612811827728892 -24.48548098543999 32.05604523371734,29.75218572264311 -82.12778126234427 -26.06589741425522
-29.03406763447414 -19.55186967074956 -0.790185964872843,-25.18875089432073 -15.371768471084305 -2.592676588872907,-25.37187975359191 1.7258542040548914 6.539362606293084,44.80768081675252 4.25222507949983 10.02120682442581,2.3418877003897265 -0.9974146955164022 -4.4690630886507705,-13.584369759436726 25.38128906838384 -38.5359150212707,29.609092079808356 79.14110477528692 24.620489940033096,3.244952033431221 10.752619374746292 -4.291110989302835,-11.227163620327515 -23.523698204311913 32.638355396244194,29.790827816364718 -83.23023387224781 -26.628608666783013
-29.976724833979596 -18.925167514310093 -1.53275696835912,-25.67329369714112 -15.93077343835724 -2.8657381476189085,-26.506706856020685 2.1584759795154396 7.233778215571716,46.49032129683608 4.134507063755746 9.709313327750678,2.259579966651855 -0.7315872647771801 -3.7136400908263,-12.660387800284562 24.89709648788497 -40.02539483257242,29.561457304771192 78.1608858004634 24.121314466991524,3.0195660806558564 10.925592078835415 -3.858547154389064,-10.298622824921399 -22.692032036218073 32.36989241783135,29.89434547450948 -85.6074824647885 -27.828175460790433
-30.375952924121485 -18.06209657362264 -1.838216482228092,-26.026523896474192 -16.210851650127857 -3.0688947508332536,-27.277153956662143 2.550239157237736 8.33926680593051,47.741652295793784 4.1525192048934665 9.117210894687835,2.3303110202856665 -0.7412272335600828 -3.010881384596927,-12.17966971734865 25.375018502019365 -41.960621029846735,29.420445197843872 76.65103708634247 23.36811849691105,2.9625727919132974 10.812224182580927 -3.5217059807217037,-10.353084801900268 -22.308231237063147 31.07478583181221,30.009602582985593 -88.48854315226187 -29.27625440336946
-30.322933395064172 -17.355613944117284 -1.6565103578336782,-26.18342241166523 -16.37941561268636 -3.035852664915036,-27.68784607048716 2.791748557265022 9.294831674710496,48.45076598115572 4.149120805350585 8.331582774103381,2.5585656997437507 -0.9730269054676572 -2.634587178643468,-12.139453719368152 26.19969062218432 -43.786352008720165,29.21977223558854 74.97183512482628 22.540813697444534,3.1214848137079976 10.517960522747146 -3.354534026338466,-11.32751723921916 -22.340657422037154 29.240103646258238,30.07751752060752 -90.74799602356501 -30.408697242320414
-30.096382730920226 -17.173287133360105 -1.1844355245005613,-26.12527324392137 -16.579944659065276 -2.766093215081961,-27.803383177326317 2.825448110739742 9.631292486150024,48.713722668500154 4.067760580881133 7.6068257217085,2.862781348874382 -1.2486617300534635 -2.716321753308617,-12.299069412611383 26.444809013903463 -45.025325424266896,29.032149205762344 73.64285962507842 21.89298694541604,3.4355378594672388 10.24729138907242 -3.390127056690316,-12.592550617737595 -22.46175291169723 27.768659647182986,30.06655014805527 -91.44522445383585 -30.75523808370823
-29.991550961164577 -17.63575342306044 -0.7777272331258613,-25.87418143477306 -16.790043853434522 -2.455191636260471,-27.674726805373403 2.6763392665406855 9.195121274350788,48.70269520414003 3.9859715731935212 7.292518893002382,3.128679750673447 -1.3586756674277536 -3.15688164264923,-12.324482443069149 25.48408736139664 -45.45744378794349,28.934144360143314 73.10445476434643 21.6369556528611,3.775406722132483 10.193535550589743 -3.5973474096408684,-13.272172085413807 -22.291623306398435 27.493564710173693,29.987791117092783 -90.26820194156167 -30.161319062149836
-30.138896319487657 -18.508116855802992 -0.7867440769637968,-25.466619017771237 -16.7844272472099 -2.407478411156686,-27.26588616812862 2.4417682063027453 8.200556053038133,48.46293819429725 4.070207649484387 7.698012080975651,3.277643222363233 -1.1746719161376826 -3.653684824491065,-11.9617013820642 23.434604468851603 -45.16159741063055,28.96878452997251 73.52079264605389 21.84990451607899,4.015503310274041 10.432716601109858 -3.883004370939932,-12.701453271554419 -21.681798410168515 28.721498340895167,29.88473797901242 -87.66940346866353 -28.855786699413304
-30.415739412173984 -19.27864427553919 -1.3945635709691295,-24.93054674907099 -16.239731959468465 -2.8755950383201125,-26.4370332690179 2.2438440401441238 7.099397974537137,47.787909074052216 4.481432635241164 8.953226843668771,3.3073532968677757 -0.7194884339620748 -3.839386830437655,-11.152934782418129 21.173073008560344 -44.417474687472755,29.125523309883288 74.7307349917643 22.451543025399815,4.095682880746461 10.879659547561804 -4.124277275217068,-10.787869988855377 -20.863151533373866 31.053291839993797,29.80615575033959 -84.64515173095137 -27.339859618381773
-30.504893918260297 -19.39967454898327 -2.532115756322045,-24.284503992211754 -14.93242214894501 -3.91288426924101,-25.013991557807287 2.1680400603626087 6.352234210081018,46.2868760381645 5.284623195782675 10.930167335644555,3.2811565408767693 -0.15815095499014975 -3.4665818352334252,-10.048579779047301 19.904618461279377 -43.53582971915487,29.347517195163853 76.36661136977615 23.262335104139407,4.039155685961922 11.330152476177286 -4.22103484927587,-8.087727631351507 -20.358986673368314 33.57659220178425,29.779675190061184 -82.28705922748483 -26.16159362595766
-30.073280566001063 -18.57400976503221 -3.9054557247120405,-23.55818039785926 -12.919776597510133 -5.318791696418346,-22.92253634433576 2.2196737274510916 6.226325889729411,43.641869760892554 6.408734709951249 13.26365287633091,3.2751782337317303 0.2847634052951157 -2.5450215575492607,-8.925459308016926 20.513376525624114 -42.714509306789864,29.56134599385047 78.0645495947698 24.10521171279987,3.921306578861494 11.566089700632237 -4.145292854693286,-5.555095968999449 -20.700775479221598 35.32299321720155,29.80169300663406 -81.33266816519856 -25.689770255788243
-28.975267346961118 -16.93756389031029 -5.116753226722255,-22.81583317022471 -10.594206907040144 -6.7083798362386435,-20.318107534475295 2.321568649314494 6.716039107337977,39.91984822852041 7.672607633790052 15.46516178345231,3.318179317065139 0.43669822400203073 -1.3581381003629271,-8.065312099675111 23.04785642237019 -41.991546596769716,29.712499576385614 79.63895873226474 24.889465833591935,3.8128321321780883 11.466888621007895 -3.962522631466186,-4.0908060438741884 -22.101987033222056 35.74268235777656,29.847572351335486 -81.91803803999863 -25.98942341507797
-27.36813343821359 -15.035935462913464 -5.819864604136784,-22.15916763878563 -8.564937460115003 -7.67214811548974,-17.627830093137476 2.3552929419982425 7.604057812036556,35.743379698139485 8.855952230626379 17.082342805216896,3.3631885166171345 0.2587943148578655 -0.3454553302476413,-7.656617227148822 26.625057537552728 -41.30410434846562,29.787527550522025 81.11815358384095 25.627502728703355,3.733616180386373 11.068296493822492 -3.8098880500637513,-4.122993867232633 -24.27693187944032 34.94763612672674,29.89279242738339 -83.61283772177742 -26.84012650455108
-25.67134291739154 -13.596020449817233 -5.8418397094860435,-21.698706445722436 -7.413791090210703 -7.946936101644088,-15.45570315492781 2.2256980503327757 8.603654304912373,32.17573210451612 9.773802123685053 17.838457839220165,3.3100870780647402 -0.14344083017989237 0.09420915727476109,-7.757785641955109 29.814548318478817 -40.60055737069362,29.811877740849162 82.62426313840193 26.37663594779731,3.644581510134218 10.539435234590046 -3.836195593302483,-5.432040165353309 -26.517179794312757 33.60669149829192,29.929170241732425 -85.67306302639138 -27.864783502348523
-24.384165699777796 -13.199676244706357 -5.224778329325478,-21.504587078021565 -7.441948400616057 -7.516235264219116,-14.370248454049628 1.9159242766164835 9.488348001576442,30.324706451300557 10.318062646591228 17.698436265597568,3.0668425711796434 -0.5824404457826691 -0.21695750331314745,-8.319532626496565 31.30858908313637 -39.92737152065396,29.826432905919248 84.17830769147646 27.145072795750462,3.480064275262121 10.093484654489243 -4.128316608343032,-7.300923384264973 -27.998318338653426 32.565929401722975,29.964658330365463 -87.35671559462288 -28.69070483388295
-23.853003224175257 -14.018539511307777 -4.183264826033582,-21.56482580315305 -8.533003019889463 -6.597926146080211,-14.662007016970842 1.5042998206575118 10.140607695328946,30.83535560127374 10.455363906172742 16.84361276933234,2.612951823438985 -0.8871274432041911 -1.1593391195761147,-9.23374324041843 30.534101408661556 -39.43508628108937,29.857660732087197 85.56240631124444 27.825679090256898,3.198405774926618 9.882015756739563 -4.658702094256665,-8.898208138619704 -28.1621858114992 32.410105276112375,30.00748304023347 -88.15272024418391 -29.06637823611848
-24.108677786467062 -15.739503873600352 -3.009289557298951,-21.779397503611236 -10.199779154404178 -5.535732073256787,-16.187766346716952 1.1335849301107679 10.51474554067949,33.52935611097237 10.198845038298748 15.577190673541596,2.026261852414214 -0.9836762503139247 -2.377764965381151,-10.371391749529284 27.895604755207373 -39.30244114211658,29.899411844185828 86.34301424502115 28.207500658458187,2.8181445325231476 9.92911807314453 -5.282090922994496,-9.679991097081603 -26.975476022710495 33.19979245578593,30.047293306312366 -87.85452435633995 -28.897966022433877
-24.858688348830466 -17.714613831489896 -1.972131917746788,-22.00017588403461 -11.79014791586605 -4.655395405688023,-18.388963686681674 0.9470292109636935 10.567948009602654,37.400337566226 9.584522689433358 14.207907388942536,1.4551182645123877 -0.9171785826004356 -3.4467217435873168,-11.591902163858558 24.534319811947434 -39.63017392607542,29.917039239524886 86.06504568548293 28.069702558943078,2.4169390441788683 10.136883361713908 -5.788224258427382,-9.595372373201647 -24.929746878388567 34.50964984759843,30.04934302701852 -86.50810328621151 -28.21983164231762
-25.638480784565402 -19.257605830379102 -1.2512626748796318,-22.099855399380306 -12.750404376895496 -4.155286338099341,-20.493675907530154 1.0223591799671392 10.229966296008124,41.00551471472282 8.67296263844901 12.960102008014367,1.0495058196454703 -0.8074867846845135 -4.054571801032143,-12.734714179527215 21.74040501819016 -40.37454047210895,29.87096570063637 84.51947558556482 27.31093636038165,2.0936290610449584 10.353310398402579 -5.990723705036688,-8.99772498776111 -22.785204073801342 35.7217818055984,29.96972169606652 -84.31902208959733 -27.142627640124708
-26.042421619468055 -19.939916696414436 -0.9155124338251444,-22.03362502996945 -12.82334848410984 -4.072935914562386,-21.82231505913319 1.3356336572297485 9.447213131419966,43.08916226110166 7.571775080088641 11.937476669720208,0.8888932460173874 -0.769043664205808 -4.118090208791926,-13.620789844499164 20.32874075238736 -41.364761535786236,29.7449637839801 81.92970467640498 26.03953272096834,1.916332559063546 10.460330795822596 -5.8132216524036195,-8.334498016965739 -21.19569108434872 36.39202163956973,29.78492693166377 -81.58957474716709 -25.817099802110707
-25.914106043671616 -19.746146062382376 -0.9376200201390947,-21.858232372632894 -12.100004914134296 -4.32344082991273,-22.062215687793756 1.77171560733156 8.275279112551674,43.142550777430046 6.451980196659771 11.138705591411249,0.9468270730023172 -0.8426953099098685 -3.779644639692827,-14.086009738451004 20.295007788316205 -42.395091014052795,29.561203171399306 78.93189923000205 24.564286889320172,1.8877388997967446 10.431599374607998 -5.3324109275955305,-7.814492177337405 -20.41149098438801 36.47967502759542,29.51711750203944 -78.69693253056603 -24.421879493350772
-25.398770796460585 -19.02606116661339 -1.222600994796954,-21.69525142770543 -10.922332678415943 -4.77022206363931,-21.385530664724744 2.174980529947848 6.947413082526335,41.62266790265483 5.528249306701982 10.501329639079726,1.1115925183850979 -0.9779132107784411 -3.301946649825742,-14.04378834136327 20.910318989545218 -43.33441020725015,29.37160701766236 76.33032852465134 23.276533629561193,1.9481354606249586 10.330258092864081 -4.755700242329792,-7.260782615043735 -20.208882790234092 36.32233815915335,29.235645478414977 -76.06758262238526 -23.154262450381207
-24.835197401082787 -18.284391918109684 -1.6338398748678788,-21.657028591376545 -9.704952835435025 -5.2820087472812,-20.35583216527179 2.4147652047768715 5.848523710974799,39.71532098233444 4.993769769828479 9.945507914684864,1.2505111543598808 -1.0729251460926132 -2.9252805512655344,-13.547129365529301 21.178572799602197 -44.18398916790976,29.22910180822338 74.73470185569083 22.474924905085306,2.0138516665217514 10.253184225124631 -4.340748419092574,-6.243333075171424 -20.069171165893373 36.38969552423331,29.02781537939105 -74.09592577245839 -22.196785442167766
-24.550222617746446 -17.925903670620478 -2.0147679107343004,-21.776619484952437 -8.77058649183356 -5.751946957467104,-19.667306885868424 2.4344695715363147 5.377443977261187,38.75519129359006 4.93338777874764 9.400145194903564,1.2810107773544401 -1.0461598432210164 -2.7638005511777664,-12.80919794546083 20.39678685104049 -45.045456460758245,29.15488026777374 74.26234185025021 22.22099390814318,2.0275328077573898 10.259001377128072 -4.2913007758274055,-4.412860200873019 -19.49601668531258 36.97471814097031,28.95082361540081 -73.00260487005596 -21.654027948086355
-24.669741771478066 -18.08416231107253 -2.214448660929561,-21.982893564658752 -8.268003744790802 -6.087756990998307,-19.837706463158938 2.2633537009737457 5.7538508358817575,39.58791820969494 5.262577844581166 8.811126511094203,1.2084637504394986 -0.8946197087503153 -2.787423236717974,-12.155472532855295 18.519283865363587 -46.017445262344935,29.12139592901681 74.46800537796868 22.304151185660768,1.9896582018624063 10.325007945416532 -4.675187832784775,-1.8273577149504145 -18.29177020451112 38.00809539931429,28.991131471908943 -72.69625468389391 -21.487446925379793
-25.048977197648387 -18.60714487929269 -2.1241623807273156,-22.13756275073457 -8.184442865179335 -6.202858589636966,-20.994207723377325 1.9899148290287254 6.8741536705676705,42.18623534853671 5.736879734188716 8.143317303679744,1.110552912188128 -0.7030955173737681 -2.883650609062917,-11.913787720939286 16.145951193904068 -47.08638903095683,29.062976396255536 74.55390068970601 22.341815360346715,1.9520984988106307 10.35942337497206 -5.400248450667982,0.9460647228751206 -16.64634070325558 39.10081592644079,29.057523980597363 -72.737970682638 -21.49532026941679
-25.35838507118943 -19.185395979205715 -1.7200184322140273,-22.11517538546493 -8.41318598696823 -6.033775035754134,-22.84228849365356 1.7145516016592228 8.309386653770204,45.69911327804646 6.044081923022113 7.388065306281056,1.079025875258776 -0.597339066886597 -2.950004604092174,-12.283347618885863 14.16278216865263 -48.084902215241556,28.910695987212836 73.76777943871696 21.970711227383227,1.9774670269990178 10.261557319395727 -6.257042381501565,3.0480071896824597 -15.004132941863794 39.78155701201817,29.018066600226422 -72.47603888483707 -21.372037648923925
-25.27616633031756 -19.537294980721736 -1.0928936783616146,-21.88047394480871 -8.819856037078129 -5.583194463064484,-24.81779700133663 1.5074077772305157 9.468480612520004,48.89030193977519 5.945322456681231 6.577988941401809,1.1541952815054988 -0.6674699011196832 -2.95659243754121,-13.2405140497729 13.245847701058533 -48.75340970123113,28.633910958658166 71.79478294140901 21.035955718612488,2.0889563078514586 9.993558405553161 -7.006580426112107,3.767270546209818 -13.800552236924252 39.78179633662515,28.766936730526616 -71.32831937082031 -20.8390111262171
-24.68011000713518 -19.54718157273375 -0.44291060402302285,-21.516102054499047 -9.272320432095928 -4.959835724431653,-26.33753383007111 1.3913586175027852 9.858917516134271,50.72823541803387 5.397615247209752 5.799147606684921,1.2914724529926565 -0.9060476918279526 -2.94363623249836,-14.527527048675838 13.502480309058106 -48.8781509899355,28.265794385924078 68.94528141742629 19.682572914219573,2.24187223143625 9.61994456705751 -7.471792021578382,2.9638095104843294 -13.2283437006107 39.19720485462431,28.28815922292583 -69.09193347338008 -19.79209277447742
-23.73162049070529 -19.29055104144534 -0.02705547323329416,-21.179769245725907 -9.63852341180511 -4.376924978960628,-27.0254350715022 1.3542588184716036 9.316092998938965,50.82425139959666 4.590832939789029 5.186287611876244,1.38053971520492 -1.1980929119951995 -2.963243530678657,-15.734996519908504 14.438341927803487 -48.428283351951315,27.89757286199674 66.0406782928168 18.3018122874206,2.3362257179965704 9.28917309842885 -7.592264909773997,1.2187879186000257 -13.16863630690201 38.43029591241754,27.68114519308267 -66.11750967812378 -18.388116237520627
-22.80290605717945 -18.949863054102043 -0.07134591063878293,-21.01008555298219 -9.784229965235852 -4.089855164330924,-26.815815455646426 1.3780438755526054 8.080384509493701,49.511151150167635 3.8706956002821307 4.8936152972290525,1.3073431197854046 -1.3718923609556877 -3.0105571900646098,-16.447181579255705 15.257774865475644 -47.60780790526031,27.64233768690219 64.05116732441392 17.35774103481252,2.2662352446660217 9.164481837901599 -7.421865598756558,-0.4082306751479543 -13.319251506892938 37.9495635035656,27.130287136096975 -63.23354795281111 -17.014093799808393
-22.283059508413118 -18.683853250591852 -0.6809535101761381,-21.032027077540832 -9.599389546760822 -4.290973811819645,-25.905387363552194 1.4641012369433288 6.676791576355519,47.55383767564894 3.5778308523834195 5.04773467075419,1.0243210721431537 -1.285568762892414 -2.9952515507948334,-16.391163309025107 15.326993622481105 -46.78120458506331,27.585621206057436 63.664269857844985 17.179850418078104,1.9808857927531274 9.340257391943021 -7.077548543867773,-0.9180930051032941 -13.434207420252356 38.00783887591526,26.82937826382489 -61.42815323655774 -16.13963752254316
-22.364823547848637 -18.531008077891578 -1.7893544217952881,-21.11768854375386 -9.051610436811327 -5.012313036124972,-24.602823444121697 1.6384501534188716 5.6564328299742215,45.67805014362439 3.880349020039637 5.702051413019268,0.5891141143683263 -0.9039090849535061 -2.7774327467704802,-15.53007158449913 14.548223055504868 -46.302286502704376,27.747428474500413 64.99520801705646 17.823281830263642,1.5221947926749335 9.788964536151802 -6.670369148121028,0.06905291447075967 -13.522186591122004 38.48575291367193,26.89614187409904 -61.42663164783761 -16.11640167991288
-22.926164661276793 -18.398537406472077 -3.1742588752480936,-21.031371983356383 -8.231934058112735 -6.092844292221581,-23.168598376286656 1.9336469868969217 5.334407437311126,44.188074340616375 4.686271353977759 6.814577148296956,0.14908435142006526 -0.3241026187333623 -2.249561461333351,-14.065984334737362 13.445955229874262 -46.3339444942588,28.074813791312714 67.5736177420045 19.06177491518522,1.018861407601234 10.367566022198032 -6.255376160684707,2.046960630253815 -13.875818704315098 38.95324635025156,27.318978236929006 -63.369151422998975 -17.02153254249938
-23.57298999303199 -18.133192389448524 -4.538510873545665,-20.543351647063083 -7.348742766285882 -7.238059797403138,-21.72898977688257 2.3589349932994073 5.661390614115343,42.87813371605124 5.684872997482577 8.26101410808577,-0.1215656204435467 0.2644772357758962 -1.4145218886772353,-12.356912492070098 12.920562107900873 -46.75770556964653,28.46825638987086 70.5974623423193 20.509440913753483,0.636386654636405 10.880675468126555 -5.823736964361994,3.8237439224202583 -14.903674082155515 38.91643228651795,27.962732208132714 -66.75078561827772 -18.624126179293373
-23.826605899304568 -17.623578812176003 -5.62267164105304,-19.557736133996663 -6.651293151990783 -8.150037583633326,-20.295967617727833 2.87761968184367 6.293489054717483,41.26679069105675 6.500124310022525 9.877331649791259,-0.09998669075700573 0.6668941772555346 -0.4091406691866419,-10.78618175658922 13.795839049367187 -47.22763138630646,28.827545592670056 73.31104133478668 21.8028265703453,0.5075957101202819 11.16806302903522 -5.336030354584956,4.11971315438765 -16.855176093062617 38.11119267469105,28.630511257883647 -70.65457580151809 -20.49192695383086
-23.364865167176532 -16.871181490838595 -6.299073279892172,-18.188348995217932 -6.31125548538618 -8.663646561429548,-18.861070761846037 3.4069239951256627 6.815784640394857,38.99936094773938 6.879351031442042 11.510723229612907,0.23128552974881567 0.772179878609359 0.5465801705953544,-9.637324514334969 16.387814488420844 -47.34591483194901,29.093158475349725 75.30989676962785 22.748312503176706,0.6773867149985286 11.172510102058775 -4.773410052996894,2.2689943298189865 -19.597184269255784 36.67824256532132,29.150139670552022 -74.15690789054685 -22.18288310509039
-22.19757891288825 -15.992798462351312 -6.604408267776316,-16.739803210816824 -6.327770225313239 -8.815420490709041,-17.491845854916697 3.843015937814323 6.990361232253002,36.17222406682249 6.818927496529342 13.053849981537384,0.7800523292700023 0.6012545933337259 1.249765852403057,-9.019318166311075 20.30548626490625 -46.869959710860115,29.262458214546488 76.62712221722812 23.364369043840156,1.0875209503792507 10.955897208302593 -4.174865780600457,-1.3464067884534878 -22.57992029015998 35.12048002552463,29.442026646669117 -76.69715904123929 -23.422953737795773
-20.688486217362072 -15.161552196005786 -6.696723360919384,-15.597615700309092 -6.520616199728451 -8.804255834529837,-16.363919576811394 4.0997332090153265 6.887271294654974,33.38287563342147 6.559406667589106 14.447270657800377,1.3888501347404638 0.2905887526675826 1.6085383683748329,-8.862292821216883 24.575092899846045 -45.84098076042671,29.374504765293434 77.5815286696593 23.808629974528397,1.6063190911560257 10.659334417173044 -3.637938545262232,-5.382403909592238 -25.029821548498226 34.06346305299159,29.536350186131788 -78.2294692565428 -24.182140816633794
-19.410932365909357 -14.528618668844778 -6.75902659979106,-15.077116121488224 -6.631228929450277 -8.86169187775129,-15.704722634063057 4.141689273281237 6.824408473828232,31.46924353054548 6.450268509171307 15.653486880791908,1.902598785606655 0.021697731106828655 1.6748853347921655,-8.975225401428684 28.02291960359947 -44.564530931853824,29.474743045585893 78.49756751742964 24.242232996971737,2.085968606928631 10.431392059987928 -3.281370242295305,-8.129236053753475 -26.282708072877575 33.94621885254671,29.535235410704956 -79.09915449293237 -24.619188741070296
-18.90431775550094 -14.173073024346955 -6.8974248428793725,-15.301960830700622 -6.485514172932701 -9.10193048460074,-15.679862290372997 3.9951627986470544 7.152043575893514,31.07989604641485 6.753984503447866 16.622586886354313,2.2250005201593788 -0.06704421979620168 1.5961820860061604,-9.136430257586074 29.73577720192968 -43.452699303362834,29.581552680762293 79.46927272754185 24.714398396161474,2.418502512166926 10.362156270001144 -3.189516365761995,-8.339078101258174 -26.090729304897053 34.80456651007052,29.544650723542595 -79.7389125408424 -24.93846566796391
-19.444089439260562 -14.102492687204546 -7.083847091487814,-16.168238920952987 -6.125642827501081 -9.437273870202286,-16.288592730343037 3.7317607746206845 8.007963709532417,32.313939801624855 7.492939571700492 17.274475011102083,2.339103438463492 0.05711891113392381 1.5126347651646168,-9.180974886001676 29.395129220954907 -42.81272934762041,29.674641131252923 80.30395491901542 25.133230885203332,2.5656597623896196 10.45390230494264 -3.3684604487732255,-5.870671820245237 -24.744928276418253 36.25640092377065,29.61517219991171 -80.37377356653741 -25.24855156706818
-20.928763227477276 -14.29063322353164 -7.170946328668544,-17.407380349969554 -5.823127308398724 -9.612127285949851,-17.331656794223022 3.4338268349043983 9.188367210657129,34.63316477728408 8.421921196331928 17.513018864255432,2.289275826082344 0.3129257598205099 1.4609997205271186,-9.055823151737412 27.353044655552218 -42.69599699192773,29.711737732141188 80.66957478901672 25.33528208851427,2.5541284482924054 10.637174148475163 -3.7375605580705566,-1.8139533016596543 -22.94767277696319 37.69008404671369,29.723077018826217 -80.90612282363972 -25.505119261190195
-22.9301835484838 -14.715142719459294 -6.971038428535104,-18.712851227117696 -5.946320773530733 -9.343977452145506,-18.476067295245038 3.1593856175219264 10.216279639111367,37.10143089230982 9.143533086223396 17.268348792116193,2.1424256221262716 0.5511009490052132 1.3434133956255165,-8.828308856157161 24.442840439276495 -42.888204243982834,29.662739528150748 80.34753267673861 25.2074927179233,2.4461684786087927 10.817130402620922 -4.161413185318429,1.9871102182446374 -21.49613074035347 38.55366250986402,29.798434326993316 -81.03544009054161 -25.56584950879951
-24.87766257455119 -15.362688084898355 -6.3597015762173035,-19.866838047258202 -6.741339299331454 -8.497910282944773,-19.389511914010644 2.9235975467192774 10.578255683077595,38.829972864651836 9.30833812882161 16.545669717065536,1.9542651646017102 0.6289122330186009 0.9837874913454878,-8.650164251163798 21.631621655180986 -43.04424541644158,29.53934564404789 79.42949783543585 24.784148748361645,2.3060956447258123 10.922075643112528 -4.50625172514027,3.790936643578672 -20.932190878622436 38.59819523722905,29.779506197177035 -80.52189366583575 -25.315456061837835
-26.28923857681252 -16.196926967559662 -5.353074963573383,-20.80777986643313 -8.146536810793743 -7.197422687812425,-19.880365454940996 2.704149173559637 10.003649393800504,39.39841107849333 8.79602464514546 15.452438349285723,1.7585626160312566 0.47593850238799096 0.24316080817219762,-8.692908007864775 19.675363660020672 -42.89204381164925,29.399892144840624 78.32821733249307 24.255676255422415,2.1808310785056872 10.929716456227094 -4.692729092799657,2.7755514421063987 -21.32730005567955 37.96188890677335,29.658529677363564 -79.41549706122638 -24.776099328057033
-26.94914885459398 -17.116598148862437 -4.121042093612185,-21.613688537369974 -9.757000709279405 -5.803736857141789,-19.97651544558538 2.4652554611295883 8.63313842189484,39.03676045935767 7.782904128603657 14.18458123028222,1.5798815260420818 0.12124811611655921 -0.8710593949580681,-9.078157807278831 18.913575510928673 -42.392297688809265,29.322990281967524 77.57995657199781 23.87718164437987,2.1006054091169455 10.8627157374364 -4.719866446254418,-0.5862276569219467 -22.298184519432425 37.0691113314979,29.4906601618343 -78.09537718663977 -24.128145157935094
-26.962419911391333 -17.944132873443934 -2.9292591868377222,-22.420434884938263 -10.982029129076887 -4.764470136526042,-19.90710898481363 2.185926868722633 6.9804663979261665,38.481771780758706 6.6600120617103595 12.972179464309674,1.454662596597236 -0.3267710967514276 -2.1672797202364915,-9.827100462886914 19.26098682008091 -41.76591320642633,29.362106925346275 77.53943381792189 23.82369592916377,2.092208208819235 10.763028637308537 -4.650591110730467,-4.775677488722596 -23.231729866587475 36.40961752740043,29.36109918094934 -77.08304951600806 -23.622557092450958
-26.676381582374887 -18.469285369711532 -2.0361382888696538,-23.324947318026723 -11.331414326907664 -4.403880941041382,-19.998224830575793 1.8773422558957 5.702124275487814,38.58984638727109 5.843745201175631 12.00541988848507,1.441073110612332 -0.7337903677015597 -3.3313750823179604,-10.84668751133458 20.36124108105778 -41.37394504892305,29.505936944273667 78.1371918008159 24.072780582114174,2.190213752389419 10.6640250670132 -4.56902062030638,-7.970295068600032 -23.59647116990269 36.31173161420161,29.331217138647766 -76.73738849431362 -23.43516261624248
-26.515664240245002 -18.53622871339924 -1.590817051588745,-24.325426727085276 -10.685081718310148 -4.761832144770974,-20.531958732218204 1.5813348051544938 5.292797140236342,39.9081696973061 5.576211478720148 11.372042916968766,1.6067997496096669 -0.9984525116488256 -4.061229239734866,-11.957331405461623 21.804565645854865 -41.51566818956437,29.668733061771373 78.84457596146257 24.384257383543414,2.4348886059324997 10.576419413227715 -4.533058277390877,-8.904335887528283 -23.184361123327687 36.81013026267705,29.397468760375443 -77.01940413824293 -23.55247098284182
-26.80708880315708 -18.129260467499858 -1.5763568267505041,-25.325284128372953 -9.3947724137977 -5.566911496136848,-21.630653243455995 1.352630600534588 5.863266583435294,42.41591886293239 5.816394944632106 11.032804812339123,1.9996300258827429 -1.090204378737675 -4.206011128777657,-12.951424452405723 23.300667491375275 -42.25464445678061,29.720316218443624 78.88486480676278 24.396708579135627,2.8559797764730335 10.492273504205428 -4.546414004585059,-7.422244674215097 -22.172536418803183 37.65029651294607,29.48936988809893 -77.48101317514113 -23.7636621836409
-27.6644685357008 -17.404305204885286 -1.8210175629833492,-26.190361613427154 -8.145858692731537 -6.361198871175719,-23.211191383532025 1.2355586116219262 7.111518956507705,45.54965527770961 6.27452609052731 10.844330903320525,2.618018303197754 -1.0525216282763104 -3.8371359552914077,-13.659546698594133 24.736434829231403 -43.36663325919253,29.54454617251238 77.59761314285379 23.797961376294488,3.4520928485864966 10.39928422843555 -4.562424403713855,-4.465236905943433 -20.99183145211836 38.40485495345244,29.50920213238333 -77.50104060826561 -23.771395995356247
-28.968907919075477 -16.638495019290247 -2.070324182555689,-26.8212031188165 -7.633623832630578 -6.715707364969631,-25.020136550200256 1.247375349341195 8.493554102559104,48.47912181422715 6.567302367080418 10.61801287103271,3.400112447893572 -0.9751513492104698 -3.2129515559355903,-13.997717241802212 26.111994055046537 -44.4366417911343,29.098700280989494 74.77767109591417 22.485659968549324,4.179198904143753 10.29274402953636 -4.514953355252688,-1.5244307932676622 -20.08415689793712 38.636576310670186,29.39046480937557 -76.64044927683015 -23.361519890767728
-30.436971712166475 -16.11538048798856 -2.087615694215807,-27.198184785649346 -8.213629070799698 -6.428391514207612,-26.72723980282436 1.3750654747203066 9.49591989008025,50.481378456494504 6.410676025180876 10.189361414944575,4.239342007906837 -0.9516576418637596 -2.655295793523779,-13.977458917750246 27.407815929142153 -45.05252272903921,28.443513592063777 70.8168022791327 20.636355550955113,4.956842487584749 10.176989353835143 -4.358419967387888,0.1388979780155486 -19.677164455652466 38.042200659171506,29.13980260799873 -74.90874375880603 -22.532465489820822
-31.73680144325642 -16.00232461507834 -1.7411720413535452,-27.37741935411279 -9.709916409459115 -5.606009626907509,-28.036838005695355 1.58420361521445 9.864161428231501,51.2301231923694 5.751360413401106 9.470538195711615,5.019332508008906 -1.0418617525208123 -2.4024289097355327,-13.678112996205396 28.465562623117528 -44.99297169869386,27.726600104963335 66.57140885729957 18.64616936617442,5.690357765255591 10.057601182046954 -4.096077332196208,0.10065231012474252 -19.683600651294235 36.53883998748714,28.83588861273485 -72.77619276925273 -21.504340415499875
-32.602032296213224 -16.285085594648805 -1.0444814754444907,-27.446181180619824 -11.489720580717748 -4.59190734666317,-28.777996960404266 1.8322690701711979 9.674194636886803,50.879796954249294 4.774594457504817 8.469049476263212,5.6502074460210405 -1.2531986538020183 -2.514073827199253,-13.199490370845263 28.956184710471703 -44.314489089134085,27.124404389917377 63.014772886760795 16.96958670398206,6.298452696247331 9.932921659982254 -3.7835499046502803,-1.0898414078244114 -19.761873158815114 34.28622641172576,28.583849220349713 -70.91139387976062 -20.596277052219833
-32.90456617059684 -16.795453102494903 -0.1375070754052259,-27.469570531510147 -12.775524913485185 -3.7813735534307855,-28.94896607673008 2.0781037160588243 9.22576376758213,49.93754507066636 3.792866190421506 7.271544600423487,6.0887182029477565 -1.5449710364370675 -2.874515812636165,-12.622392392095719 28.46628772412862 -43.29923948495882,26.768449350838214 60.83692766674257 15.932471662243483,6.7333268854198325 9.793480616353825 -3.50811737038241,-2.287558793944508 -19.494113023503235 31.65445287953561,28.45076582571316 -69.78803114517763 -20.039320484372208
-32.67036377726038 -17.31635859762277 0.778933778648365,-27.462309047530777 -13.03760467048891 -3.4224015698354906,-28.709435778569667 2.2838477649077675 8.835130849166976,49.015638359787694 3.0814789439305055 6.00529448480581,6.335463596330056 -1.850211839013446 -3.285700997642076,-11.998458713834943 26.676165615587752 -42.3006231998844,26.68994722616106 60.17744144961949 15.606163253225498,6.985950387960994 9.630991291790528 -3.355705644846151,-2.41903643992317 -18.588639582834002 29.146199585553955,28.42058573661825 -69.39086287851354 -19.834274837221905
-32.045411532587984 -17.704499936618042 1.5261839357671776,-27.400847934395664 -12.26277643669078 -3.5034783513536025,-28.327661889847334 2.41226397448115 8.653249602206037,48.593672807929565 2.749962957220128 4.795675840243846,6.416561483529754 -2.1047206304005757 -3.5939741299595145,-11.371324271956269 23.553945983682546 -41.57427990991211,26.80854502561774 60.60752422489362 15.797438206902108,7.07827296613255 9.450019863162062 -3.3813573312059555,-1.075009524797284 -17.0147251166275 27.2780442252022,28.39731450161633 -69.20416643534568 -19.742756309212
-31.233320641413393 -17.9595971112436 2.014121619609062,-27.26367309461117 -10.95617297304012 -3.780949431471805,-28.097208222039605 2.4263935758984405 8.610745967282023,48.885488881070124 2.713031840711598 3.7351047559260446,6.365464236291577 -2.2723379396709857 -3.7778840816176276,-10.808881569019102 19.471446228496283 -41.182603202573354,26.970201898679598 61.35596395797851 16.15209195567269,7.0508723688033506 9.271836120339131 -3.594280743752897,1.2800802350901919 -15.020658263662026 26.43261598545454,28.258357770923872 -68.50795631314958 -19.425077518639707
-30.42917724083163 -18.199511226846255 2.265626649931706,-27.068857792506563 -9.872031576757758 -3.9241561005435415,-28.24273646792512 2.2972085156765347 8.50972587741597,49.831983579706375 2.767142809941814 2.8707906390248312,6.217997696494012 -2.358245935552558 -3.9486284577079416,-10.4155223343084 15.169802777977612 -41.01322036309642,27.016275573154402 61.66127980961116 16.317468233334594,6.954718859121698 9.12447931484328 -3.9593460292163414,3.575860834730791 -13.043743305697422 26.71500211732619,27.930438305661795 -66.82664419372847 -18.652353227086472
-29.768957911167103 -18.555273893555515 2.3915930882780536,-26.879164703739853 -9.612947563051652 -3.6969451613441415,-28.838553869341812 2.0189639976442333 8.193835787899896,51.176208558812085 2.7214832524486314 2.2103186633933634,6.022132739001683 -2.406303194364221 -4.265093835649975,-10.302544183056277 11.561932071793402 -40.88544243419379,26.852025841740062 61.08429329097728 16.086873854117478,6.849752137725238 9.023107601470894 -4.409022288915926,4.720412144874578 -11.5634292019243 27.868779645922498,27.44562362252136 -64.27649995584744 -17.472598894475123
-29.30477757876205 -19.048259112556902 2.5286326505271237,-26.76572585933535 -10.307482354616344 -3.0799204290064734,-29.766122463156815 1.6249836429779643 7.6836468246019445,52.55605147225726 2.506311477903689 1.7388429013119704,5.851337859067763 -2.481129765141193 -4.813785347344197,-10.52187421008146 9.43280605573814 -40.67178619643605,26.4843308175727 59.64950456415862 15.464970029857493,6.805461067223672 8.95338123468855 -4.857468856014619,4.180141975112947 -10.96005681066113 29.30703870751019,26.94377567187573 -61.60303548850985 -16.230973878007788
-29.007362992130467 -19.524965011915 2.7661470456845536,-26.74912940887411 -11.53494220561357 -2.2741193254982988,-30.732359752936553 1.1931709645652588 7.188732509440065,53.574541731102826 2.1994178893225036 1.4401751230124726,5.805339047656803 -2.640419046868526 -5.5236421006890515,-10.99839889136203 9.15522031107102 -40.3598964937115,26.01402614565255 57.7761643108803 14.636454497056555,6.89529354379881 8.871381849418524 -5.212013638448429,2.2482198604562824 -11.424506218462568 30.27847984829317,26.61599776700823 -59.866787188383896 -15.423393758006178
-28.790377685881275 -19.694482102235103 3.093727018129381,-26.754726120514473 -12.535344385259421 -1.5917756816162507,-31.354943616358057 0.8333443545817127 6.984765752153157,53.85096710884753 1.9609580216134512 1.314782390681668,5.988677499890074 -2.907016805453954 -6.166508201666161,-11.51018569662138 10.54845192015572 -40.0223006487542,25.58969788353715 56.05987575023768 13.866671812813719,7.180338857879752 8.72469749970987 -5.383010306200939,-0.13093165810244045 -12.934204740574248 30.127107804723853,26.616040821591856 -59.93369368384086 -15.456780635597248
-28.547000400543034 -19.256133924706106 3.3922128558308495,-26.61563203702607 -12.592480988485821 -1.2975959543284774,-31.295596705509308 0.6567258373408023 7.227378985198528,53.08165413667299 1.9191891070859166 1.3889956684530604,6.472062214568646 -3.2520838885166437 -6.44711556039374,-11.750880034789253 12.957710964506123 -39.720943565824264,25.346406552048578 55.023545123075905 13.38916361251122,7.686271605399492 8.48559227160946 -5.296315562085235,-1.8764539384956938 -15.285748696563225 28.546842924652065,26.98510812772792 -62.04182346420331 -16.44454564347729
-28.1874868023082 -18.052427906041853 3.474621542494559,-26.132890839682744 -11.38916431474553 -1.4846627420736103,-30.397053534355443 0.7375387929925236 7.815336902098094,51.12799354172797 2.0756831352463587 1.7112796933082515,7.255105613946048 -3.5983031882242984 -6.137874466372275,-11.467329164308353 15.538579749312095 -39.41466131691449,25.357144537023096 54.949654502997205 13.33122167441007,8.385256756863093 8.177269997501622 -4.910652590725561,-2.3469329191856403 -18.162618851406883 25.715573226322597,27.62951334739314 -65.68125826907914 -18.149690715175126
-27.667435863992218 -16.165302640577927 3.162523991842453,-25.170192958480843 -9.152919226861684 -2.0445010313048426,-28.767966990306633 1.0825404330214699 8.390171396513955,48.11060909329369 2.285153791135931 2.334245435609586,8.252564833851906 -3.8450153054849574 -5.189753989990348,-10.617512415035419 17.632457333868455 -38.93649380283911,25.61585829944324 55.84671851484636 13.700545287264116,9.195601808633509 7.87523952698485 -4.236089525174753,-1.6766759003769611 -21.21627311523317 22.235413881412015,28.363153728191588 -69.85475759825442 -20.107706415339464
-27.000029485642635 -13.90192448846124 2.3673181522092683,-23.738089076917124 -6.525250506614288 -2.7374866522295145,-26.77261709664424 1.6229429425170436 8.482826033685184,44.45368840040975 2.321278000028847 3.28606050208364,9.31637924809298 -3.9073546949372733 -3.7631933780744045,-9.466504974451318 19.06464330087058 -38.0651213075277,26.054197058112305 57.52886999633129 14.421946826966701,10.004507330904296 7.678456581134246 -3.3441290149671112,-0.7055911324292934 -24.142830732496556 18.893406817408625,28.992677239344435 -73.57680397761231 -21.861659380024044
-26.2506847165435 -11.674500651127264 1.141344772038223,-22.02272639631848 -4.234289766134808 -3.318179502660226,-24.91804621194576 2.2346455751693095 7.734333012109061,40.823421512400074 1.9913343018989884 4.541048046550065,10.287369821416618 -3.7533270744314953 -2.1643828820339355,-8.551764956412118 20.218952281380382 -36.65604619958712,26.578623516583043 59.73865079211777 15.391272858164504,10.706888558219985 7.66259125064133 -2.3592599316510414,-0.5498690408847979 -26.7401232613533 16.34682834738947,29.4011565039607 -76.33621500567759 -23.17902508305906
-25.517551629698563 -9.834381484276776 -0.325882890656908,-20.337871685875285 -2.7495001876836973 -3.647337032411178,-23.676139392969695 2.780709010829818 6.074754121957154,37.94799147779035 1.2362052046611995 6.00338690057923,11.0537544239554 -3.4211709081152466 -0.7195619877170278,-8.503727521583958 21.83938122769684 -34.75803524028305,27.10752067411707 62.240221678456315 16.51366956571181,11.243089971106226 7.839950644144979 -1.4282621203254608,-2.0409388403060778 -28.931688909975605 14.880048558940537,29.58797833298116 -78.26885591324299 -24.13029258357853
-24.904270102327903 -8.543352164777824 -1.76883612134764,-19.014966851923646 -2.0967204113670226 -3.737422531168938,-23.310754641967378 3.160059643967342 3.7663248658034725,36.37240722366836 0.1619343818070904 7.516176818145023,11.588460999579855 -3.0066093592800964 0.35152897793239557,-9.780456833625957 24.63925711713254 -32.64270545258303,27.59179664182847 64.84669784281256 17.711278692686097,11.616859387231584 8.149228787416831 -0.6746523442796803,-5.316215668092921 -30.750091857682644 14.347779460593372,29.647186569033657 -79.95172404213238 -24.9881474896519
-24.49166900751852 -7.742708673012001 -2.9416348687932157,-18.276336677595797 -1.9163552412845979 -3.719185380956317,-23.78244239662465 3.343134854205836 1.2898350122851654,36.250289061973504 -1.0121517281098096 8.8991251373348,11.9470445979364 -2.6234402558734313 1.0055941173443945,-12.42932703397864 28.898460900667565 -30.719592293938234,28.013846095331786 67.39414956845955 18.90828266165211,11.88384835864737 8.482982788098704 -0.15556773017299763,-9.755247754582786 -32.28472039944142 14.325161238312498,29.699913041483963 -81.94560425244175 -26.00897847852453
-24.313626465203228 -7.227070341302055 -3.708188208546277,-18.146419575001627 -1.7129301811612638 -3.7585505493197724,-24.771692405268848 3.3801129154192586 -0.8638902779759148,37.27328078140505 -2.0582530009926097 10.00437770255121,12.2277320275411 -2.354815560305692 1.363192115418333,-15.99280322012152 34.245906805532684 -29.371245631258404,28.371780065740033 69.70613879394156 20.01490676732324,12.115706333141382 8.739638044942977 0.15898322870096138,-14.273241876316531 -33.615319662173945 14.377328543986032,29.82036632960501 -84.35815438911773 -27.226963884789246
-24.34102582042039 -6.775557721463879 -4.0867320904047695,-18.440364117956406 -1.1457281812521298 -3.9731556578726335,-25.80958454533005 3.3783428363983656 -2.3888415716485154,38.781622101551314 -2.8403159468984747 10.768062321042521,12.51394667489242 -2.218886392047539 1.6286572269537654,-19.620793184389516 39.742538255706805 -28.788403868883137,28.66224033634244 71.59084111730607 20.92964309632038,12.357385712393082 8.872097475742198 0.3719552854284065,-17.808118031623284 -34.762383128338804 14.299129526266313,29.996314308703386 -86.68945132310041 -28.38537898714308
-24.477862867214665 -6.267784452799198 -4.227357143527253,-18.836146699103207 -0.1999421325595474 -4.388606782642179,-26.45720773152315 3.4578484590707035 -3.249995850843233,40.014165095886725 -3.3574912718205177 11.23223591766036,12.827408690015098 -2.1668010267016253 1.986555704687744,-22.360314094546737 44.23539309809136 -28.888812066648242,28.873231755470645 72.88346392745596 21.56394025816305,12.598507239760407 8.905806065441833 0.6125245997953017,-19.75518015832369 -35.680027852600254 14.195483899208917,30.14392645230389 -88.06159271647068 -29.0521547904138
-24.574292887516172 -5.7281123967636525 -4.331131799204314,-19.001088834654087 0.843446174771878 -4.945533204891864,-26.455871018974626 3.7022262429657076 -3.629273094974431,40.388491602398126 -3.711909274656827 11.521881930890746,13.112850223881985 -2.1151737939815334 2.522787153362449,-23.50746084761082 46.8172658306777 -29.36249862472433,28.990306890418633 73.51098783543578 21.876447127595178,12.771822984627326 8.915774823316422 0.974651434645279,-20.14927685861649 -36.29514082162717 14.365110569114481,30.165557087198785 -87.71257795115284 -28.86038811925645
-24.460149135762084 -5.28687431501632 -4.547093752853133,-18.721894080216792 1.6019669403992278 -5.539374954859971,-25.7884625043284 4.123644361080666 -3.775638148759266,39.68921049408371 -4.0236064075367395 11.781564911946372,13.258292480388779 -1.9969103383427906 3.199190627220931,-22.87046146409085 47.17060607632695 -29.822917148668907,29.010330692832213 73.53698160959084 21.895466980713216,12.77764839519742 8.975506155953148 1.4672387378072511,-19.534829629931505 -36.568785079501176 15.0638279227923,30.015237986873366 -85.47767086344136 -27.739687716376057
-23.996780730322136 -5.093842752616529 -4.895030969921399,-17.987509439710767 1.8233021107756535 -6.062418633210092,-24.638250957353424 4.654796302885124 -3.8497033845529898,38.09195611460555 -4.342699059514531 12.097303335571596,13.13783645778319 -1.8036123269631814 3.8813299577548044,-20.82713774542151 45.63129957097413 -29.990614894722864,28.952192890458825 73.15232711804458 21.71337233753891,12.520883600781442 9.10741700303959 1.9987757091220326,-18.62117178048522 -36.539121838113296 16.293421376864153,29.733373261115403 -81.97887179992182 -26.004069007769218
-23.135264526333415 -5.240230332537457 -5.250942192994475,-16.99444361649745 1.5162652050418197 -6.42631258409028,-23.280558968231166 5.170229921926822 -3.8462351875736083,36.034208166200145 -4.607802452142557 12.440116831314516,12.656283356834187 -1.5962014884860038 4.396423351062732,-18.15165664163895 42.95170659030532 -29.82092777424336,28.85568926358058 72.60708717047008 21.451825504189134,11.943681351954844 9.264107618562763 2.4051329405117685,-17.914580247309864 -36.31255437554154 17.746934571651096,29.43064359919981 -78.39860164498371 -24.23796212750996
-21.959461920864342 -5.730938376566271 -5.402707094513237,-16.074693327607406 0.9127158044784887 -6.563773791907229,-21.969540702477357 5.52865054410158 -3.6261637373756095,34.01531183121846 -4.672444095268602 12.661390807470882,11.779483469484193 -1.4769166100252433 4.592162298831375,-15.690807412750383 39.89858488605913 -29.516194282263207,28.76693783777713 72.11146206420686 21.212636680906265,11.043060883520164 9.352216545880857 2.510470779401995,-17.508525747037574 -36.00075976328991 18.94850434002001,29.230456380011137 -75.94177185708656 -23.032277196697358
-20.689812801160937 -6.5106948564124805 -5.149698626771964,-15.574460340139545 0.2977036372452009 -6.424672297778477,-20.874100829755463 5.6205599761105605 -3.0257467053758136,32.429047009346284 -4.383892786857158 12.547914419468402,10.546196483912711 -1.536937086445259 4.3765092090211475,-14.03756236586527 36.90625168278724 -29.419877136139853,28.71688513572374 71.75124187092335 21.03696511827913,9.87367509315748 9.285520796087756 2.196651647827564,-17.11533327507366 -35.639154420096034 19.50867411198867,29.202677619333553 -75.26432697633194 -22.70612644566363
-19.633431115798622 -7.511953613569224 -4.398635551732013,-15.727587075238253 -0.17701461265958418 -5.982833818464046,-20.08077153377858 5.404299668351904 -1.9714672635203105,31.495257238072764 -3.6717633404387704 11.916065520385038,9.067349649718572 -1.8078973272678391 3.734037170578813,-13.345831408926106 33.97051560837709 -29.8454014442934,28.704094342600055 71.45671155663746 20.89149541756384,8.543566072892157 9.03610579967636 1.4527899932380612,-16.29374315503579 -35.142965794123825 19.34355811700304,29.325873278986798 -76.1691519038057 -23.160069398771544
-19.0873505573392 -8.68199965558312 -3.210001171746854,-16.567328710693094 -0.5762598661101794 -5.256171092809385,-19.639444990167306 4.918321002021353 -0.5348268021887397,31.28878016095413 -2.6003995574314693 10.704128876011,7.5199366356711685 -2.244175484408008 2.725195955323823,-13.357354760046803 30.830842719934132 -30.919834881894356,28.691608437480003 71.03857998142448 20.68715060536701,7.20972398792852 8.65276650257149 0.3851752117048346,-14.734999772040887 -34.343501919602005 18.722924237229815,29.49884055430185 -77.72905711501882 -23.937693735282114
