5.5 71.0 -3.8,-10.6 28.7 -13.6,38.7 -6.0 20.3,-57.3 95.6 -59.5,-18.8 -3.8 14.6,80.8 134.0 69.6,29.6 100.5 35.3,-19.1 2.9 -8.2,7.4 -36.1 50.9,15.4 -28.5 -3.9
4.7705331794257555 81.74656630506087 1.1593934037834375,-8.127290400424725 42.51047055709125 -13.67788900841405,36.30537670950001 -13.490501118068844 11.569820699876516,-62.066990239170806 84.20774525087674 -56.032356466345675,-19.773598328668893 -2.259185338151866 7.262315234371154,82.6511529308586 127.93178222845833 74.74731795666577,28.851502653931366 107.75525460313852 38.82824483191792,-19.311039088784597 4.715352030795751 -14.698639544254762,10.523135413976796 -44.81787118996315 51.541157173899094,13.64483382824811 -24.745843060541258 -3.0301882771289073
4.469200688149132 85.05499788084501 2.736033134573465,-7.359223181477612 46.869658001067755 -13.664189936582433,35.52357571759995 -15.910863177765657 8.851935680335158,-63.41969131705106 80.45435709073477 -54.66594241132471,-20.160882320256732 -1.7568476753037288 4.901002061917702,83.1418715536718 126.42127265609192 76.80646244137587,28.639443375162948 109.83032406980433 39.84029582650401,-19.44577393142881 5.298293429483474 -16.820855876066812,11.64939987628325 -47.494957884917554 51.72913230984098,13.094270044544709 -23.55871001330119 -2.7535395626381614
4.492009517863725 83.28424343343798 1.9820934877651148,-7.758008118835745 44.730447709399215 -13.603551973624914,35.861569089965684 -14.821693418178999 10.252104004131379,-62.488484565916366 82.01916925227661 -54.858131859343786,-20.111540993696487 -1.9752299334502237 5.980220387389214,82.73639488688201 127.87492339915987 76.56033292884801,28.786086587666844 108.43371333166364 39.16485206599801,-19.499513857035595 5.029707177040843 -15.904264484582967,11.34385031467653 -46.04986224936336 51.61154591727146,13.370509939168524 -24.137483362895775 -2.885609367168529
4.734966660263126 78.7932516689254 -0.05025124124657308,-8.785854988176215 39.04572505955538 -13.540624308661252,36.82632889226306 -11.783599078397428 13.876084734020607,-60.40375131804231 86.5815154682047 -56.06629883480959,-19.775263367921134 -2.5965750345859826 8.96413011553525,81.89896194893154 130.69918657392145 74.79182889379993,29.113696715415138 105.27392732038264 37.63061263263972,-19.467568194707926 4.290476254445536 -13.286480858950048,10.17154365691381 -42.401186447800725 51.33601850563635,14.09575480239829 -25.681045613941016 -3.241953201360774
5.0940791070409315 73.94097129339278 -2.308826757066565,-9.904973565176114 32.76837542900597 -13.520056130811211,37.924827190157906 -8.357187397509502 17.82963693275828,-58.29587290570452 91.82072947122158 -57.74781736212882,-19.301738461863653 -3.3031259007056395 12.31689115110537,81.09381175826286 133.3005142966358 72.2838498109493,29.444538182379926 102.05947096762756 36.0662766086689,-19.345246273548767 3.461483642675229 -10.305120488314875,8.697536830752266 -38.46753264472983 51.050170584381476,14.892205924512742 -27.388279271052912 -3.6381265758556625
5.465353849890736 71.0863510129257 -3.741458764299825,-10.577573625512528 28.851284195220707 -13.58649662919455,38.66403604931606 -6.103065614603786 20.21851966309983,-57.29523066117858 95.41614499402971 -59.36006146570815,-18.840655294457008 -3.777125453803827 14.502663398849133,80.78518333331824 134.0853586835621 69.81929515501386,29.60087541253329 100.49884920506457 35.300543076325326,-19.127857422661073 2.9236123227075987 -8.297798861824266,7.48688676394907 -36.167503004650804 50.901622662952605,15.382064595790606 -28.458066838847436 -3.8896850012939583
5.748723102909993 72.05877503694026 -3.519629799590347,-10.384880056970223 29.611604883172102 -13.765044492536397,38.65031039928254 -6.260388084400354 19.56606755312458,-58.24947778753871 95.50573762308602 -60.406587390949745,-18.53019188441186 -3.7651097203050288 14.304423900968102,81.31294421635627 131.9072046160453 68.12404892582968,29.449476867478317 101.87730409619154 35.95750011998271,-18.82936694875079 2.978356834882904 -8.332450491463161,7.01935693069108 -36.987060419521946 51.00253663923559,15.269779816692724 -28.261244856826128 -3.851360059842142
5.865516600455519 75.80081865544543 -2.03404034503963,-9.556903474733494 33.90093319875265 -13.974222989054926,38.03176984545757 -8.315976708065069 16.67194016221815,-60.46503485183654 92.72767206734056 -60.64270399946451,-18.44577646581001 -3.3640949957827027 12.243113936021354,82.33897713565081 128.05644160486256 67.61318731329145,29.099715363133452 105.17274964386984 37.545842217828294,-18.5654392771076 3.4944424157620486 -10.006901044757445,7.309751571526252 -40.053726234116155 51.271779285093054,14.70815659501764 -27.106020939699523 -3.5914434069326107
5.744319535793247 80.27619964415159 -0.08880260510311555,-8.543644386689747 39.3957654882687 -14.09641785444878,37.14023524910817 -11.162473502470235 13.107652003176867,-62.72572214200213 88.56787573083133 -59.90908428571729,-18.641560111715926 -2.789938224653926 9.428982700007237,83.29527411722403 124.64976338623285 68.59639797318675,28.743225860870062 108.58073237422136 39.19605682316582,-18.486222911878663 4.193851134350115 -12.420492524601963,8.215216816474253 -43.69532278473487 51.56267497181062,14.002028236631364 -25.618445949261886 -3.250640525274369
5.3474790629046485 83.60471654251975 1.5556199385504939,-7.763056295170822 43.91127240170021 -14.036881885895907,36.29862148324466 -13.735492307730137 10.335523531998616,-63.95034227031567 84.489378003048 -58.168866578377894,-19.135630363761607 -2.252026074675954 6.925345210197899,83.68728274487971 123.51704711734979 71.19271259383456,28.550453546441055 110.49116164265524 40.13147873092649,-18.704936580342558 4.8108395580725105 -14.697715935974683,9.543925132726631 -46.37162515750071 51.742882682704895,13.43650403659774 -24.38785044991712 -2.9620572466948665
4.852914734476753 84.90797527612433 2.419644279087327,-7.427300353510513 46.15428332428301 -13.847087324777924,35.77202082538914 -15.24813690141103 9.116562131023786,-63.92241387059655 81.80460542382261 -56.16683411863886,-19.715876442716482 -1.9178120013471731 5.492747373509019,83.49073630658091 124.65224742025212 74.30414384891995,28.556097728768037 110.5392168481252 40.17033268173617,-19.098781119998076 5.1588081467745255 -16.12623902504416,10.792107645084764 -47.38920612505165 51.77194277057491,13.16994824520092 -23.76742354203194 -2.809893242002634
4.523329459534561 83.70158672251351 2.134156048187967,-7.667600794724917 45.18231177677762 -13.636013659767391,35.80278426639116 -15.02264622118528 9.935952876094277,-62.765543301370634 81.76675331811585 -54.95518649387667,-20.079651923862496 -1.9382573744505072 5.772657786747828,82.86632869135002 127.3272613834466 76.35405799260792,28.741469661920046 108.84983477259324 39.36481013250978,-19.452132920634142 5.082284187637878 -16.057905990426022,11.333310783337042 -46.387679008969315 51.64553199035846,13.31087703217229 -24.01748127723462 -2.8591136765607637
4.581218825493717 79.75826459535448 0.4618484309981494,-8.554290080033475 40.414314267443096 -13.503475720698948,36.56235599642113 -12.593383121243736 13.060525697384714,-60.68573335832784 85.28232267982719 -55.41409082295472,-19.97206552146283 -2.4201700457329047 8.19874745752851,81.99244266666835 130.74424275163628 75.9960152861727,29.074278331680816 105.68456136216413 37.83430206468936,-19.573875175105794 4.4770618458861255 -14.03222786697966,10.661255268608883 -43.20780736403262 51.373468312434014,13.923313660110422 -25.300483277668956 -3.1515963847305537
4.945454489742162 74.77539182010776 -1.8462297537857908,-9.70164291740168 33.978659796172046 -13.479395265488266,37.68982770998876 -9.086550622311687 17.121448837381912,-58.50196122193558 90.65397626616974 -57.12561318374733,-19.498664168695214 -3.1389049842650785 11.645532042672093,81.1770415141567 133.59430841896238 73.62175511105463,29.420991414316937 102.32255556185257 36.19889926157332,-19.458693045506227 3.6235715773921378 -10.997604872464393,9.174802606202855 -39.19571775487933 51.07117061104117,14.737878246812656 -27.045310432897192 -3.5560973586574844
5.396854688955487 71.32547064633833 -3.589638639536833,-10.516571133768652 29.235648135101155 -13.561914680571228,38.58223810188128 -6.35213850394252 20.006178766273216,-57.31191468226271 95.00044915275599 -59.081591838019435,-18.92888085696765 -3.7191103151142126 14.278601754357233,80.78700690580453 134.3362141961572 70.41334181855996,29.60204362322885 100.50567026654748 35.30635348295149,-19.1857531688443 2.977132410380121 -8.54303881057587,7.684368757852272 -36.38200358940919 50.90207296793969,15.333597310020291 -28.347295965848495 -3.8626565863969224
5.729444169598184 71.66098550879842 -3.7049921575303175,-10.477957033467645 29.148868687659462 -13.742230473103321,38.70423990080573 -6.0328438065689625 19.860477707573015,-58.05101629614094 95.75608144470016 -60.34545718679015,-18.517573784192066 -3.8250455274834145 14.476722859809549,81.13516575066214 131.745517018813 67.55815335389026,29.46579561394289 101.7105086922631 35.876083855100426,-18.83953531351454 2.9394655174560924 -8.089602999856757,6.936341840974715 -36.55393171211553 51.00445491042593,15.338967233278963 -28.406109126021732 -3.8851242289067227
5.860860647390172 75.14955581823659 -2.367740710889584,-9.71394735487593 33.09910538526758 -13.951195471713614,38.13256302294836 -7.895661418116271 17.160327952727275,-60.199298119889455 93.21465266073676 -60.64366716243473,-18.382665274568527 -3.4799508510340975 12.546015578707705,82.05103432433049 127.42528113318757 66.25546300386856,29.11099511772892 105.03427733596735 37.47614391859345,-18.547986306164592 3.4278565134465464 -9.536431377504107,7.089339879983352 -39.304399706551585 51.29076441771364,14.829170249183914 -27.36413488185617 -3.6526006543092016
5.773518440086217 79.64705222060948 -0.402519150021468,-8.692921290236898 38.58965336810926 -14.08804075471833,37.26468269647015 -10.724666613780208 13.602811317796775,-62.47412748439567 89.16836736395067 -60.05012439342704,-18.570319481215545 -2.895182315112044 9.802586709892369,83.11086081289912 124.46026252805432 67.71077754210256,28.767599592941295 108.32731324977067 39.071239921313236,-18.461830909697884 4.105733432320322 -11.985119707977805,7.9939731746013845 -43.07639519787696 51.55510751505197,14.113464283623522 -25.857767214968494 -3.306983270482268
5.460258534959072 83.10319037097503 1.3832525764496744,-7.865857209297955 43.21308479119274 -14.062251324304999,36.48319052722963 -13.33515875421164 10.810366136781905,-63.682167669761625 85.3528841962278 -58.66941840063363,-19.102036836476437 -2.2841952757783948 7.502923835725185,83.89504265027392 125.51686666121981 72.75524183144749,28.64429524950959 109.63212355879563 39.71789705223986,-18.70688420488414 4.653689049597713 -14.531366385278385,9.460226224812525 -46.33980370324229 51.61418918524356,13.492967467995859 -24.50932266575327 -2.9878126892171695
5.018465122474832 84.60411936494444 2.425326341216855,-7.467422719004561 45.68408842960249 -13.895019582699955,35.98288420434978 -14.965340650946706 9.49977953570311,-63.648358276606025 82.76427748663318 -56.89918807048786,-19.744423546166903 -1.865155263766054 6.176917496450404,84.05162176155939 128.6860644599893 78.24882051089699,28.71191367468159 109.14579503631334 39.50280813157595,-19.14263570711351 4.958062007903638 -16.28275083394039,10.895938571228035 -47.95711364074207 51.53545024153784,13.160619600613709 -23.745704603367205 -2.799105811675048
4.608488986124872 83.92046456981264 2.3059169207334307,-7.6020009950594725 45.39320627876641 -13.674819536110503,35.84545274258251 -15.1081307609914 9.84236299707818,-62.810948893215375 81.95316836392043 -55.31357654387803,-20.11056248282034 -1.8590647580032749 5.91682729269242,83.26938249238685 129.30303292919734 78.6596279475199,28.798026111961065 108.36312234765774 39.13313812885207,-19.468166478856787 5.029112122018507 -16.35400844838933,11.46673699245746 -47.02727898844196 51.537350219687035,13.24420444032036 -23.876118629448335 -2.8234835327567813
4.381940192996295 80.91127795249515 0.6776276631950104,-8.348442794457421 41.862731730586894 -13.486988975620903,36.138120378716074 -13.338943274523919 11.945703522700581,-61.60206215263974 83.3876692390514 -54.45564417813578,-19.850315033369732 -2.4559831922061974 6.783722525882885,81.30323477971025 123.19138920345809 69.09263564748848,28.744316376649824 108.66062450066288 39.2604522235102,-19.407812109626242 4.880850911584721 -13.983682347287866,10.428119642570808 -42.81359814257503 51.815935556021216,13.847634738611172 -25.156085419848385 -3.130055057210987
4.367690225095626 76.44526723376714 -1.9332861230441378,-9.48224282561234 36.17969837550852 -13.364979340119302,36.763152975419956 -10.242531613534167 15.198948976102256,-60.26784162893675 86.55987977727384 -54.44030678170029,-19.110427402234116 -3.450105876291832 8.516992727963247,78.7458353943992 112.899556671604 53.21007119179026,28.59794333643969 109.675717002428 39.71695380547625,-19.036757517298454 4.553466410270064 -9.990977138098634,8.226421789282652 -36.637711666418454 52.25435767441065,14.781259247472988 -27.175848793798046 -3.6190448191094617
4.509830788321938 72.08854420421295 -4.397107573270227,-10.56935730614784 30.511959854261157 -13.30640237456766,37.508873954071255 -7.100834637120418 18.49499651653451,-58.92596874245987 90.2877339606857 -55.08674594892558,-18.380861283484837 -4.362191109618273 10.633832113748127,76.76850175399332 105.6210144579915 40.584954221144585,28.547994568122864 109.84455656011397 39.76888480259331,-18.67253135775747 4.105227673263693 -6.286914863153333,6.130530987422102 -31.243028086110876 52.519640616419,15.65265193429491 -29.066122888669778 -4.074022713639265
4.751489894313558 69.35566456427749 -5.630307720242687,-11.191705283288648 26.954375664007074 -13.30851870841512,38.16628828320211 -5.151236818476529 20.758509505255287,-57.70210759566437 93.41129818468737 -56.206020766077394,-18.128668706272126 -4.734470218888434 12.650812148188157,76.48019611168706 108.12097028627669 40.26774745681661,28.770371021402447 107.71604356838749 38.73583622365023,-18.616574974007364 3.5980515573695975 -4.698365928453508,5.3508990413971365 -29.246263887729448 52.300069875597295,16.08545916538513 -29.993526405848666 -4.2877090720675595
5.047070121449792 68.74120590179798 -5.456517204703976,-11.245029368371245 26.128722758400585 -13.374232391105316,38.603543336373605 -4.720355361212321 21.563250279768845,-56.8862028118635 95.3247507363419 -57.574305938203985,-18.357326940297458 -4.528711242438749 14.143716602105082,77.83839734839862 119.0479217273776 51.32987287274931,29.191396677391772 103.96913675614476 36.9445560375773,-18.844390273696476 3.145108783541893 -5.401783331456424,5.931941004455424 -30.848252615323165 51.68239350499071,16.0167609020321 -29.826896084156783 -4.231645327735733
5.359890443449225 69.93310477810039 -4.416786137822486,-10.873256872746254 27.491803274143013 -13.510910522848487,38.74979390290498 -5.414534909978526 20.996315589401444,-56.89811886886805 95.86048458552561 -58.94018815378081,-18.70369909442456 -4.03846926339434 14.73515679546073,79.88994350095106 130.63133507245206 64.95091283130904,29.540019691538546 100.96733339287788 35.518293740292904,-19.073712730599652 2.900103755839948 -7.268401480960872,6.995921669677559 -34.33924730910385 51.068480288220684,15.631513401763211 -28.990411832579674 -4.018792063627768
5.651509121391472 72.58258733428303 -3.059299287579817,-10.22713155510583 30.462816729816907 -13.722950203758161,38.541635001167016 -6.8251197282860545 19.175278925893284,-58.12461882238181 94.88124170314912 -60.0495976058251,-18.812671238077318 -3.556637150068748 14.075461166745557,81.6845748984589 135.27441148036803 72.46551314310521,29.553733720645393 100.99689790627137 35.54336267085066,-19.03075080617841 3.008820970151828 -9.170713476196626,7.678338100673883 -38.00287351981149 50.85055609161228,15.117805511755815 -27.913846818736427 -3.763059710271233
5.844755944072002 76.05716226001955 -1.6915299881580408,-9.458149709460423 34.349095717821356 -13.955002264676237,38.02724045320498 -8.633676844666542 16.535750528045213,-60.24426850508693 92.60497270081949 -60.61168945480626,-18.677622568469864 -3.1882289623844557 12.325842414292728,82.80865543321498 132.12482969816278 72.36919173994315,29.23931667284018 103.96275414330428 36.97202607113884,-18.741463819850214 3.442614235568296 -10.694292423563871,7.856996911708602 -41.00289386443556 51.068223068087114,14.593455909352917 -26.84200427360357 -3.522086983004676
5.827430949027467 79.46771692312316 -0.40322902611880485,-8.718488295063867 38.35678963464876 -14.097677270258252,37.35570667129181 -10.603379424691342 13.801003624795209,-62.29507213952466 89.5709130122584 -60.30235598851352,-18.60714294985057 -2.8683231150762105 10.1096060453909,83.33392290536594 126.43062199446015 69.63444729692486,28.847113005239187 107.61591273711608 38.730803318756955,-18.502934566205415 4.0150654892202775 -12.069689498712428,8.08112079371611 -43.299151483828865 51.44213660504871,14.112724178934842 -25.852382846055622 -3.3026150515181634
5.494858018143493 81.93847957031622 0.7220428598968656,-8.157024561420247 41.700214890914026 -14.045338214971125,36.67940731974774 -12.497467072598095 11.68861210095509,-63.32539400279219 86.33515381391717 -58.827612083523924,-18.90649565584707 -2.5297382061178837 8.058691246340574,83.35374832274 123.4971234981457 69.30246551894977,28.62840584512538 109.69966773161828 39.742497389190575,-18.60901194341004 4.536981489106917 -13.535248023452137,8.897261055557296 -44.88144983798359 51.68936352522072,13.72701785240404 -25.016973542705205 -3.110083232734123
4.95714392149263 83.14584198370584 1.5602787880953384,-7.841371100954591 43.882461396628855 -13.831678854277952,36.14194011266331 -14.008925312275318 10.523450917123935,-63.201064840408314 83.58285799523951 -56.65915107311672,-19.521985828249758 -2.199727467447205 6.609088363825629,83.06283614334482 124.65734374289336 72.38867415437137,28.64289305968771 109.66582765989779 39.742529315394016,-19.035684494630388 4.890291225769435 -14.951705901118087,10.195284369431965 -45.77082275562028 51.720170738972165,13.474005327151593 -24.42048781611977 -2.962935868343079
4.54648351790767 83.3371396797528 1.945650078371618,-7.755111873611976 44.70521433215924 -13.634462625711768,35.87782832607674 -14.758096103852537 10.224339624772009,-62.63318555479245 82.13265014875671 -55.06038702069686,-20.02875158470837 -2.003190677925857 5.994174288436719,82.76067083102474 127.1368598369126 75.74581882203162,28.752171053712463 108.73282557863931 39.306576972003576,-19.430269334268377 5.030464933313496 -15.789352492321735,11.186037597789781 -46.0205966422133 51.64459637017826,13.377148570295647 -24.16079021292436 -2.8930646520076233
4.594328926294039 82.78918508544966 1.7199005488221064,-7.8760870924976 44.00360014808457 -13.632740411156522,36.014477115670914 -14.380846032094972 10.684923823582604,-62.35555127994059 82.77218884293471 -55.28859985411931,-19.998357605739077 -2.0644978434700882 6.42271872167763,82.74303858290818 128.04017635431077 76.12467628045738,28.811803518947173 108.17390770568319 39.03658580317507,-19.435575452194808 4.919816327361817 -15.521933732407671,11.075301555809618 -45.69070927740858 51.579720833322966,13.456962568038325 -24.330026889402998 -2.931253137399988
5.083244652013693 81.8782355968554 1.026423778435048,-8.122883864228005 42.23696890193304 -13.835403473370254,36.46661774100537 -13.112279985147376 11.594477889394229,-62.584258202774556 85.11061963050307 -57.24664715071524,-19.432605614197907 -2.348170961538417 7.619115310267106,83.03484431082242 126.64479694595383 73.13640007620961,28.7760188575337 108.41466467291386 39.13758189351498,-19.032730563326272 4.630185161074265 -14.304844589719348,9.902646190403551 -45.00367623248587 51.57356322927235,13.661219140829033 -24.819546420746413 -3.053409437448687
5.583321564373676 81.09811778240976 0.36523986104243644,-8.344037097141067 40.60266125587036 -14.050171253337988,36.89754698296326 -11.895954490775551 12.400657583534894,-62.923351067882926 87.3637868122447 -59.23611579207377,-18.841946623803004 -2.629751146619479 8.735102367861362,83.3407425526919 124.79726123744855 69.773834502232,28.71569218037302 108.87854324671608 39.345331987090105,-18.602840912191795 4.362898739452415 -13.099362053743793,8.693391648601425 -44.374221257673824 51.592494672455466,13.851689239750053 -25.283303719632197 -3.1705649778768947
5.649483319836946 80.94074100875388 0.2474888944732934,-8.38679536468866 40.31804236455031 -14.077059199418672,36.96261060797103 -11.69812705587431 12.547338746350704,-62.950059847047285 87.70199786505603 -59.50025442942951,-18.756016869612427 -2.678191189264477 8.905778876593834,83.35328076704388 124.45562709756037 69.16649885574768,28.706955082189914 108.94326426553255 39.37408731616884,-18.542445197345646 4.322859713270306 -12.89474434141813,8.509482622643958 -44.22107711131438 51.59885845485408,13.88774500312528 -25.3680547739225 -3.1916889953832897
5.205717552629363 81.52662910479485 0.7801761587117305,-8.21609527224691 41.63676723081783 -13.883003068759233,36.597348548916706 -12.70827588763293 11.912334360517267,-62.6054554893949 85.78522771814374 -57.73820861275942,-19.26987355029844 -2.4469244994959864 7.967084909748316,83.0374320493531 126.00662866664962 71.9438821176195,28.76282663682955 108.50462080511682 39.176248941195475,-18.92111116929552 4.5485170408753595 -13.888706674520215,9.546945116146821 -44.66052291418862 51.58430863927478,13.738278731555575 -24.998244461377563 -3.0975952097283264
4.675272675597167 82.47390457091822 1.523603175093034,-7.956078934244755 43.50880718816347 -13.660744355057103,36.11634059665657 -14.065071037056024 10.960477027544158,-62.32280417465945 83.28863722222843 -55.6186258295176,-19.890685907021716 -2.138945385357407 6.703041334019625,82.72670027515801 127.71135153800478 75.35349302266611,28.810948833908796 108.15924147155283 39.02638122168249,-19.366088227412543 4.853145171336422 -15.20818415028092,10.83041137783954 -45.3996858576464 51.580150186865886,13.520338939164597 -24.4739684404843 -2.9662868111009235
4.511737802908706 83.36335191420916 2.0019544335228643,-7.742097906003518 44.796780409981515 -13.616475491857935,35.85843671777258 -14.839236226306978 10.197603510397071,-62.561650127523144 82.0155487545967 -54.93022484000911,-20.089758788647906 -1.9732540912963081 5.959254960948238,82.77523573778662 127.70671420399243 76.43582682815561,28.77432308963101 108.54111902413236 39.21609942937108,-19.477992379455188 5.035352081341226 -15.911531190702398,11.312231100851378 -46.11509205665582 51.61968621589749,13.361044902205144 -24.120380599382084 -2.8821821496295987
4.862804031119824 83.67519166998233 1.9007911885790467,-7.704017619359638 44.6744740279544 -13.80174389963073,36.004375443073556 -14.50008305528182 10.089697293848912,-63.26197217804467 82.87634610363986 -56.27793762305216,-19.6903347062208 -2.0663329593334674 6.238635144249728,83.2064097381021 125.73269704926987 74.21434570444828,28.66113544041228 109.54125311713096 39.687987537920385,-19.14325975307556 4.972770426343326 -15.502689463121435,10.596739523496844 -46.389771637777486 51.68723701393063,13.360767741491221 -24.16624062754901 -2.900681467456844
5.402020529487018 82.7337702173082 1.155808680081228,-7.963200014748002 42.79798705911112 -14.028397228575669,36.48982257792004 -13.134734334362088 11.040969281473807,-63.55842279461628 85.39735824496167 -58.43182664616036,-19.061159547160326 -2.3757615827281464 7.512910178011138,83.53088613864729 124.01402639154482 70.78611053719725,28.611608083998384 109.89900409204911 39.84363100896245,-18.691347661760872 4.665521113883291 -14.176260865143425,9.298849479127528 -45.66183594554046 51.69119948092729,13.578418936906745 -24.690897206538263 -3.0322069393468176
5.764300073651933 79.8618647204781 -0.2723226182668548,-8.637829383336332 38.87594090782057 -14.08920707447473,37.22841875558573 -10.887257570737837 13.441832568151403,-62.5261802548779 88.98271478828423 -60.011770630388845,-18.615527241945284 -2.844884066480503 9.70386623801959,83.22014212502197 124.96707065766641 68.49817480497987,28.775727932992446 108.26930127571676 39.0450758478224,-18.48730467196541 4.12537334736287 -12.188533790590109,8.117322128065439 -43.36650402020666 51.53459393698358,14.067831636056987 -25.75798619749957 -3.2827136545626625
5.777872077264635 75.44677663891943 -2.1119785649996325,-9.62614457791903 33.608999347854045 -13.915708110575645,38.048957174096 -8.243363012281504 16.91986346149272,-60.12169093298048 92.7541344973715 -60.32589688707237,-18.553007238158635 -3.3661139164527425 12.351232283953587,82.18778071086018 129.02113820737597 68.40255600736779,29.160227254958905 104.62294647160685 37.28359318698692,-18.669766353122974 3.4640515979157707 -10.000339506933381,7.473705581118121 -39.799819381635565 51.22424360304145,14.746896441788998 -27.173964990201213 -3.6043875221208346
5.614959274666757 71.7700533232219 -3.538214901683939,-10.435007058757494 29.46309557020995 -13.686354118065262,38.629251005628845 -6.2966900642739105 19.745224017021688,-57.86955561576009 95.33080595699604 -59.90702254457686,-18.6928613422934 -3.7412372300089567 14.314893409917937,81.1341366330242 133.06970417912672 69.24684647172508,29.516926781864356 101.27224373312978 35.67011588689703,-18.97448231774623 2.9711436847142147 -8.43647889675729,7.2962668822179495 -36.789601988176365 50.95168163979385,15.29160378800214 -28.28766002607579 -3.853735987691499
5.48264814539447 71.2964485718448 -3.673538743583538,-10.533554847113654 29.072697841559247 -13.604256551137368,38.63345350988449 -6.197342487201169 20.057440529226334,-57.448326922990724 95.28847408036768 -59.41263814250673,-18.815813834989367 -3.7638137319866596 14.391186745938896,80.83741002017341 133.65812363791173 69.54731780891859,29.572659265966855 100.75883211422136 35.42520711944818,-19.09683898958647 2.95291084464501 -8.35459242913649,7.462285374509594 -36.31218857392349 50.92643455685942,15.35473823036161 -28.404235542880308 -3.878182138149345
5.499985897697504 74.7097428587828 -2.3035237531989865,-9.778034145896902 33.08804386307183 -13.755037029652149,38.00687681779874 -8.179263581016848 17.368253323491118,-59.39954442460168 92.43747284820535 -59.26818319286155,-18.800908677066342 -3.3922043652340035 12.341287320638047,81.59825636421614 129.74870917194104 68.73983127296175,29.244650180074025 103.84693847920121 36.91458501279633,-18.904656255323466 3.4702435808419074 -9.921152239520229,7.828524085011554 -38.958005339133614 51.20337261845399,14.844592699372813 -27.347544045259067 -3.6401284400072043
5.605724672474434 79.04647264075246 -0.571633385228236,-8.817447557092567 38.09587809909521 -13.983710484151144,37.27061653607995 -10.600197427728247 13.999551168112262,-61.93626585048149 89.11644339126455 -59.4238813745294,-18.728538081107004 -2.9222654455913624 9.902255598401366,82.73937051304186 125.25344540857053 68.14346993721999,28.840029046323565 107.66083850066484 38.75333593175212,-18.618879400768673 4.08153922127283 -11.887191200389069,8.209730806589247 -42.479281059325736 51.52064654109892,14.192714111830037 -26.003656462046116 -3.337442904789134
5.716579087277989 80.90257568466811 0.2146078594821125,-8.396576223133405 40.19232451133112 -14.10611617982418,37.015128414773685 -11.591505433056412 12.61253338889787,-62.99015886904779 87.96849190434318 -59.77149129747671,-18.703535346060292 -2.690648442853712 9.049276991975706,83.46467265822302 124.67984646324962 69.30244464329387,28.712954065065738 108.88574080356688 39.345378181043245,-18.503201989014396 4.284655617513076 -12.83270733295757,8.415730228816468 -44.284721516244694 51.57830239721346,13.893888053772232 -25.38700658147567 -3.1964502215959922
5.760041555857045 78.5482931253772 -0.6355846067533814,-8.89936833286017 37.412312687614346 -14.017879405630994,37.51161915946268 -10.220862967763603 14.532399273109224,-61.533254709957895 90.2067964038995 -60.125063096082314,-18.77119823019476 -2.885967520566847 10.691488189722211,83.2496748363644 129.58990089670533 72.23298151690373,29.018178039870048 106.05984614304033 37.986077941686844,-18.684281357332736 3.853812628045639 -11.974801192026572,8.318292580382883 -42.90136288946098 51.26544889623571,14.210507094397492 -26.03657439092108 -3.338652917008823
5.689080967631978 74.21157212997501 -2.3551500842043342,-9.856837783505739 32.373706747754355 -13.803223068866773,38.27665692380491 -7.769197492103918 17.926321006761903,-58.99678836540592 93.66448115658616 -60.11496017955925,-18.836094816980047 -3.3469073425447973 13.218107717035288,82.21187589720165 134.58298554748055 73.33946760905916,29.439100758588115 102.10144449327491 36.0779993523678,-18.96484961656884 3.2164925981708445 -10.036551632761526,7.935614501419002 -39.49974255808228 50.91809962358564,14.855634892612924 -27.36746566728644 -3.6377756579547036
5.460429550191615 70.69053193063895 -3.966898129872238,-10.677098534452268 28.35457104491753 -13.57357197372661,38.718186161101585 -5.836251778329497 20.50659624852722,-57.166179416592726 95.68813486306244 -59.345492922774476,-18.78256373077965 -3.861671729160252 14.655636292445934,80.56167576463756 133.25806232780496 68.50877294223652,29.591309209271987 100.5590261273916 35.32688967922526,-19.101011488609245 2.894190860195372 -7.958239690218522,7.307131424828453 -35.63179254823223 50.93650237249538,15.463154314232847 -28.63278414092975 -3.9318218520070656
5.087142514960321 69.74142401050877 -4.807388736689885,-10.978674422047048 27.395219161682494 -13.411931658862104,38.5066848409012 -5.412214600533694 20.878357114202547,-57.109140571124925 94.79615939104144 -57.747112866631234,-18.562439354972653 -4.264654299242666 13.90902761422197,78.61986679804419 122.85096500897001 56.49397761974527,29.277672388683605 103.27049603950633 36.61747072625643,-18.96078329847781 3.16860094626539 -6.447278074808936,6.531072119299658 -32.529681196103816 51.501823101718024,15.783776546699354 -29.320760405675575 -4.107207771681037
4.736444975304478 70.26865078920956 -5.071994244660381,-10.956033025143523 28.147935461731883 -13.323517121946018,38.0312499351568 -5.81877505958717 20.090643895819902,-57.92884376142114 92.71449833909627 -56.143000384260155,-18.312308616932018 -4.5166815452702895 12.287777905263495,77.00941268708279 110.55254287644138 43.89368584563625,28.813696354906487 107.39146530447478 38.58711505616204,-18.718511038181948 3.665019701089005 -5.573661442518747,5.866597218197406 -30.550304731121457 52.195546740366005,15.88800071592739 -29.563225287722922 -4.182867644552318
4.601672974551997 70.69329974032128 -5.101652985553325,-10.901253451749847 28.690828693567326 -13.300354234018181,37.80274854031601 -6.094861368147386 19.60665966344586,-58.39554168702804 91.71261492634969 -55.507555729873026,-18.200060477427467 -4.6000197915026355 11.508832972278595,76.40441122016222 105.24026797367857 38.635589043939135,28.60174853992967 109.28417029899904 39.4924007420154,-18.600448052945005 3.8975201068017675 -5.2993131126730795,5.600113700121426 -29.902120301457412 52.49755556473778,15.900529425084178 -29.60110006081909 -4.200198726650752
4.793961138512589 70.10062513812109 -5.090516145710345,-10.982976027098246 27.913113196723575 -13.337148333276375,38.117332886960774 -5.686670693466016 20.27469589364412,-57.79130843569838 93.10453888684627 -56.40271084808789,-18.32654584603232 -4.502334732767852 12.569053512055685,77.19991707193701 112.11440348341664 45.37626565021188,28.87712890021185 106.82188109201425 38.31415979058471,-18.740590603719735 3.5836391840602255 -5.610214656967992,5.9053091482408595 -30.715184644597255 52.103652660514406,15.892578731863924 -29.571419298316957 -4.18247455245194
5.163049585391559 69.6878832037749 -4.765962503402266,-10.977314757323583 27.28325988543296 -13.437125267899148,38.58837760483833 -5.335485750743403 20.987670079697136,-57.02577275045465 95.1660912117525 -58.07877856619058,-18.579439522803696 -4.22846166818767 14.175482132795546,78.90364818343338 124.68195682069317 58.37039356404422,29.34387501473137 102.68284459932623 36.336298852537105,-18.979564157572124 3.0879147446280113 -6.5688511335623545,6.597431695948683 -32.87024691470071 51.39625352657052,15.765281383484053 -29.28086544928599 -4.095336544788332
5.506838351772625 71.07117863072143 -3.7628026187155146,-10.582538770882705 28.781253448644467 -13.60520042659251,38.693849191771605 -6.039428425322625 20.250712527829197,-57.33133856502003 95.5705569366031 -59.52595015756591,-18.804138868596468 -3.786641752881023 14.5810456517829,80.84734322451112 134.13091995451205 69.80973240859633,29.600664393459187 100.49823153319203 35.299470699832746,-19.09981278598514 2.9031976597988147 -8.2528766873431,7.420642386539716 -36.19860805651258 50.893943057553614,15.386039978733931 -28.47060717267092 -3.892996921422092
5.675214374340803 75.03939593256617 -1.9790591975942897,-9.666291697047093 33.38933465143539 -13.828113312904048,38.12207748202084 -8.296159090115124 17.277604926027774,-59.39536241644591 92.93817000023576 -60.01892557565736,-18.882688371535885 -3.2302657813829474 12.734751902106767,82.43975961619975 134.32565359558834 73.92192416383006,29.386513481022547 102.61420324499707 36.32713849363276,-18.958934335138668 3.3337268957905213 -10.521273883309796,8.13051025236444 -40.246993974949746 50.95148116605055,14.719042528978616 -27.078783935300063 -3.5709839315957392
5.710627167669021 79.317346750726 -0.28770842924509865,-8.72359041569152 38.394041270662235 -14.025278867949659,37.3405906517079 -10.749598834102635 13.907015936310955,-61.88631278402901 89.39671954468008 -59.88624188973608,-18.83287566437827 -2.7799615048412165 10.163934305820169,83.37493682639146 129.0439478623978 72.47564045637469,28.960262504247627 106.6171697899849 38.25665827446774,-18.692900714013856 3.9851116757323948 -12.423052715451332,8.524860197479413 -43.50804765855897 51.31681026242006,14.086975984954455 -25.773126821520965 -3.2778628687773734
5.700101300745461 80.9205604947939 0.2125878782196069,-8.394678345985387 40.22641691806677 -14.100527509274809,36.99728841575371 -11.614558737670308 12.585232175258145,-63.00531892664327 87.88593577425137 -59.70038204525573,-18.703910674516788 -2.6950692660349453 8.992766048386526,83.4129524021426 124.358387948033 68.98517665000621,28.70108230472495 108.9917374598864 39.39619006555835,-18.502122826609796 4.30123998306185 -12.819727913496706,8.411298661903816 -44.23040932094119 51.597404533762685,13.895513877166106 -25.390255317615438 -3.1976245730222215
5.704504420334434 77.95869626055945 -1.1346323406586476,-9.077919555798754 36.6400255348104 -13.991990820421027,37.51648524148801 -9.77780123340684 14.87823722643278,-61.557557886113706 90.31731575643171 -59.85892006397469,-18.560210565498874 -3.1151485476679657 10.625313009033885,82.49114752183979 124.90435048808465 66.53741389502215,28.878208082070188 107.25568844277753 38.55243319718668,-18.54095638095543 3.909378278314476 -11.08352991679795,7.7461096130254985 -41.44941042044898 51.5028899825117,14.388302785612126 -26.42878482025263 -3.4380993757132123
5.6717072416402665 73.26801271125099 -3.0755447029234304,-10.126768307841301 31.10166971723945 -13.785980146803563,38.3566156389715 -7.028893613995304 18.549138298174352,-58.95767066966894 94.16042763464978 -60.003829919951855,-18.53188719569233 -3.662309970063497 13.354804275792983,81.31263566101019 129.10852458145652 66.3728198296558,29.285957149692216 103.39008638811923 36.6857582717296,-18.764800350702426 3.2289812255493238 -8.792962043180708,7.127858409016508 -37.5988593456025 51.18418465559574,15.109038887850446 -27.92716562509861 -3.7781070422209893
5.519074239988302 70.96082776432205 -3.8405970458601804,-10.612580327030091 28.62057827181742 -13.608811525102487,38.71535158901771 -5.941085172695077 20.334364641013302,-57.324785854112946 95.6856339862022 -59.57309317798801,-18.76678828665432 -3.81896638562343 14.63462371199261,80.7872689478747 133.72141477307386 69.23337834804917,29.590431313203112 100.5809651426043 35.33797125923241,-19.075340553041826 2.8933737508967385 -8.122164047142135,7.328509719929008 -36.03006508448326 50.91134400288185,15.412449912601886 -28.529641333715773 -3.9076430210880693
5.195649864877572 74.0026113846193 -2.1859977097350285,-9.871199344239503 32.78321635410544 -13.558144996752995,38.01258652811197 -8.341040854965 17.87508237686005,-58.23952415057493 92.21192482841752 -58.18726804826683,-19.33709204266231 -3.231579769691501 12.608383374631961,81.52855691819191 135.85552835155747 75.04695865056253,29.529974547009516 101.3088962391522 35.707851966800426,-19.3736690833192 3.3680998254956322 -10.561993111010308,8.83030989070785 -39.071450668960296 50.906396484892866,14.843058812028683 -27.282863563147753 -3.6099446001679114
4.810219172504686 79.57604421671948 0.48099086891216186,-8.572104740446523 40.00200415999764 -13.587146891863469,36.78872954427927 -12.29090238866471 13.374443820708349,-60.56716197099629 86.34582151878318 -56.38752505845487,-19.93343099740307 -2.373799035066491 8.900061406155682,82.65576075389315 134.44881133058237 79.63650316742222,29.207203668768596 104.49724218547662 37.26451230824129,-19.557888577713445 4.27269382610341 -14.157981100739393,10.654660720680846 -43.89372486389365 51.149197310641014,13.902397513834472 -25.262554943046723 -3.1384042983729783
4.521801267310411 83.04527795563668 1.9194223072784622,-7.804167803122027 44.433321119924145 -13.603544223540627,35.93656122620096 -14.66897199560291 10.470221070525449,-62.31907427204763 82.35662928624723 -55.00454211024627,-20.126452015170713 -1.9794007438788492 6.228115815199237,82.81824143152852 129.01326023531766 77.53406722336074,28.839289334138968 107.9507206219591 38.93313099093137,-19.525161569325686 4.960643269772973 -15.872199378798596,11.363568387117889 -46.04563647871992 51.54344483052047,13.392951072428193 -24.1825253949904 -2.894265585275864
4.455060593546812 80.79519946909701 0.4077020440441949,-8.411880875448025 41.53282865010337 -13.533397459139064,36.1591454572949 -13.055827591999899 12.00818192413216,-61.906368400953994 83.59471261172096 -54.696352166744745,-19.604901263550175 -2.6044653349639177 6.744459462983918,81.01436006688894 119.66361190079583 65.01921117105924,28.614026177463035 109.79538932478586 39.79844539676706,-19.21463381375838 4.916160439499013 -13.397152945118547,9.889519011398635 -42.14412109490466 51.988187383791626,13.932004328652908 -25.35895121330987 -3.184775943777443
4.531941914723887 75.23454254442473 -2.7110178832725413,-9.797573575153246 34.42374674008967 -13.41098905727577,37.039906078236804 -9.176367259106778 16.160046854873965,-60.09946900066357 87.98727156458779 -55.10216666100375,-18.75429081838968 -3.7565248655608414 9.257367832496483,78.30176777981181 110.06811533693737 48.68043645365379,28.545712948532188 110.05486359483803 39.88738394331904,-18.813055190640018 4.3949983963934365 -8.735516430444576,7.350946351052613 -35.1093907538023 52.355213121338046,15.043949414980935 -27.761533679215972 -3.762509751368463
4.600330290364334 70.972736619693 -4.9739397023381855,-10.836709336290449 29.030489206143677 -13.310138282310874,37.753228153426335 -6.269536079073872 19.389963790568803,-58.53073153353874 91.48025826868405 -55.48899033822485,-18.214682667640368 -4.560044576341595 11.353583334224501,76.4904373570069 105.19322631298769 38.87241621890668,28.585265040347654 109.44599457503934 39.57108627099584,-18.597632944489757 3.934777662252415 -5.464601352402974,5.664877740081014 -30.164437311044146 52.50635121288051,15.853911307506236 -29.502734933402238 -4.1774023233330935
4.538155063380976 71.88458975798787 -4.325559579141283,-10.58644797436891 30.31948936863267 -13.296711619182915,37.60574057180554 -7.042782333381635 18.72424316923998,-58.59739234944925 90.67640413508316 -55.26001927731808,-18.507346755295174 -4.28798670782305 10.999174213886501,77.08656772769804 108.97847762533866 44.034730266641446,28.682255613681896 108.65168058799854 39.19964848024828,-18.78778556460111 3.9903920411621434 -6.556239932707391,6.407253627941216 -31.66354872197264 52.33700657369842,15.630812713006533 -29.006805129064922 -4.054181431465674
4.432086199410902 76.7369498045899 -1.5413381081425988,-9.367140128087545 36.59686359908639 -13.381117828795585,36.823719927484696 -10.508755918756341 15.09825703825769,-60.06025023749921 86.74529058275175 -54.7650478387308,-19.328604911299337 -3.245209673735607 8.798602911241291,79.48577252178539 118.24118341740052 59.31109374020333,28.777613790338794 108.11269529082674 38.973973912194545,-19.201960122227167 4.441173080206902 -10.774697372946555,8.784654047578487 -37.92381300990084 51.97511656315928,14.64310699840101 -26.865130395916452 -3.5374019958043683
4.457101164649346 82.13574741531276 1.405627596842473,-8.033527983262614 43.351088199742236 -13.550304340318261,36.022498807497435 -14.11702616731886 11.101101841058568,-61.98781080051823 82.78850011581993 -54.75432778877718,-20.025785534942504 -2.1731144768981965 6.472501750577482,82.19078448156017 126.78561073391569 74.22042024574945,28.808611840542067 108.16738175594756 39.03185006827529,-19.4889731525984 4.922961319938015 -15.104232079055716,11.001303603593966 -44.708287126424715 51.64699114615456,13.582097923485732 -24.585901455694266 -2.9915312638709968
4.757584718291418 84.98830885722984 2.73732897742021,-7.361318741944952 46.49753758585869 -13.784104117396039,35.756503071643756 -15.572164489926234 9.089372253907541,-63.49378230221861 81.59118155888675 -55.855819132859594,-20.03066237867104 -1.735504194799834 5.580568173615531,83.8412814388962 129.2273069464536 79.51524034696598,28.72882201738614 109.03034410671475 39.45450068639207,-19.350148951501385 5.104279742370526 -16.844718013749556,11.474388323913724 -48.18867196645015 51.54706091116107,13.072403739065455 -23.529351822528323 -2.7447384846231957
5.225493201008327 84.7265375953853 2.304005863494425,-7.4651414930862074 45.52031267191326 -14.004931142463533,36.071376421636145 -14.706972092062623 9.472547222800085,-64.08125183839093 83.29777291516986 -57.687035330087745,-19.474861846398216 -1.949696552802136 6.335562369009113,84.2214358199062 126.89549958415263 76.18722763962826,28.62504528106747 109.90860051622207 39.86303565938572,-18.92059437287156 4.927676564461488 -15.925621493837335,10.389609894991612 -47.94861812115159 51.606525988975854,13.181678736366093 -23.820586092571165 -2.822327701443941
5.629520490746476 82.01510480212222 0.750982518975451,-8.136816520074216 41.646147074585954 -14.10716133048049,36.764320873567804 -12.393478833672116 11.709316232201738,-63.44344275832511 86.76323566582634 -59.3720821223417,-18.831753010587697 -2.5173262121937094 8.292526175316288,83.6742843144261 124.39775050557319 70.22789683766723,28.64913904873409 109.51715828825567 39.65388825292664,-18.547235156636532 4.469508333882893 -13.560456137234077,8.79624787106769 -45.23785373634054 51.62804934066102,13.705608029339093 -24.981587259808833 -3.101711879005321
5.763131897629045 77.61917580107897 -1.2663738428480955,-9.150660498394876 36.178548939505305 -14.002790856943994,37.624613688820006 -9.517151071852094 15.1839393238455,-61.38890312303385 90.8259340955324 -60.12103167440148,-18.53318354757923 -3.146960732461513 10.96132173325147,82.5621980188971 125.8386176648677 67.15298124599542,28.9272385652361 106.80216235299709 38.33365260234272,-18.538291699548733 3.8200541882960426 -10.935927710973228,7.671799515108433 -41.33759544938689 51.43972600071315,14.432827086828558 -26.524480136086165 -3.4592559772436893
5.668194547238041 73.1978373154406 -3.0474898244504294,-10.132390237277574 31.05135811485552 -13.776590454163339,38.38097181618884 -7.025546951604181 18.62108740100493,-58.832451080137496 94.24791482343332 -60.01031733932912,-18.585759525953964 -3.635156840415083 13.456723586064017,81.39840462390627 130.2277334659486 67.53430661168996,29.331677064152057 102.98432399038764 36.49234304933159,-18.81259432900222 3.195867140400126 -8.894346538806172,7.24068811723836 -37.72510255787287 51.12480809339618,15.101445696758073 -27.90536795882092 -3.770871571595554
5.526171891453762 70.9125401237663 -3.8663871526053217,-10.624212707750537 28.552646924391244 -13.610426334061174,38.728078648231026 -5.901118829426571 20.374756859502142,-57.310604098168795 95.7483356285903 -59.6032482963886,-18.757110635949612 -3.827919228812118 14.671475785517966,80.78090988940275 133.71149483973818 69.16533198045182,29.592156662153425 100.5626104615566 35.32883212918832,-19.07014476568758 2.8844633278223255 -8.084480322473958,7.304126050844478 -35.98780599847632 50.90994038402506,15.421179331867945 -28.54887107965145 -3.912215445436151
5.5051283073283575 72.64883722636392 -3.100834631794638,-10.228479900281082 30.662318673699684 -13.668157834763868,38.40409761572158 -6.983509144055155 19.011324968871982,-58.185394425933154 94.23774879131628 -59.42786324849224,-18.829019085656107 -3.597412235941979 13.647077136166331,81.2323009160292 132.7930944099604 69.9623521443369,29.46720053694084 101.76654991898944 35.912371342745,-19.036778951306474 3.135650744376836 -9.045572935087312,7.65780239743462 -37.49554441029648 50.99869772047639,15.141641885237476 -27.960740636320804 -3.776973625590535
5.5993155588820755 77.02001944973921 -1.3379454337967285,-9.25752661884526 35.73201321912309 -13.891760940385415,37.657047782243865 -9.447683577852587 15.614021054095693,-60.71008430973347 90.85721275455025 -59.53923357794684,-18.77868728918116 -3.1135129663597 11.183006700968066,82.38746195822448 128.49366160512898 69.628841664117,29.068817436022005 105.5281755356399 37.72664856762022,-18.76694793330351 3.751705410407599 -11.068676810862623,8.087914785934135 -41.074401914121864 51.307927967828455,14.479937479082576 -26.593943568122423 -3.4684550359786566
5.690848240437168 80.5282407340739 0.05494509716069085,-8.48174109548931 39.77255528845859 -14.080061084064106,37.06388732932215 -11.394622809069727 12.889849959797422,-62.77743922006465 88.18682219518367 -59.687290460216964,-18.709395212902038 -2.738171277049797 9.212924354756991,83.30856575674753 124.74912379233201 69.02129430618731,28.737071313231787 108.652104368635 39.23240740839161,-18.52711250476397 4.2461730407938685 -12.639559584729602,8.374537327473229 -43.909330683443685 51.56949384096711,13.954776835062145 -25.512553783091995 -3.2252091792913724
5.669557595030829 79.9175756205292 -0.19389708727120233,-8.618057431104491 39.07166812152866 -14.04551760607662,37.161600797056536 -11.057751466376208 13.358668364694307,-62.42420182228758 88.62736430672989 -59.63777905315107,-18.718468673772733 -2.807679179925473 9.537055421066919,83.12364476185985 125.23938536957051 68.95522766625754,28.78913941341544 108.15841017170298 38.99421981605918,-18.566267752305762 4.166056243782117 -12.351187010503635,8.315462805225382 -43.38244249931597 51.533012628291175,14.048692863131064 -25.706288417264776 -3.2690736801842664
5.560315771816343 75.83594070928042 -1.826190691679677,-9.522803663498564 34.36761003486682 -13.826274327674485,37.8467941320164 -8.788519787064727 16.52255052353081,-60.034891918418275 91.71567898413971 -59.45087653308866,-18.789749303463203 -3.251765439724243 11.809510272009945,82.02302742729435 129.3531379063161 69.39816472156743,29.16622658168595 104.60201050060809 37.2795655803639,-18.837574298345782 3.597488031420405 -10.495799618973006,7.959540506945699 -40.0387469193844 51.241660283996055,14.663732739160464 -26.973847733242135 -3.5546968120504925
5.48781997351845 71.817054050477 -3.452635175825071,-10.416129883943677 29.688567672890002 -13.627305744247275,38.542692071744845 -6.504066701784169 19.652762998742716,-57.729555123954604 94.87151656241147 -59.404410363710724,-18.823188857595373 -3.6996187915231697 14.097946358447548,80.98231356273969 133.30691897207936 69.69077314564352,29.53161102578316 101.15085315545888 35.61474947318545,-19.075505760847854 3.025137851784797 -8.62177728805195,7.541205923415657 -36.76133348809448 50.95561744909649,15.272836480538917 -28.233507486603393 -3.8392149086005065
5.568742211911914 71.27948848817957 -3.726807125154027,-10.543277317589567 28.93692685550675 -13.644978289728137,38.6889675014913 -6.064854894043492 20.10786824234136,-57.553494214704145 95.585868145371 -59.75167640769595,-18.726352300390385 -3.79117808143084 14.527491302321078,80.94087907816731 133.45560890157273 69.21595935558939,29.5603643453759 100.86259153101632 35.47304505881934,-19.026652738330696 2.9192025489030917 -8.232893204458804,7.295383479513846 -36.3383957984327 50.926278053947314,15.365649370366532 -28.437311619367456 -3.887259234673982
5.740258773778911 74.47634380452212 -2.5039289552811246,-9.842249598852506 32.50101870885738 -13.858867409855211,38.20229757468273 -7.71428509194562 17.663738006201047,-59.55314727911661 93.44284585841689 -60.23280431726339,-18.572697017954614 -3.47454762950769 12.862512397439403,81.89202743271716 129.83751660259875 68.34254879278697,29.24460966394466 103.82414129118831 36.898359692495376,-18.73621174348649 3.3374689754628575 -9.550530054059593,7.390123162309036 -38.96566097516409 51.16478260219243,14.895299771740229 -27.47948018770807 -3.6734316876578563
5.78772088446768 78.98322903853403 -0.6556258512720464,-8.837018052189167 37.79683855673565 -14.065177580933328,37.4028297910362 -10.327978759033465 14.140906292351186,-62.084228272970705 89.79701194603636 -60.15386610101935,-18.575999209810163 -2.9584911225845723 10.253915050965029,83.0288340690996 125.60655036238859 68.27329882895332,28.844645667827663 107.60964272036013 38.72558245052917,-18.50195277656989 3.988890203994548 -11.711370502247664,7.936909736331914 -42.646038565813754 51.47905510710197,14.20694960229996 -26.051165578187838 -3.3499361896509843
5.504957668386696 82.36185761274608 0.9352956396138841,-8.055398732365346 42.21203545315916 -14.06370018179032,36.618215720058906 -12.760723060866681 11.374202544479324,-63.507378213601335 86.04191290574246 -58.854790465382706,-18.940296348250218 -2.4564344408076644 7.872284352699888,83.54999221921757 123.89170112367225 70.16030954742317,28.620022853988743 109.79864789427202 39.791953610889834,-18.614618628604056 4.577655786113081 -13.832057254508861,9.027274952289336 -45.37224626769233 51.67699241320221,13.64899298502824 -24.851358095935712 -3.070945016835086
4.9731851890925265 83.7007106722597 1.8375988734550264,-7.708492907511895 44.54913645775698 -13.857150361276526,36.06328937268076 -14.349557204596548 10.112384664869817,-63.444273959729436 83.2072930640503 -56.705591641072495,-19.56276912302796 -2.104892524983789 6.368123457469546,83.3222603617353 125.15492698154547 73.48849325931539,28.63099364221822 109.80346307393692 39.81106445973834,-19.04022425281521 4.942866736856409 -15.335442494275606,10.358938351696144 -46.41315330174225 51.70463813331611,13.372232915873019 -24.20484990345808 -2.912040729273731
4.551553356850949 83.56481672171677 2.056763504797563,-7.701104839987335 44.97900668995149 -13.644492214552358,35.84377813819922 -14.897909598638199 10.053863444701712,-62.7361486354844 81.9710612147734 -55.07248651525741,-20.04383496035725 -1.9659992278718157 5.888960773855222,82.85848738024468 127.27888058027145 76.13041373933973,28.745067937998805 108.80886345126387 39.344031252520146,-19.430738120846257 5.054097857251106 -15.940515655882535,11.248761033069604 -46.27180363253988 51.64163855141437,13.336380679464003 -24.074543616301302 -2.8728012426397216
4.5969713635424005 82.58089172598355 1.6252212362679073,-7.924062674568727 43.74893056994 -13.626114464914226,36.052732781511416 -14.249153999218215 10.847619733716643,-62.254885389959355 82.95179386829444 -55.30929260667669,-19.987047350340365 -2.0939098709468507 6.542502669979568,82.68366938109935 128.09755053760438 75.97091630598672,28.824815500880288 108.04685206722745 38.974846247574945,-19.43738042491375 4.890843189193461 -15.399889394104187,11.02682477004008 -45.500614658007215 51.57180677285407,13.491413821796291 -24.402784372865195 -2.948091189209259
5.088609118237983 81.4113833174971 0.8276270911639625,-8.228043346968601 41.67365513895535 -13.819136893633283,36.555241991562234 -12.825822918415112 11.96322409225267,-62.33843838183925 85.52077438050055 -57.29466040737438,-19.41992680903951 -2.40578630177167 7.902256082795556,82.92641288101397 127.02265801016975 73.06627721376863,28.814522151065255 108.04787134930535 38.96018903286736,-19.047152174576777 4.559769729309837 -14.06316039593753,9.822549499732759 -44.62113913075573 51.54292024196452,13.734107339431729 -24.972219253079828 -3.088250758993827
5.588012515586762 80.75824363122298 0.2274911669138142,-8.419333098374084 40.19530729681633 -14.038059340739062,36.96436232395019 -11.69075983307569 12.671893219402314,-62.73445629050532 87.67029377566952 -59.27631346144865,-18.8387267045706 -2.6673320284443514 8.951123473894627,83.27708082704072 125.2102463009878 69.87348068115939,28.74881800400341 108.56672673644178 39.19486623902323,-18.618289618317796 4.308145365627894 -12.939943724621322,8.649093832774591 -44.12080622222625 51.56291580903113,13.902416129241804 -25.388935081406075 -3.1943944533759585
5.645657358529198 81.29915167983457 0.3857581228443351,-8.308606036743626 40.74282618322358 -14.090930037559023,36.891263465910136 -11.909062048258491 12.25968099491736,-63.16022912490405 87.37785955724861 -59.46040059331532,-18.752355994320855 -2.6428596549669385 8.672071602943968,83.40946713878802 123.89646722653083 68.92435292827166,28.667334530212084 109.31322796715524 39.552314847794676,-18.52039704304247 4.382961624798283 -13.046211970760728,8.540655674556179 -44.467491226769816 51.63635100631826,13.836443047373372 -25.26200423995278 -3.1680498704108104
5.198056371122895 82.74806917098378 1.240989421775641,-7.951336958693726 43.07332391747878 -13.93351798399661,36.35562938247573 -13.4149488948857 10.93184967687064,-63.33999449400582 84.69285956120457 -57.621311339562794,-19.24489293041997 -2.3327670269415193 7.169636971790199,83.22111244476679 123.94540920580508 70.94192986746711,28.62164184509597 109.81934989729484 39.809200228128084,-18.835860574226007 4.754646597015528 -14.379986482048626,9.627154368503755 -45.477693364376194 51.719535726390895,13.56641290289085 -24.644414521682762 -3.0191560774197166
4.669856648548207 83.60036053601691 1.9447579935527806,-7.712545224253912 44.829927695196034 -13.708381527103594,35.893700484916195 -14.712671795307115 10.055978335892833,-63.00677507935555 82.28452430650275 -55.51643777340274,-19.863227589979633 -2.0359760808947156 5.966553956163984,82.89247968756321 125.75069547014978 74.36207571568568,28.67840619242312 109.39219946498758 39.61982237981609,-19.283885903204958 5.043920580951564 -15.65211382415283,10.895070837990716 -46.144262527653225 51.70777188569975,13.362955126404904 -24.150474044262133 -2.8947358284853713
4.510480520093182 82.29835293692676 1.61076029795409,-7.971273017810867 43.55812927196768 -13.56805800084887,36.06592298291048 -14.238183008870667 11.05118325456588,-61.90123460712924 82.94647078836789 -55.00283448627429,-20.12561493765688 -2.0665155816855423 6.650414681817867,82.61741321853967 129.643844712795 77.47161825735115,28.90316616455682 107.34464248414825 38.64049345870723,-19.563656117859757 4.855753612251258 -15.508666909985841,11.270749246160381 -45.42006477664233 51.495449349243565,13.508066549704159 -24.42140291938163 -2.948475344781344
4.840710409560865 78.5476825939584 -0.013578998142452905,-8.813323536839976 38.71213102547311 -13.564380021419229,36.98385398998315 -11.605202968936807 14.179332132197494,-60.11971825023138 87.27712065001833 -56.55300057098451,-19.84311787743157 -2.535182111796772 9.496039531443198,82.35011311161618 134.3520490191093 78.44126410127647,29.256120232750078 104.00392730931975 37.023149812250615,-19.538992064989067 4.131026543212358 -13.490302149176463,10.344744647157283 -42.90398121571168 51.127810331112705,14.079960625728908 -25.641215858258185 -3.2269827210753594
5.305545495595439 73.88292151191084 -2.2633652009683964,-9.899967855750592 32.50944106312553 -13.603386536522706,38.10917850333875 -8.132547426032625 18.026904265116176,-58.27350339199789 92.69683605101373 -58.63496671206978,-19.250707393994933 -3.258546063775439 12.87770428057294,81.69783821384941 136.27986190548822 75.27360725387408,29.544962367643727 101.16585863576184 35.63725990229593,-19.312066312854554 3.296929818375313 -10.432795113784932,8.669212947353756 -39.130151051125935 50.86849115698527,14.86182663147581 -27.332015657240834 -3.6218453817399108
5.515851910870859 69.97550298076337 -4.403317928564301,-10.860362117984714 27.373668469182416 -13.580693349691412,38.85646470130276 -5.266056872273627 21.056474024072287,-57.01061631371604 96.39480984455734 -59.57327536224919,-18.615875562314674 -4.030029017669164 15.03259659277824,80.24859007543319 131.7019436139317 66.00535434382391,29.567517025130897 100.72252910208103 35.399488178264555,-19.003582176206386 2.8154207076117315 -7.272882332766998,6.870741393665259 -34.711797641369714 50.995009367243476,15.614097191795596 -28.964881273824865 -4.012637110100125
5.308345854748922 68.03995671614796 -5.801445482019238,-11.40448928024179 24.98859670251739 -13.463757530176036,38.91278615048238 -3.9841714345071155 22.255852072434035,-56.72062587710754 96.83795034384252 -58.66680840761249,-18.158395971002804 -4.6342186159233 15.046111282783547,78.16491445333622 120.66850301680343 52.11283139111142,29.271952981491655 103.20912663793965 36.57443405540006,-18.725242834001424 2.908776729653542 -4.918146690498071,5.5156900634101405 -30.690502609646742 51.551213899865786,16.12145127874572 -30.06766637184013 -4.287586784384724
4.894721563016273 68.5322171069081 -5.997245983622797,-11.37652876048529 25.809679452738777 -13.339313936906468,38.4176561130386 -4.4893081293691255 21.48489696159225,-57.36398503921703 94.61455214865128 -56.832139917806074,-18.018815380992052 -4.84103554681938 13.411918383848414,76.56327074137126 109.49827851405516 40.78315186119746,28.856055136096334 106.90797526714698 38.34407576701262,-18.573808572786444 3.4013359924935127 -4.227767382305977,5.070424085372357 -28.819049233188906 52.19299457026541,16.208823985620935 -30.262487451573083 -4.349293305110283
4.52126117184005 71.8271154411146 -4.552383918707813,-10.635834756357697 30.164949668936565 -13.304797021896329,37.55394386376436 -6.90464363799344 18.69208678019707,-58.85802316418399 90.51673691786002 -55.135212711121305,-18.32865600266398 -4.421425183121523 10.758168935913156,76.64212161686788 105.06584066501068 39.69416783180629,28.54038799586012 109.8950708731476 39.79116630201105,-18.643841922067477 4.079824875201775 -6.0468836807785955,5.986903124146777 -30.901040792327052 52.54137393867309,15.707135861371833 -29.18506223681127 -4.102864336385744
4.347153014334171 77.21071644516215 -1.7101567178936894,-9.328414702027361 37.06303061944477 -13.395550917563707,36.58389294419674 -10.663032113615083 14.553231929316288,-60.817189947911615 85.77023601996856 -54.28364252107308,-19.04274219875252 -3.419946980747535 7.9066598418737515,78.6981215158289 110.24682374833176 51.10331056024538,28.459702721053176 110.93736653944411 40.32213858453539,-18.94024897826436 4.720444765863072 -10.143668106159192,8.151388633931603 -36.89503723674839 52.4118152353967,14.696195101323397 -27.006826383391157 -3.5845479913420095
4.36538461558986 81.891395320416 0.9853803580214721,-8.147295427563936 42.9947205682097 -13.528433010709833,35.9212165390233 -13.879987578358502 11.13210858699683,-62.277950845980484 82.42823675695901 -54.30125072453438,-19.778706430554458 -2.4032972195031737 6.048721746008668,81.3070072758093 120.28570554499919 66.92424069564449,28.5849931545299 110.12036662337168 39.96110285778004,-19.296844771601886 5.079312248076858 -14.231121189658927,10.37062209885934 -43.2387086061832 51.99083215985205,13.730761349516293 -24.92152425405421 -3.0808472557625044
4.550173858892064 82.85378328810529 1.8490326105201698,-7.844623686425236 44.180060648209576 -13.607255614512082,35.995033006890296 -14.529476766453744 10.64108005974524,-62.21564065799674 82.62906652977045 -55.13435264615971,-20.117361673156715 -1.9950939716399985 6.412394573137242,82.85514681629571 129.57845070835793 77.92827099436047,28.868678067295733 107.6798609027045 38.8026460234874,-19.528580332213817 4.911359723592313 -15.798439269295592,11.333549738708983 -45.9850490293759 51.50639155051732,13.417156050521047 -24.233904556031273 -2.9054677017381336
4.8599616234421275 79.05134132356963 0.21704073157727213,-8.69633643687389 39.30143299594225 -13.591383448517036,36.91075040571312 -11.896509023163128 13.80208172010516,-60.37429755516451 86.93825984595256 -56.60814787078489,-19.858129360849965 -2.462025559884461 9.262236352626301,82.55553816732429 134.44042587236635 79.03540096478508,29.231454117469955 104.25048260260495 37.14314761371569,-19.525189641740557 4.1851028265901125 -13.788324179816183,10.44535859774828 -43.42712906840164 51.132054404927004,13.994093471882032 -25.46147676886205 -3.1852490345418576
5.218490075731455 73.76762106135864 -2.3278892263188187,-9.931031941841514 32.45670057191769 -13.562358863635177,38.06183359640998 -8.149498595571977 18.05911794551798,-58.18858597137545 92.46227314786509 -58.281463468010614,-19.28122132904827 -3.285776844278582 12.743798151911921,81.43920517494662 135.40838073885564 74.28992830080414,29.524250821339578 101.34405013015166 35.722794138655075,-19.340878474831065 3.3387955004087475 -10.340204421316802,8.686479947120759 -38.78466874277664 50.92172575585547,14.891801316890783 -27.390357792675836 -3.6360527411703956
5.5449007014679745 70.85856256553669 -3.9058753094936245,-10.638823730526434 28.45971818038843 -13.61784950426239,38.74768017039876 -5.8381602507323 20.42295203164083,-57.31631958302143 95.85041880274103 -59.677922190834956,-18.73061382969007 -3.8441288117720323 14.722751890187252,80.77788501895483 133.58111574051148 68.94672409046409,29.588926671047783 100.58700632238995 35.33980603361401,-19.051765266685308 2.8726991657732324 -8.016599362438429,7.246044189290474 -35.92933438417269 50.913285317145416,15.433564347508298 -28.577624952585104 -3.919366507681727
5.76563703907963 72.54360930749483 -3.3945866886061014,-10.289545431322075 30.130813324093115 -13.798820965125703,38.55492300774188 -6.484057627123779 19.169889490578775,-58.63754522384842 95.10380489541288 -60.42477766831627,-18.45608985504372 -3.754963443467313 13.961445825874971,81.31965999346797 130.14697513045436 66.66996361941615,29.356971247358768 102.71874616475841 36.360459882138144,-18.74342065667818 3.0733767137887633 -8.389244357613999,6.9141883446697605 -37.163195497422194 51.10284613289157,15.218859222791439 -28.16396850236145 -3.8322844535710363
5.825709018893935 76.88120534560423 -1.5978620098865832,-9.318517015176065 35.22151839273694 -14.002066713466313,37.800527011678135 -8.994550177504816 15.794036863395615,-61.05473923328887 91.66065096736801 -60.41277812912777,-18.467934130193616 -3.2466498429016655 11.502141134972424,82.48115366445025 126.52197964212084 67.07927705803702,28.987772501745184 106.22323337178346 38.05276043409544,-18.525448707901806 3.6840355160365337 -10.510681186412612,7.466558333628924 -40.797423283996345 51.38032421073687,14.54941540625869 -26.7739883259299 -3.516697193761686
5.673072432935467 81.27874060103886 0.3790444008084998,-8.312129370687929 40.690210558764704 -14.101843092678763,36.915750481365095 -11.86789719827758 12.292989479320081,-63.16103099568153 87.49709118535422 -59.57405600610745,-18.738902740318146 -2.6430982600068025 8.743870678997393,83.47068564733154 124.15740390929626 69.161011950319,28.67636021707667 109.23167694927164 39.512937888435985,-18.511169584988945 4.36285768192435 -13.039196756538908,8.519959312987254 -44.51872175270439 51.61903369427922,13.836849446049243 -25.264489524620178 -3.1684509862481938
5.3034604719262965 83.77441564713958 1.6782892286311033,-7.716988331373757 44.1868119101449 -14.02012443286336,36.24763914615525 -13.916221397852825 10.192555908094146,-63.94248474974878 84.22199046438475 -57.99435421367116,-19.209520275379816 -2.201406912526766 6.7936089749839015,83.72791674837254 124.01222783361301 71.95792742501506,28.562818097467385 110.3944961292167 40.08723135236816,-18.75539408950497 4.83962335663579 -14.906994677695726,9.711761487255142 -46.584067647835916 51.726146842476126,13.396880762277338 -24.29715514912121 -2.939517146032282
4.853509592581017 84.26679356203664 2.1716841932049973,-7.567451024558905 45.400722192362814 -13.81961311455286,35.894882264629416 -14.87727938337191 9.627169360482727,-63.54399308850438 82.36107737302373 -56.21243778830674,-19.72525543976443 -1.9816345434856433 5.897003307424688,83.37477031292812 125.59357463378772 74.67914948620586,28.6251849856285 109.89334496595383 39.85919658618677,-19.14037946061783 5.055266857713863 -15.854103158112506,10.739984708348752 -46.932264123787995 51.7086889654054,13.262412654749532 -23.958221805736635 -2.852472694339593
4.485703950307694 82.99570765025061 1.8648910235794995,-7.822250494128742 44.39546877393782 -13.588827074929267,35.91060987301929 -14.658628695590485 10.476025166176717,-62.32302739742783 82.24138684608805 -54.85017544213581,-20.114139613945365 -2.0076944102979226 6.141696626233234,82.65832588068345 128.14223478016703 76.5643229540955,28.811773750761162 108.19077161544186 39.04764482887553,-19.516729217775634 4.989457228873943 -15.768740064170268,11.313774573219046 -45.81063338877052 51.59200270284474,13.414467824111862 -24.228364556799335 -2.9061581925300746
4.362527700514377 80.2009912163021 0.7635714488039533,-8.440119783968623 41.23457902338942 -13.416284251174584,36.34795200755655 -13.167826875264248 12.618318654866988,-60.6370590619986 84.18995381839432 -54.52943588727996,-20.20420417839601 -2.3034997703780835 7.615331881322983,81.82566299132375 130.8989987430977 76.85309264888829,29.070897262066524 105.74932423363967 37.871387319418176,-19.73504688042651 4.621863513831409 -14.539123262250083,11.14227667881703 -43.466497650993425 51.40143069457182,13.834068971010355 -25.088258464642198 -3.099414201963671
4.64646499860913 76.12247756471167 -1.1266128020723416,-9.379791937963931 35.981580309236946 -13.390502580470827,37.260038704472905 -10.312431463148833 15.933245156244487,-58.84355946769615 88.53381322475943 -55.87208783586084,-19.823480513589757 -2.8929638811406204 10.405552022607447,81.1238611845342 133.1046569929265 74.78510339078835,29.35086838874576 103.03155097650608 36.549235296798415,-19.64593596801859 3.932154756301629 -12.053470618732952,9.934636622093674 -40.147179118666585 51.162315580364336,14.502238796091063 -26.518578591598143 -3.431081284000334
5.5 71.0 -3.8,-10.6 28.7 -13.6,38.7 -6.0 20.3,-57.3 95.6 -59.5,-18.8 -3.8 14.6,80.8 134.0 69.6,29.6 100.5 35.3,-19.1 2.9 -8.2,7.4 -36.1 50.9,15.4 -28.5 -3.9
