-7.5 8.6 -1.5,-8.9 15.7 -2.6,-21.5 6.9 -8.5,28.9 -11.7 12.8,6.7 -5.2 10.3,-15.1 26.3 -36.1,25.8 56.9 14.2,4.8 5.9 8.8,-9.9 -37.5 15.9,29.7 -81.4 -25.7
-5.23609315315915 7.831106684897128 -1.8944583600455938,-8.997242387439606 15.089220890826532 -2.994347005052166,-26.12359042157006 7.112000767942707 -8.751997422858816,35.69465623354754 -11.47046956872235 12.37949887698242,6.3360764206330735 -4.958066935969078 10.234084324091787,-16.086077584807146 22.87272729322755 -37.464610979686825,24.66448756482003 52.74504344740587 12.449751007667537,4.448487289373087 6.156972091271406 8.691747376337961,-15.616544103760225 -40.480880188596544 13.004247666258992,28.506539518763184 -73.24865575288673 -21.854943538834924
-4.082253894736525 7.216428548161268 -2.0199803030416996,-8.776388726188422 14.528234014411833 -2.940479944358886,-28.417554260042536 7.167279101344309 -8.809092856002703,39.005556812881494 -11.215818982022274 11.793897710393463,6.063017305148699 -4.8827933837545645 9.982555731346537,-16.841048518940465 21.42472913139273 -38.15743153223522,24.196708022312073 51.016233055124225 11.716700882851912,4.209569659890873 6.27035073420101 8.526952350126024,-15.555229786652763 -40.091970825640594 12.211759098121265,28.188905655505014 -69.90034712618497 -20.221728973362108
-3.7957833354728665 6.722674681228974 -2.002436208438633,-8.418691459289754 14.024182400453853 -2.620250307941901,-29.00444433626918 7.1055843200144295 -8.708703656943293,39.808447526570305 -10.916877572500345 11.13415501919679,5.904595837601151 -4.898168955207271 9.62019214713838,-17.37809094123856 21.284332110071762 -38.396000889787665,24.19157243610864 50.97065697435268 11.688229512784488,4.1016627435536455 6.299665487132821 8.312234847162026,-11.757816697376843 -37.47337642682828 12.659513049555803,28.38296642029661 -69.56862338424288 -19.98912569635835
-4.133982586108917 6.316554175536804 -1.9676964556867107,-8.105403029786906 13.584209078650554 -2.21550958582295,-28.50681347110178 6.966665743762693 -8.488247183192202,39.07907416318244 -10.554474672757143 10.491229322356071,5.884585202044708 -4.928183262178005 9.221771496841438,-17.710382990540058 21.779862824840862 -38.397858284486674,24.443991869842225 51.8654033562889 12.05171678469663,4.143182172361693 6.30444590841085 8.054214793243805,-6.2660644846316975 -33.76520150785579 13.484488274531595,28.724589823209097 -70.46703379140864 -20.345903100600438
-4.854152757385415 5.964776122521312 -2.041631424236249,-8.017775880723189 13.215457078699892 -1.908109268023774,-27.54721448539211 6.790272692398725 -8.185140792261064,37.79318251128633 -10.109439615393253 9.956079138834971,6.026758582533645 -4.896825916517579 8.862071705829843,-17.85110280568359 22.239647871276265 -38.38054294847472,24.74887738714535 52.957560352130535 12.494542585819707,4.352543578315307 6.344221556379109 7.759512114169203,-1.1217327971165623 -30.10755058441928 13.823663527017633,28.849643874313593 -70.80912761203042 -20.480830578865167
-5.713594960043102 5.634049613619053 -2.350111493537564,-8.337062455141904 12.925069430299825 -1.879900844566112,-26.74820019999192 6.616154485732147 -7.836801841661496,36.92651835945042 -9.562601733009243 9.619662987597152,6.354889163122236 -4.7280865300768005 8.615870699477721,-17.813428525507753 21.992013844954187 -38.5615941138943,24.9011400516505 53.50421611307521 12.704086803385078,4.748162593414773 6.478521989381603 7.434746735736055,1.6334187164693335 -27.6405281722149 12.814017560982894,28.39399658368121 -68.80845411045635 -19.582677523929323
-6.484740869387617 5.284614731402926 -2.9814592498143426,-9.172026509784843 12.717570544692505 -2.262712568552012,-26.59529561887733 6.478228586060541 -7.476501343345861,37.21771689453417 -8.911190937023115 9.552992621167105,6.862845828788112 -4.370362788855663 8.52679632612933,-17.606101842477067 20.520008983741814 -39.08782168174568,24.742155724811344 52.9330508673972 12.441030849055576,5.319878649071484 6.751836550271888 7.089386598573501,0.47674203393471926 -27.27300108447431 9.903364390579597,27.13966938343464 -63.33880682186335 -17.13651342282289
-7.022503235298727 4.841447123981688 -3.819313421002208,-10.236275049973719 12.58320998810634 -2.915681590440532,-26.82704756593221 6.3786213171358455 -7.114907382864326,38.11285497631057 -8.241841427681353 9.718344210979401,7.381480498972113 -3.905107835937401 8.46866837340054,-17.213680099380444 18.15011385490141 -39.72046955438448,24.366593292127014 51.60169149346187 11.865643901169676,5.901754059345457 7.126666026211581 6.748424994177876,-3.2845835597642097 -28.653292676217756 6.233970749518288,25.665408193523476 -56.87316136784648 -14.24262509736843
-7.209762443162504 4.217564995231944 -4.677908649648947,-11.109425556177037 12.507397020501736 -3.605481117854053,-26.928717931741023 6.308679281667744 -6.755023858433713,38.61972952761877 -7.671502560259237 10.041123929936338,7.686369393846909 -3.4588911825544546 8.257728208972663,-16.612520223576027 15.49479957667371 -40.0900441362689,23.95500809255729 50.18309064690344 11.273687129033053,6.275030322602937 7.537710571876378 6.442119541121802,-7.38384255780811 -31.002301948925798 3.5226574287638854,24.8201118167197 -53.10490196959146 -12.548986337777086
-6.9789231169617265 3.4073773231983244 -5.375755051988863,-11.434886885746845 12.507774637931949 -4.123542333155832,-26.450257075471875 6.264365071206452 -6.403087235172143,37.87539148474694 -7.315475533307138 10.466667874380253,7.597858408673629 -3.1511248061796997 7.778354790167814,-15.817304838552438 13.208892270584254 -39.897742554854446,23.670857522499652 49.27752631045382 10.926394693451957,6.25913528996622 7.912494491015589 6.218906763669662,-9.888626082844864 -33.61851210333848 3.2357438412428894,25.287034154875162 -55.035296376144125 -13.397284882843996
-6.578516139704778 2.9251305461166393 -5.759024603375269,-11.264141857976147 12.807861104626337 -4.419882055419058,-25.35603353682918 6.271175387012741 -6.086017244679263,35.84459094603588 -7.278379784691207 11.067778282459166,7.222485523907715 -3.055278740078932 7.3503626457410025,-15.08751349262749 12.216229637802615 -39.29687956534259,23.567965575420242 49.019537022892685 10.863806446136977,5.917633983551273 8.13285921591458 6.243289724504313,-11.006414711319275 -36.2980770001967 5.236840455022794,26.69019841167685 -61.23934094414194 -16.170387354569925
-6.381402992508571 3.4895201174484756 -5.684768525636164,-10.809166380954244 13.712144216756936 -4.506887901778254,-23.773404088168274 6.366222521966482 -5.838868225595627,32.81760722144304 -7.660633678634369 11.96738907609244,6.779346383628682 -3.22675432110803 7.464820553306092,-14.778902924672424 13.546450051351306 -38.618585126411894,23.657038072314673 49.36048873933703 11.038967818174381,5.410109138724868 8.062679374234722 6.725419773124253,-11.78629495426946 -39.03288144334521 8.759221737857722,28.237038587992338 -68.5512055284786 -19.480767552197552
-6.697460475044233 5.60911200819699 -5.04477258424837,-10.286979943425195 15.399013642599758 -4.402547020540402,-21.8869319660415 6.577131494839469 -5.695926947601163,29.20587250362519 -8.516135736802779 13.211479360584725,6.469590492718647 -3.6959834591496956 8.497150923443204,-15.151721714538178 17.908010029209436 -38.17144715087624,23.945032109400252 50.257925496497464 11.412064048165623,4.895535576833234 7.601724953090892 7.7974024052877295,-13.094672599186762 -41.758203757427005 13.026805129834237,29.220018840985666 -74.09000060760461 -22.060801573327236
-7.361091679663558 8.209978934180771 -3.9916064663797366,-9.949611477049924 17.09795931128352 -4.16579743625136,-20.30807312571471 6.860035416987622 -5.68556675375064,26.325253410100267 -9.549331117067773 14.266923427072156,6.357504415430408 -4.306114048631727 9.950782844433634,-15.746882553753018 23.5942496396417 -38.09148570802396,24.411513853393032 51.719104130812184 11.99848982648971,4.526594096884911 6.91979036481176 9.004121359850954,-14.410241333103151 -43.9804876611065 17.204537298944594,29.577971604268573 -77.14705136788554 -23.5576086959398
-7.9905086634853 9.498656758136645 -2.7964145461568966,-10.065008202115266 17.607020129975698 -3.8741969460995214,-19.842385483027865 7.138561060852437 -5.83347223732322,25.902849843426388 -10.305773574218904 14.337284962221526,6.445145111384134 -4.815138644032486 10.932662620837732,-15.778226483020312 27.800390343228205 -38.43625675826542,25.023595210523794 53.7738851715673 12.83874278476237,4.4531036967330575 6.30944623232722 9.623459114440033,-14.58072217098601 -45.01119196434949 20.43055175385951,29.543623641835183 -78.0013576856301 -24.034228725470218
-8.240425623987473 7.939128684048424 -1.7214376677739545,-10.838231082571452 15.908237657259644 -3.595299984070383,-21.13577704669827 7.329457125855142 -6.155562768440007,29.315940204882306 -10.383794922355994 12.776815535775325,6.718626995066307 -5.009237687150946 10.654291829335364,-14.590588540870382 28.090308839191206 -39.191671201535904,25.744415816235264 56.42796824133345 13.961312619231062,4.79153667766721 6.032096715148827 9.027930727496745,-12.654397904525048 -44.28323074160504 21.959268379111688,29.342681924714256 -77.0090570487952 -23.59684427265894
-8.099818560329327 4.316883204128136 -0.9444387720160822,-11.91442115101702 12.639173932073351 -3.306874428761106,-23.40580672953949 7.2897641120170995 -6.581042025463946,34.81266436873197 -9.858156970095024 10.291518224897445,7.0250813130624 -4.929058144135587 9.274652773381066,-12.708282311763508 25.355224643397598 -39.7100556694935,26.502349546269325 59.471194078791356 15.28678705053062,5.361962215520314 6.066509883739939 7.443503405261638,-9.49124724536532 -42.31826578612677 22.080367966145154,29.12528350114941 -75.16803957501938 -22.716673556694364
-7.732825866307 0.6339415505030183 -0.5989120505006265,-12.645305967475432 9.304929342788734 -2.939637529684355,-25.121539160071936 6.84523377761972 -6.993672274833078,39.00140739793381 -9.053283971167001 8.295751144040086,7.138808302308231 -4.748594451697786 7.449233765011312,-11.27370063865974 22.229976592288498 -39.011721178857755,27.207552060317006 62.58028741948992 16.679210190844948,5.829126081022786 6.243344709888913 5.543376796224224,-6.900627488337692 -40.20849269617405 21.626036548152985,29.00196469752199 -73.81249144333425 -22.05622351411718
-7.308521078805493 -1.258623667273577 -0.7964974728190485,-12.458745128536108 7.308318460081121 -2.4458784114540926,-24.909910976748108 5.865657221956665 -7.28195167166415,38.84109073419869 -8.282051060043056 8.070486732664097,6.873764745485117 -4.626673813418761 5.8158930474660515,-11.317366503788055 21.150606662709215 -36.2681351385798,27.773368065735486 65.42437555264007 17.996732501878128,5.899154226916764 6.405407970732268 3.9742602325625955,-6.533676467614684 -38.97858810625283 21.368612186910802,29.067525273105645 -74.12421507508617 -22.20338670532271
-7.03197433545457 -1.22428082768585 -1.4211737423201776,-11.617461069029375 6.886317615221825 -2.011075200619836,-23.142151639476968 4.690840474424857 -7.388849501191219,35.16156368769664 -7.711540046707947 9.415860269517006,6.471314008451026 -4.54881038351 4.779162390858509,-12.625594125535814 22.281932173608144 -32.28496192136148,28.148666515829667 67.60256146427994 19.040271501993114,5.731559224920924 6.538172136819414 3.0601605043740814,-8.27480646839502 -38.88385643635529 21.395037422388686,29.253553821200313 -75.6373986360599 -22.93682043751816
-7.129936602863366 -0.15916998294936402 -2.2197986988127565,-10.887015882048384 7.57371629508169 -1.9611562542036702,-21.240081874272377 3.9436805537501125 -7.290143125854289,31.12414363422305 -7.421021112572601 11.240095670511135,6.430247348664258 -4.396131498941032 4.603040535639325,-14.235308144792926 24.4208070150892 -28.852146197393978,28.303712692587684 68.67177235412129 19.576273186384313,5.758929369021647 6.713037528444199 2.9307199761908067,-10.944327230407826 -39.716207589790926 21.37943961801146,29.39333650366013 -76.89386873123459 -23.547777908482793
-7.814996616576322 1.0636619444742228 -2.9439030336006344,-10.981415347672874 8.894534863308438 -2.584743977238383,-20.534056333644177 4.191511669310169 -6.967763260464717,29.68693803213969 -7.476554784107109 12.502306508863255,7.200781547433395 -4.063339106430764 5.5029714319156025,-15.236265335727373 26.41649581528498 -27.630902680716716,28.217625179893762 68.25454227652193 19.403035858647716,6.375547517800321 6.9922904315721315 3.679419631648175,-13.405109933579695 -41.24154473385319 21.016106242329617,29.333245246692822 -76.54246452117025 -23.379158447904263
-9.11498220066354 2.0475650144904125 -3.4288010884543416,-11.867623410379895 10.358494152095117 -3.669132333264305,-21.00127024180311 5.242020900289205 -6.476502426710416,30.80220524454152 -7.7908381790973396 12.968448893581597,8.567283987730528 -3.6369105850553556 7.098680759630924,-15.524858455691936 28.028132859423415 -28.46480179576371,27.97888604273264 66.8190840588829 18.731894643753993,7.438309216129997 7.306676721632762 4.971827930371165,-15.250692624209014 -42.97484670538592 20.329402699949917,29.104112943272284 -74.77360056031443 -22.51934046485719
-10.930100442016835 2.7249531219579963 -3.567679463679625,-12.996596440306924 11.465437813819035 -4.655330431730222,-21.68424491178862 6.378180839581687 -5.9214813105621396,32.34595994031579 -8.17063501677491 12.961792915202402,9.854196896349732 -3.33578922269612 8.598411032824457,-15.554651570554405 29.643330802145556 -29.941904333917694,27.751518476337075 65.41775003934139 18.0594834520337,8.432918047453906 7.496082773377821 6.177939385492187,-16.579310166627934 -44.25777024743933 19.57169061605222,28.86418604139041 -72.84251072346723 -21.571630493110842
-13.130926081523482 3.040962475638646 -3.2679366587996763,-13.829842282365117 11.746012668873341 -5.0109882342717915,-21.659660645396006 6.911180807856049 -5.401603769313281,32.273051757979594 -8.426773619556432 12.81172928478091,10.407360402554241 -3.3665654590211442 9.249124643224118,-15.757145731169343 31.617539558110526 -30.703108601892204,27.693256722993112 65.06334251126002 17.864406080229283,8.85923758677959 7.409342251208195 6.695459341098307,-17.49484615602399 -44.476771243041426 18.99761606656798,28.766228006418224 -71.96389267230309 -21.12042937701411
-15.165707849535757 3.0369776764420076 -2.6405565812734344,-14.15339930507712 11.21409102550433 -4.726444500433715,-20.82658422653653 6.754808460201726 -4.903254708789216,30.411217111485094 -8.466299666611068 12.770191634934468,10.04882454115043 -3.702184903858852 9.028984414136538,-16.047100790711426 33.60991488755331 -30.602377205175312,27.84037132540979 65.97096869153201 18.255718736480326,8.552993326964419 7.062942246230441 6.445731505694961,-18.032691870949385 -43.77039797473763 18.82671622071156,28.83801251425744 -72.39028094039746 -21.295716207284276
-16.1487015382737 2.830500548659919 -1.9575269291413506,-14.009958084953618 10.265699964438395 -4.20540198579136,-19.734459803030852 6.299411225925917 -4.323834377799398,28.069349012560842 -8.272351516411295 13.027857325729657,8.977245905746328 -4.130817137972606 8.494416819258117,-15.930616215446104 34.72895423310779 -30.453014345993946,28.133074291216225 67.72488542156418 19.05022405747149,7.615524305736651 6.605957137988364 5.76421454042638,-18.174072023129096 -42.871984610847946 19.250762667040398,29.008466127489687 -73.61329152422427 -21.868094490704415
-15.244775557868865 2.532088231571897 -1.4845554823249871,-13.455107188474729 9.292170701623219 -3.846666738235948,-18.93671821733884 5.933486668092066 -3.567017969402513,26.555616526269525 -7.833854416508277 13.749233954994857,7.408135673962637 -4.443198045475794 8.190387076985958,-14.944709657896905 34.125088907944125 -31.062808829235195,28.505073307590518 69.87515360232153 20.048212241346388,6.16586055294758 6.188069341225545 4.9872424132844335,-17.911739350359046 -42.49422221490774 20.434728652746198,29.203734804267103 -75.1009237682705 -22.595924626962
-12.77306353273535 2.077934751999313 -1.2810383755763026,-12.658236843619818 8.392432137843988 -3.7362925226549235,-18.72062666497549 5.75830795068239 -2.704692059055633,26.382600253893138 -7.211403491907155 14.625459345980024,5.683963052849541 -4.577159188662191 8.135240578158719,-13.439498019596158 32.049643941513025 -32.62673210785932,28.815078702364744 71.64394164387225 20.885114279425952,4.524723034750028 5.900745035893335 4.249536720586939,-17.489793166003505 -42.63703679300742 22.040398352607824,29.348394318058066 -76.26635096681572 -23.1906266892022
-10.096727445709671 1.2465233855283877 -1.2197636699007655,-11.891670434778643 7.400936426843199 -3.6774498908084494,-19.13270836688819 5.615354895420215 -1.9608897577436397,27.343274152120344 -6.530418990627028 14.91951021774118,4.262030289051334 -4.603579593719879 7.870997145387421,-12.500543283218002 29.749698411108067 -34.78546474393922,28.85396598603861 71.95684048450931 21.047246657161807,3.195261377998048 5.782794045941369 3.503461459347866,-17.379674775058042 -42.65566115277903 23.274423399292626,29.365600216443983 -76.47315646679583 -23.32116340934792
-8.57289383178899 -0.1754554023263545 -1.1735612293573203,-11.422607576440882 6.152050470841933 -3.472625565120782,-20.198269701514782 5.343929064265272 -1.557245321345416,29.193801293032656 -5.915993020136412 13.91564357245959,3.5874421490983583 -4.595019886099328 6.94383882491661,-13.188884154724887 28.463516938603327 -37.155256759367035,28.42198699234834 69.78955737490223 20.04442407088117,2.668551676800921 5.869513798106071 2.699863119368682,-18.033099800919093 -41.906785240162314 23.36151274577281,29.183624847610798 -75.12348953691927 -22.67534211109351
-8.491571300330701 -2.061766335643248 -1.180646233065055,-11.302328569224928 4.71100680508479 -3.1567513072412194,-21.635993378457503 4.958906584493672 -1.5227404300837772,31.42428678824531 -5.428098300354368 11.795458970546415,3.705977898632836 -4.547961790204579 5.421242929726958,-15.318284060097378 28.33682999624315 -39.24334248389758,27.60835690794508 65.60417326096704 18.092240773696563,2.9798366966284275 6.156716639574091 1.9131106101965354,-19.21932569758841 -40.35056270976127 22.368685235928194,28.85707745563452 -72.60596551133762 -21.439043641619133
-9.039355695421685 -3.9350807221286908 -1.4502442643739093,-11.358850547167854 3.38175580510351 -3.0051098441080653,-22.847509547148643 4.656709794884609 -1.6871516846551105,33.24972861938665 -5.059373321531218 9.66841896654044,4.250509434213267 -4.380220532046778 3.909712346235064,-17.412808789590134 28.385674609811687 -40.444232710899634,26.801082500654573 61.39969736045449 16.136075566156503,3.693022060567485 6.599386870541094 1.3452965085288224,-20.001939966591078 -38.57113594649623 21.233918268086956,28.571201153913684 -70.32921749633735 -20.313162859820718
-9.37183991459301 -5.3161786159449385 -2.188376008709328,-11.416035868884572 2.468687054283325 -3.2938720371605883,-23.236532550137667 4.636442603811006 -1.8703664241286422,33.896592298756204 -4.797434019291165 8.657015149184126,4.8396888156915985 -4.009693651025335 3.025469077737208,-17.976036528114275 27.596858579317573 -40.17246477185285,26.392598072048603 59.19834362207188 15.132181384843921,4.357336295074004 7.149270729950668 1.1951731301327528,-19.438407302625485 -37.16818083665223 20.90936266581523,28.511540766423696 -69.70713630911432 -20.0017147501151
-9.276675258718944 -6.18007498002004 -3.2488302694091886,-11.492883294640754 1.9404647967274733 -3.9753424978115075,-22.73735063723414 4.916411332091884 -1.8701264747030617,33.358352210872546 -4.569084035497367 8.938236894304424,5.245573663130187 -3.4721205053347926 2.903718602564176,-16.750280646167603 25.684050468826353 -38.64343645726123,26.478228102206593 59.507709011286636 15.313041827277367,4.7464842003418175 7.715125591785551 1.3683691434823386,-17.42547100326615 -36.320483383270314 21.521348157214742,28.681869666386575 -70.82642253745058 -20.553383246081495
-9.288766349530208 -7.0388056320461345 -4.068968440240927,-11.8390922974562 1.3688407865743777 -4.618933798437947,-21.911524968571836 5.301173702334641 -1.4579920503288213,32.53528173835394 -4.229231458973146 9.571250185552593,5.421585871947505 -2.9425593673153596 3.110982882197551,-14.942353643118432 23.220252595216355 -37.01936571599263,26.80203791604948 61.04472911707778 16.05546158647974,4.899558458628988 8.154885089798281 1.423966730678146,-14.852114513209653 -35.70923101099216 22.219874509809166,28.871061275542207 -72.20470134652184 -21.24208478923113
-9.97737277433621 -8.419157025134133 -4.075044303387876,-12.710948136920752 0.316844885342773 -4.781082413076874,-21.351534027099234 5.585446231527956 -0.41341105599888484,32.36725073271269 -3.63380519359437 9.567583898016247,5.337395068228452 -2.6014532810174122 3.1880538508192493,-13.822205642297675 20.82361690990894 -36.49588364932409,27.090085135108637 62.4347944252817 16.69301576975881,4.874741427523129 8.326862056556102 0.9133072148157255,-12.652375326249276 -34.994137454427225 22.11563662280308,28.859156679279124 -72.29331349364321 -21.30884576292263
-11.536507997727803 -10.154287872719463 -3.2452812074735866,-14.0773797434975 -1.046828893454344 -4.407885321447701,-21.423519007367435 5.670680865705272 1.0832187043644144,33.249459372948465 -2.8593766553787328 8.660266481478342,5.208983722457222 -2.5157571072733496 2.979008133217829,-13.745518986691097 18.921421548358815 -37.36161295501604,27.16553920257167 62.80924156540186 16.823052001274224,4.890780925877989 8.230737353512675 -0.08882235149485593,-11.237954631455906 -34.144657603872005 21.04771156697237,28.578802820939128 -70.58123862789684 -20.500200775384183
-13.652561650243056 -11.139034141373397 -2.3045935143874736,-15.518587390111678 -1.7341587928053102 -3.972562764238992,-22.187437521554912 5.602718644992263 2.3091041490859645,34.84029194386839 -2.2809970878156216 7.558353473545817,5.585540334122541 -2.5989016511107397 2.738198511973607,-13.831176788296114 17.682735187174565 -38.678197408367154,26.982940073555238 61.98383881252857 16.399742954707875,5.383633825831738 8.057431075497053 -0.7995302556682051,-10.313949760818156 -33.54925665644408 19.84051411068177,28.169088139253468 -67.96114907021678 -19.246523674525854
-15.975682639639015 -10.22166384860379 -2.0209395369175867,-16.591671039063574 -0.7173875283189657 -3.978782957484636,-23.674818365124228 5.437201221772569 2.513686160691804,36.74376491379308 -2.2884202127778153 7.031491175186031,7.027662895252485 -2.753994358065954 2.744663754730818,-13.122555949408575 17.255147496045677 -39.42867941198362,26.508973102035355 59.83581294098346 15.408026249753934,6.794319099881677 8.009020132556262 -0.3988832092911871,-9.53893659318374 -33.61890018727314 19.376300912885903,27.78338821159467 -65.42425506437196 -18.026223350583507
-18.14353466320927 -7.452662922356548 -2.564774904139877,-17.123298367514128 1.9258759372072682 -4.512086873765414,-25.515490118949728 5.202857175157471 1.5904924038422883,38.43990759598331 -2.882329780536367 7.327894919553418,9.361402187306172 -2.9185965033891432 3.011245075909943,-11.400160079841937 17.5972158365124 -39.10569382988546,25.8795436048156 57.01492214681138 14.15902664237035,8.942493413097877 8.142506880562363 1.1397452733724802,-8.789613286515825 -34.3300212566565 19.81131162707067,27.55307738461243 -63.89574763399704 -17.28735574421959
-19.774429342029027 -4.745955051756513 -3.180426085376585,-17.357967010658278 4.404704957833715 -5.009918258309815,-26.71664603129404 4.8866998206860774 0.43138505550591216,39.21656921335702 -3.46035108537968 7.887562039692427,11.274260815360849 -3.0836727983868117 3.138177482434657,-9.5870391860619 18.374497492483666 -37.991743841283984,25.49284784108233 55.36834832972807 13.4694589497239,10.684701854038208 8.290028116416266 2.613356133909996,-8.280767531406541 -34.985527526901336 20.1764595482455,27.575428097336093 -64.19848801151859 -17.430929724257766
-20.488118328212387 -4.160629228812663 -3.038470261680451,-17.573968010051285 4.7950342530014805 -4.858330344895578,-26.241389757192216 4.4727281339901985 0.007594548140584379,38.35266218998618 -3.3733771876822116 8.084929137098147,11.367079033002838 -3.2448344210973357 2.694043141864266,-8.697346274507254 19.22837258628809 -36.43756169980339,25.765624603645595 56.827064155760915 14.19086731491658,10.804509397455224 8.265612381097522 2.722921639377244,-8.253869240977178 -34.83654516408509 19.415253946261792,27.943230201527125 -67.13376313592467 -18.847694970324373
-20.183512673526128 -6.3953326984825 -1.8415740209553284,-17.85637045915522 2.45349643580899 -3.8353838428479174,-23.904352994534836 3.9965582092921714 0.7050105018724355,35.809982418889945 -2.434799192124488 7.650799123030737,9.254686088999645 -3.402424091727833 1.5927104077171885,-9.099598873221169 19.892576420861662 -34.81936254497726,26.753145481029936 61.59447982583071 16.395931504402515,8.972773255063121 7.994334053614186 1.0456802745231644,-8.734526630383417 -33.68772857612006 17.31624093398501,28.60998814287922 -72.3544980756412 -21.36984159733397
-19.25626788938668 -9.727902583031142 -0.2392195167654854,-17.946418624765375 -0.9843643198998164 -2.416689111841395,-21.03540152629469 3.585655162250954 1.8679498514929431,32.76546875516547 -1.2809908484052064 6.950103618734155,6.356233121794203 -3.56520397600955 0.3624600447799211,-10.013451719865033 20.265183828254465 -33.558706514240356,27.867476669796567 66.79992999725093 18.7713970678419,6.439224584247357 7.598865748521616 -1.2818755537399877,-9.3642372502345 -32.32869663112744 15.171650077137125,29.28135781224511 -77.47018895640271 -23.835642375844888
-18.152741852193053 -12.193145613417741 1.023730392367197,-17.551790506777753 -3.6540152857613557 -1.1485358170995132,-19.115566206762796 3.376362428763081 2.735496126113257,30.517350118359822 -0.6306193248673296 6.411711784122573,4.271751789463884 -3.742628093140871 -0.40736076827501544,-10.542745111921354 20.261476154271723 -33.079383921420124,28.456974826429953 69.26915766593658 19.867285998327393,4.611879457097142 7.2220327843678325 -2.9666799143617375,-9.746015128768411 -31.64678471451885 14.423127982520096,29.63871212543104 -79.89029874481407 -24.986083143869664
-17.244930974997672 -12.787939674412595 1.530271493978978,-16.657280284411108 -4.566519413521453 -0.3961180760584044,-18.88299954571979 3.417917390300411 2.862055817887016,29.777429222028786 -0.8268969887577466 6.253242327579538,3.845909245702893 -3.9181477209923288 -0.4625363638205452,-10.177352668513814 19.836014055680376 -33.44418047117962,28.25312225010779 67.7912848744395 19.140881168728903,4.238540588784507 6.974715482933037 -3.329930111993459,-9.647074232236973 -31.965633580172305 15.68711898283811,29.55040960085495 -78.59131447900087 -24.32560967300651
-16.752547299952376 -12.479382087389896 1.534819225144026,-15.81518660943396 -4.526066515370825 -0.15376557817532902,-19.554518185439562 3.5811734898978855 2.4477833224704377,30.056570258080253 -1.444144692641322 6.259695492681484,4.376466448794706 -4.021963287779353 -0.2351647780180564,-9.1977032088272 19.023798041961573 -33.9765828102465,27.772001822724874 65.1762252084118 17.90743927466996,4.714963932710374 6.9023742089756475 -2.9507692501775598,-9.170892542378283 -32.454497308010104 17.890140888087988,29.267735390969325 -75.7588218911987 -22.922152508573436
-16.876010169783672 -12.473476999612897 1.3735256683705954,-15.645967121268475 -4.554576247064679 -0.3701774435602033,-20.161803156901684 3.7153916960197835 1.771982931233397,30.718833004138087 -1.9631460336876594 6.163752654372204,4.972916598424921 -3.9779709689924414 -0.24027631800897983,-7.981151510361862 17.870480078188542 -33.91123214165382,27.624647734481616 64.71984641221734 17.706716896380133,5.272278740458904 7.042222156182873 -2.56122547135,-8.462072788395483 -32.14319427917517 19.753206743458065,29.088425271009253 -73.9678554105003 -22.03338633164784
-17.634891642863593 -13.323033476348362 1.249746085757236,-16.39838830947421 -5.162603459136291 -0.9323750652352866,-20.056269100979797 3.7396559232060227 1.1368870906696293,31.19634181646397 -2.0350370186993585 5.880695048218239,5.064146702900773 -3.7704972182046204 -0.6843863393184545,-6.940649042473986 16.646116731883332 -32.95203551912915,28.109214821293122 67.93650804412039 19.239742882265247,5.399930153253828 7.365195516256556 -2.5735811062845753,-7.651576387940989 -30.596479842124424 20.39365467885746,29.188108784276412 -74.8181067647388 -22.442715077046287
-18.62127829201024 -14.036842834488608 1.0529315884196708,-17.44261584722445 -5.651942622687692 -1.5815864768918284,-19.345114622687795 3.7380970542851664 0.8989256523429552,31.082111603543556 -1.7136314320699881 5.757432122280466,4.834024514912011 -3.526713137502578 -1.044744815560786,-6.573290473885029 16.151210525456253 -31.91214717561006,28.784275994115966 72.12945366652585 21.224967614231492,5.19796851937517 7.685565389266672 -2.6443056791647668,-6.838119526383779 -28.643589428768504 19.865653155287873,29.453781657791946 -77.6037597515755 -23.812464964910394
-19.365754060030437 -13.401562279280101 0.627336414111878,-18.022369824996268 -5.150415956328802 -2.0381472738408744,-18.244816462421973 3.818603159399752 1.421864612067937,29.992969623290207 -1.1110164314040567 6.202859180193907,4.575455222784338 -3.394332622562676 -0.6937472450862427,-7.387758516927816 17.262164243509986 -31.764096164986356,29.101944842884194 73.9959329305188 22.095554652595737,4.85470754476868 7.795124296849738 -2.3209954033561715,-6.115781801335201 -27.296021740345196 18.359032379613037,29.73080814526635 -81.2860219477969 -25.643036730751845
-19.56809035567653 -10.818169341981108 -0.08244321289288986,-17.701537348708726 -3.218804669670305 -2.1362920218013555,-17.04058447438887 4.031712743646353 2.7355201226376455,27.932528418512067 -0.41014552389488235 7.378631460040536,4.5656161967798266 -3.4588690763250303 0.6632562284810885,-9.508709552038743 20.364048613659094 -32.89687466046828,28.769671097621746 71.80651228512035 21.034160452202425,4.598064027447489 7.588950933348227 -1.3595933271799632,-5.593136191058321 -27.29628761347571 16.28856695322669,29.907293746142134 -84.8705737072079 -27.448149886353374
-19.391166421454926 -7.369187842285167 -0.8571502963083099,-16.920381632476786 -0.6030055440125176 -2.022024867989474,-16.20576800212398 4.270984404143439 3.9556052292660926,25.96312727879226 0.012049101328575396 8.769647145024631,5.038633888982764 -3.635577807913305 2.4095364556941363,-12.009625147884318 24.497037309270617 -34.10219043114722,28.193822496582804 68.13831440105007 19.274988424161315,4.764358198709807 7.244843729057241 -0.08633918651973685,-5.418427632255255 -28.650611738567232 14.684759780347841,29.98833729392629 -87.48482834598654 -28.777980719965395
-19.07637143097557 -4.422121855401708 -1.4309846890255236,-16.26770174656832 1.750230002989215 -1.8941896101752411,-16.2455180695932 4.403379192902284 4.043020670601759,25.32642720099206 -0.25416858517781155 9.746125680861475,6.221252447929055 -3.810857949307225 3.773921040965197,-13.785904970810597 28.473355106466954 -33.901192630551414,27.8991957927998 66.29817925888209 18.39986150710603,5.708193542939149 6.988509095217188 1.07586456848255,-5.746568300499531 -31.240285240562365 14.682292440388792,29.998872392773478 -88.27698412651783 -29.188961897999206
-18.825971614857757 -2.9569159272654324 -1.6151930967610109,-16.16294983618763 3.1480175268115222 -1.8865252656354796,-17.39343179452735 4.350241250873764 2.4582134388153127,26.729271545484558 -1.3800548609074017 9.874663241914726,8.11382944262607 -3.9057828545369984 4.230412703029436,-14.156261045522166 31.354065580550184 -31.570460677536477,28.19416246937498 68.22551074840489 19.33518671633898,7.5168864752294 6.964108525061876 1.8037288354698038,-6.569418416490027 -34.70150484948652 16.8027874464402,29.956901928606573 -86.7897948029823 -28.4424645758914
-18.71782510069977 -2.72110358973413 -1.4660255933579487,-16.48706718592631 3.704751027054725 -1.9257424018524316,-19.019584694282763 4.2058489722681465 0.2501511490477049,29.177822626394256 -2.7785177994313344 9.346319665582097,9.996829643748352 -3.951687372788257 4.032653128174978,-13.785507797591361 32.99152152479777 -28.7887870938037,28.698877448497594 71.51136580356204 20.923196271547578,9.427800040338548 7.056496624747907 2.090727686993522,-7.360344886026832 -37.891085009630444 19.618384229527013,29.858389609263217 -83.82067179379929 -26.95154934516503
-18.805115969462733 -3.217801737459732 -1.088322667525629,-17.014195421358338 3.6949272832140867 -1.8974934372933179,-20.322798655715705 4.0987771624644465 -1.2171634968852485,31.34096190434698 -3.7120704927141803 8.476000973033218,11.007950860911311 -4.0017735823187435 3.588904253233882,-13.605419881552928 33.39501014168926 -27.711368610812773,28.897008544986434 72.88443710777659 21.59278881740646,10.50973633767875 7.099102007471185 1.9931576196132677,-7.489889200519086 -39.51127810275623 21.31460234686183,29.694928522479668 -80.41585387346102 -25.25852164527813
-19.083985490301554 -3.9800382146617252 -0.6050270575355922,-17.5283044941428 3.3810692864583993 -1.7278928703545746,-20.740184997731486 4.115300549803058 -1.0419143160926747,32.24579113758714 -3.6945801064811397 7.568253090630492,10.624399569010082 -4.089436433701987 3.234765473915983,-14.250496834791932 32.733487049485376 -29.653425318744585,28.463563305348774 70.27669281731795 20.35022793285581,10.183370010245202 6.981352194504394 1.6041434239152463,-6.61219771578832 -38.80300271541961 20.721881229685515,29.4763769331898 -77.50633603928662 -23.839689431819888
-19.339284956050633 -4.651632806309685 -0.20613331345202168,-17.849769061808644 2.981348402013465 -1.4929291561927618,-20.591493304440597 4.185011854973553 -0.03425155137559355,32.246281426958745 -3.1709442835902975 6.889247535811023,9.580942583605545 -4.174704095495388 3.0366898008395298,-15.254113434634128 31.767329199324585 -32.818853741745265,27.782283051610573 66.07710518966351 18.340371340891537,9.172732584176606 6.800098001780168 1.1532240875846351,-5.431906116436636 -37.00242917671214 19.059481978390732,29.28024841179655 -75.59624346610568 -22.926902044783247
-19.306955521888394 -4.902051800665146 -0.09715737164416424,-17.80739086965504 2.7036693266718905 -1.3032840940777548,-20.40078933151729 4.201234503283541 0.5993826195557419,32.003552197746814 -2.8015788357758264 6.696272784536441,8.90345115618003 -4.200621538708247 2.998827304494333,-15.894752274077533 31.39381780684224 -34.691330417395385,27.40096926201394 63.706369273496776 17.203125965600563,8.503561164264845 6.7002053099850105 0.9015162304997051,-4.896821005874126 -35.80759561979805 18.09963843116126,29.199717613820447 -75.09088801946187 -22.695420694670982
-18.85967976334525 -4.52050996739688 -0.39694480821123335,-17.3414074406729 2.7194172514401806 -1.260560013859809,-20.53541244310804 4.100164770547778 0.023839785171639795,32.001305735832375 -3.0533955440484086 7.136494114323179,9.324630195912338 -4.132911021881208 3.1145414167062535,-15.63549738981855 32.18181753006412 -33.473052545557145,27.703839945630964 65.56626639083956 18.09049617558816,8.909383172005302 6.782879910108085 1.0401889816651106,-5.633762400799401 -36.44588109066832 19.058942526376207,29.296504994937465 -76.19536169240821 -23.228787614229674
-18.46085810817738 -3.813531063912028 -0.8499284650672065,-16.873454714585552 3.0422144600302605 -1.427136275047767,-20.685649818643743 4.003208052869403 -0.9920531999059132,31.956808880784486 -3.557375970675985 7.881348679501962,10.310716912401364 -4.035259842607016 3.330597691292393,-14.736904192323198 33.28144570782642 -30.47019987439716,28.36843860633222 69.65690844512925 20.046765438742383,9.861391060657754 6.9607176288160115 1.4582409099794733,-6.882900196774063 -38.11143487662085 20.753633852596774,29.496450036881203 -78.2498140724977 -24.214322462175076
-18.73336947839747 -3.227298853014628 -1.0994594598251068,-16.9551337140213 3.6430913442549335 -1.8548030527763197,-20.35900211342249 4.0817714036823425 -1.2464377734355037,31.380410786407115 -3.7188222066081225 8.473839383643543,10.986035094155826 -3.997803317374315 3.5811814639633766,-13.674824673026347 33.45979471139013 -27.826946909032433,28.881524965858777 72.79007079563766 21.54718726339798,10.489979592633365 7.0953944957883905 1.9630923727590226,-7.510044732514863 -39.44948698111571 21.351919139733052,29.688707883776765 -80.36088273824535 -25.232375082007735
-20.10087364761541 -3.1277675479806035 -0.9015756070087872,-17.94291654228548 4.429439288896426 -2.555202036071905,-19.256163642760264 4.44766021162827 0.10704705043274709,29.994582019950172 -3.110587583233262 8.578805551079192,10.69288871570629 -4.072907998398718 3.8070791614317394,-12.896069656590019 31.911407342256776 -27.234900178692186,28.850476095093608 72.52729602978827 21.42504821398454,10.145099434526147 7.089804018419949 2.3738677424454884,-6.737129930227384 -39.37749470282444 19.522412191472128,29.78411051330131 -81.78554489995238 -25.932645009919142
-21.9825059954059 -3.476343283597911 -0.5805166611728917,-19.209377172651873 4.987769545977503 -3.3375372300761414,-18.051972961534556 4.912149707352755 2.1222221302389332,28.591377666613663 -2.1503776796298766 8.4754257539979,9.87271827474554 -4.122498977255891 3.982362522149233,-12.701000315746288 29.986166533411065 -28.103641405794026,28.49086636707206 70.2107306990529 20.318970208340172,9.283782845786293 7.054672352264006 2.568712335109811,-5.581781698035877 -38.18559540874133 16.456953121067627,29.80279270711332 -82.53884547868923 -26.31451837716056
-23.48150647615645 -4.107212897620544 -0.6392063336819366,-19.817680548635693 4.803685349185001 -3.947351529653548,-17.727610322820848 5.192006613190877 3.28920352148989,28.299207864872415 -1.5215809807263954 8.636071441798602,9.312612618956546 -3.9486127190835982 4.091570603994382,-13.343923416445651 29.71175069129855 -29.125117976629767,28.209531558237913 68.37141781553612 19.43530371570198,8.711208942793405 7.16608333173932 2.4443319380204485,-5.626321920354883 -36.59559677312614 14.140867648132907,29.79926198678967 -82.87422094005836 -26.487348177196495
-23.875534156427996 -4.8828301373096235 -1.456576310555771,-19.075060936750774 3.4937316266027425 -4.192654967203974,-19.035821349217997 5.059809696704811 2.4421317003425758,29.9994184241792 -1.7475695161086033 9.409087300236475,9.636751026873002 -3.41064632430987 4.093066530359916,-14.909495577412818 32.510349156265825 -29.25271704130714,28.324680294924573 68.99893600732793 19.723012279959534,9.0683180526975 7.560163626369408 1.9360866673007133,-8.045251802224184 -35.23903705798817 14.176477326216009,29.817172719831266 -82.99220393912064 -26.53713867825826
-23.471589875324483 -5.832630749313277 -2.6799128490022563,-17.728852562944034 1.4469180022941552 -4.250003540119654,-21.38146615672575 4.617500721895139 0.4452940374246257,33.11553371594268 -2.407423364216589 10.410936482772916,10.507786150976761 -2.7064184060113883 3.790814551406706,-16.481936372168704 36.2317334036647 -28.983249059810863,28.63141814708287 70.88694071358483 20.61186099455588,10.026679231909448 8.137246094158469 1.207266159920139,-11.606675897933894 -34.214148529395885 15.905573566598116,29.836097249921277 -82.78080616993948 -26.411954983761344
-22.952724526375977 -7.047054115449855 -3.6892097377174236,-17.05250224527644 -0.6655409035197217 -4.4305943668380845,-23.676981031244658 4.0873478361274325 -1.0953472996710758,36.53849132092222 -2.7352438519284745 10.990703418529218,11.237095537945274 -2.157383313854144 2.9323722832398174,-16.77997510138794 37.4205613222826 -29.37738426655985,28.733745127626772 71.66151881538279 20.9766052610967,10.903720542231548 8.711520896855294 0.50442968301957,-14.199568413017758 -33.42433045028041 17.844106931868232,29.812196796092966 -82.01386585424176 -26.009468798329735
-22.881265263701867 -8.572725397043705 -3.9458453019017976,-18.06493236295271 -2.2452104407069555 -4.964795993087817,-24.951089605266944 3.669922828428027 -0.835147849592792,39.217378611683785 -2.106719217868977 10.611454105766452,11.218903988618647 -2.0370140640017635 1.3576052367728644,-14.798721856153806 33.30295251997537 -31.266490131743534,28.316170723314038 69.41671316898007 19.91373654333585,11.09331963823153 9.110040137505562 0.03243628885348332,-14.071604178952958 -32.78582745583548 18.682989064079944,29.71288597525987 -80.56145550339203 -25.274068081776917
-22.979977298463066 -10.1523390942755 -3.477319840259093,-20.017724344233642 -3.200364539806187 -5.522059157590385,-25.042555319876833 3.414373253851252 0.7539663140963097,40.5092714704499 -0.8812090643064476 9.528032862901934,10.424542208232985 -2.28536586085962 -0.45403619941964096,-11.450288674270958 25.835833736471567 -33.88880644679672,27.622490209085292 65.49795836173593 18.060402474373877,10.522201060205868 9.249773924354521 -0.2933787845318364,-11.962573867852326 -32.305798110550626 18.33275177973482,29.58372113727402 -78.96100355245673 -24.47405259539239
-22.616450046238285 -11.400012161286643 -2.5506309560361147,-21.414787889782986 -3.6536396626467726 -5.534538911678364,-24.132828103895214 3.3057868047784056 2.431570866595142,39.94384488868194 0.16578587229120978 8.330244992643443,9.069484946961325 -2.7014418547878574 -1.7525259280012273,-8.45777324775322 18.977494685252005 -35.80860201684226,27.133104123425635 62.62618682786727 16.705523656841166,9.342509662162769 9.085732083028315 -0.6801630437092817,-9.666555133038838 -32.029862020936044 17.21988592539848,29.50331640979329 -78.03226265703816 -24.01475264687452
-21.28622023719857 -11.984158254317645 -1.4271649433583196,-20.984044710400934 -3.7293773847018894 -4.540709741868403,-22.453100993072663 3.3226970752370537 3.105447243622129,37.23844323317629 0.36247028389177316 7.53847628574336,7.389965761441789 -3.0989205796261965 -1.9019605195626028,-7.355038901204962 16.220604445890345 -35.807563869413606,27.25689303674056 63.12376178613047 16.949092464749715,7.736250237332756 8.596168091135699 -1.2995105205131399,-8.767331536351842 -31.980952636059413 15.787019746590936,29.535084354480883 -78.43322735162985 -24.221518193810958
-19.540138241175903 -12.020385497273287 -0.3154893792324105,-19.30474785694131 -3.5595874971349746 -2.954283850038346,-20.630815630917496 3.3919803066981395 2.9162065264846846,33.63806832590945 -0.10384134553775798 7.096385547116506,5.784628582388997 -3.415451870540053 -1.2063747375423868,-8.106798433216865 17.196686680280592 -34.462707512569374,27.811727206048936 66.0177795740785 18.329098552241124,6.122713467884498 7.9480559162720015 -2.0290746300529525,-9.100439148522584 -31.995602842530165 14.593514288218957,29.617321355349826 -79.49257228144135 -24.76249962164361
-18.44437104303459 -11.842670023981864 0.6016198874932439,-17.860167691894446 -3.2800242314391994 -1.6163577908101843,-19.486904471240354 3.4152881144545963 2.606458648774946,31.133687206350366 -0.626325550703911 6.666011988250499,4.731423398043948 -3.649221567309368 -0.42878136828577823,-9.911538084556293 19.651842260343994 -33.227719200093155,28.326882651834048 68.72623596329896 19.620795336547,5.037058301578215 7.40052298679745 -2.602975644362638,-9.647733252411692 -31.81932490211594 14.25573199153498,29.62722874113361 -79.88985641659168 -24.984932427395485
-18.927594916047102 -11.765464616564785 1.158379829327214,-17.973434187948616 -3.02778700910938 -1.2785920221395444,-19.727276335128938 3.307180123102251 2.8526662791726762,31.46822046218545 -0.6507360435850512 5.957610505969325,4.635211785026691 -3.7973572446450023 -0.259991763174012,-11.975914743911432 21.470320490565317 -33.40009843270778,28.381937349771185 68.94252320283898 19.729785820691625,4.936912696820031 7.186786655973826 -2.788680763182075,-9.484653377975091 -31.22987593780437 15.289741279226917,29.460406174052235 -78.48883949414969 -24.326151495954733
-20.55085205324784 -11.89948516983993 1.3521597735426913,-19.354790876274848 -2.9527789282625103 -1.796963029107108,-20.92929470589696 3.1090924728095755 3.650063240393066,33.92931155017238 -0.16042716053682626 5.167669706675814,5.186620447719133 -3.8427444069279253 -0.6602506716846078,-13.63617276312459 22.000371605757728 -34.704608334003424,28.06339984367858 67.1373209095543 18.876281583692567,5.520171220595442 7.282659745270776 -2.6865807009146594,-8.650562434608267 -30.323796571571904 17.23492071812477,29.194947039953465 -75.9828344057189 -23.11861749134709
-22.10660454301716 -12.240951954080375 1.2720170622930633,-20.808074780683206 -3.2120984700938635 -2.524092714192554,-22.036105547459815 2.933763099324742 4.6110478106951085,36.42479248370724 0.5591271014855304 4.765930787355641,5.674891889287035 -3.7602648300105437 -1.1792405712214593,-14.30138178219949 21.41298198375981 -35.98216896838045,27.74266244471066 65.34208277477596 18.019275148619403,6.057775077199844 7.519299422396543 -2.5841618238192314,-7.726526951522269 -29.376776701180948 19.081770777856413,29.011502161086515 -74.09332245088632 -22.197831967664676
-22.486451811420583 -12.772622842833405 1.0104496717128029,-21.227214418237125 -3.933054282945165 -2.8535458713493105,-22.079688417707825 2.883028614052486 5.364009024965025,37.024895348905446 1.231099217705301 5.166941200733068,5.455377451936411 -3.5330906084317624 -1.3969281196049788,-13.469969381027921 19.927583410453416 -36.16568154484315,27.76060542636099 65.4217814640341 18.03967772823393,5.887198646673994 7.734653886559245 -2.7450037162323366,-7.251132956321193 -28.652252359571005 19.900451775276423,29.071834533869744 -74.37120019138762 -22.317166606022113
-21.83383433181047 -13.335558453482973 0.688098631367891,-20.670640947018516 -4.89571791926418 -2.7199269745198156,-21.206711201878683 2.9227791446311358 5.772725159332186,35.86614849475944 1.718237864881915 6.108292375063166,4.703838577569596 -3.241803591178955 -1.2984150479450183,-11.66973363051537 18.220414225179972 -35.3715998887569,28.06657408544733 67.10425569481332 18.815188531021906,5.174565152352298 7.864319565273905 -3.1305800805953523,-7.199093943028359 -28.248046243702234 19.758134039729768,29.304876558512905 -76.25138501900611 -23.210195304779816
-21.099831962885506 -13.679401818791542 0.4437617794898041,-19.948077551572887 -5.6561369986638645 -2.4068983557039436,-20.282995544789074 2.9311974098174716 5.852838516534463,34.41817463340822 1.9733408820561888 6.890829916362815,4.125333546602692 -3.029830630109484 -1.130180553989782,-10.092582595769757 17.262426672738744 -34.47996015862334,28.357310508028956 68.73854808908528 19.576273214323294,4.620609974532816 7.906891743027755 -3.5074575987721253,-7.1813346743246615 -28.15513373699977 19.365220166684256,29.489347347349266 -77.80364647394315 -23.952557908908418
-21.18683329477937 -13.575134069365317 0.4098168066618122,-19.832103110383656 -5.799063050857132 -2.187029642968269,-20.135130241446774 2.7938716223865994 5.63175226089806,34.090462243449224 1.9584958099268377 6.856400444443396,4.382768251558117 -3.0317946503501245 -1.1300623186553314,-9.857122549086018 17.94043558704313 -34.32937849955541,28.345079570505902 68.75677196483397 19.591778031594657,4.8847285605392825 7.862962695867425 -3.6539839536816987,-6.830400374127313 -28.35402247319648 19.40458074045798,29.418173295336395 -77.21716125304997 -23.676690545330057
-22.121637396268856 -13.11580980660122 0.6239318800265898,-20.39560958251929 -5.366225562607562 -2.094659515863087,-20.868139998052328 2.5213113245900827 5.2668978918492915,35.13232717218182 1.7455191109364114 6.027015499877727,5.420932421910356 -3.2435339280639157 -1.3527863261950461,-10.893360306971802 19.8867388722126 -34.99566269848663,28.02014029520544 67.08507032940513 18.823220134461987,5.918397943606448 7.746466081732057 -3.5602400956940508,-6.1688398904757085 -28.702839127714928 20.02018862007856,29.11970124728859 -74.68383524290644 -22.469650865383795
-23.2837893048158 -12.632567057136168 1.0537639121884363,-21.194265766876207 -4.737161655088039 -1.9880213693845543,-22.053654300853374 2.2163705101931903 5.011826565372579,36.93546146681075 1.4873411544646715 4.92747871494804,6.653769345795807 -3.5582942330677607 -1.7177185765831608,-12.25266518444325 21.806269359628363 -35.990736698483495,27.578250773647127 64.75400408889357 17.744153445525814,7.149787104297159 7.58119778624009 -3.37282462138025,-5.50750088241981 -28.969243819799864 20.957652229352608,28.7963057533627 -71.87603350652832 -21.12417265630088
-24.057127053330504 -12.445198797556886 1.6567725759716818,-21.78307015466378 -4.28762023591246 -1.7312242496068393,-23.25004581598638 1.9821567014486885 5.100594619636731,38.86269002128185 1.3296377377891189 4.082006945552928,7.503557781079493 -3.8681809462918 -2.137869603491331,-13.006560303768348 22.459011827809345 -36.81545670376048,27.21561045420234 62.79864005039653 16.830655666772852,8.01418135647231 7.392656331797167 -3.2354544056358803,-5.154840010475632 -28.93647896612562 21.947738332558284,28.64605009848449 -70.43532962017807 -20.41901352443246
-24.162590924446846 -12.580385199513936 2.2422562608155343,-21.9153873231657 -4.190613055581318 -1.3616168122628398,-24.002660779589988 1.888679252047927 5.390649997233732,40.125115626305615 1.2595296048949063 3.8005408069404663,7.752424128826258 -4.087200391697029 -2.471144966753023,-12.93226232726899 21.934749374016256 -37.007937576222474,27.052636569005873 61.88371948478828 16.39464004696821,8.28254183864757 7.231820712639397 -3.1784037733364308,-5.260870801928445 -28.694348199529603 22.625925408249593,28.721691493715404 -70.8690757882491 -20.60443006747334
-23.606256514054426 -12.816879250774537 2.494192288189484,-21.51236825909634 -4.447668218759178 -1.0630810880742625,-23.84582712341292 1.9779516875064131 5.420889361624262,39.80550811287732 1.130024942447121 4.211777024556038,7.486869117333233 -4.147883635386712 -2.528840113127211,-12.403893303602421 21.44806464962776 -36.13780912328655,27.145646552627984 62.36074669147788 16.609162610301457,8.00975847205598 7.171222381710119 -3.135992551684883,-5.841588893456145 -28.59195757065979 22.547093080414083,28.953081138889686 -72.72525189877005 -21.483650419847265
-22.416251127751952 -12.930505899499467 2.1117694461477092,-20.51612847059918 -5.040941526422405 -1.0171285563529324,-22.35966883728381 2.286021378230906 4.748860001009045,37.067502031594415 0.7981997272679682 5.415668101730182,6.808958277789304 -3.989043334687009 -2.1321705742862824,-11.809569556333365 22.184134821552632 -33.82667281356351,27.54022676422463 64.52250955319346 17.61967986638005,7.267519019811183 7.27862690407957 -3.041962649007916,-6.891286140404961 -28.965465799764083 21.29750851967757,29.26465489879539 -75.50183889397157 -22.83518677170912
-20.90395356184711 -12.80289202137218 1.209401627569121,-19.208586917160094 -5.649816565667628 -1.2538571118395214,-20.124341434400787 2.7387476518240903 3.5537869959724264,32.91487517102015 0.30084704258874456 7.012945900561909,5.950287510265599 -3.6729823350747526 -1.3491643333272776,-11.433190210887588 23.922951477388896 -30.800964242516258,28.09315650376007 67.6031181412152 19.068298904571975,6.2977226384630525 7.503797905841686 -2.8830390842075535,-8.025375714069469 -29.693406853148325 19.19870628944031,29.547393207597498 -78.26818379001267 -24.207083731836743
-19.654677039285907 -12.417986249609044 0.3030697240844555,-18.20028876736345 -5.660863873945889 -1.6569315506494182,-18.687137657456404 3.1554262366914245 2.6161242121056913,30.131020253297766 -0.15143440291297133 8.12154263475488,5.267722408006582 -3.381431675685493 -0.4865433593840676,-11.457865237630855 25.085541755772926 -28.85561153961744,28.47861849112244 69.8128280766746 20.110334195830834,5.506881070894379 7.682378542215656 -2.6971871996900085,-8.492854655607122 -30.211742711803044 17.283303006585673,29.659921526914385 -79.67909884285652 -24.92449915700816
-19.24212304019195 -11.76345710099828 -0.08620158268978939,-18.08849156075075 -4.4743692112273985 -2.101269764869591,-19.57206333038211 3.3578682232385604 2.7103685121009438,31.45669393645303 -0.35179612124595994 7.87275055078104,5.111054978405008 -3.297888839855161 0.14817659704863304,-12.050130845212056 24.098867485197154 -29.763515387799984,28.37347674757357 69.37726764786258 19.908422333758,5.294101413319143 7.648994228264836 -2.5205815249659795,-7.565378218022006 -29.963560089600175 16.58388070103601,29.46517825089798 -78.42445600595255 -24.329395457234753
-19.606705144637225 -10.814047260774016 0.24668647063513655,-18.72855765366647 -2.203721163437022 -2.385273687455296,-22.558776419249213 3.358683390734363 3.763084211663575,36.42883950616057 -0.39480381448755725 6.316805645610698,5.491528978075037 -3.519286898971606 0.4964471303688115,-13.030954424148467 21.097490161110183 -33.473112226054084,27.736322733342533 66.11114911852425 18.381097075587427,5.666086542717248 7.3395887328690534 -2.2815181330537935,-5.559478241827888 -29.092159000546847 17.32474268052449,28.982539462143563 -74.6378333903901 -22.483191086092678
-19.988681436189587 -9.530208770043457 1.1575487465283787,-19.155618998079856 0.24929376349585616 -2.2227501259030396,-25.49840484811127 3.381426257360982 4.763371586227507,41.04230266144911 -0.7082630932679329 4.519917090242902,6.046093283537373 -4.046854350212212 0.7749751413878863,-13.839246629915424 18.103872962460958 -37.91573273709774,26.83722238163159 61.58605691075465 16.28260300433388,6.195701944061407 6.802122180053312 -1.789023971094975,-3.946889573712615 -28.514986873711933 18.83656900496618,28.404336872771367 -70.04895329622194 -20.242726458249994
-19.60500610560852 -7.876053410863293 2.480285424765453,-18.385190053100768 1.9599626285862743 -1.3342070481986144,-26.192883114475084 3.654553010516721 4.673859262741451,41.20544416846253 -1.7248159260262712 3.5811440233285086,6.3970408845572875 -4.873232166488456 1.2106553301963872,-13.909711556131711 17.194055441519062 -40.954632673886834,25.960423206821353 57.448001295786895 14.40195981928896,6.4396493628311875 6.091877175360672 -0.8536770579764964,-4.22356916474759 -29.166191393969623 20.411847691059148,27.929690742683658 -66.44691413653722 -18.494287890023006
-18.1460885688541 -5.976789888460843 3.908209852670516,-16.26877836424478 2.6580721438446333 0.15414788565066176,-24.29736559855855 4.186266225646368 3.264338996941697,36.372035284900015 -3.422705604271259 3.877172031951425,6.33928367685984 -5.857959024941356 1.8818303599703752,-13.247023923692394 18.82834803915751 -41.78272179890933,25.319232041322927 54.739053559063315 13.217913660320303,6.184868597015024 5.3200027806949794 0.4311270724634004,-6.583312397845576 -31.124429962831194 21.637962196081133,27.67855376251897 -64.77035548339383 -17.69508692443152
-15.901010948992457 -4.16133007991077 4.95686672049675,-13.714984561063877 2.9010080384695254 1.6031095451972235,-21.810358501388617 4.706263100918055 1.3252408429013598,30.478933279143654 -5.205599257830955 4.8712627791589975,5.886005997212083 -6.692268961661283 2.6790024279832876,-12.576572557466887 21.42401072477148 -41.274225283229846,25.037252937098497 53.73761871241635 12.816877238754373,5.50942990602121 4.668289843889853 1.6143769635266896,-9.573362776026913 -33.38661316271476 22.475184145668866,27.67077314200999 -64.88253222716948 -17.759780407857694
-13.199566739262995 -2.7670860043323 5.138549762390298,-11.689727351436757 3.2914492115762037 2.3495770594834173,-20.851023170401106 4.930301588991667 -0.29574673591487777,27.69266129201998 -6.4476035187307525 5.973611143701933,5.066783561695128 -7.06145609283572 3.4809230652141037,-12.658392502617515 23.287973079570715 -40.40445241691948,25.22819135507077 54.65845209274638 13.254027612669093,4.51177077268212 4.3203490626278 2.229099823252158,-11.65640769977538 -34.89402512167098 22.90927337020115,27.917867636338933 -66.56857593738009 -18.564136461116217
-10.487415135776875 -1.9019152508937665 4.375295317642807,-10.631435201554105 4.0401490594034355 2.183446724818836,-22.047204284698843 4.771509500486834 -1.1638950512340793,29.268370602123845 -6.88966505510505 6.872367865241526,4.031244571177828 -6.894910300673538 4.1814007228190375,-13.670119697435727 23.769194177875217 -39.80823062746755,25.797493571339906 56.97960253296273 14.279650947494229,3.3752969506319483 4.323501497964502 2.1591217254351616,-12.354163015911757 -35.279936477162764 23.004730833773312,28.33554275778989 -69.15450282926417 -19.778732542162977
-8.377958080413272 -1.3413415996315126 3.1823381262948693,-10.214870891269642 4.79045700652711 1.5504343490605619,-23.86771631379446 4.428753748150952 -1.442331422777301,32.246319745695644 -6.803817417481787 7.658089901636406,3.1028213198494075 -6.475407266700381 4.69604227090602,-14.946230949444221 23.725214874576015 -39.62746009039819,26.349101908483544 59.11256363227219 15.202632422648872,2.40642566880942 4.527757036890713 1.7961322746294326,-12.72153631852853 -35.17943043280637 22.940053736183874,28.70079190586207 -71.30165209766598 -20.777084559757014
-7.491078128599125 -0.8367357320586547 2.1171874406034603,-10.05789181562951 5.146036114686841 0.9437022355140946,-24.626113628203534 4.122061675085081 -1.341981900850254,33.364450504391506 -6.5027097282892985 8.451832942176232,2.6164901405558094 -6.1109847301245415 4.943424970001173,-15.76143212263497 24.124074630873164 -39.959826737458556,26.468157371091742 59.405552191085356 15.306221261179969,1.919109691456939 4.768948728858658 1.5689336730393122,-13.921087711419595 -35.30208644041074 22.90116188800463,28.782390508693684 -71.63595084607788 -20.917304055132966
-7.962936934912145 -0.2745779337245127 1.4352477134124433,-9.986638498796527 5.054084530514837 0.5740262936480348,-23.633924716188673 3.9839422455783544 -1.1471160913324017,31.366046669773876 -6.229894564168926 9.302228047887676,2.757430677846968 -5.93537487007685 4.934127457921177,-15.842909346608423 25.38301303371932 -40.492936194644145,26.088761691906228 57.67638948992931 14.522007490940112,2.075085337191921 4.975000739450692 1.7145913268956083,-16.2173268597073 -36.07297606866981 22.964882982136775,28.5410869222675 -69.99184659040613 -20.128345244188367
-9.126576118420703 0.234329530348111 0.8903399083962349,-10.173063179412766 5.032170440666882 0.183337340135857,-21.859610829255118 4.001597980936473 -1.2637756361127541,28.3238540090541 -6.11420376050692 10.137659935427722,3.4621156847321335 -5.792910984322661 4.831477921379124,-15.669100074496225 27.00477866133152 -40.23353926208127,25.724394819272916 56.182875731440284 13.858018997363578,2.7833645188828653 5.22673577621139 2.151830744111005,-18.3837335827314 -37.44480349262373 23.026919469087446,28.25636144976275 -68.21028884973182 -19.28693033949114
-10.24211458460132 0.5582943360553493 0.19136060510133923,-10.819574440607349 5.647171915723743 -0.5280849563003552,-20.423181147704074 4.148519431720689 -2.105342291772172,26.61270747823825 -6.272478705848598 10.874811666349157,4.642122967755797 -5.501982743349575 4.812366019633237,-15.785688320565528 28.406963090949073 -38.13412973345327,25.93944641686046 57.39601961242094 14.416219470444792,3.9278981275773717 5.618341198778871 2.769002360754106,-19.06056739836089 -39.32312292977642 22.966481789438305,28.235953161828903 -68.3091376249609 -19.35326895295422
-10.88768977944876 0.5951503550060463 -0.6838249216068637,-11.884463573693926 6.958342616447912 -1.5697915021906559,-19.9135077649753 4.396836640305162 -3.6145797244828572,27.263641492859943 -6.688117069718467 11.388951556828992,6.044694906413535 -5.033486698393068 4.958183394466826,-16.331035436074927 29.128126968515925 -34.27645964319628,26.875976347342405 61.872838427311706 16.440008829151378,5.252475898481296 6.124541407564149 3.4134437633639134,-17.724454312565882 -41.316466058674365 22.729277703635447,28.583897210853593 -70.9118315015926 -20.62028265318034
-11.248312847744714 0.2990761976223353 -1.2440793507739318,-12.860173672643707 8.056238269579122 -2.3976038781438977,-19.905895678888065 4.716083395919859 -4.836172699806596,28.743320469460116 -7.089866326686749 11.476316305360696,7.103473143928159 -4.649347762302675 5.168083145855622,-16.666210320412397 28.937675802177985 -30.897240684181916,27.870113951164928 66.51788618993693 18.534392669533677,6.233418510017451 6.492090044367625 3.854227857271658,-15.448055654754661 -42.46655745741505 22.387911581359678,29.015501255124512 -73.980839422738 -22.107509506225338
-11.576305966826098 -0.3683621227430354 -0.9427032529883076,-13.188336511385614 7.926216942095983 -2.4071169563839776,-19.862861473647527 5.075335516952016 -4.717557826267879,29.234686748752125 -7.178821640684636 10.925751994801773,7.218946021839484 -4.6432436495674505 5.321098599346841,-16.067390825766736 27.6325874155572 -30.467142554289495,28.169627088686305 67.83564763420013 19.124939952093484,6.318928790626842 6.443091905632395 3.8526598972614994,-13.481034157559494 -41.755673872424445 22.02920278654865,29.203302847873996 -75.18640926642425 -22.69466873101253
-11.938026274475058 -1.2366614909706803 0.33795853840658097,-12.623877691823262 6.296713827233587 -1.4001226848185517,-19.484115695074948 5.410670128989543 -2.950833334309532,27.84632403403357 -6.851800829376297 9.823669611783032,6.211616957042223 -5.115027592524108 5.370613845401231,-14.31170368774313 25.33035804725158 -33.791051670873,27.47355536420931 64.45198118307604 17.593463367750505,5.3469444225560485 5.8960112321017 3.375519272447249,-12.579624645390956 -39.01945318774812 21.7289808777704,29.007610572349787 -73.59438765034021 -21.93349753622736
-11.990833899446194 -1.6757988203270886 1.771954689472644,-11.6107568348094 4.5304300148887435 -0.07177119001164098,-18.991034795081536 5.585589605457002 -0.865848167257825,25.722599472821337 -6.436078855313917 8.910921192318698,4.825737776228614 -5.738270369202772 5.433534249991103,-12.278023559101145 22.853407148186 -38.01026057872754,26.473430271769715 59.658329156046065 15.424863513509843,4.012555539404426 5.201169916932127 2.8414891629701042,-12.414855071967056 -35.970349240270906 21.5389052924953,28.7017019754403 -71.33999225079349 -20.853717102615313
-11.338372277922847 -0.9959477342799197 2.4087626252430323,-10.684250775135657 4.205449744103944 0.7646439729006146,-18.674190220791907 5.454194216318667 -0.008675877220209348,24.277575065639542 -6.315736455401456 9.014256196234369,3.927635534886156 -6.1301505354109525 5.648220023748897,-10.990957818996547 21.11735644155932 -39.782344648366816,25.9919764465687 57.36279380906609 14.382011455552403,3.1241469842493284 4.766003861140481 2.7287313715831467,-12.513881224830829 -34.56838754711769 21.507295782172243,28.61344413935221 -70.96392037890712 -20.680294893601275
-9.88429305229956 0.926250121692273 1.722487187444342,-10.217343672549248 6.011385146616715 0.6118566405701917,-18.72592180461214 4.97801424852651 -1.1947305188799833,24.40145228072285 -6.672164389489133 10.457267109006295,4.020420875310205 -6.051169174644463 6.024037964390512,-11.098112967371062 20.779556717556286 -37.38683903540087,26.475596653565646 59.678068226816485 15.418870503242617,3.161543720052841 4.846171119472998 3.2368526181932333,-12.638390753345151 -35.84618459944444 21.631151780138225,28.914529967601144 -73.73982956295919 -22.026844421517865
-8.295056645346223 2.7738365639439433 0.26690209064033904,-10.170370049382463 8.378795733137817 -0.22385976608545735,-19.088803083672286 4.391734384603921 -3.381632031423636,25.652450975638423 -7.1713885341017125 12.284206218094132,4.683680804697772 -5.626243010647642 6.2423728146541375,-12.288523122078425 21.840672277991622 -33.22731663798224,27.413847741759458 64.15179076593583 17.432653761655107,3.7691656900401873 5.311415390319289 3.8571981198077174,-13.146398206504559 -38.47830223069348 21.77698432488995,29.379559776543175 -77.71976855043712 -23.95253451300082
-7.356360518275065 3.004815973505046 -1.235303886966507,-10.43906477500329 9.385067613890312 -1.3104781922935274,-19.666301252075712 3.97274080780431 -5.236389226726275,27.38033590565574 -7.398840878161798 13.339320845877864,5.352524988961167 -5.037325613836183 5.933395583490925,-14.101127306055862 24.198336017945287 -30.352311678797626,28.146624047719808 67.61757695256578 18.998875116876658,4.460727752510813 5.9710728814105 3.9703975731412258,-14.48903216130585 -40.77044332864632 21.790913835965423,29.721024265016155 -80.45195102636237 -25.27343115467927
-7.594055014088722 0.6953377175205528 -2.245180285159079,-10.939502430024323 7.8105220637644655 -2.3041527267854574,-20.36698576568034 3.910173669110511 -5.794496829428057,29.080430603398813 -7.071448168528502 12.868882377122361,5.629969943584025 -4.4337348086678885 4.906084141500473,-16.082372083935287 27.500009721561792 -30.801805378612286,28.222226509623823 67.913342422932 19.143374855355912,4.885554211250113 6.661917212499048 3.192231484495384,-16.790821793893112 -41.50464881460356 21.571476001660955,29.73860255713651 -80.2659204969392 -25.183169667362943
-8.76765935244227 -3.2554394270811233 -2.765650621749691,-11.647742688885767 4.508549699699039 -3.121097893926149,-21.11447347439994 4.132921316418852 -5.178174040517695,30.677334947259055 -6.293936432876968 11.304796093412072,5.614216604552067 -3.868540333289159 3.4967466760218517,-17.800844973460293 30.655360158004434 -33.641393249227654,27.803580796618636 65.83884605724776 18.220078557079567,5.092903529066828 7.301639363209921 1.8319780803256553,-19.213101893400836 -40.86775741110757 21.17178760420553,29.489106526258144 -77.79548831516442 -23.988898325162094
-10.496114776772913 -7.613938615716927 -2.8990413291337065,-12.550849063450826 0.7128309164920146 -3.7252344492667597,-21.835141565213096 4.522130761445648 -3.708991911557458,32.17439649804284 -5.24217070970279 9.296463354295868,5.494303956271486 -3.3771559012165104 2.1384263580938025,-18.829195092230044 32.438710865671325 -37.39104096865886,27.16636109892895 62.737175743812756 16.82653957222672,5.20539923640556 7.822774025429273 0.32613279521167154,-20.740516111797156 -39.30430797302879 20.67332222445544,29.076517213743184 -74.0971673278106 -22.202031407701067
-12.398362530517915 -11.14658300380397 -2.7476788397065133,-13.635885065582734 -2.3429538910587615 -4.080483148358485,-22.455367225098417 4.958949015907222 -1.7085214941095994,33.574962816556635 -4.092016037501524 7.493285519322566,5.459270983148482 -2.994995225966435 1.2641663587550078,-18.740071557843773 31.624385382960757 -40.57071421492116,26.586241606779474 59.95141937092667 15.56031125097645,5.345664863710924 8.157855891043287 -0.8888089362669945,-20.35770810105033 -37.25883935523765 20.157553443266963,28.60481566095375 -70.22747038165024 -20.333983194604162
-14.093343857114547 -12.619795746759326 -2.413889585863482,-14.889914207144727 -3.425124328155409 -4.150764746752505,-22.901527641034523 5.324523091519903 0.5016661602636598,34.88238146360689 -3.0193374547687277 6.544663948040989,5.698156669589257 -2.7574720210554293 1.307009849044173,-17.106123487900675 26.986707248270868 -41.70037866602982,26.338896510394918 58.82466482688919 15.018946943507846,5.636323941427538 8.239419651938139 -1.3763516795307544,-17.04932151312851 -35.17589041260456 19.705954841496386,28.177982909251977 -67.24291032345585 -18.896167965495685
-15.2 -10.8 -2.0,-16.3 -1.3 -3.9,-23.1 5.5 2.6,36.1 -2.2 7.1,6.4 -2.7 2.7,-13.5 17.3 -39.3,26.7 60.7 15.8,6.2 8.0 -0.7,-9.8 -33.5 19.4,27.9 -66.2 -18.4
