-9.827180832319053 -0.13128888975768405 -1.6818472326304743,-11.944403330871037 7.902217280373068 -3.3324922791518614,-25.16597917874113 6.620831674976005 -3.929650478379118,36.135851447835456 -7.84340130647387 9.524799276774317,6.450786917865334 -4.136156940237515 7.119150048794384,-15.395241339309583 22.089765961216045 -40.52105273720889,25.08679466312632 53.793704971466234 12.804131452740968,5.2479724116026425 6.825580460620464 4.779056515474947,-14.272578795893399 -37.105185051495184 15.533119070575921,28.040764502835618 -69.08974696904383 -19.84214343906608
-7.209973610528801 4.60671098113637 -1.6286077230770128,-10.32501173746674 12.221999072458708 -2.97131330703984,-26.505108385843517 6.948242407052912 -6.473433972262125,37.01046090189274 -9.858133791416488 10.791316418891533,6.587107195658755 -4.695894220833761 8.88108055942509,-15.083140897855154 20.38159506873946 -39.02602614465644,24.590695671695734 52.12362580410904 12.11778120866008,4.9837347854914 6.3981748974115344 7.209891803560071,-13.289462916643556 -38.27002019577069 14.19800345864374,28.28888686165915 -70.528573344445 -20.49591210326828
-4.788665928450479 7.90099621372181 -1.762609519983676,-8.747819549806099 15.212633651670775 -2.6428382452833232,-27.293306127922254 7.083893785150202 -8.72383330369985,37.24818588472476 -11.33458678841236 11.820094498115715,6.416158355864305 -5.075990147930649 9.958430468730484,-15.542846562411988 20.261841295786294 -37.242397241803836,24.43201163849264 51.90312913067443 12.081017412671814,4.544657202096197 6.147348812696553 8.873945526235987,-11.730916068225955 -38.61489180824929 13.49468142077951,28.74805879505519 -72.76004638907753 -21.51039695141091
-3.277629984718443 9.168082777129385 -1.9584738925753102,-7.617207840854739 16.295543633611437 -2.357501262580337,-27.53762260496871 7.0702860901161975 -9.955385101472952,37.0866879155112 -11.90816178805412 12.204424088095042,6.040524482359653 -5.21684777617239 10.283270575669713,-16.613298521056702 21.416163710501806 -36.14696203815153,24.530967114207485 52.58564221331797 12.420779023224506,4.071571378658407 6.073182260254046 9.46153783877089,-9.3726371416346 -37.477129411629406 13.330601648737442,29.139501828219668 -74.34217944826457 -22.220514763187815
-3.042285355696455 8.605492123549283 -2.1247387945799883,-7.213888999202622 15.650353826685443 -2.13955141085837,-27.47402562645557 6.9716479811349075 -9.919793930676267,36.987035086585784 -11.552316973657668 11.799573330680122,5.719128389899578 -5.1342248126301895 10.01975524706101,-17.843793072524164 22.925944302684663 -36.327027501315634,24.718624457186205 53.345060266688314 12.750708197059115,3.8037442280787506 6.136759270807677 9.077288356923455,-6.401156581418521 -34.86958025376762 13.304488530328738,29.166770477475325 -73.89096145585613 -21.991790495023167
-3.9622541548460304 6.962791979682647 -2.2689450528750825,-7.594258222952882 14.026847503176132 -2.039838415573186,-27.400134889003176 6.842505033024821 -8.916384711646387,37.34844666937674 -10.547958429455637 10.783249249503356,5.719513982552635 -4.889071958646211 9.439985740557795,-18.693266010072605 23.67693545176695 -37.691638398268495,24.823972815580433 53.510842010023225 12.776113486145917,3.950012011276463 6.299208625133719 8.13081151177379,-3.4242439332484977 -31.510496767979 12.866851542321474,28.666799830021663 -70.79426104261563 -20.54842050204946
-5.501542534478262 5.133565982763206 -2.4941600001034816,-8.56627421864645 12.348727190923107 -2.118027032194308,-27.48132655922312 6.707989043034058 -7.591138218762858,38.22855299538483 -9.328870403856293 9.584875684895193,6.1506040764506755 -4.551505190986728 8.792658175687432,-18.780967146559448 22.874120930635524 -39.5400321600387,24.75118661480512 52.87280877896909 12.429325780765822,4.551772127051517 6.541983651421953 7.114735883049233,-1.2654984442210768 -28.522626061202324 11.592599553410762,27.708665640296587 -65.61687678116277 -18.15727064288272
-6.954600180111557 3.785609432874533 -2.9286254562846823,-9.758646804473234 11.319785929892333 -2.4060327946494673,-27.643526054197494 6.565979533545441 -6.5849699117184874,39.24021215448269 -8.289589577800635 8.714152233640798,6.879014451089676 -4.178542231085341 8.230045860139498,-18.066950249943705 20.430350444457112 -40.945494475837656,24.51029231266923 51.70796758376128 11.869154371366157,5.42473399164821 6.859234407253035 6.392786381251275,-0.6349264689081249 -26.959057455949235 9.442970217863264,26.585837078447277 -59.96586619726533 -15.562482352562457
-7.756099901282926 3.1891520116897256 -3.6282569551895687,-10.761166838167268 11.21010394212141 -2.877134789791813,-27.61571090017527 6.408884908549711 -6.22381112574814,39.704923106811215 -7.6501791250581626 8.559893275419688,7.58558110116361 -3.812992839401572 7.814257189346962,-16.869582496741334 17.046215718236443 -41.24611745878104,24.192356988004494 50.54499015298154 11.357552088131488,6.225228579667955 7.232267241529516 6.098351416312118,-1.8265186429881926 -27.385092686130264 6.8788878270653715,25.699596347769734 -55.84826565906593 -13.687104388907123
-7.713185371009819 3.272041587831281 -4.508079735097709,-11.280955731308909 11.881402874492025 -3.4420058921991075,-27.099124375796144 6.250663840243484 -6.408498110611674,39.00041609531735 -7.43073826612093 9.240016975211898,7.93604151612878 -3.496120450287986 7.573183745774973,-15.706539811065237 13.93623239925469 -40.3811424230391,23.910622201096785 49.82774748570526 11.095067552844668,6.614730534131223 7.607618749894219 6.16996022910608,-4.5784678178202585 -29.697936350803495 4.7448256839003875,25.386319151135098 -54.8115799660625 -13.236981794730607
-7.056494371209679 3.8064062366081997 -5.344585341698407,-11.24902532148242 12.979438558218165 -3.9764364194064177,-25.967012003360594 6.139834569768455 -6.7446623730009385,36.92501529290409 -7.523712082633959 10.56008705285415,7.769770172514398 -3.2783281188415883 7.550083153999364,-15.036022182425908 12.318343739083385 -38.89928651948742,23.74475795622863 49.68503674844545 11.1153939475828,6.435505285371994 7.89775100354218 6.470378269111377,-8.153389543663645 -33.23462691548701 3.9495847327330647,25.77066753753425 -57.27468223250091 -14.39516881070418
-6.292807990365997 4.581479346770813 -5.854064947333654,-10.830934721535876 14.150005059511157 -4.366417743094907,-24.379590165214545 6.145618226286631 -6.819835053207354,33.879719970440014 -7.80176002328091 12.09235908748592,7.195675935501477 -3.2147841374855473 7.802576326416339,-15.028489395294972 12.89337203489777 -37.6438793072165,23.718662096415134 49.93619266761131 11.298757557515152,5.798121764434501 8.008873711174845 6.896927854593341,-11.596471638016803 -37.07900878037069 5.076096462870396,26.714749851687568 -62.36835075246941 -16.75298740525777
-5.936004062285143 5.460921294789701 -5.811963118405757,-10.337292101712869 15.155835984196077 -4.546363148737068,-22.744756126477053 6.319710714232542 -6.460684835047493,30.756134500768745 -8.190065462815522 13.339519135384664,6.535421970535276 -3.344388612339487 8.347727773515382,-15.486108048306168 15.545903360576107 -37.29088620107277,23.81832776593302 50.310386417987445 11.48894347997311,5.027413588613607 7.8829472844238255 7.411950959865202,-14.057399539997208 -40.40257561417802 8.100082929351872,27.88589960383287 -68.35379208672488 -19.507136790014265
-6.24885851408502 6.32266893741739 -5.156295725077992,-10.075369823151991 15.86075087302013 -4.511401842420071,-21.540156817037186 6.652513520160923 -5.826031351318105,28.569860382712296 -8.665977428846334 13.916488666787322,6.142599344553879 -3.6633151488214235 9.093123010036821,-15.952297181422443 19.39608642747539 -37.9882811556441,24.03037671834954 50.72271646940349 11.634179717738387,4.492583478056789 7.531008812835676 7.986721489088799,-15.047643555949296 -42.6914548251464 12.357246302698114,28.907440542541828 -73.40349747022053 -21.821223393481404
-7.119640497449802 6.967274532353158 -4.025379239253526,-10.210305900042789 16.143173399939865 -4.301224734106898,-21.089119051073638 7.05034057582227 -5.29360286661119,28.01388327031692 -9.202073807933395 13.680865251509974,6.200883401673727 -4.110384082104884 9.811493825129807,-15.955625507497167 23.17212873733069 -39.282962988280104,24.369714070182866 51.413520853865705 11.856402211569673,4.4142550365826505 7.038394345057629 8.516742015756154,-14.54745382250871 -43.798681172224505 16.78551127377872,29.51768417812652 -76.35852062173954 -23.172636616226676
-8.129523880725614 7.101058665388711 -2.712139683197899,-10.699487245365711 15.842980290802549 -3.9701703634570307,-21.408849970531822 7.3533100173851516 -5.219022505859857,29.151788975133535 -9.707246434061897 12.766871303413739,6.619926798694493 -4.576782600438416 10.196041439290445,-15.26250015059543 25.731781660263074 -40.36250733968185,24.873522546950085 52.84136099667658 12.396391947733642,4.756721421331897 6.5370959697354625 8.7894295990852,-12.948833342089035 -43.85902882522876 20.337253793161448,29.662050957226597 -77.10577682307829 -23.521108880213404
-8.773460923536618 6.442741198513994 -1.556975963470935,-11.328438917291326 14.810299140546551 -3.565129306365945,-22.210146885879652 7.3941446770744275 -5.715020950041437,31.401226169331263 -10.020678560267449 11.517602643361421,7.093627829776161 -4.939709858910254 9.985904493748086,-14.0086864266773 26.502973040350415 -40.47236984031019,25.56277288146706 55.37575147410838 13.459083224025948,5.266848733968935 6.15783080611701 8.55152429233519,-10.884542526581903 -43.157522015079685 22.373357672468988,29.48056055593367 -76.42796172489486 -23.233358117887207
-8.72388620808702 4.9062703562233345 -0.8282039065806648,-11.827701806753197 13.039173916305922 -3.1250977572165772,-23.045839391627027 7.075273723378391 -6.579957765061813,33.810646168670814 -9.976281597861368 10.349227596556512,7.2911761585718065 -5.1059117745187805 9.104111353728815,-12.642994235199653 25.66211815055318 -39.284327245180066,26.39650520926844 58.970239261623604 15.048701003709079,5.63754833180456 5.984555506767185 7.653894133526174,-9.022224305165143 -42.0310393181164 22.860287483895632,29.207281405056957 -75.45272505978389 -22.825237352194396
-8.008201782462946 2.742556371743328 -0.640802545127321,-12.011611830885016 10.791750649819384 -2.698976175177639,-23.526128377380918 6.427801709093071 -7.411982767187359,35.48550380539593 -9.504368797898731 9.603627671223427,7.071132490479231 -5.044781004339151 7.732717716758125,-11.713615713818422 23.995199497985247 -37.030538549179234,27.252923087423266 63.027430969106874 16.897714801485606,5.701016423014572 6.031720938391473 6.189971293371377,-7.892705502276066 -40.8263037374455 22.289772695665054,29.040793861237304 -75.02105340390828 -22.67112972686927
-7.014782572827237 0.5271641659536117 -0.9416965240199111,-11.870538998250785 8.603326384751202 -2.362981323856558,-23.486418550663775 5.619812909087314 -7.835112613024142,35.95119210565105 -8.705722932721304 9.445179132333092,6.590328977781027 -4.795498135531826 6.274482043489263,-11.60707471599318 22.528006321726966 -34.35247775904833,27.958404771260337 66.57145632845516 18.546212165196067,5.537557357280692 6.251519155813799 4.531622386728562,-7.788236943732741 -39.8824845389682 21.3780250283664,29.053886091027533 -75.30922852637198 -22.834921437296416
-6.325433849439262 -1.0380023790179518 -1.556645345866314,-11.572427304955742 7.119777570668193 -2.2164484997142164,-23.024113162673064 4.9029927123863795 -7.700723702283684,35.283349984101044 -7.842008082024732 9.835053954214864,6.235565000633235 -4.445922198473127 5.206141132554691,-12.370340710549788 22.102169014636793 -31.967120117176563,28.357535004212416 68.67064000403444 19.544237039206337,5.4323801839565 6.562671373797471 3.2149106038507496,-8.733036624817215 -39.491071633031076 20.70667891364372,29.18375123446962 -75.87527303093091 -23.099182136581618
-6.453947007667564 -1.4295442100379994 -2.267734307467321,-11.37500890370221 6.822219134852858 -2.347706274423133,-22.396404967019738 4.516009551397069 -7.147518216457854,33.965213187157964 -7.232348918324379 10.582917543420505,6.406817734647715 -4.0951137513096425 4.8855743984279325,-13.699494326468598 23.076529182919334 -30.340361021242572,28.39037401619748 68.90102302955798 19.67604642607616,5.700024991527027 6.882954462030996 2.7128165406784053,-10.510887294524697 -39.81665376725708 20.486742174608118,29.297437575905324 -76.0563427334541 -23.155032430508108
-7.612056491544615 -0.5599196669306545 -2.883660723838071,-11.493950029233048 7.776109834865858 -2.7829212228000606,-21.847976565087034 4.585809917913667 -6.490876033299326,32.574508055900026 -7.102465995948459 11.445320225870956,7.26913019778589 -3.818573641192965 5.402371992751311,-15.090822257444525 25.25714739203583 -29.536408752956085,28.13381932968045 67.59891861403977 19.084833491666217,6.474649926947427 7.149418850666794 3.2038831927468285,-12.733736754595295 -40.812833499496776 20.551599134804267,29.28738198308551 -75.45511869143702 -22.82858878794684
-9.607815159119038 1.1562310873480923 -3.278032577260819,-11.99267827140433 9.549529204285607 -3.4470396191012163,-21.472506534659036 5.071771975432602 -6.014982571499948,31.48208473999386 -7.465985553532978 12.224569213552703,8.61502115750941 -3.651754946726147 6.542764003595872,-16.070077288918544 28.048269063575137 -29.3007448380228,27.77903463228811 65.74765169409912 18.223107439784645,7.588725215689655 7.320996693913102 4.460929992187569,-14.940466809543505 -42.19679085571356 20.557668824286957,29.1396885944335 -74.22177326724608 -22.207352054827123
-11.91752113812598 2.975625246019834 -3.393498982162462,-12.747144776138265 11.36677974011478 -4.165791507357412,-21.186326694084972 5.779550778806463 -5.797212564151403,30.721174912588413 -8.106047769506011 12.826868450081886,9.92384631953427 -3.5956704896362326 7.884511212334369,-16.384259412507273 30.726019935637183 -29.300535762642134,27.549552696988613 64.53196040326854 17.64413794605032,8.617254099136673 7.370534357019617 5.929430581840997,-16.714041997211464 -43.52768868021899 20.261181132366282,28.93823952228428 -72.97376978585105 -21.595265550590188
-13.892992356109536 4.160418922432745 -3.2274992307242236,-13.500481412340918 12.43889817240007 -4.718977021848642,-20.822631993760822 6.439635419147498 -5.6715757603570065,30.077777482649907 -8.673522831514605 13.260736287909939,10.597980318074093 -3.6356522059266685 8.974196432872127,-16.070566591907365 32.70433434479936 -29.365817775752042,27.59737432451485 64.7725469738972 17.735292940014602,9.073534211605168 7.279247612306148 6.967793372535903,-17.794643747374735 -44.375298041757404 19.705639888535625,28.80736609240393 -72.41527658859715 -21.328609375612416
-15.00865539926168 4.304111702520172 -2.8191189450643215,-13.978358980461529 12.311739787433785 -4.927071906819854,-20.281595506294448 6.815632888043355 -5.35140973892665,29.323320062538027 -8.854354590346158 13.585657877261282,10.256682566876457 -3.7580445567872482 9.501499478603542,-15.388045018882359 33.69303530097898 -29.588748729310982,27.928843270064142 66.52474484118467 18.527967631346492,8.656287092458502 7.04262197712621 7.134376130661312,-18.154287968337776 -44.50285375659732 19.213260450943192,28.831317189601158 -72.89365617274879 -21.56637852292868
-15.042373580155209 3.481943898310131 -2.246166719545858,-14.00803309011289 11.054345152726357 -4.731409292186001,-19.638173631926946 6.794000158209577 -4.633525482390306,28.433729573467023 -8.519070945582977 13.843432573334091,8.932766379421944 -3.9532432305705605 9.391622719400504,-14.667483362491712 33.7149123308714 -30.232528556414877,28.399367608206575 69.04788076986212 19.681828679316812,7.4155259872474595 6.685845321591383 6.377736014229464,-17.998491069504002 -43.96533861026624 19.190274498727955,29.00026622244762 -74.16315412529593 -22.18225290283472
-14.121524846257342 2.1519411994037916 -1.6261908211560738,-13.585661688032062 9.189329289370285 -4.2263599174155715,-19.1347701093135 6.41690440885499 -3.555518465432475,27.655764590016688 -7.775579518941173 14.010671607284584,7.065920764421707 -4.204364796702787 8.783030237136408,-14.166727529672794 33.01343311892629 -31.5175441963131,28.781972968169562 71.16457050048943 20.652247411835873,5.745134674472983 6.276567609433604 5.034788712360631,-17.681191482387653 -43.06167297178794 19.864350326577338,29.214705058128978 -75.50016809590795 -22.824336230326264
-12.63056010432314 0.8673702055925223 -1.1064090443892365,-12.865130986023798 7.402263899844207 -3.6230814174807815,-19.05550952532899 5.847829451519138 -2.4051802326453213,27.37906062049489 -6.898470891840573 13.997990034245294,5.294064959279966 -4.471909076319857 7.917168358767102,-13.999010223201914 31.916060993247214 -33.422331452740586,28.876871065861643 71.83037757209826 20.9560638064791,4.202359713140276 5.92052918981413 3.641390163530207,-17.555473073382636 -42.159350650421224 21.111849826669534,29.3443255138312 -76.10572217228746 -23.109743159509996
-11.03635680734857 -0.03762803024497045 -0.8321081637340382,-12.081385375118474 6.184772333904505 -3.1585545704174853,-19.5521497212611 5.291154028976002 -1.569756953077857,27.89230328209379 -6.175427847166098 13.69612340206625,4.151801028587861 -4.688926861078164 7.007775037991349,-14.148414516414366 30.713322588068 -35.623408672058325,28.607769722023317 70.62875560082755 20.40169649876757,3.247717056206987 5.733803171177941 2.657525044590953,-17.817128863339992 -41.486362180089365 22.481714255314913,29.305199783491425 -75.56080016141165 -22.841473448773467
-9.716272890590979 -0.6162413930183805 -0.8984141324685915,-11.451398542211649 5.6009170318547365 -2.992696268212967,-20.525570649812302 4.906395280941679 -1.3104015824324942,29.174179349649503 -5.7561844834833025 13.044008549528826,3.833770824844162 -4.775569447322676 6.159226932651728,-14.534425860429717 29.585348855721037 -37.612972485679435,28.057107931505538 67.94857459226911 19.17038095833402,3.0416255660014677 5.799733189028937 2.2517254065201553,-18.410058430146687 -41.0098890585341 23.410687915350476,29.10886350568639 -74.06719357374007 -22.1208083884619
-8.861009585037047 -1.2424159711512721 -1.306230080269391,-11.101874709923207 5.2983483527724715 -3.14403743457547,-21.640396898478485 4.756084746272627 -1.5953252657869892,30.852569769342747 -5.586492339508605 12.081446721475498,4.143864658175508 -4.669670833068867 5.367909428035979,-15.067710197852136 28.5784319219714 -38.929107434015094,27.42352968747258 64.76747915777037 17.713825349666124,3.402664998461985 6.130434586972189 2.253801844520334,-19.040952518334272 -40.47528963324551 23.514692826776937,28.85415935663099 -72.32934084600532 -21.28793151865161
-8.48034062074186 -2.353144935419276 -1.9481906195567564,-11.053340824000445 4.751593193543372 -3.4955744991313846,-22.47709605600415 4.805559488767318 -2.094587062094931,32.368870093351894 -5.460478541421907 10.95583998606133,4.649357851866496 -4.3586086008258045 4.589981207311692,-15.66028188798297 27.61992233833317 -39.370101302884365,26.92438668626976 62.16487305035355 16.52744522308142,3.9440733396578818 6.654123080770008 2.29163222642085,-19.302642074510565 -39.58598571802966 22.795333013204516,28.66683005329556 -71.14060437463723 -20.72260540606505
-8.488064457174957 -4.149316595561345 -2.6394538213008976,-11.257563100646166 3.598474030055735 -3.8662376910852907,-22.74645614972781 4.965246801132183 -2.3471651457532294,33.26390309791365 -5.157534744818997 9.87555493935532,4.94843159958772 -3.894314791311774 3.8224209984513973,-16.197186936539204 26.561046097113138 -39.07656797165947,26.693268483309687 60.818601907188466 15.918307771116728,4.308699142328811 7.238453289657301 2.028329942990605,-18.853696478780165 -38.21897696763208 21.644626750962814,28.6227509006019 -70.9110622167539 -20.618754584262152
-8.808058582958223 -6.426185684220767 -3.185708085058396,-11.657456676597917 1.8812864081311655 -4.109100038755359,-22.45081375539939 5.1462068989271295 -2.0103889995403255,33.42687729275215 -4.582652780530836 9.030189963717865,4.900740333930138 -3.380598772769499 3.141572254753238,-16.51193439376949 25.24253018239812 -38.44173016267715,26.723616305798455 60.73469191566581 15.883223867528411,4.371058032441589 7.741802632385198 1.364914453950476,-17.573256342648058 -36.544442426294836 20.64080179644781,28.70045724540259 -71.41299850738407 -20.864454613614743
-9.44056035279621 -8.630796007780946 -3.4592262752886342,-12.230289831025042 0.058454522121805574 -4.1836181843358915,-21.89905338599958 5.297537176505371 -1.0517341134109874,33.1629401709469 -3.828607571992813 8.516052398187663,4.695081323637727 -2.9362356173067603 2.673958400354935,-16.409302082344023 23.575115806371922 -37.9048236489811,26.884473664835603 61.32809534233479 16.149901418069078,4.2961782696596655 8.069002173466554 0.49745043308864917,-15.620680345113811 -34.970071559144166 20.242582186704556,28.79176061286887 -71.90089270662493 -21.101188955609363
-10.455135619027196 -10.117550882631814 -3.446101702167965,-12.989140835867227 -1.2208740743116788 -4.163667819836256,-21.557728539009666 5.4093212599086895 0.2268622744551343,33.03161453995059 -3.12453042539967 8.303696895350154,4.720988363778986 -2.650587773363058 2.5183022040657335,-15.744990824463045 21.613864991512948 -37.74126231499684,26.997051333686763 61.78834182157702 16.348140372292065,4.4260163691458265 8.204399017904716 -0.19853423426228556,-13.374966323690424 -33.93338935046375 20.545603891978477,28.765621314240228 -71.55077957266761 -20.935014578590504
-11.918649059720412 -10.465407840519187 -3.239792369510809,-13.944988718527481 -1.4577644103811958 -4.178373448681105,-21.808728007859692 5.487276984526894 1.3482893944245502,33.534812647024175 -2.7015239469473085 8.263573382323106,5.320073461457217 -2.553155875152088 2.668812944773574,-14.524478294397538 19.591897911187655 -37.95587591470053,26.930713531398997 61.5250669108478 16.214539201626856,5.059948432981765 8.206055192373968 -0.38741455735116515,-11.28602855104672 -33.65851745028228 21.23170530435352,28.549417072565213 -69.97827231035606 -20.18411564825163
-13.801753938076864 -9.68952871707735 -2.982639143709727,-15.056488198631405 -0.5773924952637874 -4.31974346190316,-22.737010562714268 5.521769606589927 1.9155425455078205,34.81925650046946 -2.6540498736161653 8.23612346615085,6.558113512170084 -2.611475856948423 2.989881460926334,-12.956053529661801 17.881224483660937 -38.32145631372834,26.669342901068596 60.46335068498547 15.724541721696788,6.253442454308384 8.164931482089557 0.02754045212446865,-9.709424759794658 -34.02080476014699 21.73828156413551,28.18103398825856 -67.54051122208263 -19.022034449107448
-15.919372911206404 -8.240783314413443 -2.7843569313593024,-16.202613840394545 1.0081008381563241 -4.569758210546091,-24.060591661553058 5.475233366941034 1.821088479037778,36.55586263818222 -2.878353408543484 8.10965467077016,8.145486149777454 -2.75686601645016 3.2620829997586283,-11.407143136702564 16.873826654383695 -38.52448369091499,26.31663079295017 59.05281707540845 15.091137463285438,7.747640624035926 8.151311941721417 0.8350030288033653,-8.798386248267464 -34.60449015535856 21.557511935517493,27.800861179698558 -65.23742708225569 -17.92892267506259
-17.944555962199185 -6.801506143347483 -2.659689654001914,-17.20082048275926 2.5773448172647897 -4.78954742811622,-25.24409245780116 5.298333960170487 1.2946382832857868,38.06810205048555 -3.124845303275168 7.86558239997434,9.550759894162523 -2.9229403765071744 3.277325678891507,-10.264585897168775 16.817441490798174 -38.32933918745435,26.04128488002559 58.01030529215721 14.642439790365595,9.069850647814787 8.17733018675785 1.6115957278326711,-8.492671260468427 -34.926674819420725 20.507579036856033,27.585926234742505 -64.243610708613 -17.466441593842365
-19.499412551812334 -5.990118272330706 -2.5186956747328946,-17.867540107258336 3.4215962389798573 -4.77990517986531,-25.74349267470994 4.965316019570785 0.7652528948101005,38.65064982722966 -3.1356865685034485 7.568713438605352,10.246974426346492 -3.0757040261428727 2.9320874092421563,-9.75949344018467 17.675771587661355 -37.67628634217214,25.99298965493299 57.94839590543444 14.650699856874985,9.751911020064302 8.195438227247505 1.9278892954278748,-8.592946788457589 -34.700647160402376 18.835362954448705,27.660476543141602 -65.3064409147167 -17.989463933704695
-20.28865708225377 -6.124658251555459 -2.216416631025127,-18.09320726728126 3.1449457613997613 -4.3835962209994275,-25.2621691274629 4.50523934156997 0.6182006872124213,37.91851442746561 -2.7895145975652804 7.310832596388607,9.96028835164207 -3.219809944790195 2.2686999454087973,-9.848589811872882 19.088184311703635 -36.67797643476666,26.232189511565775 59.0849129224934 15.202882380454138,9.551144096638005 8.132798670773408 1.5526128279890554,-8.8699683466678 -33.98385789554106 17.10112358783971,28.030529880904716 -68.3271027949767 -19.44618297392867
-20.21847109984763 -7.150099420226279 -1.6377248836064742,-17.89409113832834 1.7989002145681288 -3.5765875870756108,-23.891916524096374 4.006654352903488 0.9848575659949191,36.00886680694353 -2.1705745143835458 7.142341393946911,8.792934516299033 -3.379817425392212 1.4444771058055548,-10.223858314259752 20.468831012051588 -35.53984008286695,26.706499199946048 61.16796309736944 16.172612767443066,8.559950449055282 7.941724822909194 0.5500903899339558,-9.149661445381305 -33.12018293768497 15.909718329145242,28.577213009502522 -72.3534192965312 -21.376045875172572
-19.446432263905105 -8.737735984910287 -0.7741911258357288,-17.413311728809056 -0.19672021080363744 -2.499955493876758,-22.07035349032546 3.5883310569819176 1.6827794585026514,33.53203141796411 -1.522171719720852 7.034061067538782,7.162912931486073 -3.5698442549221543 0.6492403524418341,-10.45791471573478 21.221555127457293 -34.46466665266988,27.280836732846637 63.628659902098484 17.295651958263765,7.152143795634219 7.63735851859066 -0.770957321658017,-9.33955098663567 -32.507490104418004 15.628740764840792,29.11237898402556 -76.0025740024114 -23.113872380359105
-18.33608031998348 -10.474777783333142 0.24711330743267523,-16.868050091640647 -2.28122813516054 -1.4141692870645006,-20.377669434028263 3.3490323770521644 2.335873150629186,31.29508334390081 -1.1100215077896562 6.894572433609099,5.60070251326274 -3.771502548789743 0.01954648943720283,-10.218034878629885 20.985744844683758 -33.59418937686314,27.801610563805642 65.85921689138114 18.29898590731849,5.801115666680182 7.300691644482845 -2.0176239414859682,-9.401769198743995 -32.32914781360038 16.23339072598067,29.467340611009718 -78.10910952935144 -24.101777840454474
-17.33018986553655 -12.02857657782371 1.1994141544195553,-16.466141957059662 -3.9954272899998515 -0.5966933205198157,-19.27406517343976 3.3228411176981334 2.601815888149118,29.935068130417445 -1.0723691872579897 6.6360070259601915,4.514545214497144 -3.9347552976036098 -0.4031708018560125,-9.439800295666105 19.803151651057533 -33.00224543564476,28.161081405380834 67.46578709249559 19.01360201895872,4.869038459791899 7.044006257040379 -2.888694737269261,-9.308565950453666 -32.41647041644833 17.345323583100797,29.569116753293375 -78.27593112138291 -24.1540325242303
-16.79225261954346 -13.206331393455862 1.8413379038147917,-16.32958319449734 -5.116270304778371 -0.231739537457897,-18.90540465292113 3.4649398409717467 2.3741966394136753,29.641435588388433 -1.3415853959184312 6.250799364327892,4.043689753283823 -4.002405852684768 -0.6519059426527507,-8.367947043721339 18.124034532739202 -32.715071464480545,28.332155956532258 68.38001766991033 19.419519777650596,4.474357496817628 6.956423135740122 -3.2747318929334526,-9.020539673282903 -32.33740047485861 18.430753024834686,29.466573882154776 -77.05387253982543 -23.542821628472748
-16.880327579056747 -13.909310409856825 2.0121796104935536,-16.45816369517363 -5.6380765624670275 -0.3434544676568736,-19.06712199528411 3.676533875039772 1.8435424217994814,30.09934131357982 -1.6819430854530055 5.8512467862865645,4.063006014216793 -3.9444240805196835 -0.770760188312638,-7.440553136504158 16.642373460470566 -32.721763256307554,28.362095534373612 68.80167540249978 19.61378631535284,4.495680726910271 7.058265453876174 -3.2431558762061465,-8.505435370817672 -31.673194157055974 19.04726164054304,29.296051428839615 -75.66201551119741 -22.862445838302538
-17.504468039572657 -14.049312151937574 1.6940604130554047,-16.746436755411843 -5.648166356476811 -0.8005666360187864,-19.336311475202653 3.8559063361299333 1.3837295329656725,30.674094880836247 -1.8231381405924791 5.640422086389812,4.317033384578442 -3.781675170986894 -0.7543805165275375,-7.076313874001865 16.029786833338644 -32.958228031862774,28.334936847592797 69.03300219182844 19.732317026373853,4.693845882927181 7.288463008729752 -2.9381327952708767,-7.782393190215947 -30.326426049709557 19.01671120015667,29.207262607424575 -75.38872645556208 -22.739148114708545
-18.383576092086127 -13.512058938657391 1.0145736325900974,-17.042179498368736 -5.199611757394361 -1.384712489875902,-19.300493461631213 3.947863856432592 1.3303831355563265,30.739972038315603 -1.6155206745994395 5.8196692034538025,4.5951656325506685 -3.5838138516272613 -0.5328249417271388,-7.47663970549964 16.685271863580134 -33.28311793949214,28.3256459395547 69.30738583831025 19.87363880154071,4.873412031291996 7.531840447294061 -2.4698198201995645,-6.954919282811101 -28.671864516478546 18.453714414248626,29.288915595828644 -76.9664350693072 -23.527838904400937
-19.17499897088564 -12.20958453921874 0.19204855489370162,-17.216863564476007 -4.270703971820436 -1.8852896173757496,-18.768672240369522 3.9646825424394545 1.7786332596491419,29.99152531432071 -1.120855748841453 6.475385803302356,4.847054561791006 -3.4403249523439454 -0.015373396625109503,-8.544918989596308 18.60795323954659 -33.48513142999858,28.368722558266523 69.69613327554121 20.06140761795222,4.9916967515486625 7.672371623036519 -1.8636898453671664,-6.199701097612675 -27.440380179967494 17.66102039754437,29.530688748596592 -80.21773874074775 -25.139786995114772
-19.619269465429507 -10.191535773625596 -0.5488717408823147,-17.216285198294027 -2.832465294065512 -2.17520032934502,-17.864626718190166 3.9678194617103437 2.515350226590715,28.591163654511845 -0.5881168732838866 7.505017409821929,5.1811515939804265 -3.41892889020193 0.8313275407217644,-9.959343867387076 21.437799427003306 -33.34830674048485,28.452558650971287 70.11870281820707 20.25418307113312,5.1612850001677 7.645453200588688 -1.094099033007574,-5.705405597687143 -27.374840318114188 16.967584176002333,29.836933312414317 -84.13051222912112 -27.078337348071962
-19.637147308009542 -7.7321140722012665 -1.053137655190116,-17.07208957302799 -0.9673176585877674 -2.2367660509204486,-16.963483106149354 4.022018849036731 3.1241195115668114,27.090661787151593 -0.32697544578624627 8.627875465853355,5.760817232923196 -3.533181834655129 1.919670778489441,-11.350482949326365 24.627767899261155 -32.760434107833746,28.53617516063521 70.42315584794608 20.384344446094754,5.555963413869512 7.463595848511649 -0.16806347988701975,-5.5887312785780905 -28.832734098563265 16.599252991061668,30.080275659844094 -87.31108637840897 -28.65898506637768
-19.339244601276793 -5.311438623921285 -1.2726779972337516,-16.87489660773713 1.056702861944746 -2.1354902014722383,-16.50824550575436 4.149249766422528 3.2044374919920635,26.1719915089077 -0.5470205221954688 9.485896668831415,6.669504258292676 -3.736697220480558 3.0364838463618002,-12.478949148247363 27.653062886818653 -31.807007322183768,28.575203800767166 70.47726611395294 20.39789015957213,6.28293991971783 7.20439537424466 0.8079507745364864,-5.833144456403185 -31.553684029540438 16.634907159299736,30.164742443118207 -88.59229047949248 -29.306223721439935
-18.949673943061022 -3.468808781958815 -1.2562238782358819,-16.72676614846217 2.827153279546571 -1.9651092602098383,-16.796433415429668 4.310033686917425 2.5846560495975295,26.332360108780534 -1.2481055293049186 9.792832349578408,7.828286527322254 -3.9473410371033015 3.9104800533104807,-13.313950696689046 30.158349216661843 -30.781788455117102,28.543130212752033 70.2242350533638 20.27546320339059,7.297676104267056 6.969074158953428 1.6335837197823806,-6.2869063628569535 -34.731609351789245 17.041058833622245,30.066844761782132 -87.51713343498528 -28.79139583281313
-18.68525410421232 -2.5859569334343186 -1.104741285933309,-16.697173827647077 3.9422025313970606 -1.797372226187186,-17.835248213495323 4.42393061530831 1.4145923475990914,27.655543337534482 -2.218059129335707 9.462217869842952,9.012466326248287 -4.088744805397026 4.323991734021727,-13.976558384560816 31.991175875325556 -30.080240518816556,28.44016856818938 69.69249084539898 20.03268608644795,8.407559165345633 6.833921944792376 2.099371537564975,-6.725720979070784 -37.37039756866578 17.734057299921844,29.837932316686167 -84.4962432263282 -27.31223416212191
-18.651715470721967 -2.7110590626506594 -0.9183874483285901,-16.800994177918227 4.202095852471955 -1.6609442180435388,-19.326964237473835 4.418133035507079 0.09248571156804575,29.76466004805335 -3.135615042698157 8.650870297752691,9.95375355001981 -4.127314189921513 4.214016095996341,-14.594661312537198 33.139738748526526 -30.00893177912988,28.29033617303346 68.97861834174232 19.711100303375808,9.357513454788807 6.818720077503714 2.103511935615714,-6.949943924780874 -38.746185756543994 18.616058429452913,29.572444547560497 -80.59932653222575 -25.393063947103887
-18.8081347876558 -3.524438438143106 -0.7596075391403934,-17.003778302097707 3.727609891199396 -1.5531754333114804,-20.785339461542243 4.2762584277174165 -0.9285328386149581,31.967819329413032 -3.7215117662007873 7.693967646644099,10.46674999537698 -4.085523081008526 3.709664717033491,-15.170123412631549 33.644021812727814 -30.603911624255105,28.132198014855327 68.2276384639309 19.37147955195641,9.94619600602061 6.88573079543292 1.7278061980686936,-6.867729844163937 -38.73619773075441 19.5656517636504,29.36256426967338 -77.10383478063615 -23.664335933016165
-19.015047945760855 -4.476729097570944 -0.6446404664222657,-17.246390693630882 2.928508839752208 -1.469193905595099,-21.72809960589809 4.058261665049941 -1.3481034212128766,33.527746694421474 -3.858760643238514 6.960767791138607,10.529365753863877 -4.02510274257939 3.0837566010241995,-15.549972516781049 33.55237937025186 -31.564160410632184,28.00854476101564 67.61787024457486 19.091224425046978,10.109626556348038 6.966509767890619 1.2196623169634746,-6.524522531616608 -37.84108211469524 20.40910492562732,29.262764697420234 -75.01297617709963 -22.624736929647156
-19.13779006398224 -5.038189703654924 -0.5601869939295607,-17.474104766623768 2.324653864325483 -1.4255418064750447,-21.863330130157937 3.8778245016284267 -1.1342729240473903,33.94262251722102 -3.6241977742508453 6.69956527958188,10.278192169006267 -4.009685211247578 2.639112731788903,-15.526773659476499 32.951241753657 -32.35702623581774,27.956982458218135 67.3373778875579 18.957011653335783,9.933247523803823 7.000553978611679 0.8808181844144184,-6.070004665136242 -36.890241493648915 20.920636327597155,29.278311330249007 -74.73964868143105 -22.482981185937483
-19.1467836920912 -4.936331143541468 -0.4912448292665076,-17.656637987687244 2.3039861886130186 -1.4628851784670818,-21.196756682865832 3.847151378627292 -0.49846018070551606,33.130620723892655 -3.2237130096854294 6.945694045962152,9.930095358127334 -4.066964990295806 2.582265755105626,-15.00811087693066 32.033395735262715 -32.462452155332144,28.000807084232182 67.53569497637248 19.042881414274525,9.596013357966154 6.966017625401063 0.91921076962566,-5.687229769556561 -36.58925727830572 20.883135664999603,29.37703916369946 -76.05509846292011 -23.129516909699333
-19.15661886444097 -4.263743636945377 -0.4440769051640855,-17.792922628124003 2.9385481032396195 -1.6278963000994018,-20.023836514329034 4.017686602603547 0.2400428621872486,31.455740029637642 -2.8739822160452038 7.534009970692688,9.679702960737846 -4.170139584317716 2.9422215571809294,-14.143421907189115 31.131208445012746 -31.64058870252748,28.140055915557863 68.2538758140249 19.374825414617746,9.284951309490078 6.889135613287622 1.3445081562321377,-5.525172698107293 -37.15187923629504 20.19467256918322,29.512527446184098 -78.27773153135307 -24.227868168341733
-19.37694095880053 -3.406883577744325 -0.45374507023489563,-17.902805236593956 3.9510968851521295 -1.9477407105688418,-18.816924059232058 4.34845108666263 0.8152137355680829,29.594624705753773 -2.6969174129593645 8.203842007122015,9.62811721385309 -4.247894209023537 3.5680935911049376,-13.312226651414328 30.65283892879155 -30.082167400793093,28.345592274655324 69.36433349500007 19.89823261992573,9.126901681410041 6.830894547608212 1.9652821621778946,-5.6665381051481045 -38.2102481828883 18.962106446493483,29.644495150632444 -80.58690832326282 -25.369818025549115
-19.995363249735558 -2.8408712587397478 -0.5741317387536018,-18.01302074226189 4.846986516367713 -2.413715259132273,-18.05476583557675 4.719595593096361 1.1143339014302824,28.298816585194324 -2.678966730464911 8.737748298417467,9.77155056979453 -4.217483692042232 4.200585915011783,-12.955738766594125 30.918619856386663 -28.35262615668806,28.561331495063534 70.56571905530018 20.472021229800234,9.164826529434114 6.860000642174116 2.489389470569777,-6.135028054110911 -39.043412942811514 17.513153766268527,29.748166947060923 -82.32109629926117 -26.224675930849436
-21.0516818353464 -2.902293870562673 -0.855391388783804,-18.145021841335296 5.142249126535726 -2.9826892483228464,-18.057514262464192 4.985061834511071 1.1769178728224785,28.13761663490581 -2.7068631661727793 9.06008394695266,10.039411392072996 -4.024357379051065 4.579141624674476,-13.33075786012281 31.96762564282015 -27.145979598895657,28.718177148822004 71.46088831718909 20.90469127122299,9.374805035375434 7.025306244185713 2.6717137053302973,-6.9194588198554365 -38.99112756910982 16.294210145239155,29.81317237087395 -83.15594967779928 -26.629658304824233
-22.372435866725365 -3.655416990746401 -1.317232746503457,-18.308825896508168 4.574418809629286 -3.592416372483737,-18.883242096887727 5.03785567298526 1.1160464766989393,29.3077456948307 -2.6491968336378426 9.245419637181843,10.345099438101157 -3.669638036593201 4.5352325750835965,-14.32336752669181 33.44550077226221 -26.96692218162111,28.757533766242496 71.70211514884764 21.02522575410052,9.697669280459186 7.337931215979949 2.428393908039491,-7.984224991445944 -37.82280868534586 15.685674717881147,29.838222069236828 -83.12609525226765 -26.601982834938926
-23.608461684153898 -4.907993559464448 -1.9268905018503126,-18.502805793946678 3.1991866832037377 -4.178402302101622,-20.317299264368554 4.8553369834497 1.0267300317044143,31.57070892065346 -2.4327791331941304 9.437303812439016,10.614279216418739 -3.21385019698641 4.035989034504983,-15.442131335234572 34.663493976936266 -27.901974272149754,28.655474520613332 71.14200247646204 20.75841412038903,10.058951171240526 7.766696852004642 1.858160604996335,-9.251852092056767 -35.86255402483091 15.82191966092109,29.827523301299095 -82.51906671383969 -26.28607446469718
-24.3673469021709 -6.347527606267748 -2.5896761798735697,-18.716768672236608 1.3405014880357085 -4.681343576399715,-21.953440472482793 4.503117238212635 0.9421761903847308,34.33624181202333 -2.0731981593751803 9.727553300643432,10.780376119480842 -2.757062373596366 3.170925974269058,-16.020479534541387 34.83936821758577 -29.596518127458744,28.435512488038928 69.91172763666442 20.165269924391815,10.369407265965268 8.24480205564859 1.1660923435325237,-10.572316500956846 -33.810475862459384 16.513806297775268,29.79034212042577 -81.7072835613613 -25.868983089116117
-24.38285256404295 -7.7072111761319215 -3.15824706805052,-18.935554993602274 -0.563963337916888 -5.043777750191413,-23.335612139418313 4.098161846214073 0.8569642606470171,36.86249771792133 -1.650801599929536 10.068259457610608,10.766007028162068 -2.405669502921823 2.1011427425455205,-15.542348517416766 33.43226297015132 -31.44618040152238,28.161613021763323 68.37655997324954 19.422937624046348,10.520214086669306 8.683704835628799 0.5403958079215847,-11.714386916604766 -32.368620696411156 17.32632966980441,29.74070863160762 -80.98915992882954 -25.500394508616495
-23.640519632053973 -8.866395513822255 -3.4633066055511987,-19.141889995765478 -2.1362560721395174 -5.205217219709568,-24.110151666714636 3.7523673985833845 0.7862191661600563,38.50426793674084 -1.255745522610806 10.27085412205173,10.480968677107862 -2.2397992150144828 1.0016887482639465,-13.928023405299475 30.419491766537664 -32.89719837597038,27.91263763056001 66.9809921002093 18.749390210014113,10.394971932474192 8.991388165229548 0.056399008916729665,-12.409542656911398 -31.882542039418883 17.78392043801007,29.693681828291815 -80.49211148020899 -25.244338040207598
-22.396034564348717 -9.841634628270805 -3.3621488189713467,-19.31877415598005 -3.171031375508478 -5.108486755896126,-24.135569711317384 3.526224172964665 0.8053387380706946,38.922512700009335 -0.9396783350963891 10.0982145419228,9.853835138955532 -2.2922127366407867 0.020883108819572394,-11.624556335540253 26.37292002929514 -33.694545503872675,27.74977145596888 66.05806802626967 18.309302865363335,9.908383831576742 9.09368416837966 -0.3390097290590648,-12.44818495396641 -32.19204573408213 17.60461851609511,29.65813999026107 -80.16111214411107 -25.07433678842421
-21.073326345205743 -10.69643372283922 -2.792851831127679,-19.4522230022434 -3.6542395449123823 -4.722792886015244,-23.51251890556264 3.4143441327484525 1.031031833408135,38.180381471063384 -0.7010287291299327 9.402884395513963,8.884920799372594 -2.5427310749598497 -0.736916095783074,-9.438110392513217 22.277708059136824 -33.95021295602072,27.69331544477537 65.70160508509541 18.14988732069446,9.057405461532282 8.95643781948992 -0.7608188302046208,-11.78826655307935 -32.76055092241391 16.84298615624664,29.63058002652073 -79.82603481672015 -24.90772719953951
-20.088144702080598 -11.445467830552019 -1.8144601901433262,-19.534613009866067 -3.707957571759027 -4.07517524710082,-22.52593700114265 3.3658082518569974 1.5493545402425195,36.691869530817925 -0.5052164572745771 8.235853178639372,7.684698276995397 -2.926068182894566 -1.2137384843574857,-8.177686904391965 19.157783770316403 -34.0081006167641,27.720893880516673 65.76806550249847 18.20020167153609,7.952671885020324 8.602918633925608 -1.2857504504896835,-10.614161711433072 -32.99519482468884 15.865076044288237,29.595756454195588 -79.31480368724027 -24.661661981872296
-19.680144530861348 -12.024084798494648 -0.6123468242941923,-19.5679829968517 -3.5119616172928505 -3.2706482473602856,-21.524911250433853 3.323421340775635 2.3389430687014126,35.04622857056164 -0.3183378034189601 6.862103004713282,6.462194706507304 -3.3483340827370967 -1.3982511717633574,-8.281101729707741 17.66967979831605 -34.19703106397779,27.787381656345925 66.00200162336081 18.33182727684431,6.801072815116893 8.117884860759201 -1.8855542561429215,-9.29710563103771 -32.568973712605874 15.165698214979951,29.53629239579998 -78.56232431829825 -24.305583853682272
-19.83265139246759 -12.342301763204425 0.5431494205903913,-19.566135279106277 -3.2461140656657097 -2.4812617275906463,-20.79043230890119 3.2574557380838174 3.247931769703355,33.781638940236654 -0.12749893110212562 5.665954492716163,5.4551025462979466 -3.7081767600939632 -1.329036997196721,-9.609290811146359 17.848433234347446 -34.62345191351233,27.854254666940623 66.20677194049115 18.44313049491609,5.8357519005471215 7.630892939293085 -2.4369548734576325,-8.255881388318475 -31.566543838782575 15.122007805875633,29.44670729557124 -77.66379293490492 -23.88549808581949
-20.315525541659444 -12.37968480285048 1.378759742706072,-19.554496358947798 -3.0660022078738183 -1.8978537407151255,-20.44555284465293 3.175364739598553 4.052294823864763,33.202321805979764 0.06500221198599748 4.986931402798712,4.831414712800821 -3.9200476353432028 -1.0950034885670288,-11.513611320773087 19.12228296496931 -35.12604053558973,27.910294861428707 66.35464677555619 18.515242247733262,5.22310387628529 7.278587069476143 -2.8009358098906008,-7.773853294388741 -30.38622885982668 15.811811892505247,29.342445840349882 -76.8407501738004 -23.505990230438393
-20.824830034001355 -12.245548204498618 1.714758892519983,-19.567120965569824 -3.0938995825829037 -1.659199416215166,-20.442885988877862 3.104956018321614 4.570032674263985,33.31227987400378 0.264146385419588 4.965096674280318,4.616332969766202 -3.93685697658743 -0.8219969357380341,-13.143940126747884 20.588274631851053 -35.4132558118246,27.97070066918809 66.56695918174967 18.605097925619095,4.995859432616517 7.156495315347031 -2.9186576311215804,-7.862564803583856 -29.47441351521807 16.990224729399998,29.25570322286131 -76.32706403104793 -23.274904255805552
-21.144966984800753 -12.14963101662236 1.5373867974231064,-19.640595598882786 -3.40024321575647 -1.789769268880013,-20.628270647690755 3.064801215045844 4.76427725966727,33.88359672498003 0.4976531699156021 5.473163111475788,4.6900529732307294 -3.766924238140598 -0.6405611099230106,-13.844298575107505 21.419561554054233 -35.2917536989451,28.055235846697546 66.97671048543145 18.780395532694314,5.052141577392545 7.279532634386305 -2.8596313552935486,-8.249322951102368 -29.060479556058873 18.23276191820561,29.217526422129406 -76.22591204563653 -23.235982219106262
-21.24944676698499 -12.28917489365676 1.0127003020467922,-19.804975256025493 -3.970424434340396 -2.1787645286023825,-20.843285936333068 3.042703848067487 4.767676299966754,34.613235720354695 0.8052341196595617 6.171415573737258,4.863415242584221 -3.4778548034419488 -0.6430213311840345,-13.440681556745915 21.216598252532513 -34.83599718776433,28.160152850526032 67.56476978014537 19.039815894351708,5.224840594177756 7.570901956454338 -2.7873941000771807,-8.507946553711164 -29.049319866259243 19.16338500602768,29.23552272795175 -76.4150637805827 -23.326092885515116
-21.290443956931945 -12.7196393276921 0.42874447127271886,-20.072721711514383 -4.680118482352113 -2.6165933695075387,-21.011292709185224 2.997116961247727 4.804168619178468,35.28167349497264 1.202929092673455 6.661423571213427,4.991093017917344 -3.1810807520715882 -0.8492052982855036,-12.284096742492187 20.146206045631985 -34.382790159804046,28.244308345298343 68.08671272039264 19.27508887214242,5.383589902349758 7.888982406402941 -2.8606611765672834,-8.27639612752545 -29.124868099861313 19.641616559497294,29.281885245032512 -76.56644017555195 -23.38720132774671
-21.486953691125372 -13.296635379921362 0.08387535722838985,-20.42819295128998 -5.314312437944088 -2.8777136237725376,-21.162087349594795 2.8814944129158064 5.047659468220514,35.8313342705767 1.6461056850621127 6.666139602881812,5.055434365678154 -2.99699761688633 -1.2002083623779733,-11.038818183155431 18.816999379745553 -34.34069331803635,28.2427202267667 68.15974681889294 19.309262129110735,5.509036241474624 8.084601416695516 -3.1307775984475903,-7.453289516615361 -28.98688093853795 19.807914361275493,29.30269371455699 -76.2939978816652 -23.238180285984708
-21.97530205869101 -13.739351153817676 0.1654002302923569,-20.822047065506815 -5.646330143855975 -2.8147217178681174,-21.38491017014698 2.6768423054789663 5.500956441080936,36.33127815613393 2.022296899468436 6.151536060455138,5.167154521949443 -3.0101495967013974 -1.5866795821275375,-10.33419984723243 17.963932722952876 -34.92121459553117,28.104045636590882 67.48143815774941 18.998868017261156,5.692090451774148 8.065103563625229 -3.5017796035229787,-6.268378048831475 -28.56398918796636 19.966775266165982,29.247408038822005 -75.37228518999218 -22.77806836053197
-22.705517289802785 -13.790869223870876 0.6708259893335945,-21.1755617259556 -5.5518845046630005 -2.420835873032743,-21.740690258439162 2.412052695793724 5.973168485264765,36.861260125485146 2.1904070715266117 5.334124759803882,5.477157935831338 -3.2318515468420297 -1.899014823717941,-10.461493468681006 18.09818291965795 -35.95598504094157,27.831681231277614 66.06051780958184 18.34362292179183,6.054537222952104 7.8357371666010645 -3.782731687313884,-5.182455032636451 -28.06549346681207 20.377757001626524,29.10372770365603 -73.91440674695892 -22.068092623142192
-23.4421837240625 -13.384227710379799 1.4081677681569251,-21.397796555587746 -5.0968900308011795 -1.831421954468533,-22.189344982961085 2.1583017311225587 6.17905860300745,37.395911994924035 2.0531689610785726 4.574141025804551,6.049755091797121 -3.588549614206033 -2.0733672956936644,-11.264461999790448 19.2835631635143 -36.924751439727345,27.501984488224664 64.31246148153211 17.533512282479933,6.6371842409658495 7.497462281515796 -3.804705730499133,-4.660496963419064 -27.838929986773802 21.07547831936228,28.916324522046597 -72.39800035300962 -21.340804684300288
-23.87206040784638 -12.708684700566549 2.0778407769650657,-21.413357952177357 -4.535303018724843 -1.263631662419623,-22.58151241908393 1.9988745307928981 5.910030240635396,37.77018275233245 1.623476992703293 4.207817405083991,6.777054975016773 -3.9456335531701163 -2.1087179555316653,-12.26496998694116 21.129959530419793 -37.20197243065647,27.24265125923768 62.93258196594379 16.891163573405905,7.327075550019373 7.2002213168420415 -3.5319710191397093,-4.931365701229895 -28.125005355261422 21.822859137800428,28.7739030372622 -71.49187722585441 -20.915474220595293
-23.762840827273823 -12.122200662875095 2.401992292378454,-21.191958791261712 -4.194546969851118 -0.9222122385183742,-22.72794150472083 1.9903276685999072 5.177863804588326,37.757988901118594 1.04065955476592 4.397970826650522,7.396562779337835 -4.16098541390395 -2.0467464888332203,-12.941609904426603 22.987265982403308 -36.40072309802295,27.175654046323178 62.5800239636862 16.724526068993768,7.878139621554355 7.072433176075269 -3.0961598504092427,-5.8593093140119565 -28.869109861200688 22.22724904717652,28.765876539580397 -71.73901324457744 -21.04726916685603
-23.088723275133674 -11.946779253699525 2.2452276055348883,-20.766484911811716 -4.2923574882395545 -0.9144120906402392,-22.512846873470224 2.136356794796429 4.240641100740279,37.223985395936765 0.516073831630403 5.069064961805344,7.615710060607677 -4.147405239876987 -1.928555018174338,-13.005913291962845 24.23388286666467 -34.626635717283825,27.35089994951948 63.52166513939439 17.159819666235357,8.026643420746622 7.159759002652638 -2.7259381445717685,-6.997919048360164 -29.716959043482124 21.95831677423647,28.928823904292237 -73.2412398079106 -21.779199085887285
-22.054278361932905 -12.259640255247053 1.674341612187445,-20.227478365267267 -4.781146464811893 -1.2105334628974465,-21.986549467804952 2.388872187122138 3.484275312989837,36.255537893870475 0.22750172713623806 5.9497482390532515,7.28042297155495 -3.9162927534835275 -1.7567248522552674,-12.532732634191595 24.522704582024303 -32.49280485612855,27.70608402821935 65.42722429125641 18.044968872587518,7.643243676446838 7.402252714862406 -2.6081858340509836,-7.803368650448901 -30.209148495230735 20.949641482496524,29.21249874306968 -75.51427031873814 -22.87581443073116
-21.000245595306595 -12.806824482194555 0.9323087832800033,-19.690195219141845 -5.317939339767492 -1.6632249738128513,-21.377254483482513 2.6755283672546906 3.2175386202881855,35.1820646800896 0.21571029002083186 6.695536090552214,6.489905851815589 -3.5811570829471613 -1.4881914502098064,-11.887841264212508 23.883190901906495 -30.871153785484246,28.07835378571838 67.44481561318123 18.98453787278022,6.833104916096284 7.660420516587606 -2.7617664245158386,-7.900211604059994 -30.063666754580215 19.473550482719197,29.488408108925803 -77.61582144573782 -23.88602011564316
-20.23607973271442 -13.10347506316282 0.3400945715076942,-19.243267328482524 -5.399911419877524 -2.070913064733467,-21.00237781824832 2.9380687487180763 3.4938766911355876,34.44668376962286 0.34266184755019236 7.031405988738105,5.580687590045271 -3.316772705273649 -1.0639794402959408,-11.506656085891217 22.655955308045122 -30.498780498931044,28.268134782334265 68.54652276980266 19.501265906957745,5.915718425410761 7.776857134800302 -3.003028027185484,-7.264861825391705 -29.374066881269965 18.045812988927572,29.60279869596918 -78.51919447146386 -24.320953759630473
-19.882436927872263 -12.678933521951691 0.17051865711930303,-18.899663625577816 -4.614172949625937 -2.253097342587605,-21.116023725154147 3.1598530353725955 4.06483166873922,34.3812806496178 0.34253226841656503 6.852413307172003,4.972149504982379 -3.290181334891688 -0.45747289501039945,-11.653010738460972 21.314235604972474 -31.639181268951234,28.12767621217177 67.98902233119699 19.251195154448137,5.279423950451198 7.643317322729339 -3.0319105179307417,-6.234872823679485 -28.59386421464533 17.206117489758764,29.45102935804698 -77.57356615721477 -23.871637920888848
-19.802672873164155 -11.335857259754958 0.547417202994068,-18.5744509562404 -2.8765203297423714 -2.1054417614663663,-21.769891661802564 3.3672368129538337 4.4991890303010615,35.00196898583218 -0.05260906376817931 6.247075589467865,4.946331589820267 -3.593182826141803 0.29099852653309766,-12.288461994051657 20.26792777576926 -33.97135358156136,27.631784856829114 65.6645869758478 18.186804478788467,5.178594429670769 7.241925310356165 -2.5968208270175754,-5.34343760237296 -28.30217004354406 17.28365914016797,29.03578353024945 -74.83152433577064 -22.563161127729693
-19.65843396112765 -9.275259823551172 1.407929897263104,-18.10595857121482 -0.5238490496596557 -1.6182654710919124,-22.76531793755777 3.604464682749888 4.407781161631273,35.9463452506951 -0.9738511427522474 5.446721578805175,5.480347959747998 -4.205522904290222 1.079190464241021,-13.114583746989926 19.736634902394883 -36.75854291084591,26.89489366263213 62.16482358261818 16.585137431648377,5.582011108550134 6.64391893976713 -1.6467397473001408,-5.068874742017275 -28.878727104127062 18.261993971966334,28.476692627716428 -71.07328386012765 -20.765546459886707
-19.063611111866187 -7.0084979533765 2.535191017373754,-17.319071318216135 1.8077855481004481 -0.8625928903319764,-23.73075337981917 3.8969250505620847 3.650650434060406,36.608145886380434 -2.336381401269338 4.7341434168976875,6.230929229378452 -5.00368643606895 1.7896010622729348,-13.75395692139911 19.730948835252757 -39.20001517199524,26.124530607073464 58.52210402116804 14.925353935687681,6.162832486736646 5.9715669068420425 -0.3810273297426368,-5.629489567078389 -30.277937723304355 19.80346982192153,27.962472675364403 -67.49814977176723 -19.047871937243738
-17.7642564421447 -5.096823962369775 3.6389680683279413,-16.108859948134256 3.4739611721231545 0.03871417505405672,-24.29290037231465 4.2244582528411065 2.409399559251774,36.42011447260962 -3.865039919552668 4.353790026722916,6.693490813274216 -5.809174592798398 2.352249753243189,-13.963680085797392 20.1247473688898 -40.77626515413268,25.533184542532 55.75729401466341 13.677006259387962,6.449485577292851 5.346520800409884 0.83773360834144,-6.923842164014335 -32.04128913284247 21.412011346754305,27.66677458495624 -65.21842655442897 -17.93938710512675
-15.76212527109645 -3.8611929228729815 4.446750282356037,-14.509522613668617 4.13759519686262 0.9374541502330516,-24.256513217113167 4.521112663753231 1.0820148989175138,35.14835784156645 -5.214620802114995 4.45343972093079,6.462678808885361 -6.452934515639774 2.7844522084682524,-13.764831450108437 20.763822829185685 -41.4114762721859,25.251543779510687 54.45925911290769 13.10521074134909,6.069255513843503 4.85162732665205 1.664913235628529,-8.633168372092037 -33.55153636998932 22.647631341940187,27.669255636468222 -64.7934766215179 -17.709331996848356
-13.329249110149656 -3.228318476678814 4.772241458775772,-12.7152559456122 3.940236711225923 1.6780839182226355,-23.698136902027375 4.703281061480069 0.05891794294259434,33.04213649629392 -6.123997897693148 5.064913964583264,5.460345160105634 -6.827598105423955 3.1788505071544284,-13.423517133488584 21.55139862329478 -41.38717986575067,25.284720164444103 54.599239979917975 13.187347544415374,4.960422744467394 4.5219258338973845 1.9504283164207097,-10.413724498802473 -34.38807692231349 23.289168803177887,27.922124483408297 -66.02553559553223 -18.26959682391326
-10.913217141667602 -2.80572650301226 4.546263223361444,-11.037215180622377 3.4277128139467528 2.1136968432270296,-22.920882028365362 4.712488275696791 -0.49116829323601013,30.748072159942865 -6.524449896174083 6.113337211024194,4.006423117502486 -6.908155876937487 3.641100498332944,-13.301504477600435 22.474388549663328 -41.08339765240294,25.529991208846106 55.65412196326225 13.674453574095633,3.4375092672658427 4.361546839546435 1.8117355981947205,-12.062031329173141 -34.57654956153447 23.377886212210445,28.279364892343757 -68.10919626807302 -19.24364747228158
-8.980503786539606 -2.1471653898774856 3.8145580591208357,-9.80738299451254 3.258606406783536 2.130676319238132,-22.290329138167586 4.550712525999124 -0.7007116986564423,29.01715392698783 -6.547469537818548 7.439628208982127,2.6863644157742246 -6.739041377229512 4.211367228552492,-13.661019995101991 23.568799303644596 -40.71602818986027,25.842289592776815 56.94812956397707 14.253115494058557,2.066129395950586 4.368046920453182 1.560978539777837,-13.55975824827263 -34.5792542760648 23.14001854526461,28.572979911721518 -70.0492976042215 -20.162164164376893
-7.865841916634077 -1.054888089703024 2.71705742964068,-9.264129018223562 3.845920723577893 1.6848973305500394,-22.03693963927765 4.289371921960894 -0.9006939237135694,28.344549577559377 -6.432535091299158 8.828219853594252,2.075432386351551 -6.4016156367973025 4.818673667769305,-14.52547857216706 24.850612403895095 -40.229724393296884,26.109706446942752 58.0129910540095 14.713089185441527,1.4026015667687943 4.543317209984203 1.5265305504976383,-14.982418004062744 -35.01959107948394 22.84444719411399,28.69579077626515 -71.13024865147567 -20.683992321989372
-7.682851604965718 0.26424295947652376 1.4605473583722794,-9.46421773648739 5.126844740458225 0.8376078242833087,-22.131444553529516 4.046059437971225 -1.3956522701968113,28.724762312913224 -6.389928176696603 10.04232151697184,2.4578560196674437 -5.98236564420189 5.302839836171005,-15.661415897986666 26.24982188116868 -39.40189936966592,26.298548219709904 58.77114089238323 15.029419165601256,1.726349864333884 4.881702563924053 1.8700414224956914,-16.34143719510187 -36.29073121102855 22.673578914979686,28.64741201980388 -71.20308810143776 -20.732781490153048
-8.316147089080083 1.294127541304682 0.2867674285198676,-10.256864965360695 6.593103477105183 -0.2317252597525925,-22.303076946001305 3.9388408078260455 -2.2512645705549192,29.65174375221439 -6.496703813061064 10.872113588788554,3.6846471052965244 -5.556356061334331 5.500838623528831,-16.681249169050876 27.580220311506338 -38.07888682682547,26.447013480869256 59.459509475948025 15.322144718274854,2.9002578410702573 5.343976595490646 2.503444240738053,-17.472117502343924 -38.27454665047706 22.66503037162806,28.52084557952602 -70.66238411583583 -20.48874237607085
-9.478952332725806 1.5164329046556257 -0.5693018750543715,-11.330872053476496 7.574373949365578 -1.2557158127180585,-22.194226854530967 4.03843873112184 -3.2262522997931176,30.3698996102452 -6.682145853015007 11.193007027667743,5.2433398342485305 -5.187236219461873 5.353558545995783,-17.20882116074977 28.562436390544025 -36.38085505085563,26.61690379499604 60.36619206213872 15.729702201528621,4.430434323777283 5.838794663722748 3.153088351841607,-18.05440105142973 -40.34401931250328 22.735960811555195,28.440195169888078 -70.1542637957435 -20.25384091195744
-10.800999199777205 0.7584669598329726 -0.9335693261166453,-12.316793502877177 7.624627974383939 -1.9548198030588801,-21.56987643604213 4.339061273750214 -3.898344929472777,30.251663608609416 -6.805019626741411 11.01662338014147,6.503251679702759 -4.933125790063602 4.969788349044934,-17.028249050164447 28.89940008730585 -34.72920350025413,26.836540213767645 61.559166716273396 16.281512135439957,5.695435767748789 6.232398746722201 3.5324798593558784,-17.772806333382285 -41.666599361396464 22.758974404041762,28.486735892688312 -70.19603865491183 -20.273999566049525
-11.914699743736389 -0.6277407916547251 -0.7499356843200563,-12.905336155535926 6.796281261762678 -2.1360107911749697,-20.46760701512618 4.759529483055489 -3.9186671941681466,29.110112229239483 -6.770107682246549 10.507664493383254,7.009861078689166 -4.844512644124335 4.600777668614246,-16.15660498859512 28.38567906876236 -33.659703597441165,27.071728671502687 62.78410188718373 16.85266465925663,6.229498327105469 6.392055600940026 3.5206296967996815,-16.53256985877902 -41.6532940955482 22.64048254332488,28.655840298099825 -70.92150000959982 -20.61819098635588
-12.52472835648207 -1.8830582241636749 -0.11787427461335676,-12.939292875480866 5.64003589134274 -1.7738624566959744,-19.20334272943212 5.172859498885142 -3.2472512320972506,27.288042393728045 -6.608202235429031 9.945270256056334,6.679622825003552 -4.947734552848967 4.525176668697423,-14.824911261342345 27.016934544375328 -33.52157255942124,27.243335127253754 63.59967639352718 17.23114720029085,5.919765123714713 6.247260656806306 3.238061868872898,-14.603669233133303 -40.30711628890195 22.363768997043863,28.86809142148833 -72.07869354938184 -21.17433012837535
-12.461705124355321 -2.2206620172518523 0.7150144948601773,-12.449674792336678 4.915124492403497 -1.0343199231652282,-18.224847124940062 5.451199297526794 -2.224319282661332,25.48154482242822 -6.466206468480334 9.629321106415881,5.802941172612534 -5.220741623245019 4.896533204031222,-13.39278423721253 25.0563984159466 -34.24390107425048,27.280650980698866 63.66851833314776 17.256975804555786,5.0257748787154535 5.837807383716301 2.9714929734348647,-12.59211625965806 -38.26968971647012 21.98687642553566,29.02541937064659 -73.25226903285086 -21.75020128646811
-11.723064997523473 -1.2768836537615469 1.41777187929943,-11.629922502463414 5.157385190624338 -0.22336112688411958,-17.888177633949233 5.508649262781769 -1.4203393347183375,24.394398226850683 -6.5097283703617 9.761187784589193,4.866142029616817 -5.5779024252284435 5.6341363193744165,-12.240010254967203 23.017903947685888 -35.32437450685366,27.176627773018396 63.019488352091656 16.945309623698776,4.023302859767351 5.319171544936849 2.9880760878715713,-11.226745931323451 -36.52506140225514 21.610101856102848,29.076261820055542 -74.15167591284805 -22.206630737708906
-10.493542716800434 0.6158138205240151 1.6847557419515669,-10.764184321856062 6.341046537204641 0.3235698616149014,-18.276155881360438 5.327676995198753 -1.3349406071562044,24.405462604628042 -6.796913878253822 10.348880092276254,4.296377366686094 -5.880386241103276 6.424135413257739,-11.670971531808059 21.545579124940932 -36.071919677744475,27.008117405072664 62.104918696423 16.510978261554442,3.3629574027014106 4.914248195954755 3.348883453766204,-11.052258262334 -35.90821219393086 21.335978954678392,29.048485276954377 -74.7759073294167 -22.53528463010089
-9.125502255010609 2.50613247659199 1.3493243844063127,-10.137799382667188 7.831759828327315 0.3667526111596495,-19.1574680000827 4.962682359010246 -2.108267081927635,25.418903558585207 -7.205227615485274 11.184769983813187,4.266615316507287 -5.976934142751239 6.845347974447469,-11.848211454823506 21.208469508016115 -35.984028988854334,26.90374158607724 61.59277236409702 16.26800987058065,3.2702538217947286 4.827399018768333 3.8377546339884208,-12.178371203810759 -36.67766950347321 21.236504654858386,29.02856191018431 -75.3519332795464 -22.83284642552889
-8.060288665408468 3.245948945352252 0.45347274327590686,-9.957592796809982 8.678994548707383 -0.15116572847808873,-20.110307739510603 4.5225350676519716 -3.4123185926803696,26.964368407057492 -7.467007999591294 11.91692859461826,4.655708545211386 -5.762525611511081 6.568755772777382,-12.756633933794719 22.272632712836778 -35.049647433168126,26.973080439544173 61.99256773994705 16.452792650700275,3.6815652470280433 5.157804081753862 4.059602628805234,-14.215634585323015 -38.38309513024372 21.32950844676245,29.098923615634646 -76.0942405087539 -23.19251581606203
-7.692839953483304 2.064921331202193 -0.7619465494592113,-10.300100383853689 8.112927752931952 -1.0934017004723797,-20.745660858915784 4.139438802172687 -4.597657172086652,28.478328280673864 -7.30775097370945 12.193085274988526,5.167573591202499 -5.229407835031372 5.536075879607702,-14.19845954533145 24.542675205368866 -33.79608732893939,27.235582692558328 63.322538365374264 17.069512751482772,4.330729587081079 5.852482397442753 3.6651895304409914,-16.43802626087543 -40.10303878283601 21.56102621822775,29.27265570854571 -76.95463657331379 -23.59012139113096
-8.215593382768544 -0.9885240547938129 -1.948187033867272,-11.094335896376101 5.992873128311722 -2.1941503601154437,-20.910922560094797 3.933443765919341 -5.0307931311883305,29.603552878321665 -6.6178475422217105 11.819072036355156,5.526417951341944 -4.4843702121666675 4.02589258628894,-15.825991950511547 27.358193217863768 -33.03353792359062,27.59117651613299 65.01775296939516 17.850956513856854,4.920328785219841 6.722327823217695 2.582049906107081,-18.09745752991567 -40.92916772887649 21.79701708945989,29.468892539225887 -77.54766790442518 -23.849982654329825
-9.504978726923829 -4.973323988458281 -2.7845575090277563,-12.137788360353053 2.967104895986768 -3.167913264981418,-20.76469940090821 3.9813732938705577 -4.447009657384948,30.342077352756135 -5.560965054001325 10.860708009963354,5.6301064335616005 -3.7196626751679993 2.566614952415117,-17.220967903849083 29.780071667330517 -33.42048957715724,27.85397456802075 66.15440349775429 18.36758636113316,5.274078779823041 7.515213874969145 1.1188670493000903,-18.736805807111985 -40.439750064352886 21.837787282161187,29.54971287954801 -77.33286721387108 -23.728019578899136
-11.114098164154345 -8.406104866604435 -3.100284601530522,-13.141165323816844 0.24448114710321256 -3.812601285996886,-20.683263662234012 4.29726955068703 -3.125777216026191,30.986899982716277 -4.548537361561076 9.638103580719967,5.578052629636673 -3.1463791723961654 1.7294744154031345,-18.015612538050668 30.921188508403006 -35.0819343390744,27.836470676370606 65.89127814436777 18.235616716368995,5.390127064287768 8.013443077202899 -0.12725660889290769,-18.3485344638341 -38.910181089629916 21.46886241769886,29.40218069498494 -75.96927657822893 -23.073464381032544
-12.400140413384992 -9.88225120286842 -2.9283353235460794,-13.795966602932012 -0.9252124825296537 -4.063355024589577,-21.050311486448265 4.829232529074868 -1.7844273185070985,31.886673257465482 -4.078015050002137 8.607141863633217,5.570226085757399 -2.9175509454461386 1.8943015026372736,-18.024364245970553 30.300073097931413 -37.495034337973195,27.442933666628278 63.903132715511184 17.31685544757794,5.381652706473653 8.112160733671201 -0.5268786827381708,-17.30598063400652 -37.1493766860185 20.545478415793816,29.01902757510105 -73.63022718321005 -21.971944465063054
-12.755841651383125 -8.67838593789736 -2.4691431419132526,-13.855273693334203 0.18470068775993131 -3.981543247201407,-22.044479924078964 5.474264027409356 -1.2346007532100014,33.19201903145792 -4.506488700561828 8.174086375750655,5.751211595987381 -3.0738773734139415 3.0950787133004445,-17.33282859375797 28.064441935129807 -39.71876137754626,26.723549628101438 60.57511207360021 15.802952378582395,5.359512108859837 7.845986596519216 0.2858706788121089,-16.112135876509285 -36.051261726505594 19.08070316979685,28.527027471160476 -71.06013638236853 -20.76992483350059
-11.858401344923472 -5.055708790301281 -1.9854183356311181,-13.211054565126577 3.441263014836549 -3.6958195026460747,-23.53908473376007 6.107999570031646 -1.9747330170222812,34.73838637015423 -5.870363551697274 8.521886226740964,6.102401828339396 -3.5347513013479386 5.013724923818472,-16.291528142443937 24.968853340015173 -40.85801495345286,25.859804696164083 56.848778307324665 14.135985239823867,5.341451593266403 7.357094872829968 2.2266249772743203,-15.104219598161183 -36.10198407789921 17.287660798316427,28.138009230803473 -69.28515189409683 -19.94043547781244
