-1.0 -11.7 -2.3,-0.7 -11.0 5.2,-12.9 3.6 6.9,25.6 3.1 3.5,3.0 -2.0 7.2,69.1 -39.1 -45.9,30.0 87.0 28.5,3.1 5.4 -9.3,50.7 46.1 49.5,25.7 -123.6 -46.1
-0.9677965288906129 -10.999041747805888 -2.5979621787674736,-1.168033728078277 -10.463540713221036 4.608970995454711,-12.530433852584625 3.6633424881683965 6.533886615571824,24.633680940028984 3.117074260408534 4.573691669740417,2.8628926970123887 -1.822418211753374 7.669188668930703,71.43809474695787 -38.853420690776915 -46.24510795590772,29.998800542169967 87.86101006976487 28.908243658517797,2.9628928100166996 5.4243083058519606 -9.232231046062227,52.443616169772596 44.32315140922056 46.83411779247789,26.00426636207661 -122.46102715475425 -45.6288851874972
-0.8941730862779668 -10.744509941583981 -2.676658895004042,-1.3005315761151295 -10.26379014149463 4.452929493072311,-12.423580653418194 3.6566276931909876 6.38788892259847,24.33325573203461 3.114071249783918 4.898195315455827,2.8010809116241324 -1.7677250544257488 7.801483386666877,72.20992164860527 -38.701889869495446 -46.24950286253382,29.999011502089825 88.141419735519 29.05125734793464,2.901081004753314 5.422245897499578 -9.239724365169929,53.10075842355076 43.74228973601127 45.94366383776869,26.118178604466504 -122.07314359677417 -45.46060493661878
-0.8045580321312096 -10.792077422981164 -2.606329194664357,-1.2087060470176594 -10.294200148707063 4.587888695745412,-12.493256831119812 3.603536292878734 6.396589512386185,24.48405972426575 3.1007786377548117 4.718309250048309,2.798802574450783 -1.7969568158893487 7.708758715802762,71.93293845804952 -38.60430752214536 -46.016448845067366,29.999945301106496 88.01431309313013 29.005979439574137,2.898802579604121 5.401432374256164 -9.296261846936057,53.01781846023596 43.97334406478644 46.261575922720716,26.10311761734909 -122.18538802346654 -45.49465251332464
-0.7243797264194893 -10.99741703364431 -2.45721212370307,-1.003769643692969 -10.448222598744612 4.869861806366626,-12.653278814308603 3.527748965042599 6.494570976241217,24.8714282649713 3.0869840939498765 4.278831786419941,2.8402956161078916 -1.8711497840163973 7.502889218932601,71.12460292839793 -38.51957363471644 -45.64921002869744,30.000914360566913 87.652774238466 28.849348304759925,2.940295529963399 5.369487335435023 -9.375625380973556,52.54118797872964 44.63224347996035 47.22079183418231,26.020464290903803 -122.54679913223816 -45.63052118357467
-0.6790665291119542 -11.216201615220296 -2.2995467280748336,-0.7969348690481608 -10.61930935549356 5.154862027828563,-12.81746303160368 3.4529463874935438 6.616415905469817,25.280696702400135 3.0824752879977737 3.824561237472803,2.9097979672110097 -1.951340246679119 7.295749458650633,70.30237281275785 -38.40658819319845 -45.25105053861314,30.00123110181801 87.22988726739436 28.65830231481564,3.009797851225429 5.33403038034946 -9.451596856895378,52.01725867793329 45.33491706594733 48.25424935900183,25.931599515310054 -122.90641562049584 -45.767704213328784
-0.6940468001777516 -11.304104009356 -2.2035720537342978,-0.6994142259903363 -10.700912282840177 5.298902563023834,-12.899625911624161 3.40280923804253 6.696706891378231,25.49720038480114 3.0970398895271636 3.60029591610897,2.9915475583756863 -1.9985644917497365 7.199213997551096,69.98370586423657 -38.224251183581146 -44.92523450000354,30.000207946206714 86.91873627578293 28.509779841064894,3.091547538784487 5.3026811083127825 -9.497958164314472,51.79242225674834 45.697293907161665 48.7948862840276,25.89790418074727 -123.01327618564632 -45.80569486854685
-0.7840024233589028 -11.160052359229137 -2.221834793701228,-0.7903784056991531 -10.617697983181415 5.198461637400674,-12.837712190464913 3.396623460763528 6.686778131946849,25.36474920111446 3.1359354384408396 3.7807564582529465,3.0684535869997487 -1.9842113782267208 7.292637058388617,70.53085536293702 -37.95862487595499 -44.76145056165725,29.997654287968068 86.85126335109803 28.46327325744938,3.1684538079959084 5.282640312179695 -9.494719949772328,52.11027068678088 45.43989415896577 48.431078542011754,25.96183657308188 -122.69604027129714 -45.6759230476345
-0.9050331387307455 -10.91877194142838 -2.3104355186081396,-0.9743289354082552 -10.464493608037639 4.970603993766866,-12.701196972418172 3.42971803767933 6.629281668148662,25.04591463907974 3.179724429975736 4.158649856122947,3.1161819421992885 -1.9361046183775943 7.4780951051148925,71.46001020998871 -37.743840990886206 -44.775383532217695,29.996088663991422 86.93513361820241 28.4831717707482,3.2161823106973064 5.278825749919063 -9.455847611632423,52.65400495509152 44.85339409255353 47.59854026309946,26.062702400443943 -122.21740298951099 -45.48391445032085
-0.9933746866607218 -10.794941989431514 -2.3927719031705177,-1.0965406223230252 -10.393824250426814 4.807190724844038,-12.604154603659817 3.4892986378473587 6.597833542834977,24.81135368671243 3.200595777773343 4.397150134516784,3.107942456268523 -1.9012038221801113 7.597553360803972,72.00047628167991 -37.76423855336703 -44.957625040614886,29.99894822570507 87.00196449798635 28.501617060311524,3.207942555359151 5.295381049338803 -9.406819906050519,52.91680899479605 44.42179818818496 47.02030052789706,26.104830454009424 -121.98723201811511 -45.39422708089383
-0.9978185819638765 -10.956380945619651 -2.404616486652912,-1.0328956618295329 -10.5239816527935 4.862572999762103,-12.641644108696482 3.5623707863960234 6.650429916466905,24.885040767072503 3.175257111512169 4.227938198034354,3.0277955277832334 -1.9173654502933757 7.527320653040811,71.55194581066945 -38.145117894502995 -45.27815195315654,30.008004653926047 86.90395904472243 28.458034959017052,3.127794773642168 5.3335882383266 -9.369302057394378,52.50818855206214 44.538774284075345 47.2780747866942,26.01544492045788 -122.31917224902426 -45.53263380181298
-0.9474421655982228 -11.271233661385741 -2.3609385251240655,-0.8550458567801944 -10.754339801059274 5.051171279444151,-12.787059316483093 3.6347037478902977 6.745155946137049,25.192269814999598 3.109316560353779 3.820859960405653,2.929107845644032 -1.964212963290921 7.3633401128901985,70.60370777698195 -38.634488936410726 -45.57542104898935,30.014388903843503 86.62517598170777 28.338535492539407,3.0291064900247413 5.376458656951889 -9.34054602860696,51.78148088220586 45.020087503363385 48.04964305466602,25.868164391177356 -122.91161394455341 -45.77691429821048
-0.9028987216742377 -11.489785127572924 -2.3078548775087744,-0.7116380450580138 -10.898173615256718 5.193042688632632,-12.965943850241711 3.691580572887676 6.800802379024956,25.540865486260355 3.019748649903487 3.5180890560103113,2.8925038550522255 -1.998467125359686 7.287935751009046,70.07358315198837 -38.83197550270686 -45.63616303062713,30.00504699584966 86.20153209124533 28.147589304967376,2.9925033795604854 5.399817891239821 -9.308202190520266,51.38256779761194 45.45421723077588 48.65727285762437,25.794183515784177 -123.22097134034071 -45.907313997359005
-0.9154468836451436 -11.402726932702418 -2.2857106136543774,-0.7286880311777507 -10.800425536183438 5.137303925907221,-13.109473823074 3.7202108204051982 6.749785771349278,25.759130249808482 2.9240716125546826 3.6071432206235583,2.9830566539604546 -1.9839264732119064 7.450532007683414,70.7177351365685 -38.41841108823861 -45.29995727096283,29.97032679403283 85.68399448071267 27.89880720919995,3.0830592830033603 5.383948543166817 -9.2629426244456,51.843004453511696 45.486778631510404 48.52739295765979,25.9008625605889 -122.80103956491456 -45.74324242699412
-0.9651904135804269 -11.106466592471234 -2.2909241649251357,-0.8607879478406246 -10.545521419139353 4.953108774005099,-13.192005674731961 3.7222876985333 6.627607327741814,25.83133967268173 2.8436844738325844 3.961782156330997,3.1485034985617726 -1.937980500195845 7.751807782218169,72.06999894109781 -37.687469691002654 -44.804394025754156,29.92621131264294 85.23567911580648 27.674144951349348,3.24850853277936 5.342750404237153 -9.218315807536117,52.830087537745094 45.196765771993306 47.87544442988928,26.115445857213356 -121.94164022215213 -45.40012402236206
-0.999879980056659 -10.8364162442115 -2.2999411538805816,-0.9845860572407732 -10.326776773059084 4.809658703435433,-13.207529316548761 3.7060899216457948 6.516639355303364,25.81268803944991 2.801750799912676 4.26763575643519,3.2832307305623702 -1.9023857345050597 7.979340964994869,73.10843487274771 -37.21147504455221 -44.56803335724023,29.900339498879497 85.07069443017065 27.58663373267253,3.3832328796918656 5.305408517050544 -9.198271784104875,53.618147881369765 44.8602238528411 47.27562086537135,26.28328162024304 -121.26725553588734 -45.12797692665546
-0.9751106097691815 -10.80544459559639 -2.2925989216831755,-0.9897229223286913 -10.317729437354474 4.854015976326281,-13.154374199795187 3.6809846111335927 6.492677769175265,25.75577586926237 2.818127662145401 4.24618678406407,3.2918429224822723 -1.9134310529323801 7.945873841080689,72.93434774472502 -37.4789824786296 -44.933349607279936,29.91615611064212 85.3578818288201 27.72629095683903,3.391833788462148 5.298605807960331 -9.222331511716176,53.56297039772685 44.73381950642218 47.24280062410317,26.267384156630968 -121.33100448695194 -45.14864779531634
-0.9176795723830397 -11.019737491599585 -2.279788705947157,-0.8848582554657867 -10.511175739556943 5.03189721113217,-13.068580267229278 3.6657228038782246 6.570942003644732,25.68696641986473 2.883190621583552 3.9461509347145984,3.172195578150287 -1.9576948990929377 7.6929793525302586,71.76984058593212 -38.22118235834581 -45.55813911365318,29.95928819792675 85.86127042921802 27.97709667852888,3.272176918008665 5.3260916771077165 -9.270165559030533,52.76223908143932 44.89308291530452 47.74836036037237,26.091524808068364 -122.0364467246795 -45.42745097063596
-0.8916960748512409 -11.377173262011302 -2.288674841715015,-0.741021082867471 -10.805198474655391 5.183508360960368,-13.005948798257828 3.683972967051311 6.734907747851571,25.61887390106152 2.9718661155234094 3.587722977321138,2.9710102589226204 -1.9957060798499306 7.382144011069206,70.42434557379683 -38.77238493821692 -45.741408073757505,29.99554528972403 86.1327565555819 28.11506170420975,3.0710009348962517 5.379597724967356 -9.30056179284876,51.7024134886888 45.31862377116104 48.47886685853085,25.863716032095944 -122.94675491014559 -45.79527079408817
-0.9548544661788578 -11.77260086556553 -2.341490152097086,-0.6261845227086208 -11.098385523426252 5.1644954446805995,-13.01664814398177 3.7559346168189913 6.962009253305934,25.56447299770927 3.0576257888898 3.3767728412169697,2.7387682120283667 -1.991753776932841 7.167271912652753,69.65718354821533 -38.53378808979697 -44.87225762864152,29.993861049318852 85.77420076741535 27.940817426988538,2.838799760340113 5.449111066047986 -9.27640335209856,50.85174157487463 45.972312179678845 49.1295032736075,25.687567396513742 -123.6436856445181 -46.089338011741766
-1.0933289811234308 -12.078846627567422 -2.40664362655058,-0.5700891595192524 -11.303521017758257 5.004113403979915,-13.0892578418908 3.864555579639598 7.168565900878302,25.541844836784364 3.099953099507881 3.3512334557166845,2.5612666464521894 -1.9524419599375082 7.110654749001991,69.64136638692115 -37.653059383020626 -43.32884796618569,29.958154149973 84.93719711809074 27.526205060911124,2.661335629770362 5.507237818850148 -9.20595798276689,50.449030873912555 46.626118857136056 49.51342058316064,25.612128240772424 -123.93786922572042 -46.22674100431132
-1.2502171379330909 -12.155472594496743 -2.420126045360101,-0.5794480417217646 -11.341939521696109 4.836182202992383,-13.175262356403305 3.97034691024756 7.234087455224866,25.57214616618305 3.0499063904429624 3.4478889388199505,2.545573649851243 -1.9098608849436922 7.2194058664528304,70.19677083614343 -36.72746667046083 -42.08505163602637,29.913414810662506 84.10444531035296 27.106416070426043,2.645612959074801 5.516115491112595 -9.124828675935778,50.594896467202936 46.937637714782646 49.514822034474484,25.65358616306259 -123.7777870646857 -46.17266657524111
-1.3694710177516785 -11.880560676645626 -2.3257959375744086,-0.6588929665369886 -11.146646315556422 4.785378840955967,-13.226522614448685 4.035642791558687 7.050966611478274,25.6695198151571 2.8665944623470723 3.604727244032825,2.7836127867379976 -1.893854723477022 7.493204018565629,71.13306272935523 -36.319497848908014 -42.04304866775855,29.883664071590406 83.73440994134425 26.905386919241785,2.8835045558430235 5.4427391043872255 -9.067549964083073,51.361569176202906 46.59941358024879 49.03941681249006,25.822230253189847 -123.13381711897937 -45.902372129922846
-1.413525654621294 -11.37115421391596 -2.173732204597138,-0.7905066350070716 -10.798264536713644 4.841197676490597,-13.206223362545046 4.050011674278941 6.682667602405183,25.757950198477985 2.6134679519817214 3.792879127822448,3.170067736933434 -1.9010936974743684 7.84642355422136,72.1914493153878 -36.46830264097618 -43.084384687973724,29.8768395268757 83.91775822350233 26.974563151808884,3.26981339799404 5.318007409949939 -9.05020454496457,52.48287378437762 45.770650583755675 48.25522375198718,26.058753413836047 -122.23190840705055 -45.51134352979498
-1.3575828959499419 -10.909355451584242 -2.087383824408776,-0.9407963093323385 -10.479382070323904 4.899757753536729,-13.085371100156227 4.02183365766135 6.310819675054005,25.699146202901034 2.4260500028771323 4.006368224333897,3.4633817856619453 -1.905333637144125 8.134516126353741,73.06585113633079 -36.85154303332381 -44.385617921645554,29.889769379428834 84.49110702390945 27.246244882429256,3.563219531721367 5.216959670350046 -9.076129797368257,53.45888634723073 44.93289053903408 47.511448014519296,26.255776059651527 -121.47454169819947 -45.17811257966162
-1.1818153012104151 -10.762570459032334 -2.1818990366566813,-1.076464352678377 -10.363073289022298 4.862271783685643,-12.841011042989178 3.95972728162384 6.110142788376848,25.36803810651254 2.432561508831221 4.2377718584528985,3.437152595147056 -1.8818851597648483 8.22056697052844,73.4676165627863 -37.15155821312495 -45.148817201916756,29.918776505783814 85.28443361650393 27.648445452824184,3.537521039506409 5.210334509390981 -9.147374463647424,53.815917509010845 44.54576435448715 47.1406211510288,26.312111447006416 -121.24116648829556 -45.07128308558203
-0.9399192521703594 -10.91792294655851 -2.420275947757334,-1.1720855104845496 -10.44248823221052 4.738315737326518,-12.541894190421184 3.870192983101342 6.111002448105352,24.864968516170997 2.625040212398471 4.45002135745409,3.1434638301886313 -1.8374025126627804 8.104930550030252,73.39442733434073 -37.23572088894874 -45.19238295201491,29.955752593914482 86.10301731249243 28.07931182625229,3.244399090773149 5.288140559406943 -9.249853235037403,53.56172778567027 44.62737271502301 47.15916562277668,26.238018215632056 -121.49746325557417 -45.17894165079506
-0.7437368209371186 -11.140877701539456 -2.645186023647235,-1.208460334842255 -10.568485308656449 4.6231637476153535,-12.329296281882753 3.7580561152761645 6.229602666809756,24.468545464258856 2.887824567732259 4.582602763218854,2.8546374452228793 -1.8033277867499586 7.896519530900581,73.07040950328388 -37.11773595805763 -44.82213619797473,29.989084963961027 86.73260524904333 28.413371394254387,2.9552963338742013 5.376541824711123 -9.356721325491893,53.08482823469193 44.84663587872146 47.33351170252659,26.131890640057474 -121.88188676528976 -45.34641438202876
-0.7008225998408716 -11.20153197095346 -2.7037687249416944,-1.1688155863051422 -10.594899066810731 4.609427848221497,-12.337379076108387 3.62944490918002 6.380604200206162,24.445481888630283 3.105385670835909 4.5786148476366115,2.834541390022703 -1.8099446845972038 7.7046908495850115,72.72038488180421 -36.822675105652074 -44.35286802936398,30.007577675535106 86.96985466945172 28.531197100894946,2.933298263405391 5.403419937167125 -9.441495340310333,52.770088402492206 44.879168669613584 47.433268176480524,26.090279567232493 -122.03960944229846 -45.42172836042307
-0.8051983714780893 -11.076467213526733 -2.592997110137267,-1.0799758158901758 -10.508160440612595 4.693056179415228,-12.524565550870326 3.516547839629252 6.509088972115124,24.738564692424475 3.2215901331204884 4.463339351038774,3.067462997859333 -1.8520722326882586 7.590100712535964,72.46312630633321 -36.518038662048085 -44.01549408884321,30.00993693943046 86.83255254324955 28.442647754778438,3.1640328778183457 5.36353780486726 -9.491408386736117,52.73109045160368 44.71420995591698 47.421383874134044,26.127605409348483 -121.91828861178726 -45.38043728306948
-0.9481959374021571 -10.92902904752513 -2.4453681392540605,-1.0081996050650714 -10.414633274532994 4.7825647690758615,-12.690323645940097 3.47512476971553 6.58765473357298,24.99759095106241 3.2340275766894933 4.3363921863291335,3.2848100311036523 -1.8924517971052355 7.5693557069679365,72.32148573073414 -36.500153108356486 -43.96506500636798,30.003825423341308 86.53849680991308 28.27452072182939,3.382168958699204 5.31215218789404 -9.506100094214528,52.836038170029184 44.62467032354663 47.435682935716756,26.184001922535145 -121.7391780047191 -45.31344217093246
-1.020797416290083 -10.92283203550731 -2.3938177302958965,-1.0186748653743702 -10.42054251977383 4.786486762777463,-12.636553488578231 3.558680155444301 6.5908542805033346,24.87604029767982 3.1433335895044725 4.297087581342568,3.2196912404442557 -1.8941234243541913 7.655907148017771,72.31302897788898 -37.05489070029461 -44.34609569699927,29.9970917077809 86.30898901105836 28.155366731907037,3.3238417720133966 5.304656665320626 -9.48576578199033,52.94812312002427 44.88028982204771 47.61266364202742,26.198975073993964 -121.72558587076627 -45.31254565138237
-0.9958853195311215 -11.063564515208418 -2.4626438980011782,-1.1156824902361362 -10.523081459291818 4.690783503934275,-12.364619521965688 3.744820927266191 6.51679789539763,24.375480518516916 2.9772868941774515 4.371891590549341,2.8695329287827387 -1.8556825726973463 7.8248708308081385,72.41058302966898 -38.099088965345516 -45.11236512554403,29.994240422767508 86.27481160735798 28.153600620933297,2.9820799848171213 5.346506850003383 -9.433257635598292,53.024135304255104 45.42344462921283 47.90238290557897,26.162115110605278 -121.9100632400458 -45.38999383317958
-0.9310281492827756 -11.193617209119433 -2.5638117589579728,-1.2405247840291542 -10.606703320169933 4.561478023461039,-12.082134690142045 3.9326750616779598 6.38795458509453,23.857406735253136 2.7917325408960507 4.5119443812934525,2.505068925948453 -1.81248942364218 8.011723161851911,72.54071436843681 -39.16799908502434 -46.020428990992414,29.996318513302693 86.47314924146106 28.275455987473762,2.6155431295719835 5.391521897316975 -9.354175072261077,53.117646638124 45.85801274348531 48.06211502245727,26.11480002661011 -122.12791588414466 -45.47577042831874
-0.8867593058311285 -11.153106391002911 -2.6060167814646262,-1.332291817552412 -10.554549995174856 4.467114369468254,-12.001669774758504 4.020389934300333 6.228985869475049,23.692216230552706 2.6430803793248043 4.664778206363035,2.402667374263354 -1.8007393690691087 8.150985273304567,72.6284296898507 -39.79061836471968 -46.82082580036305,30.004041903754565 86.9300357458953 28.521090431648613,2.4886911314696123 5.392531166334913 -9.254430947648354,53.283464153757656 45.78597594075451 47.85007688176748,26.09980609051212 -122.20919711139638 -45.497804916661075
-0.8936874002625652 -10.949139943220654 -2.5587013936835925,-1.3520954395784976 -10.373273733576486 4.438994293570032,-12.191075165266916 3.989937639389212 6.098474893819978,24.00569408901392 2.564559040670051 4.773726993255154,2.617224406661435 -1.8292896234992846 8.20491576323372,72.61698125236983 -39.85635213996066 -47.36196512900009,30.012682946182608 87.4546204352696 28.78885953366352,2.661028737414908 5.346578590851709 -9.145864195007887,53.47384008521591 45.24494396789024 47.33679141517488,26.12844059102163 -122.10613995286131 -45.439310789012225
-0.9470423539931414 -10.78625217806708 -2.463126335582518,-1.2870828251012787 -10.215547347885455 4.464389708387682,-12.547105046884559 3.9223923463231216 6.095108767054562,24.634431744205454 2.5619910772334578 4.77716118429022,2.9418000763465013 -1.8746767429358875 8.168565948552846,72.4711921967038 -39.680699436292166 -47.607964974816184,30.011078309704057 87.59964012275368 28.856763069500104,2.9497516975627907 5.302980944664906 -9.047319874120149,53.519780887656346 44.78754930740076 46.962006496521504,26.174806502294825 -121.91542485627227 -45.34886125697279
-1.0395508567499436 -10.875711678134838 -2.364432076506031,-1.127026896253468 -10.239186931287502 4.527892565906226,-12.956733493466112 3.903028890829051 6.3166804083556665,25.397867037947826 2.639073821148519 4.615394844802362,3.157369119300766 -1.9118195888134242 8.03965488674045,72.15925641802843 -39.598222012937 -47.53140168270145,29.9880312356223 86.9162093281427 28.502468092789414,3.1606189590303866 5.3130541389912604 -8.97788175689694,53.25008134571401 44.98347320573106 47.176129301697586,26.211172202325272 -121.74114569629162 -45.278223527507734
-1.1443092417102534 -11.22972817726667 -2.2963444633606844,-0.9095722382330564 -10.461711337525871 4.608236084288507,-13.311211405341105 3.952189921018926 6.724053028348455,26.096098122970453 2.776359962798116 4.323875659723854,3.1743696385204365 -1.9262473611885067 7.848919243568262,71.74001566700025 -39.707035029387214 -47.18062900966076,29.94677193487935 85.51785691059897 27.785918675092695,3.2084152526252083 5.384626833159376 -8.94955809317788,52.69785710243298 45.86098558929538 47.974747076613745,26.223194048418403 -121.64780956172639 -45.25440881047649
-1.2078583728477172 -11.591229437055981 -2.2771479192634834,-0.7371230584604387 -10.71084872490136 4.676227928985516,-13.507575269741277 4.002379399845715 7.0928546561532695,26.50306089067218 2.9230926837603173 4.066745762254304,3.078374633151744 -1.9178426683100231 7.671761102778567,71.39493790987626 -39.78539443210805 -46.706510553955994,29.9100470722812 84.27893217749445 27.14891637678032,3.1554127393420743 5.466699189148024 -8.964785538521493,52.172624091874475 46.715948310355195 48.73817772079193,26.21463933088341 -121.64637149967747 -45.27093900457507
-1.1756917226052028 -11.687178560475765 -2.3236111087286178,-0.7152731781782953 -10.802855861712617 4.702473944194603,-13.445049797399479 3.9806934937571117 7.1884913561160815,26.3945478475323 3.0268587267467475 4.015184748429931,2.9666472173382226 -1.8876355002341711 7.585780917847377,71.3115340078472 -39.59260206019352 -46.26652732363284,29.90170615714593 84.11659090787961 27.05474025355732,3.0738438622794755 5.5046932024699355 -9.025148267871314,51.99966077617669 46.80128645610968 48.811045699637006,26.19057807529121 -121.74350731715091 -45.31890901617529
-1.0435584000877676 -11.433524818494472 -2.4273218465114272,-0.8651835162775104 -10.674020293862258 4.679225444396157,-13.12951242844821 3.8638635052783776 6.9519636554651525,25.76917287013684 3.069204975584126 4.214513308929186,2.8919619371937686 -1.8443679222839489 7.610252345260306,71.51762630500366 -39.11298629315973 -45.97861787322045,29.928649244366355 85.27606050758958 27.628996877380164,3.0054124403115456 5.47989008885304 -9.12184681770722,52.27281486204997 45.91302824065429 48.01678733268506,26.15711037856881 -121.91721532121441 -45.38642441307677
-0.8851037512268569 -11.039146042473519 -2.540837630241029,-1.077143993003694 -10.446677272539036 4.632284223009291,-12.732152333589468 3.7055551978550185 6.596443498896297,24.97092295873725 3.084316532827567 4.514970831126006,2.838136058386341 -1.8087357164458964 7.674042506167848,71.79351994393119 -38.67966664817693 -45.89942995429745,29.971504734476067 86.9610794039758 28.473900470395062,2.9445029247646772 5.429152855358831 -9.22998708489043,52.72721638529153 44.68901172477378 46.92099731337557,26.121932948245114 -122.10104369403103 -45.45695728829218
-0.7802473237853981 -10.736906792458472 -2.6136122376357487,-1.230784818399455 -10.258537794854908 4.590307912655361,-12.437507252993663 3.5658327454985 6.3571124947775965,24.371782559654523 3.110538740950996 4.750743930296567,2.783417972707186 -1.8022903174241693 7.6987913927995075,71.9002065096402 -38.65170716409625 -46.078313063232564,30.008718377743357 88.28972569425929 29.148587437349125,2.8817332865528895 5.393869333626324 -9.3233803573582,53.068751256495474 43.83543352900323 46.14974700718036,26.092872422262896 -122.22505642937243 -45.513614834681825
-0.7705557243486723 -10.650746952711726 -2.617913119883365,-1.2595058929606513 -10.190814478532529 4.579236619400123,-12.351728095287326 3.4850144495898254 6.343008588307766,24.189796462779963 3.1531483419613267 4.821514208525052,2.7386891540401415 -1.831061786531202 7.655571870012053,71.77655017414568 -39.02320800033019 -46.38245669020781,30.025684234893866 88.7334516282041 29.387093817568022,2.835055712361753 5.39237288572943 -9.383919083568953,53.14836500338674 43.69387045526104 46.02655421693929,26.077088954409145 -122.24984148876 -45.54253240971143
-0.8293492061104272 -10.710782630536235 -2.5666030508235553,-1.1923864884060402 -10.224185060592912 4.6201748024992275,-12.441481931807797 3.468282224047016 6.438705974307554,24.369084698362418 3.1585788360086875 4.743506976874074,2.772899343900224 -1.8734609960136759 7.603419112484961,71.6779268308233 -39.13884183754994 -46.3549094440467,30.020160394975115 88.39251383284952 29.234677212609522,2.87106169767418 5.401973071423846 -9.407875567079751,53.07512650980269 43.957084058686654 46.33656402305595,26.080556736929836 -122.19030208115143 -45.53523377615404
-0.9229206685815977 -10.82728808430186 -2.476788728145337,-1.0683907710103593 -10.328898004806502 4.733501918502504,-12.658906746084522 3.5170565732070056 6.506099117942056,24.825150540545273 3.06759963020034 4.545142896451014,2.960435027035921 -1.905127735037301 7.610116169191245,71.89083510625892 -38.280437400552536 -45.50844963234924,29.99123367984465 87.43289040448241 28.769137830498533,3.0608161664263207 5.395854470722006 -9.393081247864322,52.98431830364971 44.25194655648358 46.80982252881126,26.109051732636104 -122.06704739785178 -45.48391393702898
-1.0186962324901883 -10.930928189723343 -2.374327390047598,-0.9297318011167022 -10.465474725071749 4.906138009428861,-12.933881310312152 3.6121604251473483 6.474823048741038,25.417396162060193 2.8803029213222464 4.281679937573411,3.2945790247452735 -1.9129244033807316 7.696250641009536,72.47959997320254 -36.33553475672168 -43.82009597842531,29.945998522361194 86.15386890281572 28.13636920867952,3.3955578389597423 5.36254351653866 -9.34871424305848,52.952963100598424 44.35190563059723 47.235161384272615,26.157127792638676 -121.91649298927562 -45.39787025327874
-1.0864227351338658 -10.994125638928507 -2.3029964513451024,-0.8252760287011205 -10.574516671319051 5.056481793707919,-13.150699898447767 3.6922350616792023 6.413238269946974,25.89033464455821 2.7182676722852257 4.063336026506472,3.6025224784366965 -1.9066961141816774 7.7857588688919686,73.05355838261929 -34.432106404460406 -42.21758221940178,29.90794809135291 85.1277404953359 27.621712783636358,3.7030498576930015 5.321985125402698 -9.307189458259115,52.93877371498304 44.33057993101387 47.52179878930809,26.196357076409065 -121.80742414877777 -45.321423896567595
-1.0962266544434087 -10.9944888416489 -2.308631368563559,-0.8045904829402925 -10.594329604426141 5.094731842243184,-13.188359628768689 3.6909334426973848 6.406515442082152,25.975038422056574 2.7176127261662457 4.006793537045365,3.6915302830602874 -1.899084979821898 7.790958261635954,73.16733484526198 -33.84744795052323 -41.74293520947846,29.902522597894244 84.95873383262662 27.52684661161102,3.7914483541556603 5.2979232256864455 -9.303680680872,52.88503829375602 44.29823200429213 47.59393377620193,26.195581612644332 -121.81236182502413 -45.303059668241474
-1.0449485113411614 -10.92997289429386 -2.3989684717905226,-0.885322742730013 -10.503336896824061 4.984209984009227,-13.005424308603923 3.5913081135349922 6.490600419259018,25.57795348179176 2.920607149019609 4.15457444568935,3.4837667889528388 -1.8979501063299702 7.684439723606894,72.65480208437297 -35.142516544699276 -42.846110543701535,29.938128144032543 85.83416135016509 27.94699010242672,3.5835038525724414 5.300674509086414 -9.349210358306678,52.786555553672905 44.334283861890555 47.44297484010844,26.14709979030061 -121.9400864728792 -45.35633898188196
-0.9925752858191638 -10.846628242146291 -2.491685655219831,-1.0096694242898043 -10.374791637161843 4.813810416135182,-12.748536901818248 3.493181997596434 6.585081818905408,25.02007253100665 3.1476785916809487 4.37390092523832,3.172994837140005 -1.8998445643654807 7.5812682063248324,72.009917701617 -37.184993741350574 -44.57753011327865,29.982905729718677 86.95583198921675 28.489337230378933,3.27284426290209 5.308816463636209 -9.397712177464507,52.75988451893336 44.44525688439001 47.21919971202009,26.09865597083215 -122.04870923503427 -45.412271602982884
-1.0081568631839986 -10.79741226725383 -2.491528516213129,-1.1089569035901674 -10.295588733159981 4.69051437454621,-12.591409889235784 3.5131461130209014 6.592813876317514,24.68205345761544 3.1873691281187058 4.506760441475702,2.9920699558639883 -1.8996926875534 7.616971415126688,71.82153650460872 -38.59876303130474 -45.78613784419463,29.99920739726523 87.38386137893372 28.690913382344565,3.092086121665612 5.296364173350136 -9.39491156152599,52.93900942092054 44.62708020681308 47.095713842706495,26.10595411171488 -121.97473432230082 -45.39001540336078
-1.1208341293038773 -10.807728905428517 -2.355464571588692,-1.1341713441097523 -10.314145402268743 4.685734265916993,-12.640391598540587 3.7000741225139744 6.466775802498324,24.796787301267635 2.936953485730829 4.454896665056805,3.07829733662036 -1.8954504437089705 7.8469204390485245,72.37007762456963 -38.55229749603519 -45.78935279295763,29.968037863087485 86.63056050386757 28.31167774542334,3.178367761630499 5.252561455275885 -9.312607253661833,53.347037299140396 44.83409035566913 47.16316332864101,26.19092947434526 -121.66169648252628 -45.25824776594035
-1.2505071928185665 -10.827561512551629 -2.183405615147051,-1.09011259791272 -10.373555931014895 4.773521836241442,-12.817438051172092 3.917480580722259 6.297151233062417,25.192690783033086 2.5913344892844465 4.283620741549612,3.3074373264452253 -1.8933721313467273 8.107077933240955,73.09169565368661 -37.70474627980491 -45.18692602366196,29.921458814335175 85.44601059533348 27.7218143168969,3.4074801169025393 5.208336925784192 -9.193967106284774,53.70357696492922 44.90677462684571 47.28648267042028,26.28308406803063 -121.34609944843632 -45.12119319227989
-1.2985679208306067 -10.79412178603143 -2.0994835353897696,-0.9907098617804548 -10.399069881515862 4.911418803467446,-13.013244093090725 3.9974782947726206 6.197373253474265,25.629609199635087 2.3958467998606774 4.085972517766742,3.5109155527671625 -1.9011165869708304 8.196236221337415,73.27950844908325 -36.96791757962871 -44.79592940025402,29.900182941123234 84.79002770548566 27.394907137486797,3.610912874575957 5.201681213399684 -9.094256237458962,53.676839125793826 44.66637464488285 47.29237306974983,26.296261026177124 -121.31407448175851 -45.10603816619402
-1.206250440964201 -10.69009799171906 -2.1800791215212767,-0.8628714441054205 -10.353614776441317 5.052503427080956,-13.130129631210227 3.8478064208542913 6.240248178941257,25.897339565262705 2.5033339337490346 3.939443687030948,3.5547470610183973 -1.9194361833263287 8.001948461522723,72.54478476827465 -36.982801844525085 -45.13084813226627,29.927995534686932 85.23730974047828 27.614910488921247,3.6547282551493097 5.254061407642422 -9.057708956005504,53.107170218281176 44.094468581421424 47.11216649244233,26.18276080425062 -121.72004745786064 -45.281652792814036
-1.0414843611082347 -10.642790563656355 -2.349728152462822,-0.7747782808228951 -10.319931302800954 5.135660494458845,-13.10738141773129 3.616690385003347 6.3693921607109285,25.880923169389337 2.7725243179801784 3.8720839494689083,3.4149387211077142 -1.9271212425257414 7.694020786962077,71.51049000932736 -37.52920885260293 -45.74396395481207,29.974853993400703 86.13790701299868 28.06276986091795,3.5149266118043494 5.33440095009567 -9.093482402521134,52.382295732633914 43.68249312448553 47.00991309688889,26.01717533476314 -122.29963073701806 -45.531465349728215
-0.8973257095945465 -10.808178746414594 -2.502852267532264,-0.8027960373967783 -10.40452120330861 5.096960483957938,-12.89161844983914 3.500048800978521 6.502800094864149,25.484292109471582 3.003817066255942 3.9021371146910595,3.089312082230456 -1.8986066963611201 7.498235784354392,71.00022892389154 -38.21615644152652 -45.9967338792575,30.000040554402922 86.59899720797537 28.29984175982474,3.1893123286808844 5.401202777391567 -9.203776815719804,51.99849691512902 44.02299769981341 47.315646551846015,25.898349433315257 -122.70537752699693 -45.7021272740096
-0.8426762818296094 -11.258873714665816 -2.5608979194537937,-0.9825114851749497 -10.661960591786874 4.911000103542796,-12.481916132014328 3.623805949628028 6.577615404467387,24.71055110142055 3.0531915586749334 4.026107410272111,2.615556213366463 -1.8223388090987471 7.56471542859035,71.53567927217364 -38.72627465001355 -45.48407792319083,29.97693239233639 86.03503758040573 28.037175105199857,2.7155612222700487 5.42445719703924 -9.375078687233733,52.27061823869836 45.41302778472092 48.19259107523106,25.89353031999365 -122.70264576933056 -45.69072429216386
-0.8569691541781662 -11.758686341043301 -2.5454130812638924,-1.1984639401060049 -10.954489956386007 4.695079512915046,-12.071651529268008 3.8546229290265277 6.601908798344067,23.93014615343992 2.9824997962499693 4.1599743556228335,2.1790318540267926 -1.7386626559673652 7.763330276876938,72.52016323455003 -39.01485749888529 -44.665677000349234,29.93111517082346 84.99866723551176 27.540288441100884,2.2790352719750246 5.416704423253496 -9.535669852513655,52.84145154895963 47.05506461104308 49.18609873241785,25.95292583697715 -122.4746288658281 -45.58115374608765
-0.8989268731424533 -11.999945331615047 -2.501117573633776,-1.3002277284839656 -11.099827266528225 4.599532362479412,-11.899179329917608 3.999145695123136 6.600169479797797,23.598556712070682 2.9012498894026457 4.201077330997423,1.9992832949696746 -1.6999370292331208 7.899077314773816,73.09812215705573 -39.10031621466654 -44.201389880545584,29.90025995586697 84.30599556679623 27.2030508662713,2.0992833631928263 5.400334270454808 -9.600358731017597,53.19821961491644 47.898215876990434 49.69849439666744,25.99965114469821 -122.30124222203747 -45.50055677931752
-0.9317196743473333 -11.77088027201543 -2.4675605445382933,-1.1862055653448385 -10.971404750180143 4.724017539487126,-12.121775570298741 3.917740002037259 6.590651838841246,24.01730910338721 2.8946132234033204 4.087261878454881,2.221382331083314 -1.741638003756936 7.830596438866784,72.66650362262367 -38.998305378742145 -44.55577103694527,29.912301022331217 84.56496322218067 27.320100368829696,2.321380990007118 5.393387230854838 -9.513467199009416,52.97433357155838 47.20655751381623 49.307498866512404,25.978056354694797 -122.3848533860383 -45.54078294838403
-0.9377316450737518 -11.274008982257216 -2.4619540281363133,-0.9657369897759578 -10.683338160907248 4.949280838323829,-12.546459524481552 3.7028391348198606 6.564676103864537,24.82285789662946 2.942627435645929 3.9313586531359452,2.668682343793436 -1.826308942865207 7.648262927068859,71.71307277005204 -38.71257096797751 -45.34966764210827,29.953110069350693 85.48422960785452 27.757400228152687,2.7686813647572293 5.395114886419772 -9.346814168919602,52.434732860026585 45.60481650980842 48.348536816887936,25.924225777819522 -122.59282604467657 -45.64122346600234
-0.9045341140571576 -10.823696357158722 -2.495479617380318,-0.805109010720549 -10.414721559787196 5.096967197879251,-12.885690227940376 3.5095285910110805 6.506290978411474,25.47210554160698 2.996946779234079 3.8934397508224925,3.0776810896952647 -1.8968032699684332 7.505014598006501,71.02008717757099 -38.24364394497977 -45.97614778694532,29.997202991902903 86.5296715260885 28.26518267398218,3.177681030616244 5.399696300817281 -9.206639445104313,52.0148531794742 44.08506033732342 47.36159331115449,25.899009578747446 -122.70208153375306 -45.700109747503944
-0.8277183676173913 -10.679338407892141 -2.5716650746522047,-0.8339410670860865 -10.314837781171112 5.030542412682843,-12.909475364396677 3.4636583448999367 6.4095586363121155,25.52994556843757 3.018251948930151 4.086415802376102,3.2291349086424304 -1.9071863238142033 7.52064029793014,71.19626558952784 -37.63082336561327 -45.95131828092837,30.0225547647266 87.22753745461901 28.619927591618012,3.3291353070332055 5.402190747894071 -9.179477833515218,52.056537205591304 43.47572645403454 46.8131858426912,25.947296342295534 -122.54645752769417 -45.64079168374375
-0.7433138773719553 -10.82315573411864 -2.6554461457122427,-0.9969612256329519 -10.382649019821802 4.8243479495551895,-12.678004473168917 3.543660752643785 6.319032198512197,25.105803178877228 3.012739409488447 4.385394038350592,3.12696962037775 -1.8680582227220381 7.647778691291502,71.97527816548248 -37.10888677779704 -45.411695289286456,30.02458278619628 87.40850380114304 28.730471104530086,3.2269699666704703 5.40209613686074 -9.252503991103392,52.429695191410346 43.78016069086604 46.79937427295141,26.03349049983552 -122.24678497181256 -45.51327592547585
-0.7000668173044249 -11.150204855671518 -2.6996224434682676,-1.1807542775926596 -10.56984574406204 4.619039901975626,-12.34272134404449 3.6816093647439834 6.29514280674214,24.48034388000606 3.0009190894275157 4.590699029269568,2.845291737275319 -1.8077977256664666 7.786504285750339,72.81561623768872 -36.97408436438993 -44.688896737236476,30.004189619470345 86.99898122425769 28.547271750119894,2.9452917809054733 5.400306206251544 -9.381646527733759,52.85582756119276 44.74224014727287 47.29971967864429,26.096686419564584 -122.01414633927904 -45.40739920748101
-0.7351766272622053 -11.550768988184872 -2.6678246123434457,-1.2881666770840097 -10.82101323850114 4.532302599453734,-12.045200262402732 3.8159555911041263 6.380712491038685,23.916233202351066 2.9973175060278243 4.546238458301851,2.4673911625762854 -1.7524248814055834 7.854176979380711,73.25539260887112 -37.44300646719425 -44.09645143727718,29.96459462787434 86.00402183173755 28.061737655719472,2.5673909030239463 5.397864261349391 -9.521436807877981,53.099125924709696 46.07468970518893 48.238420945636484,26.08888976740182 -122.01670301667335 -45.395630643980766
-0.817716847983299 -11.887167712523826 -2.5875869869664427,-1.3180755259050991 -11.038934692448624 4.546198348174095,-11.868612272197852 3.9228649697445404 6.514676833166543,23.569610640734567 2.981142338493264 4.353118655711605,2.1305671109560653 -1.7140106383409104 7.870212889815465,73.30289147153817 -38.26230572868517 -43.84078511284559,29.92266903094708 84.89227094192039 27.506693463133477,2.230566744251547 5.396692694458094 -9.618232994856893,53.17587874704849 47.30706804455889 49.21342122170586,26.038306924889795 -122.16928884189377 -45.44792557465093
-0.8918725441414131 -12.011504637893433 -2.5097898758890853,-1.3044408606475435 -11.111121710370272 4.5932425782368425,-11.874791925751827 3.992281163997509 6.598018515699025,23.55769846870888 2.9186982134797366 4.206408489589062,1.9918500516122832 -1.6995299115756004 7.891312395312381,73.13816501735491 -39.00695216645787 -44.089195450855655,29.90027148914251 84.30173866209361 27.203160655904135,2.0918499507930153 5.399035055276305 -9.615407331454934,53.1944731904359 47.902017625598994 49.70347244784381,26.00098272725273 -122.29418934574537 -45.496787919701354
-0.9113471944975762 -11.80889842327426 -2.4779231950616163,-1.2780059172293998 -10.95019341302151 4.614302259775648,-12.104535598000677 4.015320935661609 6.550317403841006,23.958715102123676 2.787957392814494 4.268730635814162,2.1758423876921777 -1.7140184128517912 7.963139493009475,72.92977175305293 -39.30154382069722 -44.9363992386272,29.914952543244073 84.743092392625 27.40873769962416,2.2758429974484105 5.406020031916371 -9.472844516992915,53.24884346042826 47.43363241136481 49.29100664379321,26.024460024555005 -122.23904229531858 -45.48387874817025
-0.89599054795987 -11.393121338049164 -2.4840777443456794,-1.2468868953921846 -10.642733682390107 4.608564823342806,-12.453219284562739 3.991081122583361 6.420281601903662,24.581269418136017 2.647794086680548 4.4771363769258965,2.5824591223996234 -1.7491396420439465 8.05457700317695,72.76494909948597 -39.11598683021125 -45.97506622423774,29.954388481395206 85.84372924061442 27.94107112342728,2.6824602299509155 5.411055315755959 -9.264768511920092,53.33193097120977 46.248221730945005 48.27740707320761,26.09714156052952 -122.0279339446403 -45.41463288397638
-0.8936354633442447 -10.974677320620163 -2.4985999816849644,-1.2096276510580257 -10.348922009450355 4.599890108836497,-12.754699042770413 3.9220345253752242 6.311246779729647,25.1199122625631 2.5913079892914843 4.673249255125082,3.0165614910759855 -1.7908999988820666 8.102025550091598,72.69653167778998 -38.566269561186154 -46.58547568466472,29.9936173206292 86.85737974602308 28.431686253169325,3.1165619177162682 5.4042822386373475 -9.11377438066223,53.393952242959415 45.01877981058428 47.268208566140665,26.182410919223226 -121.75959689426625 -45.321464570861956
-0.9430772658139397 -10.74372708702116 -2.494366750285569,-1.1643251777039978 -10.21212835294114 4.611471975165161,-12.864174128264375 3.8120870522387715 6.31421652891735,25.30861826975073 2.6965435948493637 4.714905450209951,3.3000400443088176 -1.8268681778689229 8.048813958698755,72.75317250256258 -37.7858119283626 -46.246440802673305,30.01065180054786 87.1337990666923 28.559803581120452,3.400037997676858 5.377801872514009 -9.125995302381016,53.38606612808048 44.35032973451456 46.80606961332854,26.24521912363334 -121.5330048742647 -45.23768864745699
-1.0084848894317366 -10.72146456621217 -2.4655552879421228,-1.1057063690954718 -10.236290895575424 4.660345003253008,-12.812949523143674 3.676750253471776 6.4178837271263465,25.206665618048852 2.917590504428581 4.595135380303974,3.3966384607540707 -1.857537271083699 7.895801855190924,72.76703765845087 -37.04613302350319 -45.2477010507111,30.00816814319852 86.81788309939259 28.399603079702853,3.4966344208304303 5.339815834988327 -9.271708240468826,53.26837468679685 44.28323802535547 46.91125916699734,26.264048803878946 -121.44692192113644 -45.20318755575489
-1.0175867089719821 -10.846576089889789 -2.4167439557037103,-1.0268524770668483 -10.357262363620576 4.76053615793499,-12.718323797987367 3.537202791001716 6.56098225517675,25.032180353260475 3.148010326720379 4.3729857023504275,3.3393682376959375 -1.889711439239686 7.671941535697435,72.47434736544648 -36.68618667792787 -44.27497656037285,30.000885911879127 86.44280021142852 28.218126042123252,3.439366366054334 5.306387746362329 -9.454850671543472,53.00534700673402 44.582145680110195 47.34895992008859,26.22399016314174 -121.60000967662972 -45.261050741815914
-0.9107585235873747 -11.054146708031093 -2.3529816598403155,-0.9230626364605117 -10.511344587861855 4.921558162355691,-12.689020202035561 3.415781331134557 6.684098975626025,24.988195860171714 3.28731329945033 4.107208193867454,3.168652181600353 -1.9289904069894623 7.411739428206248,71.66421759332529 -36.98823868676089 -43.949461483757965,30.001886762174976 86.48254148075259 28.252390600547606,3.268659252287338 5.291878308688973 -9.584167355353507,52.576812591812256 45.01665328776132 47.89080412942956,26.115723632829628 -122.06351572475113 -45.44299716411086
-0.7534613738972284 -11.249744622901314 -2.283198908014421,-0.8112596116609145 -10.643667876110804 5.109328894369232,-12.744925401695388 3.3456840626808826 6.74907763819104,25.120899679670444 3.2966923240780552 3.8493581863129416,2.9922603554725855 -1.968875238243604 7.201737171039977,70.64520429066876 -37.680198693613505 -44.240380055967755,30.00757212081316 86.8115216432376 28.43549523391362,3.0922752909797953 5.29361195545051 -9.619395278540413,52.11132457915703 45.422583336547525 48.38774452344413,25.983726129452652 -122.64275228887888 -45.670230750503556
-0.6814514396711986 -11.322350221186028 -2.2185075820203637,-0.7205181685978015 -10.704323945005243 5.265266892978876,-12.856001868651504 3.3662131098707846 6.729707893026249,25.388335457387917 3.1720045948247293 3.6469467676252325,2.9558104909502596 -1.9960678171659783 7.157719039848429,70.01777718551182 -38.17844044583496 -44.750563838596534,30.004969494824884 86.96720679154646 28.52974229794168,3.055818481662256 5.299339113989552 -9.54892793144663,51.82101549838272 45.67297355743657 48.735310181234816,25.90270700431262 -122.99358180150304 -45.80184842595618
-0.8157365995340111 -11.177713788407818 -2.1701935529752396,-0.6783930538749351 -10.65165871547764 5.333928498437665,-12.989217379952848 3.5101416888069044 6.606264363231865,25.738999508546705 2.9167399962850684 3.5442549280254743,3.1832737794285237 -1.9980724728921133 7.379245228644664,70.32265420249134 -37.95523544842142 -45.09899833513243,29.982457057568862 86.53026815403678 28.319539959869488,3.2832494427351424 5.297915728078376 -9.367987644995011,51.89729631077402 45.66129121360745 48.84289130999287,25.939303035839174 -122.8089955516825 -45.7124010666312
-1.0967872933416696 -10.918680317888741 -2.1512832886503923,-0.6931976607097858 -10.53933177429124 5.299514502873944,-13.083181072026093 3.7335552825870058 6.4328650004324714,26.021796530777703 2.618636702384384 3.548536650833049,3.5420870679877354 -1.9726010213117828 7.77349021039651,71.36819710466398 -37.172945023826664 -45.13982942505936,29.94532642979361 85.62720065293932 27.868358626586183,3.6420319332600215 5.292287190434646 -9.147477030882243,52.27988379059887 45.51368533235777 48.775250467611386,26.062398600180106 -122.23293010579289 -45.46412152761433
-1.3485981940026148 -10.775252678950546 -2.175926222400552,-0.76083160594157 -10.482495395842056 5.171802764142078,-13.058206184122287 3.943063417531514 6.311268613365157,26.021378565201086 2.4197866220999904 3.6431575278178143,3.7341811751180725 -1.9239507536400795 8.12350863804262,72.49027980890571 -36.43914973157392 -44.878919359471574,29.909781133789465 84.73664352911292 27.419708859594806,3.8341478675637197 5.294488860837579 -9.007124688401062,52.74611136566291 45.50642220815852 48.69739043824283,26.177812007494957 -121.70025446718834 -45.240327811683805
-1.405250341143096 -10.960942322459614 -2.2559267901488917,-0.8758692261398404 -10.588185708531546 4.963762687608542,-12.842820616704344 4.050554426544268 6.335789100302025,25.543695133888786 2.451149141537614 3.8092678277660426,3.4835867196943515 -1.8570126366245567 8.22534068985162,73.05751060980049 -36.32800078437183 -44.33369205769047,29.89117303346599 84.31224088950806 27.204503990330323,3.583669898025067 5.315641116550356 -9.05762698349034,53.082309141025874 45.89611852043228 48.7657019078437,26.196866524372716 -121.6197394999565 -45.21308967877257
-1.2702687032671844 -11.427074962345516 -2.369789690214938,-1.0171291864519598 -10.834661092733306 4.727320402507433,-12.485575362214353 4.053900756767537 6.484671288766851,24.70981874777063 2.674087724299839 4.002417542361438,2.8645344050539223 -1.7834950153792037 8.087108312131734,73.01059541973594 -36.83816374807365 -43.64882822897728,29.890293828023896 84.3728252843344 27.233915850745802,2.9647374140092997 5.351839853530672 -9.270970913618454,53.239678740629685 46.62732206029529 48.99171304253811,26.123246438805484 -121.96417793082354 -45.367582301935954
-1.0724347342216072 -11.931163148896172 -2.4714037605407606,-1.1517832311847158 -11.104984732302901 4.543199660651798,-12.123744985315778 4.014536105464112 6.6503593290020895,23.873767401845466 2.9245969917895027 4.159232404655957,2.2101301390751136 -1.7201457832572686 7.873708716294076,72.71314663912541 -37.542893198787226 -43.06307945517863,29.89717203931357 84.61580749469799 27.35667877449424,2.3102664361878245 5.388074557876126 -9.51660661881792,53.291298252949765 47.413892789604176 49.27986661322671,26.02891123164846 -122.38407835669295 -45.55082447862528
-0.9379329338717233 -12.235964073464661 -2.516849612015206,-1.2480192230281058 -11.283596652856248 4.487268419460983,-11.890868965210426 3.99258157704866 6.728393319817537,23.379314970345728 3.043789669698601 4.220263556770606,1.8437192916606273 -1.6830718030243577 7.747056072221484,72.52630002212075 -38.029651445807545 -42.810805524004486,29.901991132740363 84.74273857111696 27.42343111737935,1.943437345936747 5.409730328719013 -9.667120448229177,53.30975034998052 47.97364765527977 49.53419571202754,25.98368957000748 -122.54116466659775 -45.61494179821665
-0.8971273955221839 -12.273736229944685 -2.5101554277385634,-1.2963491392830733 -11.317425098247982 4.539617166969108,-11.819788634110926 3.999624864715597 6.702757130178846,23.298272881039793 3.0123026908853934 4.201720114639292,1.8145323632565504 -1.6752334842694636 7.753762883039845,72.59661926247438 -38.3046341653014 -43.01212519303074,29.90198715173985 84.65735113160376 27.383726427441438,1.9137868370950888 5.413551801819143 -9.6910339797312,53.3095613098217 48.186576623149065 49.69511186343394,25.992794076036272 -122.42220896701876 -45.556579433637054
-0.8993332676445094 -12.120109469249382 -2.495905471447096,-1.3061676357790208 -11.206253485197658 4.599323764452752,-11.858170580633386 4.006202053659111 6.632244103416163,23.472415243849994 2.9287884525063506 4.1838059022737175,1.9399419262333424 -1.6884714115202306 7.842914634785749,72.88917394730473 -38.72821939155258 -43.69052733397331,29.90036150796329 84.43439149885349 27.27078489792205,2.03939222098426 5.405891988547538 -9.638014857481219,53.25615086182367 48.06984244440432 49.73379700572192,26.006782393365416 -122.28892286834476 -45.494623322332814
-0.8933856932560944 -11.855573062266526 -2.5177556582608687,-1.287085533796085 -10.954520756681765 4.567491530046187,-11.953099652683111 3.9831236624000836 6.576917619573367,23.74156448584463 2.8921369762857454 4.244732548009507,2.0366178270376767 -1.7143784260021746 7.960904022451395,73.35853934372915 -39.649022795783814 -44.8544704894918,29.900352416036046 84.15243265045518 27.119918227569045,2.1375643433842244 5.393476543597858 -9.558830276978997,53.115745227021065 47.65001712801323 49.62488810716523,25.97716301101757 -122.39833792839849 -45.545800131509196
-0.8730489447890163 -11.56805205110985 -2.5715548112679043,-1.2405072982861864 -10.631478022858646 4.444427435775218,-12.09720165929657 3.9351736998742015 6.573293459710307,24.060291547780334 2.9258192001666767 4.37584698150395,2.0642892165056903 -1.746769670335914 8.062346105442199,73.8557596225952 -40.918941965258625 -46.25263934620391,29.901923150907976 83.8562294756812 26.954646919221187,2.1670198791402773 5.384547564521617 -9.472679030474568,52.905574180539006 47.06394600033233 49.39689392851865,25.913364364102495 -122.71835708233968 -45.69658643561872
-0.8755385586908155 -11.352662662385368 -2.6069171924873262,-1.1599009716605106 -10.36905667779869 4.3263789762775025,-12.32714538010433 3.8999921666816184 6.6351143631271885,24.49414143175453 2.9803677576142387 4.484488696591158,2.1210388634019286 -1.7816094898063182 8.109807847231274,74.13175333343452 -41.90949507885802 -47.382489542885956,29.901869771285746 83.55783116255651 26.787088130645184,2.223230033890716 5.3888137109835945 -9.368229894568447,52.69219337858212 46.5551204565414 49.1304230043045,25.880829658146858 -122.93726502474732 -45.80749306613236
-0.9382173271164256 -11.301568411126324 -2.5733669404591315,-1.0391541007669851 -10.297630804741498 4.310813533517754,-12.678112609994814 3.914911347941662 6.773832049230046,25.107745520149447 3.0049132805303547 4.477279837227981,2.306605999118574 -1.8150669431033635 8.067337712951346,73.93987065196958 -41.99499155245881 -47.748654649230176,29.897076352800124 83.27267999108022 26.631157360665267,2.4034646340245143 5.415480309774213 -9.234115964400345,52.54088038323746 46.363540669981674 48.90742982840017,25.944312741403245 -122.74495584104866 -45.73956444611998
-1.0532031804791995 -11.416816968233796 -2.470418723374969,-0.8928079481377358 -10.433188567203532 4.420131049218575,-13.094010756501875 3.971420329963579 6.96316693800008,25.814384903254204 2.9924840259319416 4.336309636527687,2.609626184026167 -1.8465527613026138 7.931074595407227,73.21462710278999 -41.172603748671946 -47.34021903882129,29.890465710492315 83.14752429142263 26.563629053863487,2.69965088602187 5.458117825866011 -9.092641909059944,52.425438159923885 46.51122986581461 48.788074623336676,26.085838885453256 -122.19345299459437 -45.51166838325236
-1.1625918734421656 -11.600825009628368 -2.352856138622659,-0.7582382763140443 -10.665254429631199 4.593737804731474,-13.417835360706263 4.010324509029375 7.135124177927608,26.36000960613796 2.9846409379521983 4.1271028350144965,2.8959000941697397 -1.879061629536621 7.732636178831658,72.09083244439513 -40.12813382342833 -46.68187007576914,29.891637017170325 83.47428278583621 26.730773750315226,2.9872504609575783 5.493011008780481 -9.003339285400097,52.21853645859428 46.779218573199046 48.80842212699375,26.19596964108188 -121.73514583978981 -45.31716032375481
-1.206978135918096 -11.752021145230918 -2.277309088185227,-0.6733211514269746 -10.878105071018767 4.767624707410998,-13.491390609304736 3.971213408963895 7.220765794581141,26.488442486289138 3.024253330541191 3.918776584367878,3.02787663899835 -1.9156361427855932 7.505679679424424,70.71697196918282 -39.56841161534822 -46.31519784613582,29.910244138116795 84.53989490478295 27.27613132996297,3.1384018693251012 5.496124555012987 -9.025975947114018,51.79274874950395 46.93923918704465 49.00057750840458,26.16340669150387 -121.83154820140405 -45.35354875046502
-1.16678452255496 -11.811599473897534 -2.2632806430948995,-0.6509810643729892 -11.003501994010952 4.9099911976425155,-13.304085965326406 3.8451999322911212 7.195669526397657,26.1827098322035 3.1101305125879914 3.753885093703468,2.9780429446301344 -1.9542815890753023 7.291314227978309,69.36274966306182 -39.66530102782215 -46.38576589565673,29.945291795600976 86.17386116378731 28.111550488631213,3.1242592299217113 5.464460180858144 -9.158426481073736,51.2087736695984 46.87922589909977 49.29731264352321,25.982072229343075 -122.51959519696575 -45.63976185794508
-1.0727949112753035 -11.774830023249708 -2.283327892570826,-0.6725918412820449 -11.033250114880925 5.029763628590327,-13.031974201793593 3.688547050566376 7.091702156507695,25.72830489856051 3.1853689798137634 3.6413943722672193,2.8580268067797743 -1.9866337033451447 7.1400717214634986,68.45114762470297 -39.914214448645495 -46.53837176651816,29.98231912753108 87.62726160909865 28.855912010871034,3.041179508854838 5.421620406492997 -9.320302931830048,50.76518958937023 46.63404726909769 49.505794856261325,25.778937242247952 -123.2993524143973 -45.96891737563358
-0.9589932737285257 -11.641292578467155 -2.3072373287269565,-0.717513551173477 -10.963750183922304 5.138210844182271,-12.860829299617444 3.5611465071897066 6.944491746128183,25.426584410684228 3.190505700774646 3.587803158912476,2.7869354164280367 -2.00407043449555 7.101999218881084,68.40564463253904 -39.77556603113943 -46.391800761419454,30.00618984153043 88.12675505541047 29.115747001577226,2.992325379203022 5.392616844260539 -9.427224068574885,50.76996989526564 46.24921461859053 49.42918984944642,25.687607165733432 -123.64395195980667 -46.12271203700124
-0.8578223598579545 -11.452816597671244 -2.3169102580537917,-0.7656223751579206 -10.828790534779245 5.233022285682319,-12.863236536104175 3.4952137613719163 6.7972169170626,25.40098661003112 3.117063883089659 3.583903736278656,2.8111710370546206 -2.0055498255590516 7.172399299975833,69.18051621172602 -39.13177711579948 -45.872035817526985,30.011236229035813 87.53651051067571 28.82146758113009,3.0192331960501746 5.387515481433685 -9.446440878698226,51.236321619998215 45.831384149035095 49.07450537241813,25.746159306510258 -123.40382281677768 -46.03688139222595
-0.7994936401652466 -11.312397837304335 -2.311787018676071,-0.7975416874943936 -10.71628678581781 5.2922280281031355,-12.947914026302287 3.4828963679527196 6.703987496237988,25.517371056298572 3.0303812586486574 3.597749612490324,2.8718785188788147 -2.0010038814169806 7.2673190871959905,70.05075627019308 -38.47622329926328 -45.34980040714139,30.005498574514224 86.64364232061214 28.372379507052475,3.0742207835796393 5.39474501207145 -9.419954079975854,51.75070845196515 45.57573359837957 48.74385828564559,25.854371627941603 -122.97561957862007 -45.870168261358124
-0.8135598198042319 -11.326439334274937 -2.292808752647642,-0.794214931350627 -10.717302806678761 5.292629094384495,-13.01144641558327 3.513076745671802 6.7189800681814145,25.622370440416912 3.0009602165492457 3.595990142212773,2.9024955192292796 -2.0011066578631027 7.297415170357919,70.24575551989456 -38.34474601081122 -45.22676304586753,29.99804572828714 86.3001951409012 28.200765612545865,3.103033367784029 5.401137290662475 -9.395277856051491,51.87049660022005 45.68119580402358 48.758618846360534,25.902108027283482 -122.79508379802462 -45.79730970097521
-0.8943451597952221 -11.5009379178238 -2.2702396039960515,-0.7556203353634666 -10.843734679146625 5.233552901892608,-13.000734380902474 3.5652324150077663 6.838976193258664,25.630460422172906 3.0547425222597804 3.572596793326695,2.8750768477846798 -2.008031828989826 7.232454646014146,69.54503545802704 -38.88388469599817 -45.62355190311713,29.99472442291862 86.82677930815652 28.468179746653124,3.081252162846123 5.400552477057516 -9.395421093667323,51.466038638094346 46.11581990781212 49.16051069532638,25.845437233462608 -123.03141571912299 -45.88685780628884
-0.9776842647186722 -11.675186359281593 -2.269822662692723,-0.7133395125904612 -10.976036497523737 5.151727357945438,-12.946218121698879 3.6032259783900944 6.9654646839688406,25.568756093433564 3.1436861014587425 3.5669038379604725,2.825793230472392 -2.0098399163632727 7.140345568003888,68.64149770450418 -39.593822146274306 -46.1941848934671,29.996031720691345 87.66166671041267 28.886685420106065,3.033994964586311 5.398519800692871 -9.402706625100706,50.92733725027783 46.46431969964067 49.52696122281618,25.750347614331552 -123.41127803015661 -46.03106617105461
-0.9943762334181124 -11.673689454417469 -2.3184946768274353,-0.70173986891397 -10.982974025685243 5.0872632155769,-12.886146481580457 3.589769669129881 6.991474738961535,25.47507402525697 3.2128717879768276 3.622182630650962,2.7968119628847528 -1.993357566888668 7.0980118007836985,68.31056575495876 -39.916300333629735 -46.55041435932179,30.00193479627774 88.16249025642838 29.127305033484806,2.991081873022368 5.401612828713375 -9.395670355267054,50.691385848096225 46.278192344428206 49.39453030598874,25.692905262198877 -123.62084266554793 -46.10604702600514
-0.9296698120006243 -11.426584881355703 -2.4129900548290393,-0.733153998820491 -10.813376455203137 5.063973589362746,-12.851068111464386 3.5241547834802525 6.869692152784094,25.396486319733153 3.218559306386806 3.743077342803737,2.824788007000969 -1.9564084132861321 7.155412614117413,68.91911807961884 -39.57717762689102 -46.50038657755834,30.009502548969618 87.9767986502664 29.013170045643474,2.9859495315939806 5.410056356389742 -9.358427916118917,50.96745898246957 45.44142340617364 48.63026469279678,25.716685894583936 -123.48643743565299 -46.04254097557612
-0.872719823176958 -11.065589188194359 -2.4924081831173575,-0.7778655411850434 -10.568857744300999 5.0745708658630395,-12.856837410756567 3.475476319043373 6.666645198949119,25.39772737732779 3.138341020427455 3.8605200236870827,2.935857157322475 -1.9178015988882058 7.311050833465976,70.05440806684031 -38.84449074823848 -46.22702570196182,30.01027310901157 87.30538592170575 28.65768111377693,3.05893602124728 5.411959839227498 -9.285742713728318,51.53027607783776 44.472484929521286 47.731878102220506,25.803263957346882 -123.10184913198019 -45.87553576386324
-0.9240143175029475 -10.74489943409983 -2.4895998955949277,-0.8015363665257595 -10.36803487000046 5.108228870192405,-12.91749905127773 3.520422837589398 6.461582661957397,25.545074789388895 2.9524313390484025 3.8974039664071274,3.1547016732055986 -1.8986338044476112 7.557492941616122,71.21679291127457 -38.04662968667759 -45.95464784961316,29.995197604082733 86.4111181594175 28.20676186566614,3.2508473376845437 5.394125696249753 -9.173696326329262,52.1061475033976 43.959795264571916 47.26659259631244,25.92722317988506 -122.5909599550171 -45.651767575072384
-1.114144515127839 -10.581295377115573 -2.383701693272854,-0.7910753773453669 -10.294034819671662 5.145951788212543,-13.015835417989669 3.68474004659243 6.317502142280866,25.81673898018379 2.6853849127348246 3.8264388837230525,3.452215724742544 -1.9056084119680932 7.857536523531753,72.06114049776545 -37.38915404428685 -45.757680653317614,29.96217756114326 85.5283011534484 27.782575362001936,3.541227076278184 5.354369862446429 -9.042376200515058,52.5126752310044 44.21239156103018 47.520572185885,26.0595089171079 -122.08124026829663 -45.422987269596796
-1.3199759969880245 -10.609264080476297 -2.2556471646877805,-0.7801205417452581 -10.351930664461378 5.150776138167212,-13.065873059535269 3.8821339116036087 6.26165965327985,25.997242312956303 2.4592748621693765 3.729896837786922,3.6809961521456906 -1.9137733043742893 8.108507771270181,72.58213747657024 -36.80747984674387 -45.380898699785455,29.92440067343653 84.82842739978605 27.455027524735897,3.7748830855056728 5.314730541143957 -8.964666418104489,52.76824086575034 44.924861738712536 48.161843716853795,26.16306456674601 -121.70805196139827 -45.25197459566125
-1.3980839860468601 -10.852226190048963 -2.1998135646871724,-0.8084803692067735 -10.536351080842035 5.083408944295325,-12.972626640184357 4.011505287715191 6.316489108313843,25.845661317659474 2.408973569271499 3.704525915168765,3.678105996673005 -1.894000439511114 8.19916924694593,72.81973957602649 -36.20128967265233 -44.525755176176695,29.897074073258327 84.47438492160272 27.2869690139605,3.778909225196634 5.300439589842204 -9.02035324870337,52.91793943125758 45.71029344325731 48.776499415441535,26.199822707011734 -121.60760011536858 -45.20288204291976
-1.275850645755311 -11.286032513422782 -2.2667801261733564,-0.8955839579133429 -10.818537761605505 4.930413831613666,-12.69920994600154 4.01629738612246 6.477201659039712,25.26009439961412 2.594235182729507 3.802798246053423,3.3686733923562873 -1.8327065529495983 8.081028599160817,72.83128041773153 -35.56251878050176 -43.12483257359116,29.8891190698629 84.52690618031207 27.29937790985207,3.471660436879741 5.32412589290847 -9.237124954113703,53.00312975690709 46.2981960260078 49.090660117792716,26.154358388934224 -121.8295415296191 -45.3001112798882
-1.0606937345822065 -11.765581532323731 -2.3957640759063548,-1.009043177202383 -11.110268037807307 4.744098100464122,-12.356461122984253 3.9532079878309787 6.6697911449778315,24.492120652333057 2.8838162495372472 3.9646087457665895,2.901743101578385 -1.7558329422326484 7.865130788853491,72.71827911317413 -35.11766652660672 -41.69838884932304,29.893474472997145 84.7869802107802 27.406765966147354,3.0035344961973136 5.366373682712779 -9.510204026968301,53.055670926028306 46.71409573884358 49.186487098082075,26.068818012313876 -122.20347305923069 -45.46699248849132
-0.8881871284419052 -12.126876529303791 -2.5085638180091783,-1.1083661867757155 -11.314035703331898 4.587048709734097,-12.078315228997853 3.896650867210135 6.80943565433789,23.848593222378202 3.1166061895245387 4.1122423548635965,2.4613813501001394 -1.695501533996284 7.687468533570727,72.5891525814202 -35.12986518782025 -40.85852353314021,29.90057848472813 85.01498031963247 27.506997125806823,2.5612225438568053 5.4027554080293125 -9.714104300053076,53.10592564111935 47.02985760662971 49.2018666534469,25.994350413982172 -122.52458228356323 -45.61105148275303
-0.8501449405503144 -12.261039965966866 -2.5507002848804308,-1.1657645705087982 -11.366861112229747 4.5032440434336785,-11.955385550411517 3.8983296051258027 6.839627488837699,23.54118464994886 3.182079135558667 4.190635731306082,2.1805791887565564 -1.673367777354809 7.642044406244455,72.52616452687793 -35.742060914134626 -40.992595545653664,29.90342479726725 85.04190799709122 27.527113815303974,2.279639009765221 5.4163128142025245 -9.765344102512195,53.17331951920358 47.300021535281054 49.24159664690425,25.966552813213255 -122.64938048837396 -45.667351103416294
-0.9093266756397513 -12.221749666053958 -2.5376559765794937,-1.1909143620828815 -11.30758902137581 4.481782792513842,-11.95052247191277 3.9429717535430817 6.787362139277531,23.500864493054944 3.1188917099388314 4.21152910650048,2.041698727620164 -1.6802197886155423 7.699025260888752,72.53444859953808 -36.74275155439243 -41.82516744989454,29.902543656036443 84.90705865500787 27.480210522040228,2.1410004404574443 5.412115808639037 -9.704319808017186,53.245022945628925 47.52803285649241 49.31289180464881,25.97515819713318 -122.61523247488384 -45.652165330930714
-1.004817691419826 -12.092503074532937 -2.497747343523673,-1.200364181158503 -11.193743147747977 4.5016963598425725,-12.003139185561928 4.003018589850555 6.694953160635528,23.607109350654767 2.9930669981190405 4.198917350706928,1.9994702724336395 -1.7011832921444558 7.8058611725450335,72.60498949129047 -37.85541394585074 -42.9592165466562,29.899847833364998 84.6879377388197 27.395167369946762,2.099512045380256 5.399275207887943 -9.594152333543255,53.302289313658335 47.707963966916886 49.405065922755576,26.00148608675687 -122.49267933119712 -45.59666574982129
-1.075703345600151 -11.95679763637169 -2.459290836130279,-1.2106626473962039 -11.082847208324134 4.542016148287853,-12.052648883419309 4.050911391436809 6.6047141078898415,23.73939582170667 2.8706280855533 4.176795334185569,2.008624128939655 -1.7213840123075221 7.910002216254719,72.72877189402499 -38.803524925766695 -43.99772013673206,29.89725010158223 84.46205069396412 27.30086448295478,2.1093790339804332 5.386901828498341 -9.497962596065605,53.3263720165547 47.83388726320756 49.50743279729964,26.026856003099276 -122.35226214541808 -45.53202394461303
-1.0610689958903383 -11.898130796538084 -2.4506029048166185,-1.2383583804565232 -11.032424920082178 4.581773560717668,-12.038464757545228 4.05909143569043 6.558958536018617,23.77720050516897 2.817598057695617 4.169157927196546,2.0238906028808845 -1.7259476734707127 7.958898467059237,72.89678049963155 -39.31056133139741 -44.543655520915536,29.896663233017463 84.30690296587844 27.226181984995463,2.124806615704755 5.384106487019329 -9.47887151255945,53.29852444758095 47.89987514201758 49.60930622435611,26.03258746717534 -122.26452200565095 -45.489411499830936
-0.9 -12.0 -2.5,-1.3 -11.1 4.6,-11.9 4.0 6.6,23.6 2.9 4.2,2.0 -1.7 7.9,73.1 -39.1 -44.2,29.9 84.3 27.2,2.1 5.4 -9.6,53.2 47.9 49.7,26.0 -122.3 -45.5
