-16.813499615078907 2.082951574634822 -6.8331550035261905,-8.917167564746453 4.185103028775296 -2.281763248330931,-9.65758122574216 4.314050016434648 -2.6892413901806127,17.872323587535618 -2.9088120468442007 14.364919077413113,17.126150154447487 -1.7449381084013018 6.266151399883626,-0.4860908597048072 42.1635283083379 -38.701891642525794,27.579310504214416 111.98787718867776 40.65746958521565,16.11958407080592 9.210595733211582 4.843579236476426,0.5470652825165838 -37.078533087652104 37.65734507656293,27.386704916140605 -115.79835218841758 -42.594187392486084
-16.54665650191032 -0.3295279728589815 -6.657549900933871,-8.685494799711819 1.3445817744719015 -0.6602169570554088,-8.75819014500788 3.0101469196558996 -3.3523111852935363,17.436072244309578 -1.8759254007954125 14.827090245698704,17.616712201169427 -1.7722343773685014 4.787090051457115,0.26022698711447356 40.2208674564765 -36.76347649326264,26.610407936469795 118.64356918523902 43.814310945743564,16.991796205498947 8.969925495081485 2.297417709330822,1.810888111715211 -38.80895989479935 38.64719479280732,26.950828715531692 -118.30751839751949 -43.757711766983114
-16.470963227623425 -2.212549237586396 -6.349534440109819,-8.66833762486582 -0.7001116594532322 0.5993966495527991,-8.226731434358374 2.088521641975736 -3.8764595090838645,17.440893837145698 -1.2286257575437247 14.740260367605725,18.026567514610612 -1.8644959595687884 3.598529194708129,0.6494216837021041 38.898964001438145 -35.75917568641667,25.971424674830175 123.15595925888987 45.9548871409052,17.682069666379267 8.76054214335383 0.4603685256697094,2.840922936234957 -40.2572689778954 39.56671890578831,26.70591075923575 -119.73633754672812 -44.41394941516993
-16.597823375217686 -3.2945275583444342 -6.0445055884023065,-8.882935466401522 -1.6814724732601718 1.2410840012717985,-8.238906606270668 1.7096238145561897 -4.128392689874404,18.07012220520333 -1.008988500348131 14.069729282488282,18.268235302111545 -1.9658823474206057 2.9045315624828767,0.5882468180257732 38.75049371170284 -35.940637273952575,25.767802957535423 124.76433259552367 46.71996349152727,18.064096210736054 8.646246636096667 -0.38546124731222875,3.430555298901065 -40.926438642991265 40.079282257909,26.659946963912887 -120.0179703190612 -44.53667252013876
-16.851337162648598 -3.5426481414098223 -5.897179960748788,-9.236199781131532 -1.7007403935553773 1.2421945527560339,-8.70615020773727 1.8301535144336945 -4.09088735060619,19.16199416515399 -1.1047069404109333 13.096434802718354,18.319371400043607 -2.010275913155172 2.7607942155646246,0.09986269787962775 40.03010717482984 -37.02512211931641,25.93402868850033 123.83748511495286 46.28517768870545,18.121958159021293 8.659077675995093 -0.3121728299116171,3.4633174125229367 -40.73711444466829 40.0284373813949,26.7498462333749 -119.49213867017144 -44.288389600780846
-17.099211175171376 -3.1499064372893235 -6.005615493430883,-9.567120582879719 -1.141040740305062 0.8033245038366563,-9.31721041791105 2.235825973766543 -3.853510134345484,20.260007880748326 -1.3068211440721336 12.289673693604378,18.21754913953372 -1.9563144604841436 3.0601147166458684,-0.6885234937399769 42.552862267370905 -38.35856523732802,26.272101151367114 121.63672633432927 45.247915837730915,17.937667496222375 8.783940730281248 0.3158999027935474,2.956394596314832 -40.04472181651456 39.49967611566508,26.87498330566133 -118.72256410041349 -43.93315935749917
-17.210271090692906 -2.444367885122551 -6.354637291367352,-9.729733283536744 -0.46927247001684164 0.2422329015978755,-9.697092491405087 2.6474348183521483 -3.5565551000827265,20.83047899495944 -1.4090958710220356 12.067995835583426,18.028196742480315 -1.8134539246115369 3.575352704268857,-1.5896932085740707 45.70724040676184 -39.26495924818292,26.549295504898545 119.68837576645265 44.3297666690288,17.638151734061886 8.962840772243355 1.0250303703485093,2.0640171260723434 -39.44188770684786 38.76116275469035,26.944467206690273 -118.23369649615555 -43.71329289366937
-17.113006813253815 -1.7639454245411805 -6.809284469283502,-9.674813806445588 -0.027486621047009052 -0.1533828338298422,-9.603036016810595 2.847128184709934 -3.3211149930761845,20.54063850035289 -1.3017928021096168 12.571301424885704,17.80633372669349 -1.6445580029511777 4.041138437556557,-2.41450873514223 48.63109866496291 -39.39705648146556,26.606706371034374 119.07788322409924 44.04257872422314,17.33246477617125 9.117711147848517 1.4445655552283876,1.0350213321878614 -39.454398367245076 38.119494453089224,26.91570287446129 -118.29090423269125 -43.748202426537446
-16.82862406895622 -1.3486567278137231 -7.165923957882169,-9.48613626887317 0.0872217121485459 -0.2425366867661216,-9.05460167617531 2.763992112509621 -3.2018213833187543,19.450418128181973 -1.0151837025424446 13.56772330883096,17.57413727534646 -1.5415765927466434 4.2420423030741095,-3.0233441871976807 50.491255106469644 -38.90211652575615,26.42563246258308 120.00704790521448 44.479702851814494,17.07191562875434 9.18208258017167 1.4478039741639677,0.13662408887337163 -40.28935160107544 37.76933368120101,26.807140540794162 -118.8204803553248 -43.99965470249982
-16.46336440744167 -1.2874786008743166 -7.2401702447612015,-9.348588083322777 0.0067851980594735295 -0.06503244594861979,-8.326964141658426 2.4811454830928286 -3.1826823022326773,18.009083923981535 -0.693098110231956 14.552130215217188,17.32509876436087 -1.584453463413805 4.075441829343718,-3.3552044071390283 50.7626234967067 -38.3158481247936,26.12132742825714 121.81296157769641 45.326095007885236,16.85004057358988 9.127500511757551 1.1609136639829174,-0.42915197774332214 -41.760295950438895 37.7147713331295,26.681376204854164 -119.49377699107508 -44.31337361530133
-16.1631629083554 -1.5282576642769223 -6.951186584164838,-9.460289434204286 -0.03475268129213305 0.21428045254090122,-7.80768764042942 2.167938867961482 -3.210824351208842,16.847394172921046 -0.5117210693836443 14.992795179307919,17.04864309356773 -1.8025216502520307 3.5702211661452896,-3.4290616280418122 49.40120715885593 -38.24478200257495,25.87110708274054 123.40857339683993 46.06781602918336,16.635557754356117 8.972951754348403 0.8488912419266894,-0.5857022026440186 -43.41618032287189 37.797641397082494,26.609118630815043 -119.92082415109333 -44.51013558127418
-16.05057894698158 -1.9318673928427221 -6.361812514557073,-9.930985917279463 0.14064294082067086 0.41282743168867553,-7.790326498587541 1.9784781048256797 -3.2426853357342673,16.465520796993076 -0.5859880883505904 14.602200514199627,16.756701674892906 -2.1573773704617736 2.8608701767056584,-3.3224438221667016 46.84769476703447 -39.012274782480596,25.816652155252882 123.89510165987366 46.282268684312456,16.41340443279125 8.773555842517267 0.7487545861543028,-0.39651153918867177 -44.792998242067576 37.808607076164286,26.632897720205687 -119.85156135411263 -44.478272264093874
-16.171685134110632 -2.3384351320715737 -5.654070358900837,-10.718127522778294 0.5543473138343167 0.4284471202825002,-8.31375460478019 1.9720087941004296 -3.2732770764597885,16.97731375287298 -0.911317838855279 13.491205233039901,16.493108693264933 -2.556369147937185 2.132257979367507,-3.138924069278174 43.86596706365004 -40.463174960531646,25.9916761862526 123.02315359023565 45.85599377213235,16.206634557956775 8.594499747067367 0.9416816892553584,-0.03019916490394703 -45.64721421262685 37.613873081832075,26.748031127689142 -119.2880059566794 -44.22309424042247
-16.475900841698845 -2.617768793694615 -5.050348793369446,-11.634683773113379 1.0772349525508922 0.2785829460628051,-9.134110210365971 2.0950556715475828 -3.3325945442351044,18.04787174581999 -1.3693272204722744 12.123495036061898,16.317993000273553 -2.89115509059452 1.5575995008001442,-2.9770184443394343 41.28389360467363 -42.035491013629326,26.31065337015051 121.2757511503157 45.022739836200444,16.065925678920518 8.482840310935503 1.328034768547055,0.3081916643120326 -46.04873408143833 37.226671659424085,26.908598198416314 -118.46191452105144 -43.853564458343065
-16.837029766201923 -2.692266548164472 -4.71669733883904,-12.427289879797655 1.528276085159746 0.06735472726247771,-9.847275837859705 2.229191181596299 -3.4550701263502637,19.06356857727631 -1.7925914795047762 11.090005388658064,16.27559484518163 -3.083596253429513 1.2498522670992562,-2.9090255186895906 39.73591724505207 -43.06114165036055,26.620943150458494 119.55595523434557 44.21397123464071,16.03479277510268 8.450137712048978 1.709058429218758,0.4509699327208454 -46.294897798728186 36.78830921858758,27.0533725275886 -117.70132169518698 -43.518787083807354
-17.10585506607842 -2.537554491499769 -4.693110174854596,-12.887891772762405 1.7993332635477675 -0.09185860220256625,-10.100076481226795 2.2721755718950716 -3.644719088178616,19.451998910810378 -2.0530071759263357 10.81679058960169,16.365203240187853 -3.117695494013674 1.2381459108694894,-2.9723422815267795 39.496729343722315 -43.13192048681013,26.787500124581094 118.67007770120306 43.81276780399002,16.114303333605548 8.472924786565596 1.9202430255415477,0.31803815251159606 -46.707063152534325 36.476661653621626,27.137331416334536 -117.26096566621266 -43.330179776507656
-17.171531399614256 -2.174378119399039 -4.882272504952929,-12.944972299042494 1.9282685915426245 -0.14834400386624402,-9.780404497901337 2.2036450020790728 -3.8604389596047994,18.988321301847087 -2.1267653232705523 11.35479079272506,16.534190481833075 -3.04311744454186 1.4708443567019156,-3.1708177920512846 40.45084619296446 -42.33022584865759,26.76383822775587 118.89472728073147 43.94812624199223,16.25170004987296 8.508970222112813 1.935776998728671,-0.07236511350689612 -47.43184517030416 36.39982117185953,27.152784339386436 -117.20253465647512 -43.30897713850817
-17.00614231316944 -1.6621051639031394 -5.099877767867529,-12.690526943866566 2.0760664360891035 -0.1380092567283704,-9.086213043727223 2.0978675603887087 -4.03223247985118,17.92825614339772 -2.1021579749801127 12.357464643415593,16.699576521308472 -2.9495361350192644 1.8394691178191565,-3.4815734061200105 42.18644598983332 -41.19709875500595,26.612511948077135 119.85526477819599 44.43776564553387,16.362568007876334 8.519845915309478 1.8839006675180787,-0.6296240679051894 -48.35814259465873 36.53722994107518,27.130470757594924 -117.37927359414411 -43.38289986735539
-16.674829789528417 -1.094297652607736 -5.1606120035059035,-12.330925939967702 2.4220331977899683 -0.14842883182163114,-8.43595530725598 2.0780293151884868 -4.098731291189417,16.895871884852014 -2.1271470707414 13.254935697898713,16.78750438345087 -2.924745460981401 2.214365243606,-3.863409424800969 44.158644776446046 -40.45281338922048,26.46694304749777 120.76386234050787 44.90225815877525,16.37501800016755 8.488147862049425 1.9664071159272334,-1.2350403870935156 -49.188198924478144 36.759184364325094,27.121421360717523 -117.52480119270915 -43.429933643746466
-16.30877792165189 -0.5886421987028623 -4.958543352660611,-12.087120816106225 3.04030898924336 -0.2504072763604248,-8.265456167138987 2.2404969851469008 -4.042078132382903,16.580620064419886 -2.3254093499195987 13.532832454684486,16.76866720232394 -3.0164119441961703 2.482685513128809,-4.265012412807984 45.85372341303519 -40.61959795695769,26.457931942866722 120.86873144140847 44.97978863315728,16.26973223210359 8.42163165135269 2.3311877075060483,-1.7811625293549025 -49.610347529834456 36.90793720588964,27.169536155913505 -117.39636887278675 -43.34466872244447
-16.05338193707864 -0.2635729618310796 -4.505942359393839,-12.093347931148019 3.83284203196307 -0.44133678973820833,-8.81473522333845 2.594294328472756 -3.89700019740762,17.396424092838316 -2.725687596798283 12.973208678273037,16.669167144893066 -3.214431711139731 2.5802037476527726,-4.632924633732993 46.90240561993576 -41.74866999329064,26.64569219558186 119.85909715572461 44.51986895510886,16.09081506354449 8.344078933927007 2.973300886530362,-2.1902369792411887 -49.4655818848602 36.88828126531493,27.288447718947708 -116.90120955616354 -43.09396944314453
-16.01298887301178 -0.20254233729994642 -3.9168393705689453,-12.342050088481276 4.56213077818715 -0.6377057325915199,-10.012274760084628 3.051477313439974 -3.7266007821590197,19.274360770132823 -3.241531083344685 11.739431852978834,16.550123538894226 -3.46002199030829 2.5096759132493824,-4.919598553242803 47.123950566369395 -43.39629282374241,26.993017150082466 118.0073957633814 43.65174451874461,15.919077486197734 8.279682330973372 3.7231792505194656,-2.410676488851648 -48.81048163420159 36.712812013764555,27.45317065410496 -116.14819585708922 -42.73649448532342
-16.213531922947983 -0.41822687005156123 -3.3488752313163195,-12.697916722544116 4.969841779593775 -0.7235236047373967,-11.512309455123965 3.474100495184759 -3.5786603012802907,21.6904144305594 -3.711468730598108 10.271807478786787,16.467761920449544 -3.674735716969438 2.340404238100172,-5.090964317615686 46.51465682115472 -44.8580490892569,27.391142481499102 115.98485039748796 42.69675478149314,15.822090951047706 8.240438283037802 4.330503358971219,-2.403889633433661 -47.84680687781743 36.477528451610716,27.60946713812605 -115.40555046680687 -42.39927628795286
-16.59606965164837 -0.834793809290244 -2.935355545186195,-12.969329904167664 4.917500330953086 -0.6264621343677033,-12.861292897788365 3.750444210297787 -3.4500296039774128,23.908817811280358 -3.977997872696166 9.059298080631642,16.437866574271926 -3.794043278151477 2.1874319607714163,-5.131791064149216 45.20983268993608 -45.53152397570366,27.7209228823515 114.46954062751027 41.98110233796937,15.810535864833557 8.223299397172845 4.5976479151453455,-2.138160833703531 -46.77118183385091 36.28780983391175,27.695808760253467 -114.98838919570761 -42.22427077779009
-17.041711753919508 -1.3015356858457965 -2.740381212808146,-12.998995696898815 4.471158938816325 -0.3749879338714508,-13.705173444548395 3.856071805839974 -3.2840399599511496,25.313769434850236 -3.9642430399764956 8.412390168776405,16.426826884958764 -3.7898227259584045 2.1746857007612794,-5.046837161240956 43.443875222149316 -45.2109216919675,27.914034080815604 113.7755627131367 41.657934411003424,15.82847762259743 8.217534307040225 4.488275336841662,-1.599203625313116 -45.64635903061594 36.18583317951193,27.66797647316876 -115.12774952109126 -42.30949829285223
-17.416831133931524 -1.6371248532592855 -2.754448357455911,-12.729842962892398 3.881420574823056 -0.09895886811723463,-13.932875027884739 3.8638687912906517 -3.0073294511206625,25.663538643838372 -3.709620266940554 8.352901169049865,16.376383488538885 -3.6734216510089603 2.3928328255601734,-4.85684433144491 41.516552625494626 -44.15828586876927,27.981223402251658 113.71013406917446 41.6377097033932,15.786446572684872 8.216631400248323 4.150313778375416,-0.8130672664656038 -44.37981344481354 36.12915911089545,27.516367502247306 -115.87547991678159 -42.6691020125186
-17.620978443399643 -1.6879193045417824 -2.9253152411894368,-12.218600963532632 3.4670035349280877 0.03174074350207734,-13.69009295098282 3.896582918831713 -2.588239375868849,25.14884456470412 -3.348273002023387 8.666363163537072,16.24888630924192 -3.481457820713888 2.866570364354018,-4.590408284044447 39.75808467740131 -42.921004784228174,27.994848752106194 113.72919750368543 41.66118704025274,15.620811210708828 8.226636880897459 3.8402097307789713,0.13488034003070726 -42.82569892449975 36.03708602224409,27.270155573820045 -117.0795257550389 -43.22634450259887
-17.620277457607123 -1.3753688203494892 -3.2015214602637547,-11.59766426730877 3.46259511668885 -0.10081411095907011,-13.268317610190351 4.0488075401672745 -2.083077225662363,24.243234100170216 -3.043899504575543 9.072174901820329,16.066140556841447 -3.2545454244508885 3.5445922342690492,-4.274603744097739 38.481674867581155 -42.00455532201923,28.039024620109867 113.29080739725738 41.467703886931936,15.34554993608 8.265289060382411 3.790066588080958,1.1030976715860856 -40.945111121144976 35.87637844720335,26.98813818894626 -118.43343015050372 -43.839215688030734
-17.45540387394975 -0.7120185465661675 -3.5623355058004362,-11.010511032005748 3.9110514616098464 -0.49143656741429353,-12.93780298718831 4.323752642500239 -1.6390948369513012,23.438788083925154 -2.915915094629529 9.405951120137491,15.9162052826066 -3.0208453291731017 4.3178352002051135,-3.927922734041858 37.92175745625688 -41.58647670809984,28.157920712586677 112.19593597110074 40.95869659491933,15.063829078420266 8.352096015882678 4.090502851245183,1.9269262475011362 -38.91719503834222 35.72871343637017,26.740798779040553 -119.5761552679217 -44.346402046771885
-17.222772740762117 0.2189552034855482 -4.018748124949964,-10.554908890364455 4.6557103981380035 -1.0042189745766081,-12.816430189294877 4.622870681745008 -1.4439759714105302,23.01049846532753 -2.9939474236549897 9.709154985669748,15.91900125310811 -2.7916202756181923 5.0602463513362075,-3.5581806117245893 38.17230567165976 -41.431053703340076,28.331999238805356 110.71796782021875 40.261285835645495,14.927180556698312 8.495140269457712 4.652671178716073,2.4717733847593415 -37.117432955797085 35.78760564920065,26.59026222772369 -120.20341888925205 -44.61591372659713
-17.03684909483218 1.3075771890242218 -4.588320765078436,-10.258679326090531 5.434457288325889 -1.4375694216082342,-12.839039907905029 4.797220990538248 -1.6405045617709557,22.924259631912534 -3.2204446073736435 10.179932629779252,16.164734397877503 -2.5681449898670237 5.676192546081397,-3.165956860715764 39.15066501043182 -41.05019922468009,28.4945035187491 109.44569741661454 39.655129959446626,15.059020155047888 8.682584300333371 5.268557584330535,2.682069901394652 -35.95746197893463 36.27147683707296,26.57433089285953 -120.15247062331318 -44.580252308054135
-16.987592133085716 2.4603174545949487 -5.261749156099385,-10.0921715860832 6.023115630727284 -1.6306999844125665,-12.831792382292306 4.734485770277335 -2.2464362583145747,22.91713690357547 -3.494924191555797 11.020898204814294,16.656196415876003 -2.353023910956838 6.134823436694503,-2.7518407349278045 40.60975924509548 -40.01836648312672,28.576860815459238 108.92875060936245 39.403958612287944,15.480888045414785 8.88434527130546 5.734422646575485,2.599498222123739 -35.66772677041692 37.29068293760252,26.69858448942258 -119.43536887381671 -44.248524029815464
-17.10821388742737 3.6212534400046756 -5.9829182923823385,-10.002230784839321 6.351007596299372 -1.555739697447789,-12.638324559719328 4.4342793782822385 -3.1213313977370127,22.684942974365317 -3.732579886555033 12.277896052391785,17.287043822173462 -2.1575198095761747 6.476662535810221,-2.324259685689995 42.20437486158746 -38.26382571435593,28.555385566104853 109.32676076883065 39.58733817017962,16.08166341635942 9.063682344655378 5.968173045379464,2.337204536868498 -36.147741870848066 38.74014840162977,26.937778549956544 -118.21504495262027 -43.69427340296906
-17.364497222890137 4.76387559157549 -6.6556545594866785,-9.944587042347457 6.528775078451387 -1.3447703560300936,-12.220632822761733 4.028846830434577 -4.00218598434946,22.062410720555363 -3.9052679039452927 13.766765896155032,17.871729583775895 -2.000159369627599 6.789680129955001,-1.9045420662246484 43.593413677058514 -36.17144885086332,28.471642366253818 110.26272743650952 40.02865575027089,16.6501121291459 9.192805608619237 6.056013514407557,2.019434478245675 -36.98013424959972 40.284730809974036,27.245289844205303 -116.73725146699375 -43.02535676272578
-17.669203261824055 5.863937963061144 -7.174873038667634,-9.897877956831561 6.777261190357326 -1.23390384337953,-11.678796140655013 3.73433672388356 -4.597460441094638,21.09903378627611 -4.045612927692392 15.133058570333159,18.21694539838582 -1.8979900632997473 7.165702390772881,-1.5270129375746477 44.54178095096001 -34.434988263913,28.41447961757675 110.9690273823384 40.36263722057613,16.959336641558206 9.264293922530559 6.203701031305537,1.7161739994521692 -37.61696506296913 41.461340220103715,27.567469881543342 -115.24476821010283 -42.34715303911881
-17.916103940007574 6.87461700316393 -7.466313660100604,-9.85725488252785 7.299182740325227 -1.449813315755174,-11.185061643683877 3.754519793821344 -4.700526652951777,20.00341159376321 -4.216860149638563 16.01342454733191,18.202648829390007 -1.8565793753740973 7.656771867795506,-1.2337494861365117 44.98294640750457 -33.732573994068765,28.473742777567608 110.65479090526657 40.20966180790609,16.864593500618653 9.292394207055336 6.620417518511783,1.4080631892613797 -37.648471627225376 41.86162038137242,27.85861679834461 -113.90464748994003 -41.73185138558691
-18.020936241661463 7.7230134883685775 -7.514777791302869,-9.818804512634948 8.163891624402876 -2.0948463572256326,-10.878287404386477 4.184393023549754 -4.272968520508106,19.00696975069398 -4.469463609652498 16.21041935134771,17.83458289799114 -1.8654630004619612 8.250741438945038,-1.0653949864117225 45.01845557206526 -34.39389572313553,28.691484472183387 108.90373785162626 39.36650260956049,16.367926991947932 9.303825038985245 7.399504122691447,1.0033015893913113 -37.01199343566726 41.31349038090356,28.09208633571453 -112.7734728508168 -41.20406629666604
-17.953761993898752 8.333112659676765 -7.367409138685927,-9.769922217966135 9.265417809885662 -3.0885972372077157,-10.785209485110618 4.96191596012019 -3.4609216838673373,18.238794267563048 -4.810395663294259 15.785984784055785,17.24314388971696 -1.9021717486166132 8.876132833684869,-1.050605023095729 44.8570235569694 -36.231143614494215,29.03749381930837 105.89596166177716 37.91464587115431,15.618579853892587 9.323352642786658 8.46063390198618,0.4011827298182763 -36.02472250706777 39.9740413608775,28.26413370001679 -111.81082268718993 -40.74698397978887
-17.750153824295268 8.663003711793957 -7.111774278746147,-9.693929741707084 10.3724013959924 -4.19566170098161,-10.815062563832248 5.891893508397823 -2.5374763991521414,17.686058407718388 -5.2011011705427075 15.024956130373806,16.629020937383967 -1.9426035770968515 9.432681255021652,-1.197070347911081 44.72096440149038 -38.61841362295682,29.422127096449177 102.34135352173314 36.19134667066013,14.849263952320754 9.361985339268902 9.583244599962748,-0.4298323264834423 -35.21648968975332 38.28469954727089,28.389451883922323 -110.93183181807473 -40.325222387439936
-17.496580757368353 8.733834764265378 -6.840766059978402,-9.585132821906853 11.23931326985762 -5.1261076605999785,-10.827277703492111 6.7297688286731665 -1.796651703014163,17.253565118338354 -5.581828783258084 14.291374229555844,16.181195085246717 -1.9716924504295799 9.832637718780774,-1.4866898183253077 44.759922258376555 -40.774854967437065,29.738936526747683 99.1629322257256 34.64011658779435,14.279089071514623 9.413786887535748 10.511237356261546,-1.4030207957088328 -35.04801159192214 36.80361310898013,28.49047171222019 -110.07313076518467 -39.91345029834919
-17.295526947310204 8.631033965144269 -6.621329101176661,-9.461668824171657 11.718292072281114 -5.659491294374879,-10.727112422427096 7.283897012126202 -1.4443655930434542,16.87095782361271 -5.9048457111109505 13.856807841268699,16.00501050138738 -1.988299038753095 10.034115088684157,-1.8765260714050398 45.00594644156891 -42.1050955590236,29.913991026936884 97.0937003208796 33.61770343687456,14.028700868745158 9.462221230204516 11.071710482012733,-2.3251981895457936 -35.6649006203324 35.987949374023934,28.58510510061189 -109.24010100056438 -39.51685256360938
-17.224239838130316 8.473353667172713 -6.479865875659392,-9.363908046357599 11.814928346621832 -5.733139129135244,-10.527917111716324 7.487556851768977 -1.5306584923150828,16.56749414162394 -6.155449623977144 13.790838197701309,16.091462434763944 -2.001878066983244 10.052903287586854,-2.305841292771353 45.38344900657326 -42.42875769942446,29.93636526105734 96.38611827989341 33.25270561137182,14.08504007925944 9.49159644808242 11.245619053334268,-2.9710515041462915 -36.82081635734088 36.021625950145804,28.67840003773262 -108.51157648223428 -39.17284375275585
-17.30395032597813 8.363791327260833 -6.407180677053022,-9.335617332300048 11.665013229417582 -5.455196040695222,-10.340386824280053 7.409381691845449 -1.9470699856941804,16.45866998501822 -6.349084649575509 13.965309488901978,16.337652905704374 -2.023446403534503 9.95014540011389,-2.707975750721133 45.76273355044746 -41.99672856195499,29.85567088246161 96.7650148830025 33.41953802639232,14.327182791497103 9.496613635981825 11.157027276389227,-3.1876667948840236 -38.01218939228662 36.76138747676723,28.761841689306713 -107.99864594404026 -38.9323479184442
-17.49235894833932 8.34766244870404 -6.375984017522726,-9.397367505136765 11.452429475477292 -5.041315993456239,-10.294972963627707 7.202907664387584 -2.4841558208852934,16.65001294688433 -6.508847198355133 14.15951594879901,16.60385709359593 -2.0566537254871906 9.804309033301408,-3.024395862896298 46.02821166347427 -41.30604372121841,29.75071945146167 97.62444733618743 33.82979592148056,14.594946721276017 9.484597539636601 10.992841228736893,-2.977375263938458 -38.75143916980814 37.818405483978175,28.820331206884447 -107.77811062543424 -38.829675139605456
-17.702530561305704 8.400276035339544 -6.359480111869507,-9.528587399093023 11.317009747253701 -4.71051770815276,-10.44572790152931 7.025349312264867 -2.9202334781736106,17.121972317348867 -6.6401776510489805 14.200055991088258,16.77717784060921 -2.09443442103132 9.681690345986143,-3.217328729931934 46.129506279153865 -40.82511047004752,29.688113698230516 98.34850676918424 34.18510678942449,14.763547410107394 9.469619730845542 10.901093637439905,-2.5135860890300092 -38.82945981568607 38.731805037574915,28.84293331137892 -107.83630539690311 -38.85706702956721
-17.840079901698257 8.450990527071738 -6.341929937188,-9.671295049089563 11.300990351277973 -4.592307629067945,-10.716716327787648 6.967693953425685 -3.103393665570148,17.67835550937922 -6.720969551943838 14.055576330656159,16.81228490138702 -2.1231074582756437 9.61804219277024,-3.277451940525808 46.09531848782882 -40.77530657735179,29.693027730458123 98.58703008229608 34.310969349355695,14.788955849083367 9.462611573481453 10.923684850448273,-2.07530177797683 -38.4240046715738 39.15368350278059,28.831401180597197 -108.05631033480516 -38.95903583495817
-17.842610244403794 8.430520360638148 -6.318806913428464,-9.75636639487457 11.356242781213934 -4.686782455404459,-10.927751801786181 7.027983002866251 -2.9965727786205307,18.006050863826523 -6.715008552070451 13.838211969967453,16.734509241504654 -2.1311633959718246 9.616583490380075,-3.2243255859313704 46.00934953259627 -41.0707522561584,29.745647686250717 98.35895799537181 34.20970544427788,14.707344493784843 9.463827440122959 10.996252068296076,-1.9267335891917354 -37.99567683761688 38.96769206325265,28.801551437734922 -108.26059875162198 -39.05221068769063
-17.704438334418864 8.315415909961038 -6.290635260390019,-9.739383921116955 11.398675633099995 -4.889468284559934,-10.888829838091063 7.134372000113529 -2.674293175376194,17.825560085919022 -6.6010935757950175 13.719817408281086,16.61071206114105 -2.117148509808767 9.659063248048865,-3.099397042098109 45.96492433505315 -41.425075833425375,29.80153544747361 97.9584391077167 34.01877960219939,14.596894575674071 9.46239604756512 11.008187156250244,-2.1980379887492605 -38.03051872275462 38.300352257563176,28.77640653509491 -108.29152815069091 -39.06277367211888
-17.47626553783732 8.145069787404182 -6.257088156228759,-9.626148941384306 11.37181899332972 -5.060001517311268,-10.510293421150891 7.198689037349798 -2.2798885697637945,17.051288839848354 -6.399090526550847 13.81889425577715,16.50806164924985 -2.0916812847705537 9.72123514604563,-2.9537724815832225 46.02243512755133 -41.54589183147465,29.821491332735906 97.74206589126473 33.910302447812484,14.527809977845063 9.443247000018612 10.882781611204777,-2.825615173444915 -38.77251616207795 37.43518912200917,28.774664396375048 -108.08936678708719 -38.96289450439052
-17.24071283218438 8.001788514332718 -6.215679448911982,-9.472496129281513 11.281283428488415 -5.095215518641581,-9.863869266721434 7.168275707057807 -1.9651383225681271,15.865644107035049 -6.174547213892905 14.1268735346541,16.46325101130604 -2.0722562204268233 9.7842354839773,-2.8346107955186044 46.18897369540205 -41.301147429821555,29.7931327271679 97.92534548195333 33.99238187490379,14.528273462272283 9.397135680551562 10.629173642789507,-3.5830729314834295 -40.09376085772027 36.679462310655566,28.800903758539118 -107.72512519882791 -38.786198339075725
-17.075383122006194 7.965033774657327 -6.164731799094765,-9.35696171752675 11.183494838850454 -4.970710286358122,-9.155984996703154 7.049345838109855 -1.8364798984892272,14.653558231502961 -6.015477139504346 14.514910379641947,16.47512845978532 -2.0738593436021167 9.837904592866138,-2.774244842415849 46.42623107564281 -40.77127487658393,29.733359474490825 98.4923328412806 34.262813004669006,14.58109000168649 9.327558132558842 10.3374756147381,-4.1897230095249 -41.572173286861705 36.24523092690683,28.843247856314868 -107.36661029772024 -38.61197269525142
-17.020386969688552 8.065432144017898 -6.106805081756754,-9.340273306301848 11.141347201619967 -4.73622241832784,-8.624598653267231 6.8940464302847175 -1.9249600042042272,13.821743960587042 -5.991598264330935 14.812688990168148,16.518886706283027 -2.1008987828858183 9.87774095953319,-2.784852350572225 46.67823598320531 -40.17449127165819,29.673191283914758 99.24602403684803 34.630035318812276,14.64664111996461 9.250197906369982 10.123427686367686,-4.444478619087749 -42.730166329772686 36.189606170842,28.880181080234124 -107.1911251099542 -38.52416998737525
-17.064665196075712 8.264481620492706 -6.048771251701359,-9.433556776046041 11.178447123403023 -4.475908372242413,-8.41549915656338 6.764162744469719 -2.185737845245991,13.595492184641973 -6.117808550262531 14.908807367831782,16.568622364918884 -2.1450971361179723 9.900493948858637,-2.8592627937349544 46.9018759776132 -39.724844663616885,29.636541426064692 99.94647064739802 34.97770105546063,14.693739299095734 9.185060525780514 10.05835095979887,-4.319406527585989 -43.29764332267605 36.425968626052914,28.892990086041667 -107.28867420936771 -38.56569366786479
-17.15629502586597 8.471843892111114 -5.997897062828144,-9.592780578984955 11.261975417010746 -4.260874400110735,-8.507539089868024 6.6954633716049194 -2.522417853891003,13.904429861365163 -6.3429443192347 14.812053676506283,16.613020125537084 -2.190387775720025 9.902816483928259,-2.9763138065631027 47.08392820244981 -39.51352907999151,29.62668510434346 100.44358285886045 35.229113826796855,14.718275932115802 9.145914218193415 10.127379179171873,-3.966547369650415 -43.34964978203392 36.78662847576566,28.876855135811194 -107.60797259655997 -38.712668248697476
-17.230700030096852 8.591482755587098 -5.957033438923917,-9.742558718510022 11.32430416935859 -4.120537415411095,-8.73010240714273 6.683012270850137 -2.8248939343896144,14.424228841160446 -6.571870700671204 14.638744822884806,16.65601235426725 -2.221726221908586 9.88391868349436,-3.1080074974008127 47.23717779024646 -39.480107820459004,29.6279301529596 100.72952189300099 35.375022556568624,14.739777234877836 9.133373171396814 10.2407107454784,-3.634730262222016 -43.24020773740371 37.10143299427986,28.844056854774017 -107.97755745879887 -38.88416489130641
-17.242659661660692 8.572078002847684 -5.923334659925188,-9.816143653852857 11.308508295754237 -4.044342203982831,-8.864593365338676 6.6930541134627966 -3.0073627424391884,14.756741936350888 -6.710800139096376 14.536520196927977,16.705157893517033 -2.232556311513574 9.849481366325985,-3.2259533232456006 47.38003318245013 -39.48032397467548,29.619783943563206 100.89411333194889 35.45526460431324,14.780922272133981 9.135861036128844 10.290475098391903,-3.5383667694751257 -43.36960557579912 37.259513999706805,28.81704464813486 -108.19495563442756 -38.984310740802314
-17.18692476444436 8.434754433929557 -5.892626082713757,-9.789555491092015 11.208227100142715 -4.006191088780897,-8.773890666564142 6.690829817002397 -3.0348077070065673,14.653190376625789 -6.712640077701718 14.592254834608084,16.75818653055479 -2.22671014809865 9.812757620088949,-3.3058656245928995 47.51278201579808 -39.3989257448099,29.593240940367377 101.02721802372498 35.51361365904036,14.845451478878879 9.13797961256816 10.218860321355635,-3.7445951060650016 -43.91800775837656 37.236469849020345,28.81494452698254 -108.13878702550362 -38.955554557246835
-17.098359416245295 8.263374118389972 -5.867059122031329,-9.691376371313623 11.076404987374362 -3.991953609293344,-8.486806680079507 6.665379744999652 -2.9304163722476555,14.158129310614383 -6.598623338330186 14.779531391980916,16.79829777301466 -2.214059167198804 9.790619121552943,-3.3303364663061066 47.60514611079122 -39.233164861563324,29.55819594553795 101.13883387947445 35.55887847051685,14.909874373843213 9.131263757194183 10.05686057273239,-4.136086659977722 -44.700099287886566 37.086489602989396,28.84114509934994 -107.84318908572685 -38.81427297646019
-17.032649090263387 8.162601720356513 -5.860239160039429,-9.58367665505348 10.997040309746042 -4.011560557957978,-8.18858185649069 6.636086836322547 -2.7622341745456542,13.592475426084386 -6.444947669059731 14.975941949286307,16.802000975248564 -2.20306416751796 9.795941704571975,-3.2908506606861883 47.60368706077699 -39.095942060508484,29.53733553128864 101.14857813584389 35.55743521920776,14.934750923119081 9.120661569662694 9.910452781227486,-4.468766101899941 -45.23086557342338 36.910317437245475,28.879427162631803 -107.49104164662268 -38.647804613227436
-17.03774043645996 8.205746702470174 -5.894373100736313,-9.525784397046339 11.036765832727092 -4.089234557556696,-8.12025443187001 6.638152812724682 -2.613987388088429,13.380726105980399 -6.341812969951757 15.038340861202377,16.75437712305467 -2.195153753637604 9.830635225054989,-3.1896812150449487 47.4571241309363 -39.13990683205038,29.55082321711458 100.94717771971449 35.45990449602322,14.8885457846647 9.122403236348202 9.90156970659996,-4.495891010615074 -44.97666251955107 36.813412164254025,28.90156934687241 -107.32455426459944 -38.57194478843128
-17.130006004175858 8.399100085930778 -5.988533619411284,-9.541864627860532 11.205077202113669 -4.240082130706579,-8.440598413063169 6.6973220159232785 -2.5508311296247665,13.813181941007755 -6.346816367654744 14.890352383249951,16.661449777497374 -2.1845398310843915 9.883771453189238,-3.0412483570693145 47.147928352332826 -39.45225030411875,29.601939705396504 100.48606860882285 35.24254910125841,14.769106468832147 9.15395143753975 10.097099257970179,-4.096597158735109 -43.66194000226418 36.86696336664558,28.8828703580147 -107.5169109927993 -38.66954748184842
-17.286115707604356 8.68002134488715 -6.143351455366426,-9.61037918465598 11.446466281265362 -4.449580678779139,-9.125916206069768 6.810152434322597 -2.593482499208171,14.871114095817155 -6.457200136739877 14.570472658392603,16.551042147215096 -2.1635138176459288 9.936439768844224,-2.8715856453425204 46.714318216611005 -39.98596133789234,29.673037638347278 99.83526134353981 34.93555692200108,14.609323838355937 9.221572193093115 10.465728186253656,-3.3448938930431 -41.46718596102342 37.08150743197732,28.817228639114052 -108.07211200658271 -38.94230922654921
-17.453580167280293 8.948014417833623 -6.331322084346439,-9.680365649425173 11.668516261906314 -4.670032061460881,-9.963313411546999 6.94195593400692 -2.7117849849855187,16.210545027514268 -6.614744286500333 14.213518932827663,16.460771522338 -2.1296866523794575 9.970908137275158,-2.714539243663702 46.25008655163334 -40.56928962784315,29.734468819284547 99.17164756738279 34.619684410717504,14.4631998181239 9.31286921336848 10.886573347374211,-2.4849709506227637 -39.00701691636234 37.40037416716297,28.723155483589977 -108.8080544275564 -39.30228009704796
-17.574043155752694 9.111422720569811 -6.500481252745023,-9.703893053067556 11.78908155393715 -4.837158820764885,-10.643069901347264 7.043371171308364 -2.841084066796768,17.316011083045336 -6.739268182760912 13.977641225575036,16.419935481993086 -2.0902697106149493 9.978964133200297,-2.604480712734186 45.87916988798898 -40.98748085470617,29.760932062178256 98.70380640453139 34.39278516831306,14.3802258327495 9.399223749960461 11.204789406480913,-1.825130126545542 -37.09025329857 37.71676141324012,28.63672706232366 -109.43547275364058 -39.60947855336254
-17.60792395423004 9.125851638137325 -6.592577359398509,-9.665079440674505 11.775471505109062 -4.897808475608813,-10.90287267476408 7.075464838472787 -2.914526368521932,17.74528880889648 -6.771649267093119 13.960067213685084,16.43585054681303 -2.0602120162609774 9.96471797667459,-2.5671320394770976 45.71335717868213 -41.08889667340187,29.745154197731313 98.57705362950534 34.325651090862614,14.382584051660228 9.4477129360363 11.304147021901379,-1.6021457614913965 -36.376004289846 37.911868356149114,28.594576316475308 -109.69472994668553 -39.7376639528208
-17.549283624305872 9.006736341815847 -6.568474198732482,-9.588735170546407 11.654630905620506 -4.8335149653693055,-10.649699292544586 7.02880212644615 -2.896278440000396,17.338587037098144 -6.703086102077634 14.149509596578064,16.492415540496 -2.054788949616705 9.940474960021692,-2.611573851424862 45.80986765525481 -40.85570009072764,29.700687107896883 98.81175516440955 34.431787044844675,14.457492682630967 9.436712688741927 11.158691213284133,-1.8808598709204756 -37.09225683647101 37.902625813559425,28.615664580792274 -109.48092936507734 -39.63495772091281
-17.425209693026922 8.813273569274372 -6.428256294131395,-9.524185829642779 11.491265553408828 -4.66762797233998,-9.99810189868215 6.9262501851570395 -2.799260923020511,16.28618740857209 -6.575901267892222 14.440037205668347,16.561162593738587 -2.0807810966894484 9.918483333410904,-2.7266943830355994 46.14681302357298 -40.40258013031301,29.652537998428002 99.30541864179482 34.66615439561056,14.56773323339133 9.367059776177548 10.83849084819599,-2.534641410969567 -38.95005915375949 37.68018041222833,28.691533265970996 -108.89293955253895 -39.348155758595325
-17.28156360585862 8.615636291167291 -6.214861392493654,-9.514599818128433 11.349422760848803 -4.453399213990352,-9.208569688013691 6.809213785545201 -2.677942158813632,15.024655912158824 -6.457295434120929 14.694873100406392,16.61759622663575 -2.1315069243524762 9.903810962629422,-2.883932393854844 46.62790477250737 -39.90971148915189,29.621881747040867 99.89082214748451 34.95053101267001,14.672891910537924 9.262726851157574 10.469957870989202,-3.3116422936350833 -41.286816057187764 37.320055570177516,28.790354997462757 -108.18150142590271 -38.9983816381267
-17.162853726701677 8.46416003662085 -5.997865435558072,-9.570482327871389 11.261133765023366 -4.250650984375572,-8.561490009165386 6.716308447476727 -2.5992400155603046,14.021328595477515 -6.401975304916673 14.820808756243643,16.652830074840377 -2.188937871603991 9.892748639947577,-3.0457216588889082 47.115783511657035 -39.532116122146654,29.61450760614255 100.41262371274233 35.208983428806015,14.748429813168608 9.160378825112739 10.174585003673108,-3.9506417473185076 -43.36005953328716 36.95491524487923,28.872718387570952 -107.62453175044928 -38.721198727024394
-17.095675138584312 8.375226201848397 -5.844326717853476,-9.663129226095085 11.21916327845463 -4.103561827499762,-8.233083069127359 6.6667616295465075 -2.6063688445306123,13.561450923437787 -6.4246061806670935 14.810492449782208,16.67401611721987 -2.2320873663239063 9.877497802975567,-3.1767021214434266 47.4811407792564 -39.33639587240859,29.619903318774348 100.78042303911072 35.3940575304952,14.792290197572468 9.092991899922005 10.018699626323633,-4.289104671226597 -44.64612525957558 36.71829738640143,28.910763263806487 -107.39542739022876 -38.60267904347298
-17.08229235689309 8.337252328843643 -5.790701000335809,-9.741672535758594 11.194605245068205 -4.029532272627043,-8.234134469040217 6.6567044035209895 -2.6949700362720157,13.644249829177566 -6.496303139541642 14.73150051157863,16.694466754271726 -2.247201537951042 9.853767021204513,-3.2536583324238775 47.64781144506549 -39.29451856317554,29.62086596842244 100.97694398340785 35.49302817351338,14.817276098443669 9.075765531389028 9.99743388130187,-4.31430234684049 -45.00780091733744 36.68407652162938,28.900559066781856 -107.49220992567089 -38.64427273842669
-17.105436234287634 8.328683020869228 -5.829643652837944,-9.76325184069958 11.164627448633592 -4.0215171517882755,-8.435356531915499 6.668111736810729 -2.8149926546374497,14.030520699981265 -6.565219824517167 14.67373672823693,16.720924126268404 -2.2341655870737247 9.825920099882797,-3.2707976293336842 47.61555516533403 -39.32810811578298,29.6067918583888 101.03016042313048 35.51707470287324,14.836301196007945 9.101212421410938 10.05536825455699,-4.1400635922339895 -44.671002392261116 36.83188998992927,28.86145907844486 -107.76090736983407 -38.77303284810174
-17.140177955535414 8.334695466579834 -5.917884585690846,-9.718191753241088 11.130640709530892 -4.058756891215055,-8.656469360009332 6.682899837336432 -2.8980916474385405,14.402051512426336 -6.587974774222403 14.690399914704313,16.746979001447222 -2.205653042790838 9.805817639858004,-3.2390222296846107 47.45187886139489 -39.368401956361296,29.581626279445164 100.97773653507087 35.48549631535619,14.851320215052432 9.14536405094223 10.126731696281492,-3.929493423612544 -44.0489619621222 37.05820812606205,28.82340727877737 -107.99493099676273 -38.88893638289403
-17.166247066653064 8.352709606448007 -6.0003657383780356,-9.635288398287482 11.115145114059043 -4.117872752289916,-8.76532433791094 6.692845445500094 -2.896007893040432,14.537773436720213 -6.553538932746831 14.768874646741667,16.757259943563778 -2.179656353681685 9.805609131079594,-3.180249434215642 47.257782402823814 -39.392968745394114,29.56117368930911 100.84985478752388 35.41673031966368,14.853253760175692 9.181223661185287 10.170330074064815,-3.8083455497131578 -43.52103804102367 37.22990147237475,28.809739679608942 -108.0520303278292 -38.921463951881975
-17.17516233941496 8.385701137609358 -6.037512910643757,-9.56433078329089 11.140764442734444 -4.178800476086733,-8.734014397532796 6.700114538607765 -2.808582876356962,14.411361107669665 -6.486688285098439 14.846982284267124,16.739576651115957 -2.1697406889628925 9.828892687859422,-3.119468910561273 47.123567692325224 -39.4206176029912,29.561625387407318 100.67657467955955 35.32956333775605,14.832128044208712 9.192083847247506 10.181478223363346,-3.8132988964699126 -43.27974041802443 37.253737616465855,28.825220075380827 -107.92370175353754 -38.863969248556536
-17.170033663137502 8.430709106219865 -6.021466789276293,-9.546539526900366 11.207346431864513 -4.225398232167023,-8.628151680113326 6.71007908927031 -2.6850718417346857,14.166694702776915 -6.430522272947315 14.86089463086855,16.69655418644564 -2.1785050311446943 9.866162648143833,-3.0774729762933615 47.09455416637354 -39.47574503346302,29.587101569980252 100.50411363862993 35.248414107671096,14.789391064960881 9.177911075816025 10.179332568661378,-3.8963208215478233 -43.30711074082892 37.12474089924697,28.855696480388822 -107.7217135464051 -38.76835897237029
-17.159807958859837 8.472599222600081 -5.973819046076295,-9.590619299420654 11.2844229218615 -4.244637443978531,-8.545006462282677 6.723082546504936 -2.5970315668749997,13.99929961354502 -6.419482866372908 14.7918660576579,16.64817634013389 -2.1976883694805873 9.898189322210897,-3.0662096728168726 47.16090602649392 -39.552861680710414,29.62484812058302 100.39691800582118 35.20307287104916,14.742712599961285 9.1521916279615 10.182760502194325,-3.974370025267142 -43.46433739985815 36.92611427372956,28.878857092888385 -107.5951337295588 -38.70595119500706
-17.152117360096295 8.488823815449177 -5.927980981860284,-9.668512499169216 11.325958722064744 -4.22832890641792,-8.543245034222616 6.731798344914275 -2.5973589158440253,14.022438871743562 -6.4590557617923405 14.681148192019469,16.622299982665346 -2.2143827869794745 9.906153632882265,-3.0872407278519347 47.27354411769079 -39.60930726474539,29.65185886100671 100.41429950078395 35.21823650140724,14.718593537456298 9.131979026757477 10.192730888155333,-3.9904017224927912 -43.6204940605939 36.779512968212764,28.879132001802446 -107.63082668186037 -38.71962850662013
-17.148831708464083 8.462819465555318 -5.907682649033015,-9.733002723464619 11.299021866152302 -4.177780323267663,-8.607404395593548 6.726196502818329 -2.6886974529281678,14.198922841277772 -6.523594598823709 14.603838600763202,16.63812465653923 -2.2192894282862605 9.882907592985712,-3.1326821709634523 47.37536874458188 -39.59234016736257,29.64918387641991 100.57269688454576 35.29768655653266,14.736512754351047 9.127389830515016 10.192401536754913,-3.948785689895459 -43.73684368764684 36.77290469747305,28.85755730900408 -107.79826820248987 -38.79659147244077
-17.146330403462276 8.397255669972862 -5.914530530559316,-9.746272422978207 11.207871990183065 -4.1077229141587885,-8.665806081858646 6.70231201265074 -2.82000358452965,14.375472232660982 -6.572684623563678 14.619029168313773,16.692739657822443 -2.2119519957275564 9.838492780070027,-3.187697945755743 47.43019811588865 -39.48136982910703,29.61487394767618 100.8204286918492 35.41463254641387,14.794599554072523 9.136612336743973 10.16303894339813,-3.9059951588930666 -43.862034294286254 36.907527723796626,28.83065427996948 -107.97158885441611 -38.877948292643026
-17.139712938149767 8.317777104735887 -5.931390377389193,-9.70216576285173 11.09681529170372 -4.044711527758808,-8.64709560528555 6.668063036412951 -2.914487606012697,14.393452408336584 -6.5757590012534335 14.72866467984256,16.759761155769592 -2.1999613523963055 9.796011483802612,-3.2339307059210984 47.43440410661607 -39.31441424027557,29.56692983444361 101.04838546398244 35.51800669402935,14.866712339218948 9.14890276687245 10.103345068776598,-3.924828321555531 -44.05375693998562 37.09617202071451,28.81913440308673 -108.01462206093466 -38.89884898568611
-17.12811570458789 8.263504246985882 -5.938394477423567,-9.628955137431237 11.02813931700195 -4.01822239596967,-8.537899233415637 6.641285007429889 -2.913945123633154,14.205077712705224 -6.530377647564749 14.871812352802136,16.802099575550592 -2.1929391035351244 9.779535516765772,-3.2536187917815926 47.4067763107869 -39.17769060698106,29.533696354040142 101.13810916272703 35.554713370143155,14.914144566201912 9.153225145962832 10.038096142909755,-4.021857873548927 -44.28759811859242 37.21608082734101,28.833501624060116 -107.8761805786122 -38.83417198902973
-17.117876394609926 8.268760327635711 -5.930583914584805,-9.571308328044687 11.047399407241182 -4.047910286743381,-8.404693596978653 6.640556109878113 -2.814173962777163,13.922654001018865 -6.463800613798364 14.958529711707834,16.79218459399379 -2.195335766995811 9.800669084226287,-3.2340656112411237 47.36492691021019 -39.16188239295064,29.537138942939507 101.02237150756868 35.49638514822553,14.906017058008995 9.146931534516959 10.009569415354198,-4.14158199905911 -44.41912367279787 37.1870962631477,28.865641479307406 -107.63563634585682 -38.72096611846601
-17.121496006608883 8.346079806379523 -5.92523770393672,-9.562679883806267 11.157020140800277 -4.134133600231221,-8.365280830460161 6.674532068049794 -2.670166484472447,13.769221650101839 -6.4174111020896625 14.922576807096718,16.727921396191395 -2.2027623244848136 9.851597420836251,-3.1715665002917954 47.30446159488023 -39.31147910616098,29.57927507515485 100.72127141126722 35.354290417423066,14.836542736940853 9.138985569279836 10.056584338830268,-4.1752697795071585 -44.23049152694206 37.02849686079659,28.892007150080676 -107.46768416968152 -38.64233438698362
-17.15248277562161 8.48003281878273 -5.953378907957057,-9.60497705861246 11.314753466690425 -4.257918105819938,-8.525324176986926 6.736799152925423 -2.5664645982885395,13.95713343739467 -6.4232647986578835 14.760519036367619,16.634598542791963 -2.2043188241550027 9.909011286278913,-3.073345169554021 47.19557773551031 -39.59920955017418,29.640469082823138 100.32913130967134 35.17199133354337,14.728651557802953 9.14554677638603 10.193683481515137,-4.016729668146996 -43.54063873440642 36.857630470220144,28.887037084546705 -107.54338430578926 -38.680466666031954
-17.21822093775572 8.6351345364401 -6.0399198119821556,-9.667761854659375 11.45842706176677 -4.391081181863688,-8.915647864857757 6.809722247934174 -2.568332975686165,14.562866453964233 -6.486099590491667 14.533474198381011,16.551035037880144 -2.1895903148763916 9.947047116902677,-2.956166574498371 47.001280572012234 -39.9419424157522,29.69108725007978 99.95798370787746 34.99919138999579,14.621399588516145 9.18028548680075 10.402436055908769,-3.6255504958377394 -42.319164225235795 36.82604022063975,28.8390882335699 -107.92398251935178 -38.86560663114416
-17.314136651447853 8.773014934012195 -6.184397433005154,-9.70730149099155 11.541974286728202 -4.510634690540235,-9.465425480014922 6.874745949783191 -2.681553977691693,15.468625331603308 -6.580571395201284 14.331160043462125,16.50772820349429 -2.1559855955206344 9.951960542005429,-2.841390156037499 46.70772651348911 -40.2476566345249,29.709548801149165 99.67281628114264 34.86310500328867,14.548404995180293 9.244970030078491 10.639017147099468,-3.0626568209587055 -40.73971335387435 37.02646445085365,28.759273551759335 -108.51103712964182 -39.151472482603076
-17.422201008177748 8.86905983309424 -6.3546546405232585,-9.693736282248917 11.560434217709458 -4.608369877714751,-10.02634145035649 6.922212282543071 -2.845132427795758,16.40415303033267 -6.66471511105398 14.221127533429092,16.50987211748042 -2.111748507568193 9.929952831277628,-2.747940805522524 46.34819005151141 -40.46295513193743,29.695470750399643 99.46158309812341 34.75654727821638,14.520165990390543 9.325881337937169 10.852595858725351,-2.4763981618032647 -39.13965725940216 37.42472302259759,28.677415532246275 -109.08599281286426 -39.43341591591548
-17.515277190212814 8.919783313205384 -6.4987089530650595,-9.629772031107775 11.548365797433648 -4.689328904000211,-10.4354529103571 6.9541019575033225 -2.96324096979485,17.067716596699388 -6.701825020742797 14.214522937188638,16.53555141410279 -2.0725113035895806 9.90334179008411,-2.6860651310105346 46.00351149109642 -40.590770083429284,29.66934659755377 99.26181910045227 34.651729841389546,14.520887600503066 9.398494898851641 11.00383830509238,-2.0427558935006602 -37.90061481400558 37.86050304430408,28.626762263276273 -109.4212942501535 -39.60124606019158
-17.566480920786454 8.938320490018755 -6.569467661884949,-9.54952197378617 11.552981699069909 -4.760353784199696,-10.585118425604982 6.9781223155318015 -2.9600516304803417,17.264020031948988 -6.678915542888815 14.268286514909533,16.550462226851515 -2.0531592838937383 9.89704269337901,-2.654830805142957 45.77373154902238 -40.668679771883845,29.658571503706447 99.02729304824716 34.53115235475054,14.521553206405471 9.438389024072208 11.074790963863467,-1.887270629942193 -37.302945764033154 38.12402478293947,28.62585217352152 -109.40267299386821 -39.59811261551975
-17.560384598330913 8.94258023162972 -6.549080652684274,-9.498212158017001 11.599701448187124 -4.817302192354288,-10.466682454141194 6.997914036831506 -2.826660193027355,16.990327798124298 -6.612466878110448 14.319917188173452,16.5304258120209 -2.0596699241259664 9.923150863028635,-2.644761537122045 45.7320141458252 -40.72593960283368,29.678505743172103 98.7873485323392 34.413443678974986,14.50081936641568 9.432955733034223 11.068353565758484,-2.0265078142198907 -37.41803990696199 38.07130191681839,28.667944656385885 -109.0933425347693 -39.452195434639336
-17.501483057581797 8.94425082612894 -6.459270967071685,-9.5050697293024 11.673117847192763 -4.841562490608311,-10.169808936546033 7.00735434644129 -2.631971062191354,16.431552728559456 -6.539342722403126 14.330205096922505,16.477885857788966 -2.08570874019528 9.972773257421604,-2.6444022158249667 45.883848050010904 -40.752964974822376,29.720953246916615 98.65073914495183 34.35252273114426,14.46024678755613 9.387997542787367 11.002107457454088,-2.3581151478008806 -38.08257127403637 37.71463925470059,28.724410543752917 -108.70161907097481 -39.26232185432394
-17.415624977907093 8.94493887798037 -6.351379195225116,-9.565799876981881 11.726717032652466 -4.811017411238402,-9.841687659415063 6.994425420710892 -2.4885691890390897,15.872211220757086 -6.498340309956179 14.305058899336439,16.42181998416493 -2.116013648178921 10.020184098576134,-2.647354451531807 46.15466060305992 -40.70898251490396,29.7582566206819 98.73924315809525 34.40457552511313,14.42376387552613 9.325868236567393 10.902822993120637,-2.7053284647946216 -38.9617248318034 37.23368303122098,28.760580038809618 -108.46727104065772 -39.14424287314329
-17.34236393271196 8.939908129938301 -6.2809702940248515,-9.645170650123521 11.715790729920368 -4.7203964556223,-9.627525845002298 6.953163313501691 -2.4900946283553926,15.571923392703697 -6.511827136805867 14.282500889558921,16.40038290048774 -2.134624384815389 10.037152665672581,-2.6557995445495974 46.41618662875042 -40.565956889079914,29.76140603726654 99.08559934730256 34.580137069038855,14.421232463039248 9.276010734326785 10.803962977027627,-2.8958131597185446 -39.672897211138235 36.89322916238501,28.755289845845176 -108.52837296888815 -39.16671804507124
-17.319861825361034 8.924397054459796 -6.280366078999198,-9.697978551584812 11.631833843415047 -4.597501976259232,-9.61812328587467 6.895367091718888 -2.654129776947681,15.66267742975801 -6.575786486299838 14.295280445286323,16.43632958541748 -2.1332041570017455 10.009157438460422,-2.67827300857998 46.542198535783236 -40.35772918858235,29.72111038012191 99.5636340482781 34.81329302527479,14.466445936689563 9.262353024556202 10.742764801526206,-2.8386807339252633 -39.922186526444655 36.90581823207016,28.713011375760562 -108.84283884983216 -39.31290282078626
-17.367727619663835 8.89624173393332 -6.343548554300807,-9.695541384816591 11.51418543734533 -4.5013330170607055,-9.822395219503285 6.852034239011067 -2.903667216453383,16.10822139438244 -6.661717160072673 14.337152936927259,16.520286507134397 -2.114741561913771 9.943887965271863,-2.722711825281644 46.467830107294844 -40.1933307044163,29.657830291213642 99.91055119552455 34.97526706018515,14.54416479113544 9.293288558479947 10.751383044279192,-2.5648158071182623 -39.60707388676046 37.31104189119021,28.661476482972965 -109.20938406938912 -39.48889117722866
-17.475225197799872 8.852401952629187 -6.430971277889267,-9.641647575346612 11.42834115062584 -4.497422474579018,-10.169353375312367 6.85992486632524 -3.1004410637232964,16.732309861466007 -6.728292374678474 14.359501936712128,16.612909449091582 -2.0907636420766904 9.866882656061126,-2.7887921496645633 46.22289256805038 -40.212241402496815,29.612727608730445 99.8509146597579 34.93535785536559,14.615819954041156 9.358460862384455 10.840839661273414,-2.2130675541241267 -38.85436874427636 37.93915393708575,28.635945742735988 -109.3774476085836 -39.57509223036181
-17.601238269376232 8.78313139396091 -6.490931987498436,-9.568532217479424 11.422371945785333 -4.620221149664218,-10.533310191595774 6.938550877200597 -3.115068831147067,17.292768359574623 -6.737243101639319 14.304656448305337,16.665930723600326 -2.074082842911147 9.806836922244946,-2.864474641757953 45.9211659731896 -40.49773853954406,29.623225539897483 99.26548843545693 34.64116536018224,14.641939763055182 9.43327977849278 10.984777451909906,-1.9695938641220432 -37.983523085163746 38.48430759110078,28.6589883945112 -109.18561533680614 -39.49212179312085
-17.68805294084116 8.671188030485444 -6.485509852225866,-9.515847905604879 11.489286390427658 -4.843388988989428,-10.772000246510114 7.071072179450514 -2.897640513746316,17.566204335392968 -6.667564994353954 14.155722495861047,16.650460774106193 -2.071657511266943 9.779460754820432,-2.929675869068312 45.70928052741976 -40.99865191223064,29.697347178558566 98.30670898046658 34.17144683810031,14.608172198879654 9.488757177887308 11.115878527039865,-1.987963158389785 -37.40519333177515 38.654228026446425,28.727355263899124 -108.65178287815885 -39.24471097186065
-17.684855799655466 8.501265604067694 -6.40742975855834,-9.506090588814425 11.562546034540805 -5.078560807550755,-10.76840443924748 7.203135120810286 -2.5103490203316667,17.41479147328508 -6.523934392775227 13.967767987554065,16.575733602900172 -2.0818195615963977 9.779829601570217,-2.9659324416267685 45.699388023329554 -41.51572957712826,29.80339251287414 97.37685962149924 33.72277936883733,14.538155455348148 9.502378334525638 11.145248697002934,-2.324587820734023 -37.48137175901205 38.32016568674396,28.813548053007956 -107.96526390614149 -38.919528027964404
-17.571551800649225 8.27733955780429 -6.280183655692238,-9.532002945154034 11.552972980647061 -5.209759478192267,-10.468767311552352 7.264907568653509 -2.1028605709844137,16.822228970581143 -6.337465711001821 13.853123569988611,16.486247611465405 -2.097163373267102 9.788090543884394,-2.967006925233671 45.91837641724547 -41.77794527707606,29.88356148580217 96.95466091492645 33.52475682053549,14.48330819603755 9.465894235676101 11.003101227565036,-2.915506830985649 -38.38630006284405 37.58794515604485,28.88121658126661 -107.38626159048239 -38.63882417991502
-17.37189005100314 8.0375366955488 -6.143500953234664,-9.563773554181356 11.408485896380961 -5.15036644202188,-9.908511990567792 7.20766000477553 -1.8414935489281619,15.89864718960354 -6.158583615398681 13.921401567505583,16.43758438035592 -2.1106968170777307 9.785035403140137,-2.943988959381307 46.29805275533397 -41.580976369125814,29.885895368695248 97.3458304012598 33.72078467692481,14.49337128129014 9.387653279184724 10.683627416964487,-3.6014627925696274 -40.014249079312975 36.75085375746519,28.905424900489052 -107.1102558083503 -38.49665494796895
-17.148391382051752 7.8534916866882885 -6.033963321569342,-9.571130795050488 11.160112302026587 -4.8938506617657005,-9.215753787063651 7.035383509060152 -1.8284556994784869,14.858008290173744 -6.042997853701165 14.206102456798742,16.4640434102393 -2.1207992123424453 9.767484135207631,-2.9207644843597613 46.70967833944027 -40.91564002047138,29.796746503814866 98.49076846633903 34.27796045247486,14.58414281753245 9.289327139415924 10.268067912482387,-4.187874077038762 -41.97523978874807 36.147296141897776,28.885880379023718 -107.17406984173753 -38.51387397550291
-16.979260115056828 7.807326209200238 -5.971852481813282,-9.54567796858225 10.921272713649092 -4.52852660451869,-8.583624495936782 6.811528237360468 -2.0533820049531326,13.96979301198068 -6.033414853448729 14.624009458160856,16.556914489715957 -2.131456902678241 9.752880139481277,-2.920904244560739 47.02364509213533 -40.00775704438794,29.653696813414665 99.94840383684459 34.981807717688106,14.72233183489554 9.198652827577662 9.905682805447793,-4.513558055670858 -43.69741676747816 35.997024167450896,28.845271324981127 -107.45545941026964 -38.63667932403972
-16.926093603703276 7.952319086766348 -5.9599173336655635,-9.508318893722583 10.832749150146164 -4.203080590366835,-8.211605351708302 6.632826901385164 -2.4025423953036444,13.487842610131306 -6.142001153695579 14.999566137350232,16.666951343281962 -2.1475916506287493 9.768763686020932,-2.952400004422973 47.16310254336991 -39.23198876435214,29.528795497890606 101.08848428846862 35.52988317424665,14.838883451465486 9.140677646282269 9.752577241847412,-4.501482926407084 -44.6164795708549 36.30131907333892,28.813686728904447 -107.76313757388905 -38.777748738976015
-17.00657351546736 8.275951704045287 -5.991475809386917,-9.495983088599846 10.979532366816171 -4.055989493285357,-8.231269925783227 6.580746209584814 -2.720258796343895,13.568438990417732 -6.340637516812221 15.149777819696812,16.73099026652482 -2.168892994391767 9.832460877560713,-2.999113432384502 47.12542220054072 -38.93167147399409,29.489199638636855 101.40788931564445 35.68302697573369,14.865763388396818 9.130066051290237 9.893601993679171,-4.175155129571925 -44.390700907465906 36.857973253127184,28.808583716030505 -107.96088646824789 -38.87384330488288
-17.18532817974206 8.687981850828905 -6.059583008061164,-9.53543141626265 11.327596297403748 -4.143987587651866,-8.645691902785305 6.675921888644892 -2.889048256795952,14.203523951016539 -6.565569888142668 14.98659387154133,16.708348154726348 -2.1869821920633385 9.933600274352703,-3.0254324077212584 46.96451129257796 -39.235919871282796,29.556893705178272 100.80532158781787 35.39521835192152,14.776384209938467 9.166623721203594 10.288045738518537,-3.6396954474807 -43.05506115959808 37.379871668540964,28.822835142916094 -108.04902081489162 -38.923965556913146
-17.388562391730716 9.047066384326824 -6.159510895940202,-9.621139146782957 11.723403585403592 -4.409087565590665,-9.3141670153684 6.862493354751516 -2.8852123604962183,15.20218311122486 -6.7386197656649145 14.57726995943447,16.606072639454435 -2.1888474725433853 10.032097708155364,-2.994087400866743 46.74920743983259 -39.97753259444017,29.69196006505684 99.65470333569698 34.84673329995701,14.60572781193096 9.235478762101929 10.774063165139719,-3.0400447356125704 -41.03833246514918 37.65036460384704,28.828961523765333 -108.15162157209483 -38.98379008122876
-17.536977326977574 9.220085170100146 -6.282954346612058,-9.712904883953128 11.966431998562104 -4.7058893181393,-9.998946167538447 7.0349456880261165 -2.7805139776798633,16.243164169684487 -6.799354604262892 14.1215273747247,16.47755188834961 -2.1652938413806426 10.076168879290144,-2.8894526975331356 46.525475025400716 -40.76807387443012,29.812035490916678 98.61673207035376 34.352916040198465,14.43613625533695 9.312261984366188 11.13925217690523,-2.514843798172584 -39.01666744920984 37.630061552421324,28.79801352613664 -108.41500273204323 -39.118777113234984
-17.582181279876238 9.148320494158725 -6.409832576899987,-9.757105114448427 11.921713360586057 -4.878947158872138,-10.462157452808276 7.096497223247492 -2.6906264210392203,16.991888640309046 -6.734986895188034 13.849794066722051,16.393806823657044 -2.11926478496399 10.032745248362898,-2.7340537757453633 46.305538791477794 -41.2016243976349,29.839869115802852 98.27251663838479 34.18939304822681,14.35391195170678 9.372085834776355 11.228117574959883,-2.162070907360634 -37.64952693940156 37.458341463076245,28.722209023043842 -108.87906805252965 -39.344728413559174
-17.529078540938315 8.885614096788844 -6.506896521843984,-9.720214642843512 11.610170132004194 -4.85069711890697,-10.572483216484907 7.018124198169733 -2.700629095956945,17.23947514467233 -6.592054790998296 13.89443237177805,16.402756534926812 -2.067987143214818 9.913314889628083,-2.5874099618762503 46.08803325011985 -41.08216122983396,29.752908524883615 98.7741309942503 34.42661010708665,14.39964008848851 9.39942796138012 11.031420753542784,-2.0241272276980093 -37.30548879661407 37.352702692200424,28.626963530789293 -109.4051127448802 -39.59479479614339
-17.432546483993537 8.582594385310703 -6.538729406009997,-9.613886829984288 11.218626483199182 -4.670789551068254,-10.36918165400387 6.86315974952234 -2.810540014835622,16.999614480372276 -6.4594315515538625 14.207035781687175,16.49961451802452 -2.0359585029489993 9.77771860693138,-2.523868557668704 45.891144492191636 -40.54668999734997,29.604622679600876 99.71717653924138 34.870673256265334,14.540935440167035 9.394935910462555 10.704256564123979,-2.0905278923979913 -37.90279945162528 37.46658717427496,28.562870704546448 -109.71639129173356 -39.73911946214247
-17.36880319177156 8.415826594145514 -6.487920924889382,-9.494001435346412 11.010339676646183 -4.494892963429141,-10.04585892866182 6.75825593738604 -2.932587422464319,16.508891863161626 -6.4250963170720174 14.574457017550168,16.626405864927758 -2.041357038687682 9.70831224907717,-2.5965875377111534 45.76948087565448 -40.00503748302564,29.50069484311949 100.33441555502907 35.15664931527301,14.685825681470138 9.375578773833485 10.492044592123314,-2.3101838829270056 -38.94693313300105 37.78927041724835,28.57923670340582 -109.54442081675066 -39.65356210778855
-17.39458131708775 8.489927870630238 -6.3728065062228145,-9.430782625036121 11.172072169713813 -4.49780677319281,-9.854156012852691 6.820361203222856 -2.942799468185175,16.118568581758318 -6.523846291304268 14.732723191627404,16.7027999211107 -2.0832439258749225 9.762834263393732,-2.803224947539137 45.793241808500156 -39.91545349429855,29.538113264711555 99.93649870782065 34.95837730231946,14.733100506410205 9.366888243806242 10.592226378384263,-2.604662814264373 -39.759244685768614 38.14689692330664,28.692000457200162 -108.80904887714924 -39.303579319232924
-17.51416913346193 8.759101021756207 -6.2492408938951485,-9.465190959906517 11.675159897432291 -4.763120393939013,-9.970348167267684 7.076032667569549 -2.758638244857983,16.12224030545896 -6.701763484836203 14.520349131139456,16.672641794866983 -2.13777962121226 9.9280430900989,-3.070647942104793 45.99229664147638 -40.510421708513256,29.73812444914462 98.37729495014135 34.20885335561181,14.634455252293149 9.389654125283679 11.019051738674067,-2.8780020529401025 -39.79747814683031 38.30550002420225,28.863837603502272 -107.7310882767325 -38.79586997034752
-17.671655164341846 9.011095026095196 -6.189955010657587,-9.577323244831236 12.230737523052396 -5.208933136775348,-10.392378948358878 7.418447848162799 -2.398964755266122,16.60374603739521 -6.819601227329141 13.98448994772635,16.54081115938445 -2.1675040724233394 10.099803362453255,-3.2694438736626643 46.294827170982366 -41.62471100009994,30.0115236528417 96.28279396797744 33.20762150601959,14.434406202614 9.446764595882359 11.546284506900939,-3.0245160897048198 -38.918014401037084 38.11766770278904,29.009632091952373 -106.80195809816595 -38.3627361266317
-17.774074900059087 8.930746896938125 -6.248068201445152,-9.688262067884015 12.377861772152405 -5.595185520889609,-10.925106045528572 7.632043582574969 -1.991275192816775,17.387784980027167 -6.700959978363685 13.373742893726748,16.37915106645666 -2.1404319814200137 10.105628025379614,-3.256532289046737 46.50351568201351 -42.73214509329921,30.18108013941555 94.88493608465248 32.54063324502297,14.263525783751893 9.516994169280347 11.77023989367982,-2.9398739665106994 -37.45095394365065 37.62789673418817,29.028137744802734 -106.60479830438561 -38.27717672719864
-17.735932539866493 8.223153966525956 -6.422912502475422,-9.698888551441753 11.676497723515185 -5.6182651831296875,-11.26915024903941 7.481081141535728 -1.7193007382075685,18.127541950440584 -6.2088647549270455 13.012047438127947,16.296323771545108 -2.049318621612277 9.766384915072145,-2.931169227583593 46.34116522160093 -43.18884681396752,30.05684536383061 95.50029733063084 32.83226297031967,14.284236529267192 9.560299985192955 11.276777868790012,-2.540057781145464 -36.046478606540276 37.07298818645739,28.846759830519474 -107.56045659998706 -38.73370360855252
-17.52420952945949 6.745993059908737 -6.648890054469801,-9.547165344683483 9.919400999037967 -5.052566125950883,-11.173951525655925 6.823541041911127 -1.7363797564228372,18.49124896658691 -5.317217085549254 13.116743381156834,16.38589646447717 -1.9199141215263373 8.973985671816857,-2.282160932104147 45.5643513252868 -42.565843026447055,29.530589698407876 98.88753521760499 34.44078893012745,14.613831360120349 9.534088360670026 9.83985253557678,-1.787677536532571 -35.36324399806205 36.77160242114913,28.458353646149543 -109.71757076272507 -39.75098891082092
-17.181386460996077 4.592155501547853 -6.818537732912134,-9.252145060526862 7.259587568250371 -3.8708908853840174,-10.577643718677091 5.694493471451234 -2.0888875126189,18.35157081504822 -4.141468655945923 13.661219686824987,16.679035532745218 -1.8018520218595508 7.751400589320911,-1.405955533894344 44.10364060417785 -40.89675540680722,28.641913841818415 104.80190691363664 37.24812023468826,15.2627270308919 9.414159398554593 7.556014437101554,-0.7180992680574604 -35.750112095729584 36.95930047664518,27.931359483170358 -112.69268703839597 -41.1456594232116
