-31.7 -22.2 10.6,-32.4 -8.1 -1.3,-37.1 -1.9 14.4,68.8 -0.6 -8.4,8.9 -5.6 -10.1,-14.3 0.3 -45.8,23.1 47.6 10.3,10.8 6.0 -9.0,27.5 -6.7 39.1,24.3 -51.2 -11.8
-32.5 -23.7 9.3,-32.5 -8.4 -1.3,-35.7 -1.6 17.2,68.9 1.1 -10.9,8.1 -4.2 -9.0,-10.8 1.8 -47.8,21.2 42.2 8.3,9.9 6.8 -10.3,38.7 3.5 47.7,24.4 -51.8 -12.0
-32.9 -23.0 10.3,-32.7 -9.7 -0.1,-38.7 -2.2 19.6,73.0 -1.0 -8.5,7.3 -4.4 -8.3,-10.3 -1.8 -49.5,20.7 40.9 7.8,9.1 6.1 -11.4,36.3 10.1 52.2,25.5 -55.7 -13.7
-35.6 -23.1 9.5,-36.6 -10.5 -0.2,-33.5 -3.5 22.1,70.7 4.6 -5.7,6.5 -3.7 -8.9,-8.5 4.8 -47.7,20.6 40.7 7.7,8.5 6.7 -12.4,43.0 13.6 56.2,25.8 -56.7 -14.1
-35.7 -22.5 10.5,-35.9 -9.0 0.3,-34.1 -3.9 19.9,70.0 2.9 -9.7,6.5 -4.5 -9.9,-10.1 -1.6 -48.2,21.0 41.7 8.1,8.6 6.3 -12.2,38.9 10.1 51.9,24.6 -52.5 -12.3
-35.6 -23.1 9.5,-36.6 -10.5 -0.2,-33.5 -3.5 22.1,70.7 4.6 -5.7,6.5 -3.7 -8.9,-8.5 4.8 -47.7,20.6 40.7 7.7,8.5 6.7 -12.4,43.0 13.6 56.2,25.8 -56.7 -14.1
-36.7 -23.7 8.4,-41.2 -11.9 -1.6,-40.6 -2.8 21.7,80.7 -1.5 -5.9,7.4 -3.1 -8.5,-4.5 -8.8 -44.9,21.3 42.4 8.3,9.2 7.4 -11.5,41.8 6.7 48.5,25.3 -54.9 -13.3
-36.3 -24.3 5.0,-38.1 -12.5 -5.1,-39.4 0.4 19.9,75.7 2.6 -1.0,6.9 -1.2 -4.9,-6.3 1.3 -50.3,20.2 39.5 7.3,8.2 9.1 -9.4,41.3 7.7 48.7,23.6 -49.1 -10.9
-35.6 -22.2 8.0,-37.4 -9.2 -5.4,-39.7 -0.7 22.5,77.3 -0.9 -4.8,6.9 -3.1 -5.9,-7.1 -5.8 -49.7,19.5 37.7 6.7,8.3 7.4 -9.6,34.8 18.3 57.1,21.6 -43.3 -8.7
-31.1 -25.2 6.6,-34.8 -9.2 -6.9,-39.6 0.6 18.0,76.0 -2.0 -8.1,4.7 -2.0 -6.1,-10.5 1.2 -48.6,20.6 40.7 7.7,6.1 8.5 -9.8,38.3 12.4 49.6,19.8 -38.4 -7.0
-34.6 -25.5 3.5,-39.0 -11.1 -7.1,-43.7 -0.0 17.3,84.9 -4.6 -12.5,4.0 -0.6 -6.9,-5.2 -21.3 -47.9,22.0 44.4 9.1,5.5 10.3 -9.5,38.3 23.0 57.8,20.8 -41.2 -7.9
-36.4 -24.4 6.4,-39.5 -12.4 -4.1,-38.4 -0.8 20.4,76.5 2.4 -3.1,3.2 -1.4 -6.6,-3.9 -13.4 -47.9,20.8 41.0 7.8,4.7 9.3 -9.7
33.3 20.3 58.0,22.6 -46.0 -9.7
-34.8 -23.4 5.0,-35.7 -10.8 -6.7,-38.2 -0.0 21.6,72.7 3.3 -0.2,4.6 -1.3 -4.9,-3.7 -7.5 -48.5,19.1 36.9 6.4,5.9 9.0 -9.9,33.7 13.3 50.0,21.2 -42.2 -8.3
-34.2 -22.3 3.0,-36.8 -10.2 -7.2,-40.9 1.4 17.3,76.7 1.5 -2.5,5.0 -1.2 -4.7,-4.8 -8.6 -47.7,19.8 38.5 7.0,6.1 9.8 -6.8,27.1 10.2 46.9,22.3 -45.1 -9.4
-35.9 -21.8 4.6,-33.6 -12.1 -3.6,-34.7 0.9 19.4,65.0 4.7 0.2,6.1 -2.0 -5.8,-4.6 -23.6 -49.6,21.9 44.0 8.9,7.3 9.4 -6.1,22.2 12.8 49.9,23.7 -49.3 -11.0
-33.1 -20.3 3.6,-34.5 -7.7 -7.0,-34.8 0.7 17.4,68.3 4.2 -0.1,3.4 -2.0 -5.3,-6.6 -12.5 -51.6,22.6 46.0 9.7,4.6 9.3 -6.3,23.7 15.2 54.4,25.1 -54.1 -13.0
-34.5 -23.7 6.6,-33.4 -14.8 -1.7,-31.1 0.6 20.8,64.2 5.9 -1.2,5.4 -2.3 -6.0,-6.7 -1.2 -48.8,23.6 49.1 10.9,6.8 8.8 -7.7,25.7 5.9 51.0,25.1 -54.3 -13.0
-28.8 -22.2 3.3,-28.5 -10.2 -5.3,-33.3 1.5 15.3,60.4 3.3 -0.3,3.3 -1.8 -5.0,-5.8 -25.8 -48.2,23.1 47.5 10.3,4.5 9.2 -7.4,27.2 19.7 48.1,21.7 -43.5 -8.7
-32.4 -22.2 7.1,-33.3 -7.4 -5.9,-38.7 1.3 13.5,71.5 -1.4 -6.6,8.3 -3.5 -6.3,-12.8 -0.9 -47.8,22.6 46.1 9.7,9.6 8.0 -6.2,26.2 7.5 46.7,21.2 -42.3 -8.3
-33.1 -24.2 5.2,-35.7 -9.3 -7.9,-40.4 0.8 17.1,74.8 0.2 -5.2,5.1 -1.6 -5.4,-6.2 -8.0 -48.2,20.5 40.2 7.6,6.5 9.0 -8.8,35.4 12.4 48.8,20.4 -40.0 -7.5
-34.4 -25.1 6.3,-37.6 -8.4 -6.5,-42.8 0.3 20.0,83.2 -8.7 -19.2,5.8 -1.7 -5.7,-9.6 -2.2 -50.1,20.3 39.9 7.4,7.2 8.7 -10.1,45.5 19.0 57.0,21.8 -43.7 -8.8
-36.3 -24.3 5.0,-38.1 -12.5 -5.1,-39.4 0.4 19.9,75.7 2.6 -1.0,6.9 -1.2 -4.9,-6.3 1.3 -50.3,20.2 39.5 7.3,8.2 9.1 -9.4,41.3 7.7 48.7,23.6 -49.1 -10.9
-35.6 -22.2 8.0,-37.4 -9.2 -5.4,-39.7 -0.7 22.5,77.3 -0.9 -4.8,6.9 -3.1 -5.9,-7.1 -5.8 -49.7,19.5 37.7 6.7,8.3 7.4 -9.6,34.8 18.3 57.1,21.6 -43.3 -8.7
-35.6 -22.5 7.0,-36.6 -11.3 -2.8,-37.4 -1.1 16.5,70.7 2.4 -3.9,5.2 -2.7 -7.4,-3.3 -16.5 -46.6,21.1 41.8 8.1,6.7 8.4 -8.8,29.2 12.5 51.0,22.5 -45.8 -9.6
-34.0 -22.4 8.4,-33.2 -9.9 -3.1,-38.8 -1.0 17.3,70.6 0.4 -5.4,6.9 -3.5 -7.0,-7.4 -1.8 -48.9,18.5 35.3 5.9,8.5 7.2 -9.6,28.2 9.0 49.2,21.7 -43.4 -8.7
-32.8 -19.6 9.7,-28.0 -7.9 -3.0,-30.6 0.4 24.4,58.8 4.8 -2.3,8.1 -4.8 -5.4,-6.1 -10.5 -50.5,20.2 39.5 7.3,9.3 6.2 -7.1,23.6 5.1 45.8,23.4 -48.6 -10.7
-33.8 -21.6 5.5,-30.4 -11.2 -3.0,-34.5 1.0 19.1,63.3 3.8 -1.0,7.4 -2.7 -5.7,-5.0 -17.9 -48.5,20.0 39.1 7.2,8.6 8.5 -6.5,23.3 12.1 49.3,22.4 -45.4 -9.5
-34.8 -23.5 4.6,-36.5 -11.4 -6.1,-37.8 0.4 15.7,71.7 2.8 -0.8,4.0 -1.4 -6.1,-6.9 -9.6 -47.7,21.9 44.1 9.0,5.3 9.7 -7.8,26.3 11.9 48.3,22.3 -45.2 -9.4
-33.8 -22.7 5.5,-33.6 -11.2 -5.0,-33.0 1.0 16.7,63.7 4.1 -0.7,4.7 -2.1 -5.8,-5.2 -3.4 -44.5,22.5 45.7 9.6,6.0 9.1 -6.8,24.8 4.8 40.8,24.0 -50.2 -11.4
-32.4 -24.4 7.1,-30.6 -12.0 -3.7,-39.0 1.5 15.0,67.6 0.2 -5.4,6.5 -2.7 -6.5,-8.3 -7.7 -48.5,20.4 40.0 7.5,7.8 8.6 -7.2,23.4 5.7 40.7,22.5 -45.8 -9.6
-33.7 -21.4 5.5,-35.3 -7.9 -6.8,-39.3 0.8 13.7,72.3 0.2 -3.9,7.1 -2.9 -6.5,-8.9 -6.0 -48.3,21.1 41.8 8.1,8.3 8.7 -6.1,24.0 4.8 42.8,21.8 -43.8 -8.9
-31.9 -21.7 2.1,-32.9 -10.1 -7.4,-38.8 0.9 12.6,68.9 2.3 -0.6,5.6 -1.4 -5.5,-5.0 -8.3 -48.3,19.6 38.0 6.8,6.8 9.7 -7.0,23.6 8.5 45.9,21.5 -42.9 -8.5
-29.7 -19.7 1.7,-30.1 -5.1 -10.7,-39.5 3.6 11.2,69.0 -0.5 -0.7,6.9 -1.8 -2.6,-9.2 -3.6 -50.6,20.1 39.4 7.3,7.5 9.4 -3.9,21.5 6.1 43.3,20.0 -38.9 -7.1
-33.6 -20.7 3.7,-30.2 -9.0 -6.8,-35.7 2.5 14.4,64.1 2.3 -1.7,5.5 -1.7 -3.1,-5.7 -12.7 -49.2,20.4 40.2 7.5,6.4 9.1 -5.8,25.4 13.4 43.1,21.4 -42.6 -8.4
-31.2 -22.1 3.3,-30.8 -9.1 -7.7,-34.3 1.4 18.2,65.1 4.2 1.5,3.3 -1.1 -3.4,-6.8 3.5 -48.8,19.7 38.2 6.9,4.4 9.1 -8.6
28.3 2.0 41.7,21.6 -43.2 -8.6
-31.0 -21.7 2.0,-29.1 -10.0 -6.5,-35.7 1.3 14.0,63.4 3.2 0.6,5.9 -1.5 -5.3,-4.6 -13.0 -47.4,20.1 39.3 7.2,7.1 9.7 -6.3,23.2 10.4 51.2,20.2 -39.6 -7.3
-28.9 -23.0 4.3,-30.6 -9.3 -6.5,-37.3 1.3 16.3,67.7 1.1 -1.6,3.6 -1.8 -4.7,-9.0 -8.0 -46.8,20.8 41.1 7.9,4.9 8.8 -8.6,29.6 3.4 43.7,19.7 -38.2 -6.9
-31.2 -22.1 3.3,-30.8 -9.1 -7.7,-34.3 1.4 18.2,65.1 4.2 1.5,3.3 -1.1 -3.4,-6.8 3.5 -48.8,19.7 38.2 6.9,4.4 9.1 -8.6
28.3 2.0 41.7,21.6 -43.2 -8.6
-33.9 -23.0 5.2,-34.6 -11.6 -4.9,-35.2 -0.2 15.5,66.4 3.8 -1.2,4.5 -2.2 -7.4,-7.7 -11.5 -47.8,22.2 45.0 9.3,6.0 9.2 -7.8,23.2 3.0 42.0,23.3 -48.1 -10.5
-34.8 -21.9 5.7,-30.3 -14.6 -0.9,-28.7 1.8 19.2,56.8 6.2 -0.7,8.0 -2.6 -5.4,-5.7 -2.4 -48.9,23.0 47.4 10.2,9.1 8.9 -5.0,18.3 1.1 45.4,25.3 -54.9 -13.3
