-33.39955239602977 -22.944632981982323 8.687004338050986,-32.89636130975477 -10.953328512969144 -0.8712890733071386,-33.255074678703465 -0.8405317528365079 16.46335010768736,64.52522533319792 2.972917021830937 -6.550936125043997,8.311982921600121 -4.196989545603088 -8.893961388266675,-10.423940587772766 -0.9268579495835054 -46.29139473445602,22.955909678010645 47.15612156278886 10.115589241544987,10.008961285410493 7.381024609529091 -8.024178664009405,27.882847995994247 -2.7660140691702484 42.57538901041667,24.67267769778978 -52.54128140506768 -12.320247965158938
-32.592248266480766 -23.217355099210906 9.314594184582852,-32.355728286571775 -9.459078303318163 -1.0146222953338087,-34.1235740449673 -1.1876680965543795 16.484623309078945,65.92256880308517 2.1066935388417942 -8.521018043818456,8.586126839383743 -4.464573285504694 -9.07957444682726,-11.413302626832614 2.9410366947407627 -46.5145737888954,22.27399358102388 45.253390565830756 9.439894503771683,10.346714994085218 6.884934144494628 -9.019826603496456,32.302537463881436 -3.326577953768216 42.67379049729253,24.370660034734364 -51.56957802397146 -11.911764492412761
-31.96964622236058 -23.384945455632817 9.61519990102807,-31.872844257101203 -8.168105863613153 -1.3634560587220945,-35.361139390258515 -1.4371798963203486 16.467241678197382,67.63087964573496 1.0513736566673497 -10.176286460633643,8.55872004782217 -4.5650371569487085 -9.092612213463447,-11.97101373437154 4.188405695096418 -47.215018958497375,21.607879095963693 43.38402429227337 8.761385387220162,10.349818891059343 6.569146539789404 -9.846965739747723,35.824747748236895 -1.758125843605022 43.83287410546861,24.117476463070638 -50.796771676447605 -11.592159477204735
-31.739450063636273 -23.41656920968695 9.69281703121368,-31.65070889853179 -7.525933141669344 -1.5785147502309842,-36.64553125805419 -1.608798145756066 16.66508318551883,69.3940975895951 0.06202261989073532 -11.13628127507851,8.305185171941721 -4.533894810636957 -8.966962842315496,-11.965058159361885 2.9837968919903055 -48.119331399504176,21.122304460161175 42.01567218600639 8.249854654241481,10.101244739501297 6.423802244048905 -10.412502904886383,37.88146721592694 1.6444886851546199 46.08050235456083,24.12450909138272 -50.90646953493277 -11.646325541521207
-31.975601745686863 -23.34383790112288 9.697068659842078,-31.845160210037598 -7.731527284918899 -1.4352754563705985,-37.62152147639923 -1.7656079901415285 17.302349166864186,70.95693645438159 -0.5582927427101574 -11.131579516834584,7.932974315194111 -4.423266942848237 -8.7635206408561,-11.427264630428695 0.6124358822805629 -48.880407391380345,20.862641777472824 41.287352068110266 7.96220220892121,9.72486799217263 6.389662928450263 -10.766833396034901,38.53462408696848 5.866144041979235 48.99214639040329,24.47400960837128 -52.15083226517976 -12.177321716757149
-32.59889482693965 -23.234715924522867 9.7453223618262,-32.49074416437835 -8.641729307345482 -0.9273901951214234,-38.027474903832804 -1.9779698285471121 18.41587232208044,72.10657135321523 -0.5924182011415573 -10.1702183046939,7.546367376263744 -4.284740020467023 -8.562678298808503,-10.550807171115174 -1.3184690073998055 -49.23361651261437,20.772055176345006 41.04931712558394 7.853016382105916,9.342719413047126 6.396126937678563 -11.038990800867778,38.35605347843119 9.64170554648824 51.85416149558467,25.070005194338798 -54.196850308357526 -13.04356459562488
-33.41874241703823 -23.15109424125479 9.870075084677692,-33.469561531133984 -9.82997130783971 -0.2563222381142385,-37.77984203841727 -2.2831862225222226 19.792122767353455,72.70328204428512 -0.009397749220262153 -8.600885970535916,7.215772622581092 -4.156632687302839 -8.443543928853833,-9.62738934441009 -1.7359060479391726 -49.111724758742085,20.752709714607114 41.027799282158156 7.829956010505979,9.036583108417865 6.3971653981315795 -11.343226031882258,38.10108330514074 12.015530050943195 53.96171231596334,25.680807271588417 -56.270751133888716 -13.920005226363736
-34.2167151895294 -23.11464722247151 10.018438354506646,-34.544778053032985 -10.777286887934293 0.2863186607169075,-36.98461126599926 -2.6638097270208916 21.0426582060675,72.7027411330825 1.0210428057762793 -7.014231555153774,6.964557693684872 -4.05954001531714 -8.458046894252236,-8.94527291335599 -0.5662605599041246 -48.66330798684271,20.730464837121275 41.00518114750564 7.816499766553818,8.83069157619978 6.386660903512875 -11.71063879498625,38.33763576437434 12.718769625185018 54.917133008359414,26.053857150639146 -57.53567330949435 -14.455731979954965
-34.832971389759976 -23.099573248108314 10.101973459584315,-35.44967200448095 -11.106184598947943 0.4806629494351293,-35.87929818589627 -3.0569324916976073 21.78584431937045,72.1692178079042 2.205017454812953 -6.008916319583369,6.7780881160648505 -4.000189928857179 -8.612968130916759,-8.68689181556343 1.3884206375497001 -48.16673001475351,20.68762259629305 40.91700569601936 7.787259769579148,8.701929265566296 6.387081236710555 -12.080726718634699,39.20547571282254 12.198087894474634 54.79089353806375,26.043778657408545 -57.51052380260484 -14.44832610363903
-35.21623280636786 -23.054937347386595 10.066442185739852,-35.994593263781425 -10.74459287324084 0.29787867710952476,-34.738781936212874 -3.3888509774706597 21.841501137170905,71.2737447529748 3.2486708523454793 -5.92864103901493,6.628276934523224 -3.979509589298695 -8.86974629193816,-8.866198457034056 3.0226405156830243 -47.88337846515092,20.6523911608989 40.83083105428947 7.762487410074544,8.609729987545807 6.421085466871217 -12.351310085683481,40.40980477919357 11.310184990668313 54.0683850371971,25.68635001011753 -56.31245945988276 -13.945092607909292
-35.41733022108209 -22.942734890481944 9.938407052407282,-36.143421301628706 -9.941513819980178 -0.08744186041007751,-33.789739300272515 -3.6144750168667032 21.33291299487166,70.27044361248205 3.9640489318662904 -6.703198445047038,6.499083293070312 -3.9985232719609733 -9.162372853974993,-9.329974079448892 3.5782071307223897 -47.92387030936204,20.66091375510419 40.846218762134406 7.774354549676902,8.52784347740047 6.48571462166583 -12.452041333778588,41.435147456591096 10.857504710645289 53.404899717919335,25.179493846712766 -54.59676419541546 -13.218944991192664
-35.53576569220252 -22.769503721173617 9.817343355364972,-36.024388614031636 -9.131063119163285 -0.3987702720095063,-33.16766169949661 -3.737695659277178 20.63586894910384,69.45017790474938 4.305914688116001 -7.881118782920765,6.398764669741082 -4.056982147514777 -9.423605469578881,-9.821011846158228 3.001428439019375 -48.19419337093218,20.72183077353979 40.99593083499594 7.83254195343887,8.46025122383843 6.547284351982977 -12.394897488627246,41.85785414583112 11.202768297879263 53.30272151820484,24.781865289614004 -53.226894926808626 -12.632087348643028
-35.65262594257808 -22.593343111693958 9.813062939998712,-35.87101270140086 -8.717819025962273 -0.4181781237286124,-32.92444849147648 -3.7999249547423037 20.194487244049675,69.08033456333413 4.331810999163848 -8.844761503135116,6.353171989962851 -4.144419916927559 -9.605390820037439,-10.076102421851733 1.841965572385905 -48.448566998072,20.80732564303105 41.21515334226373 7.91290803151511,8.433730201489771 6.562394891293293 -12.270492888151688,41.59126527694224 12.140491611068702 53.86420295985852,24.683075657492918 -52.84796081264341 -12.45854054315446
-35.788461911570515 -22.501726082223602 9.962262469716055,-35.92144440879133 -8.893458474548932 -0.11822227797219752,-33.06737382178128 -3.8431896440130933 20.296193016684047,69.34646369886181 4.122417170377191 -9.102245928287763,6.385939025976699 -4.229364999980556 -9.683609512101768,-9.919135659071502 0.8103218576395452 -48.4223480426093,20.874028020013526 41.39169883142146 7.974642503088073,8.473840143493202 6.513558341091443 -12.192195877210871,40.93745172069099 13.06252523121625 54.74207534074024,24.913383636915754 -53.583352998192005 -12.756149693834999
-35.90828782875701 -22.570862035268586 10.175242176444925,-36.32215413735299 -9.573290845839733 0.3082643554972302,-33.59583505808124 -3.870414780430253 20.923679837451566,70.31104000549699 3.7191492799425165 -8.508115724408057,6.499092129683584 -4.256080219864711 -9.647530771800342,-9.314486227036243 0.2993479814267217 -47.97833893562494,20.896085087363403 41.45280982094759 7.991021521614475,8.580905804529642 6.436701659816705 -12.221614567397351,40.42211073980899 13.309260494881471 55.31609785186195,25.337767245300537 -55.0032694407261 -13.350268709551347
-35.96667614352209 -22.82654915661857 10.25252750475502,-37.0762748605852 -10.474109959236012 0.5396049784866026,-34.507810191440896 -3.828974789565568 21.764559584006363,71.89735618743391 3.1196796596958976 -7.3014509641630605,6.666773300369243 -4.156434549834485 -9.484318168641256,-8.3651096686114 0.16805943807428214 -47.19318599193891,20.884726073033196 41.42036335601303 7.9697941305298485,8.722020358585109 6.419530189431333 -12.320944148831945,40.50202882084394 12.520212369734725 55.01581964195978,25.732925135612863 -56.366414890837916 -13.931237736246072
-35.96067479288676 -23.225301321810928 9.974854180926243,-38.05250475487801 -11.279236884060156 0.29155409253290365,-35.770053552748614 -3.631383521713744 22.37761280525893,73.89799901563107 2.3301876150467775 -5.947902841516486,6.846042591312495 -3.8770386783962345 -9.172207475538546,-7.263901506028627 -0.09805555811890176 -46.340148688379934,20.878472717400772 41.39007317297495 7.946831707366665,8.844631935236613 6.564707639362029 -12.363133679880473,41.30028703955762 10.817660106847054 53.635028980599465,25.901858178030533 -56.99384254105946 -14.209101432586126
-35.95205200275202 -23.66452986448897 9.22703922723562,-39.041380312100515 -11.794182764945129 -0.5293679322441864,-37.27254907649011 -3.2053919330861906 22.43069770968571,76.00352303733871 1.4319616849165961 -4.877838278557429,6.997624531955169 -3.411832509390649 -8.690234968720144,-6.224617706732922 -0.9762319121104758 -45.77523945511392,20.90904136208098 41.445002798505286 7.955669724591322,8.903393045895907 6.9325602522946115 -12.198013959230273,42.51015153946443 8.75343739884173 51.48172621968407,25.7631896677133 -56.573337546276036 -14.043035738560611
-36.037929713807486 -24.017394142712913 8.090566443240878,-39.82747795537991 -12.009354725770434 -1.7678909353122672,-38.80356965939279 -2.546920220759149 21.884494455516123,77.84934465544568 0.6057320162634656 -4.267889582640821,7.103015927753752 -2.8234449770853236 -8.040892544619231,-5.422494217445429 -2.5206867314338233 -45.78026730279587,20.966154253027376 41.56297967443098 7.993419351082185,8.883289581407505 7.492994970573424 -11.739929794256184,43.52222395239273 7.065753505287351 49.28173610067239,25.369986037462592 -55.24343057922259 -13.482130280310612
-36.28120592002375 -24.178025557770766 6.8477457613866495,-40.24676258518659 -12.045508982365988 -3.089977119900416,-40.07668664254288 -1.7444692793305943 21.021626198750322,79.08273292263632 0.08019491585308058 -3.986486769098106,7.166722718110779 -2.2378020869048605 -7.271888614249233,-4.964274606403634 -4.251911614311703 -46.43605494309551,20.98780418805431 41.58835903977468 8.008347863873599,8.80408967676645 8.116160959106884 -11.028483948178643,43.7152773696374 6.372197941671693 47.87105498881607,24.85449606765382 -53.435529988331915 -12.705957757553218
-36.64087888322597 -24.09999527541691 5.881175167334607,-40.21441117691774 -12.028045317673614 -4.145508887283759,-40.81566198699706 -0.9567703751238087 20.300689942856916,79.44932071397147 0.0192891816694587 -3.729618861284722,7.202145844040801 -1.8068750534913487 -6.48094360689109,-4.88927646902277 -5.394455889859254 -47.583295914082,20.888140796197586 41.30216507599695 7.922457098092142,8.702740076582119 8.614398926648814 -10.226832903798645,42.767316106075626 6.93609276856005 47.81634256754146,24.33682059258667 -51.58608458490781 -11.907938619708183
-36.949704869340586 -23.814970862356514 5.506697067059663,-39.72792472457926 -11.976755351443643 -4.738755791030626,-40.869071968202775 -0.3501897060358168 20.10811944001164,78.88576348747765 0.40746054718174585 -3.2635082032688794,7.2106382529736095 -1.6502120224993568 -5.795344905366312,-5.187364930541863 -5.3222062429922845 -48.886154778190544,20.61137539729619 40.56201566519852 7.680430369414871,8.604377918425504 8.821827415117987 -9.554849076986736,40.831956439139546 8.593027776272283 49.14340398416813,23.853724610763187 -49.89413488418958 -11.191881305130332
-36.96581291253383 -23.426353444781288 5.817666052858073,-38.86052254987721 -11.785026975474219 -4.916987389552906,-40.30169529970548 -0.025501030012341164 20.53806410843915,77.58695439545312 1.0052236952951636 -2.6277123791232695,7.168398781284216 -1.799249432350765 -5.331871051815105,-5.814363561903258 -3.947760947221523 -49.966315265468175,20.181463334627875 39.432873305384256 7.2977302236675845,8.500337836632557 8.675950529307837 -9.189548552786082,38.49138777067341 10.846734383682929 51.30818217393154,23.34915573321484 -48.260990753369526 -10.5386627697408
-36.48505796850653 -23.080566589135774 6.620442546419338,-37.755460832622305 -11.304631419025101 -4.930629495161663,-39.40942883701132 0.028076752033182717 21.32005779886068,76.00574616391376 1.417712451839498 -2.171712505193562,7.03158503073802 -2.171597830222135 -5.154758490686879,-6.692627864247996 -1.8307136695326185 -50.545589675386594,19.7157792486161 38.224057481519246 6.877274898534287,8.347894398112357 8.260257155613854 -9.183370886691264,36.50697712470452 13.07715781806391 53.43283482907653,22.729928514713514 -46.43444274174166 -9.855525983565691
-35.463009697943235 -22.92428419976983 7.501443392200868,-36.618335549962666 -10.483587000994502 -5.086370565920257,-38.63293078068709 -0.07424187616235978 21.939865914959782,74.75428853548962 1.2600747160809374 -2.390603995197791,6.758667959850367 -2.592136497420397 -5.252332807387942,-7.699352873672928 0.05222978711175008 -50.53624127689407,19.38859902640332 37.393607006664865 6.579100701543712,8.093426870825933 7.782310012136074 -9.442268814063763,35.48672382012614 14.772419518348734 54.703063186931175,21.95092027492793 -44.25788137769932 -9.071545776697135
-34.081444085027606 -23.058890691495975 8.00267292494743,-35.69361932321749 -9.466459385559855 -5.571469902680795,-38.3917695083512 -0.1719288068070408 21.89829114557797,74.41286623626266 0.34701957378021603 -3.6402839860260787,6.33759491431306 -2.857287392518013 -5.544465144281421,-8.658482612840233 0.7408460688029286 -50.04695436907279,19.35758803700985 37.35384230334736 6.552950993957144,7.706085179103733 7.491839278683962 -9.77473528932758,35.62687303567811 15.702203291547631 54.7427074383898,21.076468535634156 -41.86489538013835 -8.217381754387
-32.71452404121119 -23.504459209533756 7.827015951367296,-35.21399280929308 -8.582802240045694 -6.342988982590995,-38.90397407367009 -0.14146248003827555 20.978340732548006,75.30210307227445 -1.1881336390574138 -5.885657391996585,5.8011204612515375 -2.8175850649509377 -5.917416152183998,-9.355302765867267 -0.3066621880318374 -49.31284973429735,19.688206255502188 38.2706514460638 6.865491347910088,7.201915401106119 7.573330122767418 -9.98637632536582,36.645731056095144 15.979700356045592 53.787640587697595,20.278213413074404 -39.69459857912259 -7.438944508783204
-31.796847274939044 -24.184635230500465 6.9758972420537475,-35.32763727111953 -8.21262462871906 -7.1415708304868755,-40.07282358467469 0.0404030128514099 19.382652147393877,77.31178814127618 -2.912150072108382 -8.625418520932389,5.219772195742898 -2.442431595526076 -6.2684763955554,-9.582832249206174 -3.036824018898633 -48.58981395103062,20.31436993375521 39.95928206426544 7.45921499308026,6.643417395823277 8.062168725298555 -9.971781958444094,37.93266021015644 15.996901474507286 52.572333783324794,19.76618538812825 -38.3095803256143 -6.934986708237728
-31.646257956938427 -24.94016237474222 5.751424175128438,-36.02982859467729 -8.592259504212656 -7.62382051006891,-41.50134450417567 0.2860260341910874 17.666119923841674,79.87808276476186 -4.250618985240823 -11.048031471032616,4.675009180830187 -1.8364127080719728 -6.53812926611613,-9.210364254652397 -6.895738065638553 -48.0626246928233,21.056463256974705 41.933933411081426 8.165510573383571,6.113910529541826 8.824428226483553 -9.75800306290224,38.83282237846081 16.25432682827632 51.97703440626995,19.68839383336935 -38.11415258333012 -6.853716266350167
-32.32206951068194 -25.571473588974275 4.619463688174367,-37.13584974432045 -9.666311255845823 -7.544911546025603,-42.64131105919068 0.4457034874234662 16.49154098955007,82.15015423843198 -4.719389059060477 -12.353150544341457,4.227300388983714 -1.1973894835568466 -6.715040600781363,-8.246921953306735 -11.089444385067045 -47.80147823871247,21.6891291970678 43.59138491930966 8.76745168932328,5.681239562943022 9.611415898189867 -9.4799354705981,38.928674969669636 17.13794069925402 52.59759810288168,20.052750074049793 -39.12920747946346 -7.20735426450272
-33.587942527307646 -25.90052651645624 3.9975342131395344,-38.321740421474864 -11.074995676771413 -6.896472942464059,-43.02067820672457 0.39157307197856916 16.325960336297506,83.30325648297959 -4.123442447587663 -12.085597666603096,3.8974046268009648 -0.733424263325418 -6.81482901489129,-6.866540037882711 -14.839664450491707 -47.77318384262002,22.026792380888107 44.44221443325853 9.083164934969737,5.371921825153326 10.16501520816126 -9.303069615667326,38.189349464787995 18.71935273203674 54.43888593651435,20.713720974159 -40.94949870635713 -7.853205695914166
-35.00171206164183 -25.832259711833554 4.06794350646527,-39.22932433430175 -12.297449214128772 -5.927702785423133,-42.451525114988385 0.09327332883902195 17.225858367593297,82.87644167861423 -2.6321267150426912 -10.321503912887362,3.671438673674467 -0.5754472482194791 -6.848400836715097,-5.373548957762318 -17.51929540236035 -47.88744093986846,21.987626019122697 44.28265869044018 9.031338093725228,5.17054233416833 10.325884878190308 -9.334794222144701,36.93008546388715 20.66141301050739 56.87704697649184,21.431557005927704 -42.908869548169775 -8.552261565875346
-36.0943834255219 -25.391816640048408 4.703685110687601,-39.59694979267974 -12.886955331251244 -5.03762273486061,-41.122324421326915 -0.35446219045519417 18.814729029276393,80.98267516494126 -0.6990114889943233 -7.621288671269476,3.525696004718598 -0.7252933869737322 -6.801106080834605,-4.111165602477335 -18.674019533882344 -48.047712051219584,21.609855421033547 43.235398811431146 8.651038060248045,5.043630850645233 10.095591249667653 -9.568877352039463,35.61765463475478 22.28829581340178 58.91182292317957,21.97385880370324 -44.36695963609045 -9.073769959856495
-36.55741506215688 -24.719196374243893 5.538806045243508,-39.35766837458321 -12.68035027043758 -4.591968593580718,-39.52640958105901 -0.7677397072729182 20.46022607151008,78.28128221372396 1.131388160631576 -4.7805455704058915,3.4545159654653252 -1.0624463426587567 -6.636851403694737,-3.3445526779204995 -18.03092429057733 -48.18308896613005,21.019715259092976 41.6570582522602 8.072017654270134,4.971865653799721 9.626156422013745 -9.888324204367384,34.62722880668934 22.823098408841346 59.59590433036201,22.208542634246836 -44.9698709774662 -9.290736085720745
-36.353439829645396 -24.018353268317135 6.144690571468339,-38.656092186950254 -11.872197837746114 -4.7556287913411115,-38.2526890337479 -0.9558881413398796 21.559785868879754,75.70579804712281 2.4369447503946695 -2.50561461677313,3.481911439399118 -1.4051472947042045 -6.325621215818248,-3.166092451778892 -15.5897214702179 -48.25511580954341,20.373554294255438 39.97461760431707 7.455600777474901,4.968891844008585 9.145042721312132 -10.120975512847224,34.06959144321263 21.720708513917696 58.447558869055364,22.144437112292128 -44.75877127260666 -9.219215802975263
-35.70314122954378 -23.47763271368923 6.224416641177656,-37.77229147994479 -10.912180679189438 -5.42228538208738,-37.73027955669073 -0.8095110303349591 21.793707677942027,74.05839497692155 3.0553786322395586 -1.1670563389781508,3.6473416994247043 -1.5959695049532348 -5.877692098565399,-3.4660376611746644 -11.788540240107833 -48.24983986502795,19.80520355078733 38.537976463706876 6.937382471068283,5.073157040863566 8.853141057977375 -10.116689869404203,33.763051638467545 18.96162696550843 55.662616788123955,21.905450749700893 -44.08841481650586 -8.987478721895018
-34.96116874730038 -23.193659011401753 5.7331029694137365,-36.98788538045768 -10.276171467843874 -6.272892840272067,-38.04321531650139 -0.35085638606514113 21.227425447951603,73.65549471316733 3.094116854593916 -0.7319720031484185,3.9725626825156692 -1.571113855560756 -5.362145418459881,-3.985730913468207 -7.611862886965332 -48.1709354498421,19.400579017914517 37.55153521772033 6.596596721242025,5.31637893174668 8.843661562488128 -9.807528084300737,33.34863232557882 15.161158406692032 52.03629405792619,21.65901738765751 -43.41952536280695 -8.759500229452541
-34.44620329358299 -23.132830572770338 4.873420222134647,-36.46064788308665 -10.228323170368851 -6.9303817200797635,-38.90088424691437 0.2772594549084214 20.226229328811332,74.1956387948346 2.8267189746246277 -0.878113646450974,4.429851558350711 -1.381771439225019 -4.894751994432962,-4.433790251239934 -4.465840617001504 -48.04281498068999,19.20178112081553 37.09268135046277 6.4584543201482685,5.688092126545914 9.076740062217866 -9.225278586441345,32.479811405190716 11.408429612516601 48.638196379957826,21.54013057487145 -43.10739975165676 -8.658808025107305
-34.308365897698884 -23.150366261441782 3.979362356474492,-36.17096879593811 -10.696917022987723 -7.132317412513506,-39.777315351472474 0.8766081799247807 19.24182437121732,74.91990917773997 2.5423381693210656 -1.2041554290923593,4.933403840878486 -1.1601004651966282 -4.597065689679442,-4.615100300697885 -3.7421578153900605 -47.9194871059481,19.2254441509468 37.174419535750054 6.516822687780068,6.120077972325062 9.415709584038428 -8.475168752225159,30.991038326857172 8.866475278743708 46.392069124325225,21.608635249608906 -43.29451105994876 -8.732381715158064
-34.49293637199409 -23.061415525100763 3.354451441220468,-35.96589590543286 -11.327220942831142 -6.838264957702271,-40.152408668251525 1.279159337899639 18.590318858129642,74.99293056788899 2.4275142113481722 -1.4171613142633606,5.363516078751232 -1.0493183243472355 -4.545315193172988,-4.51366543265342 -6.1889056973547625 -47.88546062797816,19.47515708838793 37.79272386742588 6.7562594555922555,6.503947700231233 9.70147958690568 -7.686480976321906,28.97099033183175 8.287844192438417 45.74595912931092,21.853770413102076 -43.94138867177291 -8.965816673107309
-34.80678526506152 -22.73363170308621 3.1464695706557846,-35.67340531034452 -11.681757697860826 -6.224885550835015,-39.740090409478924 1.4114795558904112 18.33550659023376,73.91975617465636 2.529938195396601 -1.4119878469717246,5.613882898218197 -1.1336459719155418 -4.734886694206723,-4.289430181021411 -11.387948589387015 -48.03640087015486,19.9372361184826 38.923336136155726 7.158334835091378,6.735446058176011 9.825907786770152 -6.968559014196989,26.720458058888088 9.665163359850464 46.5658971294276,22.231488676423385 -44.94483126469426 -9.328702092146653
-35.0414166096478 -22.15844629421264 3.313970283822136,-35.220101753511265 -11.481543681670848 -5.579137711790989,-38.59657592543813 1.3097371138397322 18.325642374186454,71.79079871878861 2.8018530886090884 -1.2317392130710059,5.637390934574668 -1.401706963822824 -5.079484939173713,-4.188765156643121 -17.67297927339888 -48.43945258266142,20.5655070089424 40.478639139347045 7.6920877311842615,6.761927856847192 9.770054356917324 -6.391758112345656,24.630195500038575 12.19831830333165 48.276113300077775,22.70364037482057 -46.24669144928471 -9.81274931927154
-35.081549316632945 -21.466188735296015 3.6873222197199746,-34.68268958083384 -10.761577728525383 -5.148750681711728,-37.0628094061837 1.0839572056786224 18.344240794565078,69.2296931476225 3.1772962830161613 -0.9666542626932666,5.464707017083118 -1.7584180327147896 -5.446792833712028,-4.41038190974709 -22.653457955433083 -49.08880798967207,21.272345892018183 42.27085003441879 8.301804687312728,6.605752001999244 9.594479332716757 -5.994323700064919,23.043607620106474 14.623912565862872 50.15624342157845,23.252245096751377 -47.85483551711851 -10.433774018024947
-34.94264455343175 -20.87553343834663 4.078448366910169,-34.240565589263944 -9.860146519414203 -5.02579342639006,-35.57820300985959 0.8555397861343303 18.27444173900545,67.06882221547843 3.626094637670269 -0.6721785952096507,5.184353799899343 -2.0756276053400686 -5.713867011020244,-4.992338449115261 -24.20066982887095 -49.88100391553454,21.94169917006154 44.02866170660395 8.908112892887573,6.349162646677684 9.393994470911393 -5.79995382869822,22.162381071838702 15.777242003703002 51.6442484072603,23.862523092105057 -49.765322140807996 -11.195736552229713
-34.72502218860907 -20.59881548780931 4.37424014176606,-34.05442389924822 -9.248926325577955 -5.117603151976229,-34.46577629733307 0.7027379850569259 18.174962135717,65.9182933154119 4.151873616565676 -0.35684870597975255,4.895062102892849 -2.2536386872262053 -5.815628702669704,-5.778484914868827 -21.46549314047794 -50.629698526975346,22.46562066752876 45.479328128617276 9.428891296114394,6.088655297590318 9.2451933559225 -5.826532445644237,22.020011125098193 15.129951636232033 52.508582446383116,24.491297871172346 -51.846983922453845 -12.043015834413671
-34.52066829374523 -20.746345639588828 4.566661067177122,-34.141723168944864 -9.2927587149257 -5.212847716657876,-33.79946164293112 0.6402314653415292 18.222822816612645,65.85218862863323 4.743768964252684 -0.03166817135552591,4.657975532207231 -2.26301022714196 -5.763877222887265,-6.485833704214108 -15.407005301085446 -51.122148756996296,22.788124115417173 46.45982980510064 9.811216178731954,5.885570943316742 9.174399269541325 -6.075969600969281,22.510914604048107 13.039653084312366 52.83157625928351,25.04818887636046 -53.78053066189173 -12.838043824148855
-34.33444795295252 -21.274032341957074 4.714634944964889,-34.32708574920487 -10.061847058969773 -5.103681176582421,-33.417466350184256 0.6372411903423356 18.560457533021236,66.37807672636018 5.324677362094031 0.23415226059275573,4.477149293207159 -2.1488780451474208 -5.629876950374062,-6.84448745057274 -8.498260081792411 -51.19783477362708,22.93089920047769 46.99170026397511 10.054981141827657,5.742895959217504 9.15859264122205 -6.511477806995404,23.442257297285607 10.575673143270539 52.84491905494606,25.409167754678915 -55.11449586195108 -13.388157542078359
-34.07051718502378 -21.99849390095318 4.8732284673763075,-34.307745870432235 -11.289008524577675 -4.700624171826204,-33.06607103147232 0.656730040991705 19.145133758886516,66.70965850189691 5.7421848237384365 0.3099141621399526,4.320169257571287 -2.0005495946163476 -5.5021479384945025,-6.7430932218276185 -3.670199239617292 -50.815436805891025,22.98195229013398 47.26587385577045 10.210712363841122,5.6229752465991645 9.152148096475441 -7.041029868059474,24.579645085863387 8.991557701318037 52.727165431312926,25.460839778593165 -55.42809404526281 -13.515824342091681
-33.59430740252836 -22.672247077388157 5.041247352302085,-33.81007896224245 -12.488638292574612 -4.084855241415327,-32.58832806234043 0.6883264042384276 19.701933373972086,66.20320741530236 5.820105920921983 0.0703818167203063,4.165673104099069 -1.9059583043949688 -5.442662010379093,-6.30543376076315 -2.959619066888482 -50.076182936135524,23.048040911563714 47.53273389592575 10.348293142163994,5.495318446769771 9.119185869624406 -7.525815880675091,25.678468720197223 9.09731299209757 52.480181483120035,25.152786490161567 -54.52087742252514 -13.13827553021451
-32.83406995949931 -23.084073871096447 5.161652363013382,-32.75800435928567 -13.173413748964819 -3.4763138203166344,-32.04909342703683 0.7544322793329824 19.824850316022488,64.73004136350067 5.446780147815278 -0.5066607705623505,4.0459736236152954 -1.9152527634364436 -5.463384454582022,-5.853394453253266 -6.519936407183198 -49.189821437131144,23.19365145583754 47.95045364642756 10.511554700060824,5.3830730524143355 9.051580102859857 -7.819482533735403,26.51273193594642 10.845564776948905 51.94740213068406,24.52781338373631 -52.524545377468876 -12.31337741424932
-31.860319545385252 -23.13960789314555 5.171962867806042,-31.359549607644805 -13.060971582401372 -3.136954542123565,-31.724022313977628 0.8874996474493124 19.184696851385752,62.78754139118341 4.647444420186855 -1.285426081778553,4.052951281632709 -2.029160756973112 -5.532381966528762,-5.765615472116045 -12.510971633966474 -48.395772370788244,23.39977071974181 48.47599543494682 10.684515537937223,5.3743498278273725 8.964587535305215 -7.825121464311241,26.917689008168313 13.347217343608648 50.95352611987838,23.7109371897946 -49.86959577381668 -11.224483412413393
-30.891484532792596 -22.888772290709664 5.0676277841959525,-30.054758663954665 -12.175713187730524 -3.25668302415402,-31.956060346343293 1.0951760944362805 17.7354365988828,61.285757846815436 3.591212046036044 -2.0166020410803176,4.295629471907883 -2.2120311704677547 -5.602091302962325,-6.29407460134952 -17.95920118343519 -47.8734330630284,23.567375539579086 48.866127854480354 10.790900744927868,5.583568376061944 8.877426065553115 -7.543506048999578,26.848294547920595 15.317973125098227 49.47767664324336,22.86100295839328 -47.11781776147195 -10.109346589350906
-30.214406192385464 -22.493138707276113 4.931388358233262,-29.338883936034847 -10.809651384984997 -3.873234330943921,-32.957361708924765 1.3378083003164836 15.801062434170046,61.11528508499508 2.5183612990658713 -2.4778288360431855,4.827886639013914 -2.4162346781015502 -5.641109883147128,-7.426114664518921 -20.18453442529755 -47.68127025959125,23.566906917490705 48.7971289587669 10.730754823006587,6.07866164426005 8.79526651054969 -7.086393502598648,26.432485841530102 15.734913047438038 47.75453880990381,22.110117321865584 -44.74538179057887 -9.168423289533747
-30.056587654616244 -22.153645230358734 4.902191771839811,-29.542256155321446 -9.376984598053369 -4.857663249369461,-34.666678262800325 1.5352976546399897 13.981186364050728,62.71586721270583 1.621111979146389 -2.6379675558026636,5.587212480048118 -2.601199297984378 -5.650842325720601,-8.862811147139052 -18.08556413008825 -47.75107794645793,23.3089466076353 48.043747495143506 10.436321676613181,6.8146631979244905 8.706691695134374 -6.6436092262256325,25.983656820916554 14.36861310046828 46.23759303225108,21.522805725904615 -42.98742697838199 -8.498647399102637
-30.476180105375775 -22.033947938442182 5.095927233416284,-30.67543294222102 -8.242720434203175 -5.965946054988294,-36.743969117756215 1.6022617501663765 12.907178186535148,65.86384530778481 0.9427761889904819 -2.7405521590403974,6.38581624267189 -2.7376789112730915 -5.658771518807665,-10.13197519620623 -12.632691256468851 -47.93788681508411,22.79798055226006 46.620227346899014 9.91668766477115,7.617204947188209 8.598785027047537 -6.414701106202514,25.94331261213808 11.914030758137448 45.4327007652741,21.094889197166285 -41.81847438077699 -8.083879759488314
-31.32896605251607 -22.21099523148359 5.523555348746179,-32.41888937419801 -7.605681994141342 -6.929778566818302,-38.71006439083236 1.4927215343445648 12.9625269737191,69.78107601857039 0.35599010024547106 -3.2318520183311614,6.971009303635666 -2.800258842564094 -5.694464386790225,-10.789634703293675 -6.318704505283308 -48.10003860519065,22.138894058160908 44.80248779384486 9.26506863760093,8.236569445322765 8.47859900350364 -6.533645086032845,26.75326241362145 9.646719462234724 45.67961478936521,20.788649012836306 -41.06530961135487 -7.8414269266450285
-32.33217264371298 -22.666346727611458 6.059171555015948,-34.26460053780194 -7.476250218992714 -7.547267165829176,-40.15977599930997 1.2286523784758212 14.106430737345917,73.50033667305374 -0.3593948778637275 -4.541080188554578,7.134179307204821 -2.7601207715956106 -5.764296152242014,-10.61873424997204 -1.8548654204859876 -48.17043040187011,21.49111721029381 43.01385640842903 8.62239664481541,8.454862449329083 8.38371016712648 -7.019073717609223,28.693605394863646 8.77612076663895 46.98809376461465,20.57988582290901 -40.57550389958169 -7.693594699244844
-33.19403835485476 -23.310571895935396 6.485458324623645,-35.73977951373514 -7.735441482901041 -7.739627739807435,-40.93565482160642 0.8948333858369035 15.892750402591261,76.29212793230364 -1.3734652437046657 -6.810942461570842,6.817149462189662 -2.5897293931610554 -5.840921588934834,-9.731086163940008 -0.7932521093335465 -48.185212352771366,20.99424392709384 41.6322988164678 8.115175602960687,8.196119556484767 8.37020966783585 -7.770730729556749,31.748264869572488 9.826682991727226 49.01045757693649,20.486417896476055 -40.33771213189848 -7.621403154952868
-33.74331360557511 -24.020375644882545 6.600082176581806,-36.6017086179866 -8.224834428446169 -7.557880548556143,-41.170027941514654 0.6009034214644873 17.6797568644727,77.93401161136545 -2.6730755473846286 -9.722789304435546,6.159313722974948 -2.281565229164014 -5.874274373209716,-8.521351971184544 -2.7920308214977645 -48.25740047848245,20.70507836227416 40.82188449728052 7.800497034275889,7.580970146329761 8.480815357620308 -8.61151285333547,35.55836908617518 12.365755011199534 51.16741145241226,20.559863534005572 -40.48378801760745 -7.670511020457345
-33.993181744426565 -24.669335678379138 6.3288593715572805,-36.9092584799086 -8.813874968338444 -7.144412210614382,-41.174698340322905 0.4298140225239268 18.92889852164424,78.69694110513362 -4.014275480377492 -12.530097026992415,5.454011856736842 -1.8705969896961858 -5.818140857689912,-7.49080667504459 -5.897435127681522 -48.50948249057216,20.579960490122495 40.47893249579884 7.647742385932473,6.890706493365311 8.710164944235196 -9.354451021640582,39.49310511016286 15.219211744379852 52.87189214588517,20.845698899972607 -41.17633533384412 -7.908876699431705
-34.10921988908039 -25.144952937472343 5.7824506827032085,-36.94249423742971 -9.418273904666291 -6.669605430157548,-41.2417794076525 0.3995559360263141 19.443877380559282,79.08059338855205 -4.9960780441016555 -14.316230964185962,5.026953249954773 -1.4433735331415165 -5.657585845548141,-7.021054629510048 -7.67600641524638 -48.99839608049321,20.511020963256502 40.31992007965786 7.5663494268589435,6.450008264360751 8.989539056809344 -9.865004499975877,42.82062587562463 17.063963815395947 53.75159337463816,21.33664715900461 -42.45467916387307 -8.364239403719953
-34.30185141961119 -25.35771874115469 5.219863665871564,-37.02135320792404 -9.979864647873804 -6.269133636686884,-41.46893844425816 0.45784106703698735 19.430131020797187,79.46426509557257 -5.2294435370541965 -14.375623823114722,5.090560515003012 -1.1208342640919815 -5.422432952020399,-7.203187391946617 -6.581523909659525 -49.669394197194116,20.394858733240724 40.059312795823594 7.463351388174494,6.4805079351208015 9.205073999618081 -10.094581985459563,44.91977785037947 17.09254292553749 53.77442069063864,21.949452394828583 -44.137000760242834 -8.980738910315521
-34.70279326936585 -25.25288722659811 4.930981596761307,-37.32495928088259 -10.440806797250524 -6.003311833582204,-41.7092792497395 0.511532314740093 19.345844783541953,79.87793843988962 -4.523887201993086 -12.543809136008138,5.643782881176067 -1.0159117550392986 -5.180070737169977,-7.802970514777451 -2.8227554861824853 -50.36137219995406,20.19417398606118 39.57585145853294 7.297855920287035,6.995676997832458 9.245583911988362 -10.077137968321889,45.45625273178947 15.409973074434374 53.22818226856705,22.54209215693574 -45.84317664030703 -9.622053158583299
-35.291477297907186 -24.829489544515805 5.095315194977921,-37.80784410226119 -10.74127501881388 -5.849501476848376,-41.6760488895454 0.47417487207215453 19.62281591157688,80.02032519692757 -3.000408761555715 -9.313484733885538,6.467666803467231 -1.183114176601007 -5.011908839461802,-8.37870093999651 1.728048214833156 -50.86230652109485,19.957413113182866 38.97390121118609 7.101771901023344,7.790174668298268 9.058158289110144 -9.898031730346066,44.4617959219436 12.964187638972781 52.571891994893974,22.965251865553494 -47.13249870797263 -10.12105591010492
-35.90845535208477 -24.15874385969903 5.690047640598582,-38.25193332690576 -10.845448384290547 -5.726273015386139,-41.14321144541519 0.30623302496788585 20.403783384500603,79.50239383917076 -1.071516167345575 -5.66929679350339,7.221427350253586 -1.5857872878417056 -4.985407495369527,-8.495861496206604 4.529923196400395 -50.9908996083202,19.785919836485295 38.507600468568675 6.955758755371122,8.53150514306482 8.68222815706472 -9.65437225275654,42.294644026862 11.052811644598902 52.229712383714,23.122139698792616 -47.68476978834312 -10.349532461595892
-36.344757873474144 -23.385126364965952 6.497395344314806,-38.41594542382735 -10.774261745109749 -5.5375080943637744,-40.124447576883014 0.028108835741500582 21.43647970241801,78.16070668045576 0.708594145050381 -2.707128952755994,7.594739884610668 -2.101527897074074 -5.133907355783196,-7.9366667622386435 3.735411346389665 -50.66946122152241,19.768407353965 38.41458860843948 6.935267598676304,8.911372992025322 8.241037178903671 -9.424946238651188,39.5049329601008 10.66407010589643 52.41684420662176,23.005912731858235 -47.430014619675106 -10.27106387007433
-36.45548989109148 -22.696091918841745 7.210623731071041,-38.18989419056517 -10.613809661736418 -5.218495064229004,-38.91955516091006 -0.29789027623923925 22.185818601354033,76.24149607064068 1.859093035602964 -1.20727662303472,7.444558042094118 -2.5686325066772193 -5.450320170107997,-6.805462519619743 -0.803620038820381 -49.9578018017583,19.92134000161659 38.757597826314615 7.058727375369279,8.784537585974514 7.890119337551659 -9.25806289344674,36.66065222804017 11.987154196020118 53.06501807996369,22.69656740479836 -46.562892788013855 -9.95093709961259
-36.234536741008654 -22.261603174174294 7.586330169409648,-37.66166400251128 -10.482424204381221 -4.765939490438847,-37.98768590635377 -0.6032400961841968 22.113586781245505,74.32946190059313 2.15766904676099 -1.3523346061196329,6.853035734105162 -2.8551560892681365 -5.892700324627148,-5.481338155481751 -7.411670267651725 -49.035426121120366,20.170278348272262 39.36672596673487 7.268496520719131,8.229628177585788 7.74506178247306 -9.174052126050695,34.19616600610052 14.33131067462853 53.86758646998858,22.32133190195282 -45.442572462511365 -9.52146930268309
-35.810659757166896 -22.16447368359641 7.565451922256981,-37.05538216332825 -10.468083707787116 -4.240043411636667,-37.70463871459867 -0.8445832659281763 20.9863886057707,73.04464533418243 1.7153589578890611 -2.7094699281972456,6.082618374380434 -2.918570757771014 -6.394995508388542,-4.442639775863033 -13.400337246684671 -48.14110776897597,20.383538456807592 39.91636413552007 7.456059866841312,7.505730443299169 7.8234169787010375 -9.172534653920156,32.32736250587939 16.478627233493043 54.41427141933,22.001249230500207 -44.43836511203318 -9.124495967492306
-35.36991331126294 -22.354785194265386 7.3005741638420965,-36.5777913894943 -10.571739100759874 -3.7379299727887467,-38.133005270445594 -1.0134485928183117 19.05274294934309,72.67229577816178 0.9122530628411443 -4.469934116790631,5.454453842103652 -2.8261305493317668 -6.877292564720715,-4.048603866323283 -16.380168780860462 -47.495295984613485,20.43943171375662 40.092994138013836 7.517302896096929,6.92996899647824 8.0308584342672 -9.235903108131719,31.0465984113145 17.277975616669394 54.35471458112899,21.81125251306609 -43.80209987488107 -8.861691555951499
-35.05025294778569 -22.656860744990297 7.07484456228987,-36.26565196014212 -10.694564888585244 -3.3500265693790294,-38.93792204667897 -1.1214788851685207 16.990262113920295,72.94286547344132 0.22788873646142027 -5.820567840452146,5.211242454846295 -2.7237759497083127 -7.25485905505988,-4.381855250195365 -15.394475931126516 -47.23524963274005,20.289293482496497 39.75854955417077 7.406486124609815,6.7381812751704215 8.201200071998883 -9.327526097203814,30.18174144205911 16.17863912066503 53.52772265507577,21.76992255943561 -43.621384552677824 -8.774089324571108
-34.86892636997008 -22.835101231573944 7.153231530504415,-35.93143782321429 -10.684583317691272 -3.119424732641909,-39.51152707966015 -1.1738778779152423 15.634948482169888,73.108934519479 0.044050071440950966 -6.270454302988881,5.428374987381952 -2.7662853164745558 -7.449669167949674,-5.22370943913258 -11.313322581902902 -47.38458016908545,19.981373970183494 39.018236963354894 7.158706503494451,6.994750709297248 8.173654548328171 -9.390486407605716,29.487617175251042 13.451571801609571 52.01512107091831,21.856096845543203 -43.853914852715775 -8.852074704395914
-34.72396709695445 -22.695439224749357 7.6411592442919805,-35.25222938633724 -10.4230589928352 -3.024184798636961,-39.260047316351894 -1.151011630733334 15.61242179185211,72.30762916764104 0.5039869481060633 -5.792417134771982,6.008034320124969 -3.0408345296844743 -7.407828346715817,-6.168573764697283 -6.328720379054333 -47.8628392051245,19.633525777059884 38.158345013168436 6.86928090605087,7.588245028509303 7.871855614429939 -9.354953230248283,28.737503990210612 10.018545093159762 50.11174686630051,22.034742584779465 -44.397270024177054 -9.059662622615818
-34.46883938581377 -22.177825363761603 8.421251254029455,-33.965378162550685 -9.904625324841163 -2.99276186516916,-37.915946906896515 -1.0127373551836303 17.042331280755914,70.03566584889853 1.4809294298612903 -4.739726177219337,6.746925427452972 -3.5200913222004546 -7.120811297431307,-6.817071896231273 -2.8549516099791044 -48.52461984543439,19.371926858820174 37.4947231074198 6.64346609910194,8.303827371569412 7.347311335914591 -9.157827287154873,27.791948150994735 7.007379517851415 48.231536595411185,22.27284313928555 -45.138896235706106 -9.352728281205689
-34.01752985999198 -21.394727253903962 9.198923261117187,-32.06878792335777 -9.264173590719631 -2.9467044813655896,-35.713955973808936 -0.7253013466394225 19.456811362658954,66.48867646568407 2.6576452102439383 -3.6084063352596507,7.433471663845805 -4.067228867538647 -6.641341237159661,-6.952447570837969 -2.4151867783431973 -49.20827596400749,19.27165579877458 37.221937683253124 6.54644645755884,8.926445559801873 6.766169062108944 -8.769783941134712,26.63416782797304 5.271382929351344 46.784880979343235,22.537503701231955 -45.96004864761819 -9.681338313594571
-33.41921094441128 -20.5933953170103 9.63317724288443,-29.910842289165192 -8.730257603243412 -2.849955596870188,-33.330034754131574 -0.29534937959188123 21.975933704843868,62.57175422541246 3.6723858689606423 -2.7796244269680805,7.922363734612523 -4.490636074536004 -6.081709801891906,-6.617564084625844 -5.054323405792109 -49.7749482865095,19.33211376206118 37.34807029863806 6.581922995146403,9.319536605045304 6.344507501118176 -8.21765471785764,25.370043102122665 5.098621399516273 46.06354196093144,22.78447293240869 -46.7122900219259 -9.982847499919178
-32.857078842608374 -20.05546938919647 9.488200628389066,-28.104657095462507 -8.524777928878182 -2.7384522335666293,-31.59843431862846 0.21101189106008666 23.6645290272042,59.54941355818706 4.26453098369383 -2.3675041531880012,8.155236910730117 -4.622940676646408 -5.587212242850804,-6.062502122144268 -9.503555955615177 -50.127459435426125,19.49814146526119 37.74479206541175 6.709151258343963,9.445252778009188 6.260967828772134 -7.58901914893629,24.195376799347358 6.212076892108305 46.161314512465246,22.954306281588362 -47.212548862521324 -10.182485359278202
-32.56682375931412 -19.978509507052223 8.734225496927229,-27.289507250891376 -8.759288956141425 -2.71144109497026,-31.13556811873467 0.6797323501252777 23.911818468280117,58.48814272204202 4.361780995755096 -2.228036603695957,8.13184456063958 -4.388591683411393 -5.289184495994485,-5.597842507250332 -13.922468205408045 -50.210529124677855,19.709742809437365 38.27084346530664 6.884268173789392,9.329830371096973 6.5851675103457055 -7.012282809237932,23.33668903758782 8.0032005109769 46.94717538707197,22.988680643723693 -47.29175877543754 -10.213851607584626
-32.71443997845324 -20.39399267262541 7.5544156834276635,-27.843781943452747 -9.38162262941924 -2.8844406677274907,-32.05150664088837 0.9902092434154215 22.666608098357756,59.75693641787602 4.081845793050592 -2.096885474961429,7.864796992993822 -3.831242424539045 -5.254940869880864,-5.433334319266951 -16.778122640834944 -50.002512491189265,19.946491996118187 38.88299013808728 7.096914018810196,9.009098005055879 7.251933652057639 -6.616529256992987,22.97729310865524 9.837169950942846 48.09621043965735,22.863522432257415 -46.888557919140325 -10.055324152422779
-33.296948185001 -21.15941991448113 6.261997401268184,-29.6858764627169 -10.200286290868718 -3.3243268392445957,-33.89202604503136 1.06852272458882 20.42914174803964,62.830917821312774 3.6589161910935264 -1.7648223489845178,7.35629664454897 -3.092222855270657 -5.45789940532903,-5.584243103262689 -17.415445197757727 -49.51040164598675,20.23710885262804 39.65878665042182 7.376656465947895,8.496408094608565 8.0897456350616 -6.4855651633033435,23.18756604168661 11.267142857863018 49.17232568052838,22.61929621411939 -46.13320023340693 -9.761178397762146
-34.12019204927613 -22.026502768349406 5.17337062578208,-32.26412322962804 -10.972849088858986 -3.9987776135766144,-35.84358194822303 0.9259157838271707 18.012532423079833,66.4990997258401 3.3328539536666444 -1.1955938881877817,6.615364070159677 -2.353897362296505 -5.7853189942444345,-5.888570477570819 -16.102699687262394 -48.77399883732471,20.62760966935743 40.71384348515323 7.763568088839049,7.795455018414782 8.887764118355445 -6.624684639806156,23.883052766835018 12.082607591054058 49.74491803545549,22.364012652149572 -45.35247507812602 -9.46134965219001
-34.86988085986628 -22.750927377784805 4.498266175597719,-34.750565751095614 -11.511384963000758 -4.768180927692709,-37.10518829748868 0.6612416568031914 16.188971956748453,69.38204445788129 3.2481083600985663 -0.5362120751850559,5.702136743771892 -1.7755653194982668 -6.084639322148942,-6.118947543937555 -13.646806107331514 -47.87568020816149,21.128837120871935 42.06691171498249 8.261396725084133,6.946700493772868 9.470728091786102 -6.954598674345348,24.830866517320292 12.230141494176973 49.51058480076712,22.23658215787792 -44.96035487056583 -9.31724376605794
-35.245065287147966 -23.190428224501172 4.29187935599845,-36.35827713921374 -11.75125981473736 -5.428965550708977,-37.24946372292913 0.4230021834948778 15.381738766386054,70.51703622337526 3.399992429619021 -0.03275890238339052,4.762435183043731 -1.4488910758067328 -6.230064289018951,-6.124365709771275 -10.882876757031495 -46.94468675819785,21.679062274598113 43.544914214918876 8.805072834863811,6.0698229684166805 9.751002793227176 -7.336470176008938,25.71111211894035 11.71245282010497 48.384812597925006,22.341550334861267 -45.26628495282894 -9.446850194669965
-35.09131079551998 -23.34609955106104 4.47769663931898,-36.644400152812565 -11.752138454849431 -5.792170732975786,-36.401177381524505 0.3465284141990174 15.534460122772654,69.74057246819436 3.644818651725471 0.09040902981455279,4.016344903574344 -1.3866362249945765 -6.179041855780538,-5.923610461375262 -8.345206314774222 -46.14413555057323,22.150074386874778 44.80152513627468 9.26797592980787,5.362573206476738 9.740644842886102 -7.619671632421763,26.21890361759378 10.55780857293473 46.53260008866493,22.687197416842228 -46.29388216225463 -9.855377010064586
-34.47002944337393 -23.332201493201804 4.914196929261399,-35.66836610171774 -11.638346549526203 -5.7626985220436975,-35.15217024103087 0.49460824825663363 16.20108559427117,67.70153624532875 3.7663860458969447 -0.2757475077577878,3.6900816136410652 -1.540887692931865 -5.9909276608006525,-5.700085102985352 -6.249406899656466 -45.63621798226974,22.399416127860047 45.45607934347369 9.511364134273721,5.040913164755214 9.52573040335964 -7.694877703473411,26.172600208058714 8.875452059765404 44.32346480566686,23.16347407144089 -47.716394086589375 -10.412148372635958
-33.63081519067456 -23.29596857857897 5.462153554445947,-33.94188707239684 -11.517542757902518 -5.382891092819571,-34.26067029304318 0.8289642162687577 16.797079748983126,65.51820418969312 3.5719779055175422 -1.0938094723830938,3.916580881681589 -1.8345390172306955 -5.79723034309718,-5.701176281101699 -4.688666179676636 -45.533249076395364,22.342318341707568 45.283615172664035 9.451983306496887,5.242475670660081 9.220703619732296 -7.532836485970597,25.58541270637628 6.931123040479277 42.221662757986316,23.579021206773803 -48.96558873452677 -10.894749489306689
-32.89972075075675 -23.33226786347201 6.018316411041133,-32.2007609992985 -11.424498152204873 -4.820234207576366,-34.28599553324543 1.225938347618896 16.882991613195617,64.25717053025 2.981193269879282 -2.206591098176153,4.655489567017433 -2.188127137412935 -5.736383826380614,-6.096169439390648 -3.8197202954071403 -45.85312748159454,22.00218454114647 44.34812076133068 9.110133332448434,5.943083062743858 8.9255034734032 -7.194185057021501,24.666972305034598 5.148454849323147 40.647281295286206,23.745256950380334 -49.479530273376874 -11.086053065998154
-32.53546602118822 -23.436949879284082 6.507825856715009,-31.10378631572032 -11.317663270884381 -4.305081730267624,-35.33586754281703 1.529572366980881 16.346398019854348,64.48274555229132 2.072852523832396 -3.391311734380521,5.681161965269305 -2.5323424893911217 -5.883976633785634,-6.868730603953706 -3.859085086880911 -46.500972624904264,21.5078840822625 42.99536050028391 8.608507704370231,6.936733592815157 8.701986112944242 -6.8059065634467615,23.74729857239563 3.987713729497195 39.85677351666163,23.567344413345584 -48.971785006456585 -10.878135804694407
-32.619104607732325 -23.519196647200932 6.854941514557007,-30.98783255630621 -11.122887750056586 -4.0470350733252225,-37.041993422742095 1.6187158901844483 15.406254788455326,66.07291182808308 1.068849246556089 -4.411191788674589,6.656546088530547 -2.8083151272672335 -6.212195470785747,-7.8022760720677296 -4.8835274681116445 -47.29104113850378,21.03519208024628 41.69783592614983 8.118399266255974,7.9005305319385135 8.573483298600152 -6.511877612483274,23.14807589865076 3.743356331538585 39.88504870126492,23.093803946241316 -47.580114402524416 -10.328358677741864
-33.02532291230117 -23.46072222119835 6.963809491065514,-31.773452411868146 -10.791538728255267 -4.166568528949304,-38.76342634638891 1.4593519859621606 14.45415422312028,68.35658174058337 0.2563214842708601 -5.053558286318707,7.266643587665099 -2.965537374579783 -6.598039661917208,-8.568847245060612 -6.603357778751031 -48.006608816626255,20.722031392607587 40.829638110295484 7.779768699860061,8.521953345018991 8.539472287864545 -6.414608622719749,23.051115983791526 4.375001934089715 40.56656583582725,22.4952548996373 -45.80678350142041 -9.63444000704022
-33.484903660142116 -23.186010504918713 6.732057381524336,-33.04308823181373 -10.335011431974007 -4.668261582740866,-39.906055977871965 1.1207825863522822 13.825127545158455,70.4723338111509 -0.12549449448618466 -5.1625880449865535,7.351275720301623 -2.9666532615695544 -6.8757459369722085,-8.879185691035483 -8.327331066588346 -48.477356283965364,20.603689530546337 40.493047715544975 7.637768914416779,8.630503523395996 8.592019521918655 -6.529642529798426,23.419292221351082 5.489437617422429 41.620243593250336,21.979738639007003 -44.270855143830815 -9.037407330882354
-33.70697765402301 -22.70494197096902 6.096467229022066,-34.23999151169041 -9.81602666972087 -5.459910364999192,-40.19550360398072 0.7503766613674351 13.619509919692714,71.75728914513256 0.010784673637688869 -4.677538991653746,6.97250260291649 -2.8005516976760485 -6.907283581174481,-8.620475080545905 -9.222734203851196 -48.64283709149872,20.604482518123227 40.493879816801815 7.63056796288339,8.269187191087415 8.723450847344395 -6.771377268785691,24.006951219215694 6.514267943116643 42.757353922332655,21.68747398403522 -43.397344860085525 -8.701352328193135
-33.505283988690074 -22.10732022933566 5.086385858438765,-34.893274487893976 -9.306520131802785 -6.400177655799879,-39.77266187974028 0.5185282728236121 13.665177322353275,71.98480206784863 0.5524866739758272 -3.671908030407989,6.381235758172144 -2.4959801705691556 -6.636896472867416,-7.914039605467547 -8.765226287550654 -48.57329523639808,20.591084622162406 40.48050154742546 7.635268582585469,7.668520575486918 8.922748789446107 -6.979339881146074,24.461065113301952 6.988929781803457 43.765227543737744,21.6214400338091 -43.209047117976695 -8.633989632676792
-32.87450679756052 -21.516687172139203 3.8509547238527215,-34.77762557907253 -8.843450085059274 -7.3476118469850675,-39.076505163312376 0.5561165157393511 13.63422666565345,71.3655996032038 1.2224961605332256 -2.3691194266537976,5.896384497225009 -2.12377941900787 -6.105325022816442,-7.0645611996093365 -7.1100186424408856 -48.43580350947439,20.457441913237027 40.16800277814937 7.545929988586252,7.13352245521604 9.166307471991585 -6.979406398775357,24.475548382809844 6.816304940604885 44.53573571924638,21.65285980035704 -43.33715922610323 -8.69210401125622
-31.987869330785653 -21.03245022834853 2.636437846281252,-33.95700788956508 -8.414113777676356 -8.189806822324266,-38.58694461583844 0.9076222729600194 13.248240003334871,70.3519912274082 1.6922178234756 -1.1052693462789467,5.753446108199484 -1.7800750125093943 -5.421004601628853,-6.42493577266 -5.117358240182808 -48.417777473183946,20.192306350436397 39.518297277212014 7.339001119766021,6.897863060260181 9.412374160004513 -6.659625050283861,23.935784925994508 6.323683085454969 45.03802811319348,21.60059348687688 -43.24980668925588 -8.67050010171107
-31.122437350606226 -20.693145996022615 1.7145104361435668,-32.71632295980513 -7.98187430631541 -8.847934172200787,-38.5665716784361 1.5152634487497503 12.461249626916262,69.37338016710576 1.728482159742212 -0.22936007509820788,5.995184970190785 -1.5532931531134297 -4.70736388250579,-6.240629618874752 -3.9488053989643284 -48.64033925254188,19.889488968482386 38.7699139793842 7.088117831772414,7.016096790151504 9.606177983494968 -6.031013156438619,22.99019112706907 6.080403162124044 45.26424587791357,21.342135029238424 -42.5760808291827 -8.426539019729073
-30.54779457181104 -20.478662275829684 1.288170860770288,-31.427655432586306 -7.535129323469784 -9.267890471231768,-38.93299143012867 2.2374007915155922 11.521110488596607,68.64389651633641 1.309417578028606 0.03130103019368935,6.4565846796593185 -1.488522734290091 -4.055699065642808,-6.54545585619891 -4.415702114223034 -49.10047169540345,19.693502982692564 38.296809661457814 6.9190558714411,7.345842133187486 9.69618166075312 -5.245115136837844,22.012245207227856 6.559107683347727 45.18954304725645,20.894554664018102 -41.34554513774803 -7.97096423780049
-30.425166593672945 -20.34513546499259 1.4153499597611239,-30.412708836379494 -7.125117395612377 -9.415008579605416,-39.32033190073426 2.893051144612869 10.871825007274865,68.12327011940218 0.6513688738920622 -0.31917942307144687,6.849912830789499 -1.5668894137978302 -3.5069049715818092,-7.154436172624673 -6.444803952266652 -49.66918721686862,19.711075423937178 38.375733794151785 6.930537722756543,7.626718344119926 9.654948913991966 -4.5540125499541855,21.460363868648137 7.827210091557585 44.77676459230533,20.418133214043365 -40.00432417355471 -7.472488017274597
-30.755021791760086 -20.267431284817384 1.9844281799789725,-29.85033247205292 -6.863164444085632 -9.281933740037204,-39.28956962835817 3.3171368428624644 10.940499020523058,67.62042547167964 0.1252987474399999 -1.0233095393739715,6.907029616927073 -1.7121049224349245 -3.066763643682209,-7.752960600104731 -9.002615131958365 -50.14755912276059,19.940176159237254 38.9985105171016 7.1274468964076485,7.615026997363835 9.49453653041705 -4.2213088025096575,21.68707775637116 9.452236492803616 44.026973198100656,20.136809207452522 -39.189282067846825 -7.17039852181279
-31.38798647654493 -20.261289175971587 2.7537630131375153,-29.749788628099964 -6.872615261836524 -8.904753511634729,-38.573686183470464 3.4092941822359855 11.912773578408867,66.95745908702322 0.09232774067275851 -1.664316010934205,6.509384136058452 -1.8235297349261628 -2.7394411902837112,-8.037875387575424 -10.582541043756793 -50.35511500287724,20.25988967329601 39.84449603034544 7.407263913527685,7.2068435372183215 9.267871652511747 -4.415686271320724,22.774786824942115 10.693547247137698 43.04519888012568,20.215726869680644 -39.37649975635515 -7.240882821457689
-32.087870063504866 -20.371336209867753 3.439823177842374,-29.98241006424197 -7.219860713298519 -8.371438022829627,-37.23112460176133 3.1620387090457225 13.609840999762527,66.0942599150619 0.730034633541575 -1.8465246985364052,5.744170593076542 -1.821554592682514 -2.5537798610517104,-7.845684791937758 -10.032363044684246 -50.20919805279378,20.490515786009826 40.43905371571802 7.610718605945303,6.490026645659269 9.053427168768723 -5.131187203821507,24.470815154390813 10.891666692811391 42.07417009189828,20.661565663262483 -40.59433363279731 -7.6900968918587225
-32.61747177896433 -20.63327594862545 3.8184368353381197,-30.347570207899853 -7.864255344396347 -7.807540343638151,-35.63266967861744 2.660428381974979 15.533455490691733,65.15227059278087 1.9316440867332494 -1.381529741718814,4.862710264264548 -1.6841510098874524 -2.562449383973883,-7.213590695380827 -7.273387598016667 -49.75787004984095,20.49256997184615 40.415743034285455 7.610296701085374,5.702523880217521 8.927875597307194 -6.1725541238748445,26.258907148888632 9.846050851000191 41.458234478399696,21.30127687719192 -42.36188652203869 -8.334332561257643
-32.81354828407491 -21.03520369388454 3.799506175245468,-30.645845931290957 -8.658223184237494 -7.337476802055558,-34.29340691210276 2.0535495829056187 17.06498959166163,64.34107094210385 3.3310111005009806 -0.3870588016574965,4.16456560840026 -1.4569968458222442 -2.8116364162551135,-6.353175286472291 -3.481035848872196 -49.151507293631674,20.249200037059293 39.7350879016417 7.386757721935425,5.1206224632741275 8.936987376449961 -7.219493015927604,27.549783473500675 7.9648563264100884 41.532843353986564,21.85405802197756 -43.894830764198815 -8.881160778210395
-32.62638381880345 -21.504253985372735 3.448010995543412,-30.7384241954866 -9.401004860551472 -7.037412475095243,-33.63763855986463 1.5065299173673077 17.729466889903616,63.8442536448638 4.448891291634645 0.7575081795602134,3.8645304729438084 -1.2320603136330894 -3.298358509064965,-5.556277183343583 -0.5687836195763243 -48.56860163069663,19.883460951203514 38.730375091058825 7.048294664768282,4.933067613204729 9.076474192179319 -7.949479578934016,27.920938038101514 6.08662727987306 42.47658193551585,22.06171168180153 -44.47649087397587 -9.07048704442205
-32.1162640674724 -21.92994902574609 2.9466563709527933,-30.580757156042306 -9.918891255336163 -6.905812336304752,-33.813153991573834 1.1483002498640105 17.40227283647316,63.73428932901792 4.897359758649358 1.5844935957195698,4.004022005986867 -1.1046585726127667 -3.9423137837493853,-5.079245477952199 -0.20346896316262963 -48.13412686182456,19.59701261581183 37.943933715488335 6.777838534304952,5.160232213915485 9.291168299201036 -8.16983430882455,27.3078169246683 5.05358490380214 44.19153406365753,21.811043594983424 -43.80215014357153 -8.801489521444847
-31.416196168433274 -22.21351118612587 2.5180909561272475,-30.22619419744191 -10.1299511418301 -6.87188624279467,-34.640758984764076 1.0326386030640808 16.36147281728052,63.958208649444835 4.548864229854221 1.7583211657785565,4.443512625174929 -1.1292009365052855 -4.593464957506964,-5.054721251909984 -2.864644271285199 -47.87216446167211,19.56103158095616 37.83534822442455 6.734547491682034,5.652255587343042 9.494118501828579 -7.900858217572159,26.059371017301324 5.2600818209283595 46.27701010402624,21.185954835170588 -42.1186062784475 -8.178907373220277
-30.68095388966179 -22.316126296570083 2.3384540488535848,-29.801454802563818 -10.061217814764877 -6.841867517437768,-35.71428368962225 1.1263892437660568 15.160634560405708,64.38869350417835 3.5908570799092576 1.2341026831279087,4.932806381089172 -1.29413121268139 -5.0781330116087995,-5.461229785524758 -7.474097792810405 -47.716060918395414,19.818616559407868 38.51978447470071 6.962944252753749,6.160905413618524 9.599390787106183 -7.3694322595338635,24.8203674148799 6.4246501921826145 48.12792958655313,20.424202427525298 -40.09142539590592 -7.456068596935044
-30.043775878519227 -22.27839850726207 2.4748762305977214,-29.46170996937017 -9.814855990179487 -6.759445536695025,-36.592982961363475 1.3293451630481563 14.381290172475866,64.89841793756027 2.4405432784527097 0.27525488434126993,5.22152240725768 -1.5271450257376822 -5.265260126654434,-6.152027095198265 -11.840178293358376 -47.56837567508583,20.254093100115124 39.68515489720733 7.361448072001264,6.4470723768115485 9.556493283598257 -6.910824287881573,24.273854287721942 7.720940391673081 49.13519290798072,19.803940586681815 -38.47791363645911 -6.907931240486727
-29.59459377838793 -22.19869463565185 2.868571286953748,-29.338872036634402 -9.509250343541716 -6.644461368525417,-36.988609271193 1.518012673359947 14.380120927236092,65.4091632768964 1.560996912568435 -0.6771813308396513,5.1587720304494 -1.727521398221055 -5.122304433805298,-6.920637307384536 -13.727825795467137 -47.37549444144039,20.649557120538788 40.743607285733546 7.731151389161704,6.374346813150142 9.372752550582126 -6.818837903857995,24.841443897540987 8.209845101846303 48.91515572070049,19.52068977047391 -37.78398474893528 -6.704081676622414
-29.381542008322796 -22.181007236975915 3.3673504134058954,-29.50013571171758 -9.232932154591408 -6.582543688513011,-36.860483684415 1.5953476554474273 15.146716152047428,65.8910693573045 1.2663305932145037 -1.2151845764638018,4.742396791271675 -1.8103737335869436 -4.733719397603867,-7.571408820325382 -12.014149199365782 -47.172954678913236,20.801421996360926 41.14523089776699 7.881964543409333,5.951866996942794 9.113634323981113 -7.210677235220147,26.467732988806052 7.3471260989186975 47.47323306306617,19.617257882982617 -38.0832392070721 -6.848814384146072
-29.426258564725195 -22.280288218140058 3.7933306939602067,-29.931535813556522 -9.036453868195458 -6.66521079072398,-36.38425850493871 1.52554252946874 16.333319381769407,66.32332371306147 1.6062719810722843 -1.147408960908707,4.105521862730073 -1.7432452923800361 -4.272400654087771,-7.970234547594473 -7.318826398009031 -47.07280241165316,20.635707889016764 40.68971520270822 7.740615305232544,5.317103694587066 8.879042128249601 -7.969163518111849,28.59156496035287 5.2920123786321245 45.2258602229788,19.997220449313144 -39.07868175071283 -7.215248627879976
-29.738069391140915 -22.474997476137652 4.019217194358472,-30.552026000651818 -8.958263635573273 -6.910941574261687,-35.824656882508364 1.339297078315069 17.435222399453018,66.65235043145266 2.37837425198248 -0.5677582311222651,3.4563314298881114 -1.560114599034435 -3.9366670781059816,-8.066241755200528 -1.7570807614771868 -47.19637974673314,20.25937471466915 39.666601421789736 7.401741725665367,4.676071156421578 8.763323235545332 -8.791253248406658,30.335589800305776 2.842948404192128 42.86034299971449,20.505499420100584 -40.348738646200815 -7.646247113882232
-30.31491869029902 -22.68177147692603 4.0236494210481295,-31.250338194497477 -9.054681237762091 -7.214420065179612,-35.38641975812723 1.1085132458566263 18.029976335843504,66.78294277538849 3.251348585644245 0.21453824661783583,3.002704702843682 -1.348557179842806 -3.88078870342039,-7.889625278174728 2.0812958042594305 -47.58800141481375,19.917539668397307 38.74135762331234 7.091902122559306,4.232030880725787 8.814255975071845 -9.323001070237558,30.85323310883936 1.0253033929530604 41.08114510987215,21.024068622208386 -41.619078572960944 -8.057866218243507
-31.128520178291875 -22.803949996990998 3.903707920248408,-31.926207304913696 -9.399272682555482 -7.36164380579305,-35.12096619138002 0.9038579006335585 17.959540112753192,66.61423767492747 3.9294209366407538 0.8332928163316691,2.8918703400610752 -1.2171238666042183 -4.168229539593738,-7.536687414891613 2.41336922436758 -48.15928370135991,19.87575718049221 38.63735143109837 7.061803087555202,4.130363720743141 9.008188968259674 -9.320221384435161,29.697764033217148 0.5456903798308543 40.343524634980774,21.52643385640121 -42.89652483680686 -8.482323826447178
-32.10291454641481 -22.787160362657602 3.838589692966809,-32.515914264172864 -10.038125359865644 -7.11523441036429,-34.93062211751986 0.7568722939239738 17.372709541628158,66.10205727000249 4.272572766850761 1.0209337848923203,3.181167585253828 -1.2569785076147746 -4.763906245356681,-7.149876344992681 -0.8511424569990211 -48.701386754795315,20.286264771124525 39.77197284278443 7.460148410319844,4.432577957555042 9.253186350414525 -8.761202476758132,27.056699197003756 1.4047544778535475 40.68634203057651,22.062730290559696 -44.3921121976497 -9.025931807067277
-33.10317711609086 -22.65151576706694 4.017519709210114,-32.99153473055288 -10.922384567637744 -6.333846528176463,-34.65859941598235 0.6457297026024225 16.61784103951266,65.31089531743768 4.317477827571743 0.6826639468476868,3.8392548864342557 -1.512216040333865 -5.562423199318004,-6.893392767351621 -6.072322187951979 -48.96814562134642,21.105983866082127 42.03088123589061 8.252855705364425,5.116713569950324 9.42096561115889 -7.859808775505769,23.740749985562708 2.881016961879859 41.737834885121686,22.69079100859743 -46.292505001594165 -9.770360188810747
-33.94961324087803 -22.48309188825523 4.560154246577905,-33.33923754636325 -11.865125171154197 -5.064720113375754,-34.209391731283596 0.5112607622787811 16.050651204830462,64.42299725997135 4.201200321997592 -0.13322536304691757,4.766570001206087 -1.9680540959666155 -6.433782951560481,-6.920832523831367 -10.70217705888691 -48.794176235835366,22.107560638356652 44.79424644740431 9.228526319473014,6.093101739621211 9.395938736364196 -6.973990469021078,20.91494175563131 3.903348649789422 42.89549849478114,23.401551838089492 -48.534079464993226 -10.681663004723683
-34.461748364661204 -22.38973182086887 5.4624576396008955,-33.535289192612126 -12.566914920590145 -3.5551251867481084,-33.631844266573054 0.2937591946922675 15.860899944572582,63.694864975215765 4.042372263282305 -1.3269633671528327,5.82273679414894 -2.5584291016958183 -7.2638865503097865,-7.334459407418509 -12.535022758547058 -48.189301435625175,22.977245748587688 47.20079036507218 10.087302120283173,7.225592417243023 9.12137806230734 -6.45355456134122,19.670145324839954 3.6226450030180812 43.6047572524093,24.090289301330486 -50.73522698339543 -11.588976423499716
-34.52026991996777 -22.445423000472573 6.592063915452181,-33.54054185034437 -12.720350368022762 -2.1661514226811143,-33.11982303493831 -0.030103910540290213 16.006039919696924,63.37883307363368 3.8541295206920516 -2.8256569279721253,6.853897010674251 -3.187870058452659 -7.974902140649246,-8.144501055162753 -10.745021506397405 -47.35741316319738,23.450229139697072 48.51737610404974 10.56880644012804,8.35468601978785 8.622903202669988 -6.498263639969516,20.607073151311248 1.885011073943648 43.61506981342144,24.596712503717814 -52.34804127665443 -12.254357755945753
-34.1218780850242 -22.653054845590155 7.736860215124245,-33.32268717968874 -12.155435711078052 -1.2228486064677366,-32.929544528099186 -0.4309827549681997 16.278925321974405,63.643607588913184 3.540037028233585 -4.5905268979276155,7.718560806108994 -3.759004531998505 -8.524445818127816,-9.245070442590627 -6.199370495065869 -46.62258562970132,23.417501538321535 48.434821369066015 10.557184780614126,9.323797268351692 7.99876545854029 -7.089897859634429,23.606313715846856 -0.6428408922003532 43.098643198790484,24.7937479669351 -52.95518331034512 -12.499884246599585
