-35.43445587158203 -22.891088485717773 3.527730941772461,-39.27965545654297 -9.97516918182373 -6.759792804718018,-41.30057144165039 -0.9106563329696655 17.516138076782227,81.25088500976562 1.222584843635559 -5.727926254272461,4.801126480102539 -1.2901287078857422 -6.99486780166626,-5.34380578994751 -13.060380935668945 -47.97323989868164,21.105239868164062 41.892295837402344 8.15758228302002,6.341104507446289 9.667352676391602 -9.031214714050293,33.865966796875 23.594818115234375 59.52774429321289,21.24602699279785 -42.269744873046875 -8.293931007385254
-35.07874298095703 -22.47818374633789 2.487773895263672,-38.75688934326172 -9.969910621643066 -7.255482196807861,-41.89482879638672 -0.41480380296707153 16.76169204711914,81.28685760498047 2.1187472343444824 -3.904123306274414,4.668607711791992 -1.061781883239746 -6.685521125793457,-5.238832473754883 -15.374552726745605 -48.24808120727539,21.34731101989746 42.54316329956055 8.393224716186523,6.120580196380615 10.035834312438965 -8.24129867553711,31.796897888183594 19.52041244506836 54.52591323852539,21.55112075805664 -43.09798049926758 -8.596109390258789
-35.125404357910156 -24.004087448120117 3.3571300506591797,-39.31394577026367 -10.842426300048828 -7.201827526092529,-42.059898376464844 -0.3203866183757782 17.676044464111328,81.70980072021484 0.801678478717804 -5.735405445098877,3.328864812850952 -0.7960107922554016 -6.849915027618408,-5.836308479309082 -16.111719131469727 -48.29318618774414,21.577693939208984 43.17082595825195 8.622904777526855,4.857795715332031 10.183679580688477 -8.996877670288086,32.96397399902344 13.434917449951172 47.33512496948242,21.49269676208496 -42.93825149536133 -8.537530899047852
-34.970672607421875 -25.96778106689453 4.660594940185547,-39.77859115600586 -11.406649589538574 -6.935496807098389,-42.62206268310547 -0.2862860858440399 18.945810317993164,83.6328353881836 -3.7562570571899414 -11.690516471862793,2.5995397567749023 -0.5927392244338989 -6.962871551513672,-6.518083572387695 -16.573087692260742 -48.25908279418945,21.788450241088867 43.75261688232422 8.83782958984375,4.214920997619629 10.131696701049805 -10.14891242980957,38.427005767822266 16.7540225982666 50.08620834350586,20.59878158569336 -40.55836868286133 -7.682754039764404
-34.752235412597656 -26.124826431274414 4.4355998039245605,-39.65793228149414 -11.422569274902344 -6.903037071228027,-43.343692779541016 -0.5682671666145325 18.705869674682617,85.0757827758789 -6.505650043487549 -14.889527320861816,2.8926706314086914 -0.5345622897148132 -7.189033508300781,-6.032633304595947 -19.107179641723633 -47.76549530029297,21.844921112060547 43.90974807739258 8.89623737335205,4.560711860656738 10.109192848205566 -10.610268592834473,40.58440017700195 19.677501678466797 53.595947265625,19.627443313598633 -38.0943603515625 -6.835275173187256
-34.595062255859375 -25.484834671020508 3.5356414318084717,-38.998043060302734 -11.08426570892334 -7.1239824295043945,-43.65275573730469 -0.03304355964064598 17.301794052124023,84.90933990478516 -4.560330390930176 -12.540661811828613,3.978182315826416 -0.5794500708580017 -6.874034404754639,-5.209364891052246 -21.297054290771484 -47.91360855102539,22.033151626586914 44.43738555908203 9.093403816223145,5.532982349395752 10.262097358703613 -9.455397605895996,38.334407806396484 22.976287841796875 57.84158706665039,20.83379364013672 -41.1728401184082 -7.900105953216553
-34.90718460083008 -25.37741470336914 3.136512041091919,-39.2653923034668 -11.092141151428223 -7.2568678855896,-43.609432220458984 0.28864428400993347 16.919126510620117,84.63356018066406 -2.8086161613464355 -10.377943992614746,4.237950801849365 -0.44245409965515137 -6.5565667152404785,-4.209260940551758 -22.45327377319336 -48.13215255737305,22.00215721130371 44.350093841552734 9.06066608428955,5.7196478843688965 10.45121955871582 -8.945545196533203,37.66878128051758 23.9468936920166 58.84773635864258,21.4731388092041 -42.88495635986328 -8.518016815185547
-35.91249465942383 -25.731369018554688 3.607395648956299,-40.90059280395508 -11.424912452697754 -7.290882110595703,-43.99087905883789 -0.22975395619869232 17.999418258666992,85.96123504638672 -4.435377597808838 -11.853700637817383,3.6643850803375244 -0.2951752245426178 -6.724996566772461,-3.239715099334717 -22.89270782470703 -48.01728820800781,21.77727508544922 43.72157287597656 8.826332092285156,5.220876216888428 10.433101654052734 -9.785975456237793,39.7140998840332 20.66886329650879 55.28345489501953,20.939697265625 -41.45226287841797 -7.999716758728027
-36.95309829711914 -25.065584182739258 3.4948511123657227,-42.04298782348633 -11.045574188232422 -7.934040069580078,-44.173736572265625 -0.18305279314517975 18.249549865722656,86.31996154785156 -2.5927467346191406 -8.987570762634277,3.4252660274505615 -0.28448259830474854 -6.484658241271973,-2.701037883758545 -23.41307258605957 -48.520111083984375,22.15628433227539 44.78594970703125 9.224508285522461,4.921781063079834 10.535204887390137 -9.259561538696289,37.868473052978516 18.473894119262695 53.338829040527344,22.07211685180664 -44.54745101928711 -9.134716033935547
-37.02223587036133 -24.585506439208984 2.998716354370117,-41.8352165222168 -10.672966003417969 -8.155756950378418,-42.82221603393555 -0.09106409549713135 17.446828842163086,83.82025909423828 1.5003740787506104 -5.246170997619629,3.4183413982391357 -0.2516409158706665 -6.383049964904785,-1.8449429273605347 -24.000099182128906 -48.020931243896484,22.386091232299805 45.4438591003418 9.473871231079102,4.873394966125488 10.669754028320312 -8.788031578063965,36.615604400634766 16.516618728637695 52.17247009277344,22.298566818237305 -45.19213104248047 -9.378145217895508
-37.32190704345703 -23.27224349975586 2.000135660171509,-41.42226028442383 -9.821390151977539 -8.627087593078613,-41.95100784301758 0.1329938769340515 16.65421485900879,81.7908935546875 4.091157913208008 -2.083077907562256,3.7194814682006836 -0.23102594912052155 -5.852174758911133,-1.402860403060913 -24.17068099975586 -48.08821105957031,22.547670364379883 45.9123649597168 9.652856826782227,5.050840377807617 10.78059196472168 -7.933135986328125,34.44695281982422 16.359893798828125 52.764427185058594,22.660675048828125 -46.243003845214844 -9.779963493347168
-37.33035659790039 -23.014413833618164 2.0191643238067627,-41.00054168701172 -9.416092872619629 -8.75111198425293,-41.17391586303711 0.23930560052394867 16.538227081298828,80.41403198242188 4.187321186065674 -2.234130620956421,3.7259891033172607 -0.2623685896396637 -5.55802583694458,-1.335399866104126 -23.244029998779297 -48.05713653564453,22.256175994873047 45.07073211669922 9.332104682922363,5.015617370605469 10.69757080078125 -7.861606597900391,34.652748107910156 17.846025466918945 53.76963806152344,22.09421730041504 -44.60991287231445 -9.158180236816406
-37.03293228149414 -23.34336280822754 2.1144609451293945,-40.84375 -9.345105171203613 -8.961282730102539,-40.66905975341797 0.2281721830368042 17.041481018066406,79.87198638916016 4.1376214027404785 -2.5941545963287354,3.4732720851898193 -0.1722535341978073 -5.4848856925964355,-1.325197458267212 -22.068294525146484 -47.853878021240234,21.791345596313477 43.76060485839844 8.840792655944824,4.777214527130127 10.688613891601562 -8.20141887664795,35.92607116699219 17.24180793762207 53.414512634277344,21.290781021118164 -42.39039993286133 -8.337692260742188
-36.39832305908203 -23.136484146118164 1.1225957870483398,-40.7835693359375 -9.187602996826172 -9.834771156311035,-40.24253845214844 0.30096039175987244 18.14976692199707,79.8685073852539 5.6786980628967285 0.09364334493875504,3.0226240158081055 0.15521559119224548 -5.186769962310791,-1.2239947319030762 -22.276235580444336 -48.16417694091797,21.566619873046875 43.14057922363281 8.611763000488281,4.297130107879639 10.938935279846191 -8.281684875488281,35.99665451049805 12.928641319274902 51.008995056152344,21.3557071685791 -42.56584167480469 -8.401494979858398
-35.990901947021484 -21.999584197998047 -0.2605520784854889,-40.349857330322266 -8.705097198486328 -10.666958808898926,-39.6778678894043 0.6589227318763733 18.46038055419922,78.88927459716797 7.360978603363037 3.134896755218506,2.593949556350708 0.3936731517314911 -4.469075679779053,-0.9627647995948792 -23.31099510192871 -49.17002487182617,21.671039581298828 43.42772674560547 8.717549324035645,3.741387367248535 11.187981605529785 -7.649038314819336,34.245182037353516 12.57396125793457 50.69765090942383,21.89663314819336 -44.0540885925293 -8.950033187866211
-35.58843231201172 -21.287450790405273 -0.8810392022132874,-39.187255859375 -8.592663764953613 -10.177803993225098,-39.27377700805664 0.7064156532287598 16.971235275268555,77.14949798583984 7.076221942901611 2.28293514251709,2.9812498092651367 0.3347620964050293 -4.378313064575195,-0.45341747999191284 -23.277847290039062 -48.70015335083008,21.53286361694336 43.048065185546875 8.577795028686523,4.090114593505859 11.193193435668945 -7.270491600036621,32.87324142456055 12.662175178527832 50.45685577392578,21.864694595336914 -43.964874267578125 -8.916766166687012
-35.417694091796875 -25.163475036621094 3.151599645614624,-42.317665100097656 -9.899591445922852 -10.000923156738281,-43.38934326171875 -0.08564438670873642 20.028953552246094,86.96797180175781 -6.79644775390625 -13.367050170898438,2.1581671237945557 0.040184833109378815 -5.751393795013428,-1.8639061450958252 -21.455860137939453 -47.954490661621094,21.42585563659668 42.75624084472656 8.470903396606445,3.618762731552124 10.498186111450195 -10.125633239746094,42.6527214050293 22.313589096069336 57.20499038696289,19.325931549072266 -37.35251235961914 -6.587931156158447
-34.92892837524414 -24.912738800048828 2.658151149749756,-42.5046501159668 -10.274433135986328 -10.452731132507324,-43.11743927001953 0.1217183992266655 20.847307205200195,86.60575103759766 -2.3661463260650635 -7.280022144317627,1.4727838039398193 0.14239463210105896 -5.664516925811768,-1.3618477582931519 -21.830127716064453 -47.80243682861328,21.49970817565918 42.957340240478516 8.544487953186035,2.905163526535034 10.709120750427246 -9.74236011505127,39.57598114013672 12.555068016052246 47.92747497558594,20.469146728515625 -40.22257995605469 -7.564972400665283
-34.88445281982422 -24.242229461669922 2.3364450931549072,-42.013641357421875 -9.732025146484375 -10.636167526245117,-42.10220718383789 0.0447300523519516 20.69912338256836,85.0596923828125 1.0269941091537476 -4.1512131690979,1.5309795141220093 0.12080682814121246 -5.360182762145996,-1.0644711256027222 -20.80243682861328 -47.713077545166016,21.46647834777832 42.86677932739258 8.511350631713867,2.92091703414917 10.628993034362793 -9.678838729858398,39.94181823730469 15.133687973022461 51.600616455078125,20.368122100830078 -39.96251678466797 -7.474239349365234
-34.693687438964844 -24.467432022094727 2.7342069149017334,-41.65345764160156 -9.144221305847168 -10.81283187866211,-41.29110336303711 -0.018642613664269447 21.24635124206543,84.57176208496094 -0.16530412435531616 -6.480226516723633,1.4594181776046753 0.12332161515951157 -5.112381458282471,-1.1600375175476074 -19.55167579650879 -47.85528564453125,21.418514251708984 42.736263275146484 8.463591575622559,2.8464725017547607 10.442893981933594 -10.167506217956543,43.07292175292969 26.561771392822266 62.8271484375,19.369701385498047 -37.45952224731445 -6.623403072357178
-33.99237060546875 -24.80164909362793 2.413966417312622,-41.044132232666016 -8.784211158752441 -11.627994537353516,-39.88273239135742 0.6171354055404663 22.12035369873047,82.582275390625 1.9707657098770142 -4.192240238189697,0.49014973640441895 0.3611223101615906 -4.6412034034729,-0.9032667875289917 -19.8552188873291 -48.3386116027832,21.380966186523438 42.63431930541992 8.426421165466309,1.8015048503875732 10.717339515686035 -9.755780220031738,43.0687255859375 27.578369140625 62.5612907409668,19.728599548339844 -38.34566116333008 -6.919942855834961
-33.99674606323242 -24.423967361450195 2.1752281188964844,-40.64544677734375 -8.317907333374023 -11.695252418518066,-39.46260452270508 0.6315628290176392 21.451412200927734,81.5788345336914 2.5344738960266113 -4.036388397216797,0.6811349391937256 0.3218696713447571 -4.552196025848389,-1.2141335010528564 -18.726097106933594 -48.15191650390625,21.244333267211914 42.26520919799805 8.292265892028809,1.9714971780776978 10.68996524810791 -9.601381301879883,42.9915885925293 25.224855422973633 60.3802375793457,19.863784790039062 -38.683292388916016 -7.034234523773193
-34.18805694580078 -23.656545639038086 1.7037795782089233,-40.640869140625 -7.755026817321777 -12.096758842468262,-39.2185173034668 0.5475428700447083 21.274280548095703,81.08414459228516 3.960982084274292 -2.1361162662506104,0.5364070534706116 0.33954378962516785 -4.340982913970947,-1.5843592882156372 -18.1646728515625 -48.59193801879883,21.118160247802734 41.926883697509766 8.170012474060059,1.7948622703552246 10.694238662719727 -9.482992172241211,42.18538284301758 21.171953201293945 56.77825164794922,20.089120864868164 -39.250858306884766 -7.228157043457031
-34.29550552368164 -23.38578987121582 1.5797479152679443,-40.62850570678711 -7.409883499145508 -12.256413459777832,-39.20979309082031 0.42224711179733276 21.030006408691406,80.95462799072266 4.224295139312744 -1.9389989376068115,0.5681333541870117 0.32506775856018066 -4.354365348815918,-2.021296262741089 -17.350996017456055 -48.76398468017578,20.939136505126953 41.450897216796875 7.999240875244141,1.8325636386871338 10.660724639892578 -9.560542106628418,41.9061279296875 18.49543571472168 54.32700729370117,20.002338409423828 -39.0316162109375 -7.152981758117676
-34.42389392852783 -23.147992610931396 1.3899025321006775,-40.52263164520264 -6.728934645652771 -12.139869928359985,-39.584898948669434 0.31215932592749596 19.642658710479736,80.67739295959473 3.5433256030082703 -3.641061246395111,1.1740064173936844 0.25778501853346825 -4.488705992698669,-2.6126644611358643 -15.93534803390503 -48.84532451629639,20.448002815246582 40.169607162475586 7.546921968460083,2.4502424597740173 10.605575799942017 -9.543392419815063,41.92326545715332 18.613150596618652 54.21612358093262,19.504472732543945 -37.79229545593262 -6.73475456237793
-34.25218963623047 -21.89959716796875 -0.013761510141193867,-39.39934539794922 -5.6816086769104 -12.56010627746582,-38.65462112426758 0.6735996007919312 18.070880889892578,78.20321655273438 5.220996856689453 -1.858492136001587,1.799275279045105 0.34358298778533936 -3.911031723022461,-2.603321075439453 -15.955974578857422 -49.47480392456055,20.16215705871582 39.436302185058594 7.291955947875977,2.9479315280914307 10.767653465270996 -8.641420364379883,39.865379333496094 16.94908905029297 54.16551971435547,20.20457649230957 -39.5441780090332 -7.329154968261719
-34.07285690307617 -21.668445587158203 -0.3408406376838684,-38.81327438354492 -5.494134902954102 -12.667291641235352,-37.98505401611328 0.8512324094772339 17.462299346923828,76.82335662841797 5.449624061584473 -1.7056621313095093,1.9231613874435425 0.35122400522232056 -3.79584002494812,-2.5030014514923096 -15.928037643432617 -49.506324768066406,20.02509307861328 39.08899688720703 7.172632694244385,3.034724473953247 10.838400840759277 -8.28233814239502,38.81758499145508 14.742605209350586 53.196311950683594,20.418970108032227 -40.09321212768555 -7.519772052764893
-34.09663518269857 -22.83550961812337 0.9274530510107676,-38.864691416422524 -6.126956780751546 -12.187372207641602,-38.556959788004555 0.8873228430747986 17.086049397786457,77.44395701090495 3.489000082015991 -4.690807501475017,2.290400981903076 0.11098494380712509 -4.32839568456014,-2.8979170322418213 -14.703595161437988 -48.974779764811196,19.675167719523113 38.2137196858724 6.8757430712382,3.475515047709147 10.664965947469076 -8.465371131896973,39.09320322672526 13.810097376505533 52.879903157552086,19.56173324584961 -37.940616607666016 -6.786845684051514
-34.21592330932617 -23.095195770263672 1.12415611743927,-39.46481704711914 -6.5779008865356445 -11.802200317382812,-39.86054229736328 0.7497856616973877 17.036203384399414,79.40605926513672 2.685957670211792 -5.621005535125732,2.6810243129730225 0.06247006356716156 -4.588925838470459,-2.6737217903137207 -15.209924697875977 -48.515621185302734,19.46648597717285 37.69707107543945 6.702393054962158,3.906096935272217 10.62055778503418 -8.632538795471191,39.851829528808594 14.456411361694336 53.11103439331055,19.11057472229004 -36.82863998413086 -6.415496826171875
-34.24966812133789 -22.319984436035156 0.28618770837783813,-39.47038269042969 -6.593526840209961 -11.74817180633545,-40.10108947753906 0.7838459610939026 16.583301544189453,79.3130111694336 3.863858938217163 -3.716129779815674,2.8644466400146484 0.12739311158657074 -4.4475836753845215,-2.093764305114746 -16.694726943969727 -48.46788787841797,19.480148315429688 37.730648040771484 6.713534832000732,4.041868686676025 10.76874828338623 -8.16662311553955,38.00385665893555 13.572458267211914 52.34242630004883,19.51190948486328 -37.80904006958008 -6.739718914031982
-34.360870361328125 -21.85837173461914 -0.15163074433803558,-39.30809783935547 -6.893388748168945 -11.548623085021973,-39.50261688232422 0.8936977386474609 16.339155197143555,77.90718078613281 4.805741310119629 -2.126784324645996,2.712590217590332 0.1471928507089615 -4.399834156036377,-1.396886944770813 -18.1224422454834 -48.61525344848633,19.670673370361328 38.20159149169922 6.871335029602051,3.849472999572754 10.926423072814941 -7.625813961029053,35.4593505859375 12.211223602294922 51.261138916015625,20.22882080078125 -39.6059455871582 -7.350528240203857
-34.66447448730469 -22.29133415222168 0.3936731517314911,-40.02280044555664 -7.5341477394104 -11.211857795715332,-40.004512786865234 0.7697458267211914 16.85039710998535,78.8596420288086 4.4579081535339355 -2.288667917251587,2.4512360095977783 0.0747528076171875 -4.751709938049316,-1.2328473329544067 -18.970760345458984 -48.640750885009766,20.025075912475586 39.08890151977539 7.172617435455322,3.6404759883880615 10.916646003723145 -7.747894287109375,34.983436584472656 12.369169235229492 50.743133544921875,20.705564498901367 -40.83658218383789 -7.780854225158691
-34.80437469482422 -22.82086944580078 0.8460890054702759,-40.86668014526367 -7.965259075164795 -11.0531587600708,-41.167030334472656 0.6110947132110596 17.57849884033203,81.2518310546875 3.612539529800415 -3.095498561859131,2.257805585861206 0.09270160645246506 -4.9614057540893555,-1.5327218770980835 -19.90277862548828 -48.69879150390625,20.429048538208008 40.11921691894531 7.528839111328125,3.5042991638183594 10.868935585021973 -8.212363243103027,36.388877868652344 13.692911148071289 51.02962875366211,20.890352249145508 -41.321834564208984 -7.953144073486328
-34.8062858581543 -23.353734970092773 1.2452819347381592,-40.781898498535156 -8.270317077636719 -10.873653411865234,-40.95723342895508 0.7010137438774109 18.50373649597168,81.37031555175781 3.1310794353485107 -3.6723272800445557,1.796141266822815 0.20359069108963013 -4.743795871734619,-1.6291159391403198 -20.382673263549805 -49.25142288208008,20.691200256347656 40.799163818359375 7.767635345458984,3.04327392578125 10.840659141540527 -8.603604316711426,38.21148681640625 16.61571502685547 53.17693328857422,21.277217864990234 -42.353721618652344 -8.324366569519043
-34.84308624267578 -24.356996536254883 2.2029051780700684,-41.56787109375 -8.5553560256958 -10.810744285583496,-43.149757385253906 0.6095000505447388 19.342103958129883,85.4452133178711 -2.054232120513916 -8.965873718261719,2.070302963256836 0.16696897149085999 -4.853525638580322,-2.7892959117889404 -20.174999237060547 -49.44367599487305,20.856046676635742 41.23152542114258 7.920984268188477,3.3785927295684814 10.602697372436523 -9.414443016052246,41.20316696166992 19.831247329711914 55.47686767578125,20.510713577270508 -40.330074310302734 -7.602606773376465
-34.8490104675293 -24.51828384399414 2.5644545555114746,-41.66859436035156 -8.61688232421875 -11.069449424743652,-43.841941833496094 0.6732825636863708 19.638568878173828,86.55429077148438 -5.327810287475586 -11.73735237121582,1.9970703125 0.09366337954998016 -4.849183559417725,-3.5779027938842773 -20.052980422973633 -49.681880950927734,21.053686141967773 41.754920959472656 8.108185768127441,3.309199571609497 10.513126373291016 -9.481534004211426,40.51840591430664 16.449939727783203 51.742740631103516,20.42477798461914 -40.10813903808594 -7.524979114532471
-34.55894088745117 -22.839244842529297 1.0718241930007935,-39.352943420410156 -8.092516899108887 -11.678384780883789,-39.913360595703125 1.067193627357483 19.103042602539062,79.36497497558594 4.262299537658691 -1.1044292449951172,1.2175803184509277 0.20050358772277832 -4.163122653961182,-2.750985622406006 -20.859596252441406 -50.397029876708984,21.3106632232666 42.44404983520508 8.357184410095215,2.3774912357330322 10.802693367004395 -8.294344902038574,34.35734176635742 9.429627418518066 45.926902770996094,21.80841636657715 -43.808128356933594 -8.858488082885742
-34.001220703125 -20.853561401367188 -1.295664668083191,-36.82303237915039 -6.768820285797119 -12.232672691345215,-37.36436462402344 1.1487243175506592 18.333852767944336,74.75344848632812 7.13291072845459 2.0995168685913086,1.5385907888412476 0.5411254167556763 -3.180246353149414,-2.1390299797058105 -22.952951431274414 -50.92457962036133,21.362743377685547 42.58485412597656 8.408431053161621,2.5427517890930176 11.042917251586914 -7.719968318939209,33.752593994140625 13.136812210083008 52.2803840637207,21.094253540039062 -41.863040924072266 -8.147038459777832
-34.053409576416016 -21.333175659179688 -0.8413339853286743,-37.0140266418457 -6.786172389984131 -12.318528175354004,-37.95659637451172 1.3544880151748657 18.930301666259766,76.05105590820312 6.618155479431152 1.6152470111846924,1.5743979215621948 0.5627415180206299 -2.930262565612793,-2.3584344387054443 -21.830821990966797 -51.154701232910156,21.301349639892578 42.418800354003906 8.34799861907959,2.5604279041290283 10.957446098327637 -7.884672164916992,35.76605224609375 16.0817928314209 54.40934753417969,21.11433219909668 -41.91669845581055 -8.166389465332031
-34.259307861328125 -21.94182777404785 -0.20486727356910706,-37.63967514038086 -7.199995517730713 -12.129117965698242,-38.74506759643555 1.4311202764511108 19.487979888916016,77.47381591796875 5.967024326324463 1.0935009717941284,1.659119963645935 0.5274224877357483 -2.9579668045043945,-2.447376251220703 -20.25445556640625 -51.053550720214844,21.111289978027344 41.9085693359375 8.163444519042969,2.6618361473083496 10.868997573852539 -8.096214294433594,36.98513412475586 15.98022174835205 53.43489456176758,21.218463897705078 -42.19563293457031 -8.267082214355469
